    142.0000      0.0000       0.1704E+005
    142.0000      0.1047        9011.     
    142.0000      0.2094       0.4138E+005
    142.0000      0.3142       0.2019E+005
    142.0000      0.4189       0.1737E+005
    142.0000      0.5236       0.1122E+006
    142.0000      0.6283        2611.     
    142.0000      0.7330        6941.     
    142.0000      0.8378        2724.     
    142.0000      0.9425        459.5     
    142.0000      1.0472        801.0     
    142.0000      1.1519        392.8     
    142.0000      1.2566        325.8     
    142.0000      1.3614        181.1     
    142.0000      1.4661        92.15     
    142.0000      1.5708        158.3     
    142.0000      1.6755        80.50     
    142.0000      1.7802        68.89     
    142.0000      1.8850        50.96     
    142.0000      1.9897        16.62     
    142.0000      2.0944        140.4     
    142.0000      2.1991        13.24     
    142.0000      2.3038        27.42     
    142.0000      2.4086        14.62     
    142.0000      2.5133        5.001     
    142.0000      2.6180        26.06     
    142.0000      2.7227        2.726     
    142.0000      2.8274        2.608     
    142.0000      2.9322        2.738     
    142.0000      3.0369        1.326     
    142.0000      3.1416        5.864     
    142.0000      3.2463       0.4395     
    142.0000      3.3510       0.6430     
    142.0000      3.4558       0.4823     
    142.0000      3.5605       0.1778     
    142.0000      3.6652       0.5120     
    142.0000      3.7699       0.4746E-001
    142.0000      3.8746       0.9169E-001
    142.0000      3.9794       0.6263E-001
    142.0000      4.0841       0.1474E-001
    142.0000      4.1888       0.6536E-001
    142.0000      4.2935       0.7304E-002
    142.0000      4.3982       0.1453E-001
    142.0000      4.5029       0.8523E-002
    142.0000      4.6077       0.2976E-002
    142.0000      4.7124       0.1872E-001
    142.0000      4.8171       0.2531E-002
    142.0000      4.9218       0.2980E-002
    142.0000      5.0265       0.2862E-002
    142.0000      5.1313       0.1019E-002
    142.0000      5.2360       0.7325E-002
    142.0000      5.3407       0.6498E-003
    142.0000      5.4454       0.1625E-002
    142.0000      5.5501       0.8801E-003
    142.0000      5.6549       0.4851E-003
    142.0000      5.7596       0.2149E-002
    142.0000      5.8643       0.2503E-003
    142.0000      5.9690       0.6636E-003
    142.0000      6.0737       0.3457E-003
    142.0000      6.1785       0.1187E-003
    142.0000      6.2832       0.9900E-003
    142.0000      6.3879       0.7461E-004
    142.0000      6.4926       0.1349E-003
    142.0000      6.5973       0.1186E-003
    142.0000      6.7021       0.3230E-004
    142.0000      6.8068       0.3189E-003
    142.0000      6.9115       0.2627E-004
    142.0000      7.0162       0.2962E-004
    142.0000      7.1209       0.2873E-004
    142.0000      7.2257       0.9776E-005
    142.0000      7.3304       0.1020E-003
    142.0000      7.4351       0.9543E-005
    142.0000      7.5398       0.1724E-004
    142.0000      7.6445       0.1016E-004
    142.0000      7.7493       0.3067E-005
    142.0000      7.8540       0.1757E-004
    142.0000      7.9587       0.2364E-005
    142.0000      8.0634       0.2889E-005
    142.0000      8.1681       0.1859E-005
    142.0000      8.2729       0.5297E-006
    142.0000      8.3776       0.3470E-005
    142.0000      8.4823       0.4016E-006
    142.0000      8.5870       0.4570E-006
    142.0000      8.6917       0.3562E-006
    142.0000      8.7965       0.1224E-006
    142.0000      8.9012       0.5175E-006
    142.0000      9.0059       0.4135E-007
    142.0000      9.1106       0.6760E-007
    142.0000      9.2153       0.3371E-007
    142.0000      9.3201       0.1303E-007
    142.0000      9.4248       0.5085E-007
    142.0000      9.5295       0.5710E-008
    142.0000      9.6342       0.7744E-008
    142.0000      9.7389       0.4502E-008
    142.0000      9.8437       0.1799E-008
    142.0000      9.9484       0.6413E-008
    142.0000     10.0531       0.6731E-009
    142.0000     10.1578       0.9122E-009
    142.0000     10.2625       0.6847E-009
    142.0000     10.3673       0.1843E-009
    142.0000     10.4720       0.1497E-008
    142.0000     10.5767       0.1316E-009
    142.0000     10.6814       0.1847E-009
    142.0000     10.7861       0.1453E-009
    142.0000     10.8909       0.5258E-010
    142.0000     10.9956       0.6862E-009
    142.0000     11.1003       0.4423E-010
    142.0000     11.2050       0.7234E-010
    142.0000     11.3097       0.6473E-010
    142.0000     11.4145       0.2255E-010
    142.0000     11.5192       0.1661E-009
    142.0000     11.6239       0.1856E-010
    142.0000     11.7286       0.2640E-010
    142.0000     11.8333       0.2057E-010
    142.0000     11.9381       0.9796E-011
    142.0000     12.0428       0.9514E-010
    142.0000     12.1475       0.5872E-011
    142.0000     12.2522       0.1149E-010
    142.0000     12.3569       0.7828E-011
    142.0000     12.4617       0.3969E-011
    142.0000     12.5664       0.2390E-010
    142.0000     12.6711       0.3662E-011
    142.0000     12.7758       0.2882E-011
    142.0000     12.8805       0.3008E-011
    142.0000     12.9852       0.1278E-011
    142.0000     13.0900       0.5365E-011
    142.0000     13.1947       0.2778E-011
    142.0000     13.2994       0.1452E-011
    142.0000    -13.4041       0.1350E-011
    142.0000    -13.2994       0.1633E-011
    142.0000    -13.1947       0.2689E-011
    142.0000    -13.0900       0.6442E-011
    142.0000    -12.9852       0.1495E-011
    142.0000    -12.8805       0.3429E-011
    142.0000    -12.7758       0.4025E-011
    142.0000    -12.6711       0.2901E-011
    142.0000    -12.5664       0.2179E-010
    142.0000    -12.4617       0.3220E-011
    142.0000    -12.3569       0.7127E-011
    142.0000    -12.2522       0.1013E-010
    142.0000    -12.1475       0.5932E-011
    142.0000    -12.0428       0.8552E-010
    142.0000    -11.9381       0.8453E-011
    142.0000    -11.8333       0.2156E-010
    142.0000    -11.7286       0.2416E-010
    142.0000    -11.6239       0.1430E-010
    142.0000    -11.5192       0.1680E-009
    142.0000    -11.4145       0.1996E-010
    142.0000    -11.3097       0.4966E-010
    142.0000    -11.2050       0.6451E-010
    142.0000    -11.1003       0.3969E-010
    142.0000    -10.9956       0.6233E-009
    142.0000    -10.8909       0.5216E-010
    142.0000    -10.7861       0.1562E-009
    142.0000    -10.6814       0.1857E-009
    142.0000    -10.5767       0.1079E-009
    142.0000    -10.4720       0.1363E-008
    142.0000    -10.3673       0.2212E-009
    142.0000    -10.2625       0.7082E-009
    142.0000    -10.1578       0.9305E-009
    142.0000    -10.0531       0.8946E-009
    142.0000     -9.9484       0.8860E-008
    142.0000     -9.8437       0.1742E-008
    142.0000     -9.7389       0.6150E-008
    142.0000     -9.6342       0.8201E-008
    142.0000     -9.5295       0.6976E-008
    142.0000     -9.4248       0.8205E-007
    142.0000     -9.3201       0.1568E-007
    142.0000     -9.2153       0.4633E-007
    142.0000     -9.1106       0.9025E-007
    142.0000     -9.0059       0.5440E-007
    142.0000     -8.9012       0.6635E-006
    142.0000     -8.7965       0.1357E-006
    142.0000     -8.6917       0.3799E-006
    142.0000     -8.5870       0.5130E-006
    142.0000     -8.4823       0.4587E-006
    142.0000     -8.3776       0.4208E-005
    142.0000     -8.2729       0.4912E-006
    142.0000     -8.1681       0.1992E-005
    142.0000     -8.0634       0.3554E-005
    142.0000     -7.9587       0.2366E-005
    142.0000     -7.8540       0.2045E-004
    142.0000     -7.7493       0.3166E-005
    142.0000     -7.6445       0.1180E-004
    142.0000     -7.5398       0.1675E-004
    142.0000     -7.4351       0.1011E-004
    142.0000     -7.3304       0.9494E-004
    142.0000     -7.2257       0.8924E-005
    142.0000     -7.1209       0.3369E-004
    142.0000     -7.0162       0.3984E-004
    142.0000     -6.9115       0.2412E-004
    142.0000     -6.8068       0.3915E-003
    142.0000     -6.7021       0.3363E-004
    142.0000     -6.5973       0.1124E-003
    142.0000     -6.4926       0.1334E-003
    142.0000     -6.3879       0.7320E-004
    142.0000     -6.2832       0.9859E-003
    142.0000     -6.1785       0.1317E-003
    142.0000     -6.0737       0.3267E-003
    142.0000     -5.9690       0.7662E-003
    142.0000     -5.8643       0.2458E-003
    142.0000     -5.7596       0.1889E-002
    142.0000     -5.6549       0.4337E-003
    142.0000     -5.5501       0.8805E-003
    142.0000     -5.4454       0.1425E-002
    142.0000     -5.3407       0.5191E-003
    142.0000     -5.2360       0.6739E-002
    142.0000     -5.1313       0.9119E-003
    142.0000     -5.0265       0.2687E-002
    142.0000     -4.9218       0.2812E-002
    142.0000     -4.8171       0.2029E-002
    142.0000     -4.7124       0.1728E-001
    142.0000     -4.6077       0.2577E-002
    142.0000     -4.5029       0.7590E-002
    142.0000     -4.3982       0.1480E-001
    142.0000     -4.2935       0.6786E-002
    142.0000     -4.1888       0.6545E-001
    142.0000     -4.0841       0.1535E-001
    142.0000     -3.9794       0.6362E-001
    142.0000     -3.8746       0.9100E-001
    142.0000     -3.7699       0.4873E-001
    142.0000     -3.6652       0.5145     
    142.0000     -3.5605       0.1743     
    142.0000     -3.4558       0.4722     
    142.0000     -3.3510       0.6445     
    142.0000     -3.2463       0.4343     
    142.0000     -3.1416        5.837     
    142.0000     -3.0369        1.295     
    142.0000     -2.9322        2.756     
    142.0000     -2.8274        2.596     
    142.0000     -2.7227        2.754     
    142.0000     -2.6180        26.18     
    142.0000     -2.5133        4.983     
    142.0000     -2.4086        14.46     
    142.0000     -2.3038        27.30     
    142.0000     -2.1991        13.34     
    142.0000     -2.0944        141.2     
    142.0000     -1.9897        16.59     
    142.0000     -1.8850        50.44     
    142.0000     -1.7802        68.39     
    142.0000     -1.6755        80.03     
    142.0000     -1.5708        156.0     
    142.0000     -1.4661        90.46     
    142.0000     -1.3614        182.7     
    142.0000     -1.2566        328.5     
    142.0000     -1.1519        398.1     
    142.0000     -1.0472        798.5     
    142.0000     -0.9425        456.1     
    142.0000     -0.8378        2681.     
    142.0000     -0.7330        6973.     
    142.0000     -0.6283        2678.     
    142.0000     -0.5236       0.1123E+006
    142.0000     -0.4189       0.1736E+005
    142.0000     -0.3142       0.2017E+005
    142.0000     -0.2094       0.4099E+005
    142.0000     -0.1047        9087.     
