    178.0000      0.0000       0.5253E+005
    178.0000      0.1047       0.1209E+005
    178.0000      0.2094       0.1335E+005
    178.0000      0.3142       0.7102E+005
    178.0000      0.4189       0.3836E+005
    178.0000      0.5236       0.1314E+005
    178.0000      0.6283       0.3249E+005
    178.0000      0.7330        9171.     
    178.0000      0.8378        1292.     
    178.0000      0.9425        2604.     
    178.0000      1.0472        1279.     
    178.0000      1.1519        769.7     
    178.0000      1.2566        314.6     
    178.0000      1.3614        274.1     
    178.0000      1.4661        180.0     
    178.0000      1.5708        144.0     
    178.0000      1.6755        124.6     
    178.0000      1.7802        123.8     
    178.0000      1.8850        88.27     
    178.0000      1.9897        67.54     
    178.0000      2.0944        50.19     
    178.0000      2.1991        55.38     
    178.0000      2.3038        44.21     
    178.0000      2.4086        30.35     
    178.0000      2.5133        27.25     
    178.0000      2.6180        17.95     
    178.0000      2.7227        22.51     
    178.0000      2.8274        12.08     
    178.0000      2.9322        9.123     
    178.0000      3.0369        6.669     
    178.0000      3.1416        5.548     
    178.0000      3.2463        3.635     
    178.0000      3.3510        2.486     
    178.0000      3.4558        2.076     
    178.0000      3.5605        2.264     
    178.0000      3.6652        1.061     
    178.0000      3.7699       0.8003     
    178.0000      3.8746       0.4621     
    178.0000      3.9794       0.2399     
    178.0000      4.0841       0.3156     
    178.0000      4.1888       0.1776     
    178.0000      4.2935       0.1012     
    178.0000      4.3982       0.7647E-001
    178.0000      4.5029       0.5238E-001
    178.0000      4.6077       0.4717E-001
    178.0000      4.7124       0.3794E-001
    178.0000      4.8171       0.2388E-001
    178.0000      4.9218       0.2422E-001
    178.0000      5.0265       0.1475E-001
    178.0000      5.1313       0.1147E-001
    178.0000      5.2360       0.1189E-001
    178.0000      5.3407       0.7428E-002
    178.0000      5.4454       0.8182E-002
    178.0000      5.5501       0.5902E-002
    178.0000      5.6549       0.6462E-002
    178.0000      5.7596       0.5821E-002
    178.0000      5.8643       0.3764E-002
    178.0000      5.9690       0.3556E-002
    178.0000      6.0737       0.2612E-002
    178.0000      6.1785       0.2405E-002
    178.0000      6.2832       0.2640E-002
    178.0000      6.3879       0.1871E-002
    178.0000      6.4926       0.1442E-002
    178.0000      6.5973       0.1302E-002
    178.0000      6.7021       0.1012E-002
    178.0000      6.8068       0.7744E-003
    178.0000      6.9115       0.5725E-003
    178.0000      7.0162       0.5322E-003
    178.0000      7.1209       0.3781E-003
    178.0000      7.2257       0.3515E-003
    178.0000      7.3304       0.3821E-003
    178.0000      7.4351       0.2774E-003
    178.0000      7.5398       0.1785E-003
    178.0000      7.6445       0.1699E-003
    178.0000      7.7493       0.9883E-004
    178.0000      7.8540       0.1048E-003
    178.0000      7.9587       0.6937E-004
    178.0000      8.0634       0.3987E-004
    178.0000      8.1681       0.4588E-004
    178.0000      8.2729       0.2701E-004
    178.0000      8.3776       0.2488E-004
    178.0000      8.4823       0.1769E-004
    178.0000      8.5870       0.1433E-004
    178.0000      8.6917       0.8693E-005
    178.0000      8.7965       0.8027E-005
    178.0000      8.9012       0.4724E-005
    178.0000      9.0059       0.3303E-005
    178.0000      9.1106       0.2663E-005
    178.0000      9.2153       0.1620E-005
    178.0000      9.3201       0.1253E-005
    178.0000      9.4248       0.7818E-006
    178.0000      9.5295       0.5435E-006
    178.0000      9.6342       0.3562E-006
    178.0000      9.7389       0.2098E-006
    178.0000      9.8437       0.1597E-006
    178.0000      9.9484       0.1231E-006
    178.0000     10.0531       0.6769E-007
    178.0000     10.1578       0.5491E-007
    178.0000     10.2625       0.3509E-007
    178.0000     10.3673       0.2190E-007
    178.0000     10.4720       0.1819E-007
    178.0000     10.5767       0.1164E-007
    178.0000     10.6814       0.1060E-007
    178.0000     10.7861       0.8026E-008
    178.0000     10.8909       0.6380E-008
    178.0000     10.9956       0.6501E-008
    178.0000     11.1003       0.4064E-008
    178.0000     11.2050       0.3717E-008
    178.0000     11.3097       0.2772E-008
    178.0000     11.4145       0.2057E-008
    178.0000     11.5192       0.2197E-008
    178.0000     11.6239       0.1978E-008
    178.0000     11.7286       0.1492E-008
    178.0000     11.8333       0.1314E-008
    178.0000     11.9381       0.1186E-008
    178.0000     12.0428       0.1108E-008
    178.0000     12.1475       0.1011E-008
    178.0000     12.2522       0.5171E-009
    178.0000     12.3569       0.5096E-009
    178.0000     12.4617       0.5597E-009
    178.0000     12.5664       0.5842E-009
    178.0000     12.6711       0.3932E-009
    178.0000     12.7758       0.3170E-009
    178.0000     12.8805       0.2403E-009
    178.0000     12.9852       0.2686E-009
    178.0000     13.0900       0.2171E-009
    178.0000     13.1947       0.1489E-009
    178.0000     13.2994       0.1529E-009
    178.0000    -13.4041       0.1615E-009
    178.0000    -13.2994       0.1115E-009
    178.0000    -13.1947       0.1562E-009
    178.0000    -13.0900       0.1620E-009
    178.0000    -12.9852       0.2417E-009
    178.0000    -12.8805       0.2196E-009
    178.0000    -12.7758       0.2969E-009
    178.0000    -12.6711       0.3701E-009
    178.0000    -12.5664       0.3748E-009
    178.0000    -12.4617       0.4718E-009
    178.0000    -12.3569       0.5048E-009
    178.0000    -12.2522       0.5370E-009
    178.0000    -12.1475       0.1030E-008
    178.0000    -12.0428       0.1058E-008
    178.0000    -11.9381       0.1095E-008
    178.0000    -11.8333       0.1182E-008
    178.0000    -11.7286       0.1632E-008
    178.0000    -11.6239       0.1560E-008
    178.0000    -11.5192       0.1882E-008
    178.0000    -11.4145       0.1764E-008
    178.0000    -11.3097       0.2580E-008
    178.0000    -11.2050       0.3232E-008
    178.0000    -11.1003       0.3086E-008
    178.0000    -10.9956       0.4446E-008
    178.0000    -10.8909       0.5648E-008
    178.0000    -10.7861       0.7152E-008
    178.0000    -10.6814       0.7766E-008
    178.0000    -10.5767       0.1152E-007
    178.0000    -10.4720       0.1402E-007
    178.0000    -10.3673       0.1968E-007
    178.0000    -10.2625       0.3056E-007
    178.0000    -10.1578       0.3234E-007
    178.0000    -10.0531       0.6245E-007
    178.0000     -9.9484       0.9018E-007
    178.0000     -9.8437       0.1404E-006
    178.0000     -9.7389       0.2589E-006
    178.0000     -9.6342       0.3721E-006
    178.0000     -9.5295       0.5645E-006
    178.0000     -9.4248       0.7627E-006
    178.0000     -9.3201       0.1178E-005
    178.0000     -9.2153       0.1524E-005
    178.0000     -9.1106       0.2129E-005
    178.0000     -9.0059       0.4226E-005
    178.0000     -8.9012       0.5308E-005
    178.0000     -8.7965       0.7683E-005
    178.0000     -8.6917       0.1027E-004
    178.0000     -8.5870       0.1326E-004
    178.0000     -8.4823       0.1532E-004
    178.0000     -8.3776       0.2175E-004
    178.0000     -8.2729       0.2588E-004
    178.0000     -8.1681       0.3858E-004
    178.0000     -8.0634       0.4701E-004
    178.0000     -7.9587       0.6803E-004
    178.0000     -7.8540       0.9056E-004
    178.0000     -7.7493       0.1261E-003
    178.0000     -7.6445       0.1335E-003
    178.0000     -7.5398       0.1702E-003
    178.0000     -7.4351       0.2424E-003
    178.0000     -7.3304       0.3482E-003
    178.0000     -7.2257       0.3148E-003
    178.0000     -7.1209       0.3623E-003
    178.0000     -7.0162       0.5717E-003
    178.0000     -6.9115       0.6519E-003
    178.0000     -6.8068       0.6866E-003
    178.0000     -6.7021       0.9102E-003
    178.0000     -6.5973       0.1205E-002
    178.0000     -6.4926       0.1368E-002
    178.0000     -6.3879       0.1301E-002
    178.0000     -6.2832       0.2435E-002
    178.0000     -6.1785       0.2211E-002
    178.0000     -6.0737       0.2395E-002
    178.0000     -5.9690       0.3177E-002
    178.0000     -5.8643       0.3497E-002
    178.0000     -5.7596       0.5734E-002
    178.0000     -5.6549       0.5030E-002
    178.0000     -5.5501       0.5480E-002
    178.0000     -5.4454       0.7825E-002
    178.0000     -5.3407       0.7125E-002
    178.0000     -5.2360       0.1136E-001
    178.0000     -5.1313       0.1055E-001
    178.0000     -5.0265       0.1422E-001
    178.0000     -4.9218       0.2303E-001
    178.0000     -4.8171       0.2255E-001
    178.0000     -4.7124       0.3367E-001
    178.0000     -4.6077       0.4345E-001
    178.0000     -4.5029       0.5050E-001
    178.0000     -4.3982       0.7923E-001
    178.0000     -4.2935       0.9665E-001
    178.0000     -4.1888       0.1815     
    178.0000     -4.0841       0.2787     
    178.0000     -3.9794       0.2616     
    178.0000     -3.8746       0.4882     
    178.0000     -3.7699       0.8102     
    178.0000     -3.6652        1.051     
    178.0000     -3.5605        2.844     
    178.0000     -3.4558        1.568     
    178.0000     -3.3510        2.469     
    178.0000     -3.2463        3.049     
    178.0000     -3.1416        5.208     
    178.0000     -3.0369        5.581     
    178.0000     -2.9322        9.565     
    178.0000     -2.8274        13.38     
    178.0000     -2.7227        22.74     
    178.0000     -2.6180        16.43     
    178.0000     -2.5133        26.68     
    178.0000     -2.4086        30.89     
    178.0000     -2.3038        43.38     
    178.0000     -2.1991        49.73     
    178.0000     -2.0944        46.99     
    178.0000     -1.9897        61.37     
    178.0000     -1.8850        116.2     
    178.0000     -1.7802        169.3     
    178.0000     -1.6755        92.67     
    178.0000     -1.5708        166.2     
    178.0000     -1.4661        120.7     
    178.0000     -1.3614        298.6     
    178.0000     -1.2566        228.9     
    178.0000     -1.1519        517.2     
    178.0000     -1.0472        1427.     
    178.0000     -0.9425        3483.     
    178.0000     -0.8378        1829.     
    178.0000     -0.7330        7600.     
    178.0000     -0.6283       0.3311E+005
    178.0000     -0.5236       0.1383E+005
    178.0000     -0.4189       0.3606E+005
    178.0000     -0.3142       0.7301E+005
    178.0000     -0.2094       0.1041E+005
    178.0000     -0.1047       0.1487E+005
