     58.0000      0.0000       0.2800E-003
     58.0000      0.1047       0.1227E-015
     58.0000      0.2094       0.1746E-015
     58.0000      0.3142       0.1818E-015
     58.0000      0.4189       0.7085E-014
     58.0000      0.5236       0.1070E+005
     58.0000      0.6283       0.7077E-014
     58.0000      0.7330       0.1701E-015
     58.0000      0.8378       0.1699E-015
     58.0000      0.9425       0.1132E-015
     58.0000      1.0472       0.5991E-008
     58.0000      1.1519       0.9978E-017
     58.0000      1.2566       0.4202E-017
     58.0000      1.3614       0.1341E-016
     58.0000      1.4661       0.3398E-017
     58.0000      1.5708       0.3969E-003
     58.0000      1.6755       0.3620E-017
     58.0000      1.7802       0.1459E-017
     58.0000      1.8850       0.8382E-018
     58.0000      1.9897       0.9022E-018
     58.0000      2.0944       0.6572E-013
     58.0000      2.1991       0.8478E-019
     58.0000      2.3038       0.5281E-019
     58.0000      2.4086       0.5381E-019
     58.0000      2.5133       0.9710E-019
     58.0000      2.6180       0.2228E-010
     58.0000      2.7227       0.8338E-019
     58.0000      2.8274       0.5074E-019
     58.0000      2.9322       0.3203E-019
     58.0000      3.0369       0.2197E-019
     58.0000      3.1416       0.2176E-019
     58.0000      3.2463       0.1661E-019
     58.0000      3.3510       0.1133E-019
     58.0000      3.4558       0.1320E-019
     58.0000      3.5605       0.8635E-020
     58.0000      3.6652       0.1372E-017
     58.0000      3.7699       0.1067E-019
     58.0000      3.8746       0.3310E-019
     58.0000      3.9794       0.1355E-019
     58.0000      4.0841       0.2228E-019
     58.0000      4.1888       0.1534E-019
     58.0000      4.2935       0.1463E-019
     58.0000      4.3982       0.1716E-019
     58.0000      4.5029       0.1330E-019
     58.0000      4.6077       0.1240E-019
     58.0000      4.7124       0.1679E-019
     58.0000      4.8171       0.1216E-019
     58.0000      4.9218       0.2205E-019
     58.0000      5.0265       0.1556E-019
     58.0000      5.1313       0.1422E-019
     58.0000      5.2360       0.1709E-019
     58.0000      5.3407       0.1450E-019
     58.0000      5.4454       0.2242E-019
     58.0000      5.5501       0.1971E-019
     58.0000      5.6549       0.1609E-019
     58.0000      5.7596       0.1959E-019
     58.0000      5.8643       0.1892E-019
     58.0000      5.9690       0.2802E-019
     58.0000      6.0737       0.3014E-019
     58.0000      6.1785       0.7250E-019
     58.0000      6.2832       0.2818E-019
     58.0000      6.3879       0.2057E-019
     58.0000      6.4926       0.2345E-019
     58.0000      6.5973       0.3176E-019
     58.0000     -6.7021       0.2417E-019
     58.0000     -6.5973       0.3216E-019
     58.0000     -6.4926       0.2413E-019
     58.0000     -6.3879       0.3108E-019
     58.0000     -6.2832       0.2654E-019
     58.0000     -6.1785       0.7061E-019
     58.0000     -6.0737       0.3041E-019
     58.0000     -5.9690       0.3803E-019
     58.0000     -5.8643       0.1965E-019
     58.0000     -5.7596       0.1970E-019
     58.0000     -5.6549       0.1576E-019
     58.0000     -5.5501       0.2030E-019
     58.0000     -5.4454       0.2252E-019
     58.0000     -5.3407       0.1458E-019
     58.0000     -5.2360       0.1910E-019
     58.0000     -5.1313       0.1532E-019
     58.0000     -5.0265       0.1540E-019
     58.0000     -4.9218       0.2192E-019
     58.0000     -4.8171       0.1233E-019
     58.0000     -4.7124       0.1631E-019
     58.0000     -4.6077       0.1249E-019
     58.0000     -4.5029       0.1358E-019
     58.0000     -4.3982       0.1724E-019
     58.0000     -4.2935       0.1434E-019
     58.0000     -4.1888       0.1393E-019
     58.0000     -4.0841       0.2261E-019
     58.0000     -3.9794       0.1353E-019
     58.0000     -3.8746       0.3253E-019
     58.0000     -3.7699       0.1044E-019
     58.0000     -3.6652       0.1369E-017
     58.0000     -3.5605       0.8606E-020
     58.0000     -3.4558       0.1362E-019
     58.0000     -3.3510       0.1121E-019
     58.0000     -3.2463       0.1625E-019
     58.0000     -3.1416       0.2261E-019
     58.0000     -3.0369       0.2326E-019
     58.0000     -2.9322       0.3148E-019
     58.0000     -2.8274       0.4982E-019
     58.0000     -2.7227       0.8369E-019
     58.0000     -2.6180       0.2229E-010
     58.0000     -2.5133       0.9709E-019
     58.0000     -2.4086       0.5261E-019
     58.0000     -2.3038       0.5280E-019
     58.0000     -2.1991       0.8428E-019
     58.0000     -2.0944       0.6573E-013
     58.0000     -1.9897       0.8970E-018
     58.0000     -1.8850       0.8334E-018
     58.0000     -1.7802       0.1479E-017
     58.0000     -1.6755       0.3614E-017
     58.0000     -1.5708       0.3969E-003
     58.0000     -1.4661       0.3382E-017
     58.0000     -1.3614       0.1332E-016
     58.0000     -1.2566       0.4169E-017
     58.0000     -1.1519       0.9957E-017
     58.0000     -1.0472       0.5991E-008
     58.0000     -0.9425       0.1132E-015
     58.0000     -0.8378       0.1699E-015
     58.0000     -0.7330       0.1700E-015
     58.0000     -0.6283       0.7077E-014
     58.0000     -0.5236       0.1070E+005
     58.0000     -0.4189       0.7085E-014
     58.0000     -0.3142       0.1806E-015
     58.0000     -0.2094       0.1746E-015
     58.0000     -0.1047       0.1226E-015
