     84.0000      0.0000       0.8034E+005
     84.0000      0.1047       0.3342E-004
     84.0000      0.2094       0.3746E-002
     84.0000      0.3142       0.5355E-002
     84.0000      0.4189       0.9395E-005
     84.0000      0.5236       0.1799E+006
     84.0000      0.6283       0.6882E-005
     84.0000      0.7330       0.1629E-002
     84.0000      0.8378       0.8403E-003
     84.0000      0.9425       0.3039E-005
     84.0000      1.0472        3160.     
     84.0000      1.1519       0.1755E-005
     84.0000      1.2566       0.3501E-003
     84.0000      1.3614       0.1918E-003
     84.0000      1.4661       0.1130E-005
     84.0000      1.5708        456.7     
     84.0000      1.6755       0.4291E-006
     84.0000      1.7802       0.2736E-004
     84.0000      1.8850       0.1662E-004
     84.0000      1.9897       0.1008E-006
     84.0000      2.0944        38.12     
     84.0000      2.1991       0.6018E-007
     84.0000      2.3038       0.4775E-005
     84.0000      2.4086       0.4061E-005
     84.0000      2.5133       0.5950E-008
     84.0000      2.6180        3.857     
     84.0000      2.7227       0.6246E-008
     84.0000      2.8274       0.4273E-006
     84.0000      2.9322       0.3139E-006
     84.0000      3.0369       0.8711E-009
     84.0000      3.1416       0.3132     
     84.0000      3.2463       0.6414E-009
     84.0000      3.3510       0.6039E-007
     84.0000      3.4558       0.4132E-007
     84.0000      3.5605       0.1145E-009
     84.0000      3.6652       0.4909E-001
     84.0000      3.7699       0.8145E-010
     84.0000      3.8746       0.7414E-008
     84.0000      3.9794       0.4855E-008
     84.0000      4.0841       0.1740E-010
     84.0000      4.1888       0.9600E-002
     84.0000      4.2935       0.1620E-010
     84.0000      4.3982       0.1161E-008
     84.0000      4.5029       0.7170E-009
     84.0000      4.6077       0.3600E-011
     84.0000      4.7124       0.2606E-002
     84.0000      4.8171       0.3034E-011
     84.0000      4.9218       0.1594E-009
     84.0000      5.0265       0.1287E-009
     84.0000      5.1313       0.7296E-012
     84.0000      5.2360       0.5456E-003
     84.0000      5.3407       0.5303E-012
     84.0000      5.4454       0.2898E-010
     84.0000      5.5501       0.2671E-010
     84.0000      5.6549       0.2402E-012
     84.0000      5.7596       0.9539E-004
     84.0000      5.8643       0.1166E-012
     84.0000      5.9690       0.6068E-011
     84.0000      6.0737       0.3740E-011
     84.0000      6.1785       0.3990E-013
     84.0000      6.2832       0.2416E-004
     84.0000      6.3879       0.2688E-013
     84.0000      6.4926       0.9841E-012
     84.0000      6.5973       0.7151E-012
     84.0000      6.7021       0.5975E-014
     84.0000      6.8068       0.2152E-005
     84.0000      6.9115       0.3497E-014
     84.0000      7.0162       0.1507E-012
     84.0000      7.1209       0.9088E-013
     84.0000      7.2257       0.8568E-015
     84.0000      7.3304       0.2663E-006
     84.0000      7.4351       0.4089E-015
     84.0000      7.5398       0.1592E-013
     84.0000      7.6445       0.1174E-013
     84.0000      7.7493       0.9270E-016
     84.0000      7.8540       0.2226E-007
     84.0000      7.9587       0.6667E-016
     84.0000      8.0634       0.1358E-014
     84.0000      8.1681       0.9862E-015
     84.0000      8.2729       0.5846E-016
     84.0000      8.3776       0.2035E-008
     84.0000      8.4823       0.8319E-016
     84.0000      8.5870       0.2724E-015
     84.0000      8.6917       0.1255E-015
     84.0000      8.7965       0.3407E-016
     84.0000      8.9012       0.2739E-009
     84.0000      9.0059       0.4196E-016
     84.0000      9.1106       0.5830E-016
     84.0000      9.2153       0.1291E-015
     84.0000      9.3201       0.9850E-016
     84.0000      9.4248       0.4705E-010
     84.0000      9.5295       0.1100E-015
     84.0000      9.6342       0.1004E-015
     84.0000      9.7389       0.2204E-016
     84.0000      9.8437       0.8211E-016
     84.0000      9.9484       0.8515E-011
     84.0000     10.0531       0.1824E-016
     84.0000     10.1578       0.5197E-016
     84.0000     10.2625       0.7404E-016
     84.0000     10.3673       0.4609E-016
     84.0000     10.4720       0.2324E-011
     84.0000     10.5767       0.3505E-016
     84.0000     10.6814       0.8996E-016
     84.0000     10.7861       0.5245E-016
     84.0000     10.8909       0.1158E-015
     84.0000     10.9956       0.3865E-012
     84.0000     11.1003       0.3757E-016
     84.0000     11.2050       0.5867E-016
     84.0000     11.3097       0.5256E-016
     84.0000     11.4145       0.4265E-016
     84.0000     11.5192       0.6094E-013
     84.0000     11.6239       0.9031E-016
     84.0000     11.7286       0.1168E-015
     84.0000     11.8333       0.1220E-015
     84.0000     11.9381       0.1168E-015
     84.0000     12.0428       0.9911E-014
     84.0000     12.1475       0.1257E-015
     84.0000     12.2522       0.1328E-015
     84.0000     12.3569       0.2152E-015
     84.0000     12.4617       0.1610E-015
     84.0000     12.5664       0.1586E-014
     84.0000     12.6711       0.3272E-015
     84.0000     12.7758       0.3637E-015
     84.0000     12.8805       0.8830E-015
     84.0000     12.9852       0.3753E-015
     84.0000     13.0900       0.5091E-015
     84.0000     13.1947       0.4511E-015
     84.0000     13.2994       0.3286E-015
     84.0000    -13.4041       0.7191E-015
     84.0000    -13.2994       0.3216E-015
     84.0000    -13.1947       0.4415E-015
     84.0000    -13.0900       0.5057E-015
     84.0000    -12.9852       0.4137E-015
     84.0000    -12.8805       0.8804E-015
     84.0000    -12.7758       0.3787E-015
     84.0000    -12.6711       0.3393E-015
     84.0000    -12.5664       0.1096E-014
     84.0000    -12.4617       0.1572E-015
     84.0000    -12.3569       0.2148E-015
     84.0000    -12.2522       0.1425E-015
     84.0000    -12.1475       0.1279E-015
     84.0000    -12.0428       0.9822E-014
     84.0000    -11.9381       0.1168E-015
     84.0000    -11.8333       0.1234E-015
     84.0000    -11.7286       0.1178E-015
     84.0000    -11.6239       0.9145E-016
     84.0000    -11.5192       0.4882E-013
     84.0000    -11.4145       0.4355E-016
     84.0000    -11.3097       0.5371E-016
     84.0000    -11.2050       0.6126E-016
     84.0000    -11.1003       0.3826E-016
     84.0000    -10.9956       0.4349E-012
     84.0000    -10.8909       0.1159E-015
     84.0000    -10.7861       0.5281E-016
     84.0000    -10.6814       0.8984E-016
     84.0000    -10.5767       0.3514E-016
     84.0000    -10.4720       0.2261E-011
     84.0000    -10.3673       0.4606E-016
     84.0000    -10.2625       0.7456E-016
     84.0000    -10.1578       0.5147E-016
     84.0000    -10.0531       0.1840E-016
     84.0000     -9.9484       0.9557E-011
     84.0000     -9.8437       0.8260E-016
     84.0000     -9.7389       0.2244E-016
     84.0000     -9.6342       0.1011E-015
     84.0000     -9.5295       0.1101E-015
     84.0000     -9.4248       0.5189E-010
     84.0000     -9.3201       0.9865E-016
     84.0000     -9.2153       0.1309E-015
     84.0000     -9.1106       0.5937E-016
     84.0000     -9.0059       0.4183E-016
     84.0000     -8.9012       0.2640E-009
     84.0000     -8.7965       0.3437E-016
     84.0000     -8.6917       0.1378E-015
     84.0000     -8.5870       0.2497E-015
     84.0000     -8.4823       0.8425E-016
     84.0000     -8.3776       0.2692E-008
     84.0000     -8.2729       0.6039E-016
     84.0000     -8.1681       0.1156E-014
     84.0000     -8.0634       0.1421E-014
     84.0000     -7.9587       0.7357E-016
     84.0000     -7.8540       0.1994E-007
     84.0000     -7.7493       0.1120E-015
     84.0000     -7.6445       0.1193E-013
     84.0000     -7.5398       0.1757E-013
     84.0000     -7.4351       0.3990E-015
     84.0000     -7.3304       0.2826E-006
     84.0000     -7.2257       0.7937E-015
     84.0000     -7.1209       0.1058E-012
     84.0000     -7.0162       0.1148E-012
     84.0000     -6.9115       0.3318E-014
     84.0000     -6.8068       0.2201E-005
     84.0000     -6.7021       0.6653E-014
     84.0000     -6.5973       0.8096E-012
     84.0000     -6.4926       0.9404E-012
     84.0000     -6.3879       0.2401E-013
     84.0000     -6.2832       0.2107E-004
     84.0000     -6.1785       0.4077E-013
     84.0000     -6.0737       0.3501E-011
     84.0000     -5.9690       0.6083E-011
     84.0000     -5.8643       0.1105E-012
     84.0000     -5.7596       0.1096E-003
     84.0000     -5.6549       0.2285E-012
     84.0000     -5.5501       0.2791E-010
     84.0000     -5.4454       0.2919E-010
     84.0000     -5.3407       0.5212E-012
     84.0000     -5.2360       0.5329E-003
     84.0000     -5.1313       0.7887E-012
     84.0000     -5.0265       0.1260E-009
     84.0000     -4.9218       0.1568E-009
     84.0000     -4.8171       0.3065E-011
     84.0000     -4.7124       0.2572E-002
     84.0000     -4.6077       0.3626E-011
     84.0000     -4.5029       0.7226E-009
     84.0000     -4.3982       0.1147E-008
     84.0000     -4.2935       0.1612E-010
     84.0000     -4.1888       0.9819E-002
     84.0000     -4.0841       0.1745E-010
     84.0000     -3.9794       0.4950E-008
     84.0000     -3.8746       0.7067E-008
     84.0000     -3.7699       0.8607E-010
     84.0000     -3.6652       0.4651E-001
     84.0000     -3.5605       0.1118E-009
     84.0000     -3.4558       0.4159E-007
     84.0000     -3.3510       0.5892E-007
     84.0000     -3.2463       0.6399E-009
     84.0000     -3.1416       0.3112     
     84.0000     -3.0369       0.8789E-009
     84.0000     -2.9322       0.3131E-006
     84.0000     -2.8274       0.4265E-006
     84.0000     -2.7227       0.6269E-008
     84.0000     -2.6180        3.924     
     84.0000     -2.5133       0.5947E-008
     84.0000     -2.4086       0.4057E-005
     84.0000     -2.3038       0.4779E-005
     84.0000     -2.1991       0.6021E-007
     84.0000     -2.0944        38.10     
     84.0000     -1.9897       0.1010E-006
     84.0000     -1.8850       0.1665E-004
     84.0000     -1.7802       0.2738E-004
     84.0000     -1.6755       0.4290E-006
     84.0000     -1.5708        456.5     
     84.0000     -1.4661       0.1137E-005
     84.0000     -1.3614       0.1919E-003
     84.0000     -1.2566       0.3503E-003
     84.0000     -1.1519       0.1764E-005
     84.0000     -1.0472        3160.     
     84.0000     -0.9425       0.3065E-005
     84.0000     -0.8378       0.8412E-003
     84.0000     -0.7330       0.1629E-002
     84.0000     -0.6283       0.6924E-005
     84.0000     -0.5236       0.1799E+006
     84.0000     -0.4189       0.9426E-005
     84.0000     -0.3142       0.5355E-002
     84.0000     -0.2094       0.3746E-002
     84.0000     -0.1047       0.3344E-004
