    112.0000      0.0000       0.3584E+005
    112.0000      0.1047       0.1045     
    112.0000      0.2094       0.2498E-001
    112.0000      0.3142       0.2404E-001
    112.0000      0.4189       0.4362E-001
    112.0000      0.5236       0.2039E+006
    112.0000      0.6283       0.3728E-001
    112.0000      0.7330       0.6858E-002
    112.0000      0.8378       0.4528E-002
    112.0000      0.9425       0.1466E-001
    112.0000      1.0472        1811.     
    112.0000      1.1519       0.1002E-001
    112.0000      1.2566       0.8620E-003
    112.0000      1.3614       0.5305E-003
    112.0000      1.4661       0.1255E-002
    112.0000      1.5708        92.61     
    112.0000      1.6755       0.6588E-003
    112.0000      1.7802       0.7673E-004
    112.0000      1.8850       0.5554E-004
    112.0000      1.9897       0.1474E-003
    112.0000      2.0944        4.870     
    112.0000      2.1991       0.9950E-004
    112.0000      2.3038       0.7406E-005
    112.0000      2.4086       0.5395E-005
    112.0000      2.5133       0.1325E-004
    112.0000      2.6180       0.3783     
    112.0000      2.7227       0.7554E-005
    112.0000      2.8274       0.7281E-006
    112.0000      2.9322       0.6387E-006
    112.0000      3.0369       0.1597E-005
    112.0000      3.1416       0.6945E-001
    112.0000      3.2463       0.1070E-005
    112.0000      3.3510       0.8036E-007
    112.0000      3.4558       0.6705E-007
    112.0000      3.5605       0.1648E-006
    112.0000      3.6652       0.1993E-001
    112.0000      3.7699       0.1089E-006
    112.0000      3.8746       0.1166E-007
    112.0000      3.9794       0.8609E-008
    112.0000      4.0841       0.2676E-007
    112.0000      4.1888       0.5059E-002
    112.0000      4.2935       0.2036E-007
    112.0000      4.3982       0.1767E-008
    112.0000      4.5029       0.1382E-008
    112.0000      4.6077       0.5604E-008
    112.0000      4.7124       0.8273E-003
    112.0000      4.8171       0.3504E-008
    112.0000      4.9218       0.2368E-009
    112.0000      5.0265       0.2577E-009
    112.0000      5.1313       0.1198E-008
    112.0000      5.2360       0.2234E-003
    112.0000      5.3407       0.4908E-009
    112.0000      5.4454       0.6259E-010
    112.0000      5.5501       0.4759E-010
    112.0000      5.6549       0.2333E-009
    112.0000      5.7596       0.2466E-004
    112.0000      5.8643       0.7727E-010
    112.0000      5.9690       0.1082E-010
    112.0000      6.0737       0.7161E-011
    112.0000      6.1785       0.2631E-010
    112.0000      6.2832       0.4470E-005
    112.0000      6.3879       0.1077E-010
    112.0000      6.4926       0.1123E-011
    112.0000      6.5973       0.7660E-012
    112.0000      6.7021       0.2909E-011
    112.0000      6.8068       0.4975E-006
    112.0000      6.9115       0.1481E-011
    112.0000      7.0162       0.1736E-012
    112.0000      7.1209       0.9005E-013
    112.0000      7.2257       0.3985E-012
    112.0000      7.3304       0.3740E-007
    112.0000      7.4351       0.9749E-013
    112.0000      7.5398       0.1227E-013
    112.0000      7.6445       0.9176E-014
    112.0000      7.7493       0.3653E-013
    112.0000      7.8540       0.4505E-008
    112.0000      7.9587       0.1023E-013
    112.0000      8.0634       0.1158E-014
    112.0000      8.1681       0.7870E-015
    112.0000      8.2729       0.3193E-014
    112.0000      8.3776       0.4015E-009
    112.0000      8.4823       0.1160E-014
    112.0000      8.5870       0.1883E-015
    112.0000      8.6917       0.9535E-016
    112.0000      8.7965       0.3358E-015
    112.0000      8.9012       0.5125E-010
    112.0000      9.0059       0.1623E-015
    112.0000      9.1106       0.7723E-016
    112.0000      9.2153       0.1878E-015
    112.0000      9.3201       0.2470E-015
    112.0000      9.4248       0.1119E-010
    112.0000      9.5295       0.2333E-015
    112.0000      9.6342       0.1663E-015
    112.0000      9.7389       0.4159E-016
    112.0000      9.8437       0.1593E-015
    112.0000      9.9484       0.2455E-011
    112.0000     10.0531       0.4351E-016
    112.0000     10.1578       0.8341E-016
    112.0000     10.2625       0.1343E-015
    112.0000     10.3673       0.1084E-015
    112.0000     10.4720       0.6204E-012
    112.0000     10.5767       0.8008E-016
    112.0000     10.6814       0.1691E-015
    112.0000     10.7861       0.1102E-015
    112.0000     10.8909       0.2551E-015
    112.0000     10.9956       0.1320E-012
    112.0000     11.1003       0.1036E-015
    112.0000     11.2050       0.1459E-015
    112.0000     11.3097       0.1427E-015
    112.0000     11.4145       0.1235E-015
    112.0000     11.5192       0.1407E-013
    112.0000     11.6239       0.2409E-015
    112.0000     11.7286       0.3309E-015
    112.0000     11.8333       0.3400E-015
    112.0000     11.9381       0.3561E-015
    112.0000     12.0428       0.1640E-014
    112.0000     12.1475       0.4110E-015
    112.0000     12.2522       0.3808E-015
    112.0000     12.3569       0.6791E-015
    112.0000     12.4617       0.4272E-015
    112.0000     12.5664       0.8227E-015
    112.0000     12.6711       0.9822E-015
    112.0000     12.7758       0.1235E-014
    112.0000     12.8805       0.3087E-014
    112.0000     12.9852       0.1451E-014
    112.0000     13.0900       0.1662E-014
    112.0000     13.1947       0.1301E-014
    112.0000     13.2994       0.1214E-014
    112.0000    -13.4041       0.2626E-014
    112.0000    -13.2994       0.1153E-014
    112.0000    -13.1947       0.1202E-014
    112.0000    -13.0900       0.1665E-014
    112.0000    -12.9852       0.1476E-014
    112.0000    -12.8805       0.3128E-014
    112.0000    -12.7758       0.1224E-014
    112.0000    -12.6711       0.9785E-015
    112.0000    -12.5664       0.7138E-015
    112.0000    -12.4617       0.4224E-015
    112.0000    -12.3569       0.6794E-015
    112.0000    -12.2522       0.4151E-015
    112.0000    -12.1475       0.4320E-015
    112.0000    -12.0428       0.1152E-014
    112.0000    -11.9381       0.3630E-015
    112.0000    -11.8333       0.3423E-015
    112.0000    -11.7286       0.3381E-015
    112.0000    -11.6239       0.2496E-015
    112.0000    -11.5192       0.9136E-014
    112.0000    -11.4145       0.1259E-015
    112.0000    -11.3097       0.1507E-015
    112.0000    -11.2050       0.1516E-015
    112.0000    -11.1003       0.1054E-015
    112.0000    -10.9956       0.7629E-013
    112.0000    -10.8909       0.2531E-015
    112.0000    -10.7861       0.1111E-015
    112.0000    -10.6814       0.1687E-015
    112.0000    -10.5767       0.7917E-016
    112.0000    -10.4720       0.4669E-012
    112.0000    -10.3673       0.1096E-015
    112.0000    -10.2625       0.1363E-015
    112.0000    -10.1578       0.8417E-016
    112.0000    -10.0531       0.4360E-016
    112.0000     -9.9484       0.2373E-011
    112.0000     -9.8437       0.1474E-015
    112.0000     -9.7389       0.4033E-016
    112.0000     -9.6342       0.1671E-015
    112.0000     -9.5295       0.2323E-015
    112.0000     -9.4248       0.8911E-011
    112.0000     -9.3201       0.2079E-015
    112.0000     -9.2153       0.1858E-015
    112.0000     -9.1106       0.7496E-016
    112.0000     -9.0059       0.1722E-015
    112.0000     -8.9012       0.4738E-010
    112.0000     -8.7965       0.2364E-015
    112.0000     -8.6917       0.9500E-016
    112.0000     -8.5870       0.1615E-015
    112.0000     -8.4823       0.8879E-015
    112.0000     -8.3776       0.3263E-009
    112.0000     -8.2729       0.2635E-014
    112.0000     -8.1681       0.6589E-015
    112.0000     -8.0634       0.7170E-015
    112.0000     -7.9587       0.7068E-014
    112.0000     -7.8540       0.3543E-008
    112.0000     -7.7493       0.2758E-013
    112.0000     -7.6445       0.5977E-014
    112.0000     -7.5398       0.9412E-014
    112.0000     -7.4351       0.6769E-013
    112.0000     -7.3304       0.2685E-007
    112.0000     -7.2257       0.3385E-012
    112.0000     -7.1209       0.7061E-013
    112.0000     -7.0162       0.1109E-012
    112.0000     -6.9115       0.1190E-011
    112.0000     -6.8068       0.4630E-006
    112.0000     -6.7021       0.2781E-011
    112.0000     -6.5973       0.7708E-012
    112.0000     -6.4926       0.1096E-011
    112.0000     -6.3879       0.9861E-011
    112.0000     -6.2832       0.4753E-005
    112.0000     -6.1785       0.2511E-010
    112.0000     -6.0737       0.7415E-011
    112.0000     -5.9690       0.8764E-011
    112.0000     -5.8643       0.6999E-010
    112.0000     -5.7596       0.2361E-004
    112.0000     -5.6549       0.1945E-009
    112.0000     -5.5501       0.3942E-010
    112.0000     -5.4454       0.5088E-010
    112.0000     -5.3407       0.3889E-009
    112.0000     -5.2360       0.1999E-003
    112.0000     -5.1313       0.9510E-009
    112.0000     -5.0265       0.2426E-009
    112.0000     -4.9218       0.2071E-009
    112.0000     -4.8171       0.2941E-008
    112.0000     -4.7124       0.5770E-003
    112.0000     -4.6077       0.4571E-008
    112.0000     -4.5029       0.1166E-008
    112.0000     -4.3982       0.1665E-008
    112.0000     -4.2935       0.1875E-007
    112.0000     -4.1888       0.4408E-002
    112.0000     -4.0841       0.2516E-007
    112.0000     -3.9794       0.8555E-008
    112.0000     -3.8746       0.1070E-007
    112.0000     -3.7699       0.1099E-006
    112.0000     -3.6652       0.1774E-001
    112.0000     -3.5605       0.1710E-006
    112.0000     -3.4558       0.6522E-007
    112.0000     -3.3510       0.7675E-007
    112.0000     -3.2463       0.1082E-005
    112.0000     -3.1416       0.7002E-001
    112.0000     -3.0369       0.1624E-005
    112.0000     -2.9322       0.6138E-006
    112.0000     -2.8274       0.6950E-006
    112.0000     -2.7227       0.7566E-005
    112.0000     -2.6180       0.4060     
    112.0000     -2.5133       0.1323E-004
    112.0000     -2.4086       0.5207E-005
    112.0000     -2.3038       0.7047E-005
    112.0000     -2.1991       0.9942E-004
    112.0000     -2.0944        4.884     
    112.0000     -1.9897       0.1476E-003
    112.0000     -1.8850       0.5417E-004
    112.0000     -1.7802       0.7333E-004
    112.0000     -1.6755       0.6586E-003
    112.0000     -1.5708        92.55     
    112.0000     -1.4661       0.1256E-002
    112.0000     -1.3614       0.5099E-003
    112.0000     -1.2566       0.8138E-003
    112.0000     -1.1519       0.1001E-001
    112.0000     -1.0472        1812.     
    112.0000     -0.9425       0.1466E-001
    112.0000     -0.8378       0.4502E-002
    112.0000     -0.7330       0.6806E-002
    112.0000     -0.6283       0.3728E-001
    112.0000     -0.5236       0.2039E+006
    112.0000     -0.4189       0.4362E-001
    112.0000     -0.3142       0.2390E-001
    112.0000     -0.2094       0.2490E-001
    112.0000     -0.1047       0.1045     
