     28.0000      0.0000       0.2800E-003
     28.0000      0.1047       0.1219E-015
     28.0000      0.2094       0.1746E-015
     28.0000      0.3142       0.1830E-015
     28.0000      0.4189       0.6776E-014
     28.0000      0.5236       0.1070E+005
     28.0000      0.6283       0.6864E-014
     28.0000      0.7330       0.1713E-015
     28.0000      0.8378       0.1715E-015
     28.0000      0.9425       0.1139E-015
     28.0000      1.0472       0.1072E-008
     28.0000      1.1519       0.9956E-017
     28.0000      1.2566       0.4200E-017
     28.0000      1.3614       0.1337E-016
     28.0000      1.4661       0.3385E-017
     28.0000      1.5708       0.7948E-003
     28.0000      1.6755       0.3654E-017
     28.0000      1.7802       0.1479E-017
     28.0000      1.8850       0.8337E-018
     28.0000      1.9897       0.8902E-018
     28.0000      2.0944       0.3349E-014
     28.0000      2.1991       0.8606E-019
     28.0000      2.3038       0.5290E-019
     28.0000      2.4086       0.5317E-019
     28.0000      2.5133       0.9737E-019
     28.0000      2.6180       0.8241E-010
     28.0000      2.7227       0.8353E-019
     28.0000      2.8274       0.5059E-019
     28.0000      2.9322       0.3210E-019
     28.0000      3.0369       0.2288E-019
     28.0000      3.1416       0.1716E-019
     28.0000      3.2463       0.1647E-019
     28.0000      3.3510       0.1123E-019
     28.0000      3.4558       0.1290E-019
     28.0000      3.5605       0.8571E-020
     28.0000      3.6652       0.9977E-017
     28.0000      3.7699       0.1067E-019
     28.0000      3.8746       0.3391E-019
     28.0000      3.9794       0.1354E-019
     28.0000      4.0841       0.2047E-019
     28.0000      4.1888       0.1531E-019
     28.0000      4.2935       0.1359E-019
     28.0000      4.3982       0.1716E-019
     28.0000      4.5029       0.1379E-019
     28.0000      4.6077       0.1238E-019
     28.0000      4.7124       0.1569E-019
     28.0000      4.8171       0.1227E-019
     28.0000      4.9218       0.2068E-019
     28.0000      5.0265       0.1549E-019
     28.0000      5.1313       0.1383E-019
     28.0000      5.2360       0.1691E-019
     28.0000      5.3407       0.1432E-019
     28.0000      5.4454       0.2250E-019
     28.0000      5.5501       0.1949E-019
     28.0000      5.6549       0.1608E-019
     28.0000      5.7596       0.1927E-019
     28.0000      5.8643       0.1881E-019
     28.0000      5.9690       0.2774E-019
     28.0000      6.0737       0.3020E-019
     28.0000      6.1785       0.7335E-019
     28.0000      6.2832       0.2808E-019
     28.0000      6.3879       0.2070E-019
     28.0000      6.4926       0.2340E-019
     28.0000      6.5973       0.3202E-019
     28.0000     -6.7021       0.2407E-019
     28.0000     -6.5973       0.3268E-019
     28.0000     -6.4926       0.2407E-019
     28.0000     -6.3879       0.3057E-019
     28.0000     -6.2832       0.2647E-019
     28.0000     -6.1785       0.7213E-019
     28.0000     -6.0737       0.3031E-019
     28.0000     -5.9690       0.3734E-019
     28.0000     -5.8643       0.1959E-019
     28.0000     -5.7596       0.1943E-019
     28.0000     -5.6549       0.1584E-019
     28.0000     -5.5501       0.1964E-019
     28.0000     -5.4454       0.2255E-019
     28.0000     -5.3407       0.1406E-019
     28.0000     -5.2360       0.1905E-019
     28.0000     -5.1313       0.1539E-019
     28.0000     -5.0265       0.1538E-019
     28.0000     -4.9218       0.2054E-019
     28.0000     -4.8171       0.1231E-019
     28.0000     -4.7124       0.1561E-019
     28.0000     -4.6077       0.1247E-019
     28.0000     -4.5029       0.1373E-019
     28.0000     -4.3982       0.1716E-019
     28.0000     -4.2935       0.1360E-019
     28.0000     -4.1888       0.1390E-019
     28.0000     -4.0841       0.2056E-019
     28.0000     -3.9794       0.1345E-019
     28.0000     -3.8746       0.3255E-019
     28.0000     -3.7699       0.1052E-019
     28.0000     -3.6652       0.9987E-017
     28.0000     -3.5605       0.8545E-020
     28.0000     -3.4558       0.1293E-019
     28.0000     -3.3510       0.1128E-019
     28.0000     -3.2463       0.1619E-019
     28.0000     -3.1416       0.1830E-019
     28.0000     -3.0369       0.2342E-019
     28.0000     -2.9322       0.3117E-019
     28.0000     -2.8274       0.4887E-019
     28.0000     -2.7227       0.8348E-019
     28.0000     -2.6180       0.8240E-010
     28.0000     -2.5133       0.9711E-019
     28.0000     -2.4086       0.5229E-019
     28.0000     -2.3038       0.5304E-019
     28.0000     -2.1991       0.8481E-019
     28.0000     -2.0944       0.3350E-014
     28.0000     -1.9897       0.8880E-018
     28.0000     -1.8850       0.8287E-018
     28.0000     -1.7802       0.1474E-017
     28.0000     -1.6755       0.3649E-017
     28.0000     -1.5708       0.7948E-003
     28.0000     -1.4661       0.3367E-017
     28.0000     -1.3614       0.1330E-016
     28.0000     -1.2566       0.4171E-017
     28.0000     -1.1519       0.9938E-017
     28.0000     -1.0472       0.1072E-008
     28.0000     -0.9425       0.1134E-015
     28.0000     -0.8378       0.1715E-015
     28.0000     -0.7330       0.1712E-015
     28.0000     -0.6283       0.6864E-014
     28.0000     -0.5236       0.1070E+005
     28.0000     -0.4189       0.6776E-014
     28.0000     -0.3142       0.1829E-015
     28.0000     -0.2094       0.1746E-015
     28.0000     -0.1047       0.1221E-015
