     56.0000      0.0000       0.8382E-001
     56.0000      0.1047       0.1606E-014
     56.0000      0.2094       0.1271E-015
     56.0000      0.3142       0.4743E-014
     56.0000      0.4189       0.1476E-011
     56.0000      0.5236       0.2237E+006
     56.0000      0.6283       0.1475E-011
     56.0000      0.7330       0.4715E-014
     56.0000      0.8378       0.1088E-015
     56.0000      0.9425       0.1404E-014
     56.0000      1.0472       0.2198E-005
     56.0000      1.1519       0.2043E-015
     56.0000      1.2566       0.2149E-016
     56.0000      1.3614       0.6633E-016
     56.0000      1.4661       0.5982E-016
     56.0000      1.5708       0.8924E-002
     56.0000      1.6755       0.2971E-016
     56.0000      1.7802       0.1811E-016
     56.0000      1.8850       0.1473E-017
     56.0000      1.9897       0.6119E-017
     56.0000      2.0944       0.2483E-010
     56.0000      2.1991       0.1179E-017
     56.0000      2.3038       0.6061E-018
     56.0000      2.4086       0.7060E-018
     56.0000      2.5133       0.6548E-018
     56.0000      2.6180       0.5514E-009
     56.0000      2.7227       0.6667E-018
     56.0000      2.8274       0.2969E-018
     56.0000      2.9322       0.2929E-018
     56.0000      3.0369       0.1451E-018
     56.0000      3.1416       0.3642E-017
     56.0000      3.2463       0.1556E-018
     56.0000      3.3510       0.1351E-018
     56.0000      3.4558       0.8821E-019
     56.0000      3.5605       0.1539E-018
     56.0000      3.6652       0.4036E-016
     56.0000      3.7699       0.7413E-019
     56.0000      3.8746       0.1033E-018
     56.0000      3.9794       0.1020E-018
     56.0000      4.0841       0.1195E-018
     56.0000      4.1888       0.8717E-019
     56.0000      4.2935       0.1034E-018
     56.0000      4.3982       0.1396E-018
     56.0000      4.5029       0.5264E-019
     56.0000      4.6077       0.7515E-019
     56.0000      4.7124       0.1234E-018
     56.0000      4.8171       0.1048E-018
     56.0000      4.9218       0.1063E-018
     56.0000      5.0265       0.8781E-019
     56.0000      5.1313       0.8490E-019
     56.0000      5.2360       0.1302E-018
     56.0000      5.3407       0.1510E-018
     56.0000      5.4454       0.1190E-018
     56.0000      5.5501       0.6950E-019
     56.0000      5.6549       0.7757E-019
     56.0000      5.7596       0.1554E-018
     56.0000      5.8643       0.1037E-018
     56.0000      5.9690       0.1297E-018
     56.0000      6.0737       0.8824E-019
     56.0000      6.1785       0.8132E-019
     56.0000      6.2832       0.1166E-018
     56.0000      6.3879       0.1108E-018
     56.0000      6.4926       0.8783E-019
     56.0000      6.5973       0.5645E-019
     56.0000      6.7021       0.8039E-019
     56.0000      6.8068       0.8491E-019
     56.0000      6.9115       0.6851E-019
     56.0000      7.0162       0.8941E-019
     56.0000      7.1209       0.5318E-019
     56.0000      7.2257       0.5810E-019
     56.0000      7.3304       0.5472E-019
     56.0000      7.4351       0.4914E-019
     56.0000      7.5398       0.4355E-019
     56.0000      7.6445       0.2981E-019
     56.0000      7.7493       0.5312E-019
     56.0000      7.8540       0.4784E-019
     56.0000      7.9587       0.4785E-019
     56.0000      8.0634       0.4884E-019
     56.0000      8.1681       0.3277E-019
     56.0000      8.2729       0.4136E-019
     56.0000      8.3776       0.3159E-019
     56.0000      8.4823       0.2207E-019
     56.0000      8.5870       0.2751E-019
     56.0000      8.6917       0.2327E-019
     56.0000      8.7965       0.2466E-019
     56.0000      8.9012       0.3715E-019
     56.0000      9.0059       0.3422E-019
     56.0000      9.1106       0.3346E-019
     56.0000      9.2153       0.2384E-019
     56.0000      9.3201       0.3268E-019
     56.0000      9.4248       0.2023E-019
     56.0000      9.5295       0.2400E-019
     56.0000      9.6342       0.2756E-019
     56.0000      9.7389       0.1505E-019
     56.0000      9.8437       0.1663E-019
     56.0000      9.9484       0.2457E-019
     56.0000     10.0531       0.1544E-019
     56.0000     10.1578       0.1476E-019
     56.0000     10.2625       0.1587E-019
     56.0000     10.3673       0.1410E-019
     56.0000     10.4720       0.1726E-019
     56.0000     10.5767       0.1406E-019
     56.0000     10.6814       0.1884E-019
     56.0000     10.7861       0.1257E-019
     56.0000     10.8909       0.1546E-019
     56.0000     10.9956       0.1821E-019
     56.0000     11.1003       0.9986E-020
     56.0000     11.2050       0.1767E-019
     56.0000     11.3097       0.1716E-019
     56.0000     11.4145       0.1281E-019
     56.0000     11.5192       0.1269E-019
     56.0000     11.6239       0.1192E-019
     56.0000     11.7286       0.1448E-019
     56.0000     11.8333       0.1597E-019
     56.0000     11.9381       0.1528E-019
     56.0000     12.0428       0.2012E-019
     56.0000     12.1475       0.3864E-019
     56.0000     12.2522       0.2065E-019
     56.0000     12.3569       0.3368E-019
     56.0000     12.4617       0.2168E-019
     56.0000     12.5664       0.1804E-019
     56.0000     12.6711       0.2511E-019
     56.0000     12.7758       0.2944E-019
     56.0000     12.8805       0.4292E-019
     56.0000     12.9852       0.2873E-019
     56.0000     13.0900       0.3091E-019
     56.0000     13.1947       0.3963E-019
     56.0000     13.2994       0.4316E-019
     56.0000    -13.4041       0.3093E-019
     56.0000    -13.2994       0.4305E-019
     56.0000    -13.1947       0.3870E-019
     56.0000    -13.0900       0.3099E-019
     56.0000    -12.9852       0.2940E-019
     56.0000    -12.8805       0.4381E-019
     56.0000    -12.7758       0.2919E-019
     56.0000    -12.6711       0.2519E-019
     56.0000    -12.5664       0.1782E-019
     56.0000    -12.4617       0.2298E-019
     56.0000    -12.3569       0.3345E-019
     56.0000    -12.2522       0.2066E-019
     56.0000    -12.1475       0.3974E-019
     56.0000    -12.0428       0.2032E-019
     56.0000    -11.9381       0.1552E-019
     56.0000    -11.8333       0.1610E-019
     56.0000    -11.7286       0.1461E-019
     56.0000    -11.6239       0.1228E-019
     56.0000    -11.5192       0.1252E-019
     56.0000    -11.4145       0.1337E-019
     56.0000    -11.3097       0.1694E-019
     56.0000    -11.2050       0.1784E-019
     56.0000    -11.1003       0.1019E-019
     56.0000    -10.9956       0.1796E-019
     56.0000    -10.8909       0.1544E-019
     56.0000    -10.7861       0.1276E-019
     56.0000    -10.6814       0.1922E-019
     56.0000    -10.5767       0.1406E-019
     56.0000    -10.4720       0.1724E-019
     56.0000    -10.3673       0.1392E-019
     56.0000    -10.2625       0.1583E-019
     56.0000    -10.1578       0.1475E-019
     56.0000    -10.0531       0.1440E-019
     56.0000     -9.9484       0.2415E-019
     56.0000     -9.8437       0.1607E-019
     56.0000     -9.7389       0.1466E-019
     56.0000     -9.6342       0.2760E-019
     56.0000     -9.5295       0.2366E-019
     56.0000     -9.4248       0.2026E-019
     56.0000     -9.3201       0.3286E-019
     56.0000     -9.2153       0.2425E-019
     56.0000     -9.1106       0.3327E-019
     56.0000     -9.0059       0.3402E-019
     56.0000     -8.9012       0.3556E-019
     56.0000     -8.7965       0.2401E-019
     56.0000     -8.6917       0.2376E-019
     56.0000     -8.5870       0.2758E-019
     56.0000     -8.4823       0.2247E-019
     56.0000     -8.3776       0.3035E-019
     56.0000     -8.2729       0.4030E-019
     56.0000     -8.1681       0.3240E-019
     56.0000     -8.0634       0.4762E-019
     56.0000     -7.9587       0.4836E-019
     56.0000     -7.8540       0.5052E-019
     56.0000     -7.7493       0.5353E-019
     56.0000     -7.6445       0.3018E-019
     56.0000     -7.5398       0.4292E-019
     56.0000     -7.4351       0.4767E-019
     56.0000     -7.3304       0.5527E-019
     56.0000     -7.2257       0.5860E-019
     56.0000     -7.1209       0.5299E-019
     56.0000     -7.0162       0.8790E-019
     56.0000     -6.9115       0.6929E-019
     56.0000     -6.8068       0.8206E-019
     56.0000     -6.7021       0.7927E-019
     56.0000     -6.5973       0.5758E-019
     56.0000     -6.4926       0.8767E-019
     56.0000     -6.3879       0.1119E-018
     56.0000     -6.2832       0.1166E-018
     56.0000     -6.1785       0.8265E-019
     56.0000     -6.0737       0.8773E-019
     56.0000     -5.9690       0.1292E-018
     56.0000     -5.8643       0.1041E-018
     56.0000     -5.7596       0.1523E-018
     56.0000     -5.6549       0.7617E-019
     56.0000     -5.5501       0.6760E-019
     56.0000     -5.4454       0.1192E-018
     56.0000     -5.3407       0.1497E-018
     56.0000     -5.2360       0.1289E-018
     56.0000     -5.1313       0.8528E-019
     56.0000     -5.0265       0.8708E-019
     56.0000     -4.9218       0.1061E-018
     56.0000     -4.8171       0.1057E-018
     56.0000     -4.7124       0.1239E-018
     56.0000     -4.6077       0.7640E-019
     56.0000     -4.5029       0.5392E-019
     56.0000     -4.3982       0.1391E-018
     56.0000     -4.2935       0.1036E-018
     56.0000     -4.1888       0.8495E-019
     56.0000     -4.0841       0.1203E-018
     56.0000     -3.9794       0.9925E-019
     56.0000     -3.8746       0.1037E-018
     56.0000     -3.7699       0.7408E-019
     56.0000     -3.6652       0.4412E-016
     56.0000     -3.5605       0.1557E-018
     56.0000     -3.4558       0.8595E-019
     56.0000     -3.3510       0.1344E-018
     56.0000     -3.2463       0.1587E-018
     56.0000     -3.1416       0.3661E-017
     56.0000     -3.0369       0.1503E-018
     56.0000     -2.9322       0.2862E-018
     56.0000     -2.8274       0.2932E-018
     56.0000     -2.7227       0.6666E-018
     56.0000     -2.6180       0.5612E-009
     56.0000     -2.5133       0.6402E-018
     56.0000     -2.4086       0.7079E-018
     56.0000     -2.3038       0.6050E-018
     56.0000     -2.1991       0.1197E-017
     56.0000     -2.0944       0.2483E-010
     56.0000     -1.9897       0.6136E-017
     56.0000     -1.8850       0.1457E-017
     56.0000     -1.7802       0.1788E-016
     56.0000     -1.6755       0.2973E-016
     56.0000     -1.5708       0.8924E-002
     56.0000     -1.4661       0.5981E-016
     56.0000     -1.3614       0.6868E-016
     56.0000     -1.2566       0.2148E-016
     56.0000     -1.1519       0.2040E-015
     56.0000     -1.0472       0.2198E-005
     56.0000     -0.9425       0.1401E-014
     56.0000     -0.8378       0.1088E-015
     56.0000     -0.7330       0.4712E-014
     56.0000     -0.6283       0.1475E-011
     56.0000     -0.5236       0.2237E+006
     56.0000     -0.4189       0.1476E-011
     56.0000     -0.3142       0.4738E-014
     56.0000     -0.2094       0.1270E-015
     56.0000     -0.1047       0.1604E-014
