     80.0000      0.0000       0.8383E-001
     80.0000      0.1047       0.1589E-014
     80.0000      0.2094       0.1261E-015
     80.0000      0.3142       0.4779E-014
     80.0000      0.4189       0.1323E-011
     80.0000      0.5236       0.2237E+006
     80.0000      0.6283       0.1365E-011
     80.0000      0.7330       0.4681E-014
     80.0000      0.8378       0.1081E-015
     80.0000      0.9425       0.1404E-014
     80.0000      1.0472       0.3817E-005
     80.0000      1.1519       0.2040E-015
     80.0000      1.2566       0.2149E-016
     80.0000      1.3614       0.6630E-016
     80.0000      1.4661       0.5913E-016
     80.0000      1.5708       0.3036E-001
     80.0000      1.6755       0.3072E-016
     80.0000      1.7802       0.1825E-016
     80.0000      1.8850       0.1466E-017
     80.0000      1.9897       0.6116E-017
     80.0000      2.0944       0.2608E-010
     80.0000      2.1991       0.1189E-017
     80.0000      2.3038       0.6080E-018
     80.0000      2.4086       0.7269E-018
     80.0000      2.5133       0.6569E-018
     80.0000      2.6180       0.5329E-008
     80.0000      2.7227       0.6647E-018
     80.0000      2.8274       0.2947E-018
     80.0000      2.9322       0.2910E-018
     80.0000      3.0369       0.1514E-018
     80.0000      3.1416       0.7056E-017
     80.0000      3.2463       0.1582E-018
     80.0000      3.3510       0.1344E-018
     80.0000      3.4558       0.9232E-019
     80.0000      3.5605       0.1549E-018
     80.0000      3.6652       0.1017E-014
     80.0000      3.7699       0.7418E-019
     80.0000      3.8746       0.1023E-018
     80.0000      3.9794       0.1016E-018
     80.0000      4.0841       0.1241E-018
     80.0000      4.1888       0.8820E-019
     80.0000      4.2935       0.1002E-018
     80.0000      4.3982       0.1400E-018
     80.0000      4.5029       0.5541E-019
     80.0000      4.6077       0.7750E-019
     80.0000      4.7124       0.1313E-018
     80.0000      4.8171       0.1058E-018
     80.0000      4.9218       0.1065E-018
     80.0000      5.0265       0.8635E-019
     80.0000      5.1313       0.8496E-019
     80.0000      5.2360       0.1302E-018
     80.0000      5.3407       0.1495E-018
     80.0000      5.4454       0.1190E-018
     80.0000      5.5501       0.7395E-019
     80.0000      5.6549       0.7818E-019
     80.0000      5.7596       0.1583E-018
     80.0000      5.8643       0.1039E-018
     80.0000      5.9690       0.1325E-018
     80.0000      6.0737       0.8967E-019
     80.0000      6.1785       0.8551E-019
     80.0000      6.2832       0.1177E-018
     80.0000      6.3879       0.1128E-018
     80.0000      6.4926       0.8819E-019
     80.0000      6.5973       0.5885E-019
     80.0000      6.7021       0.8257E-019
     80.0000      6.8068       0.8815E-019
     80.0000      6.9115       0.6916E-019
     80.0000      7.0162       0.8725E-019
     80.0000      7.1209       0.5273E-019
     80.0000      7.2257       0.5816E-019
     80.0000      7.3304       0.5503E-019
     80.0000      7.4351       0.5247E-019
     80.0000      7.5398       0.4378E-019
     80.0000      7.6445       0.3059E-019
     80.0000      7.7493       0.5252E-019
     80.0000      7.8540       0.5228E-019
     80.0000      7.9587       0.4808E-019
     80.0000      8.0634       0.4711E-019
     80.0000      8.1681       0.3237E-019
     80.0000      8.2729       0.4239E-019
     80.0000      8.3776       0.3116E-019
     80.0000      8.4823       0.2409E-019
     80.0000      8.5870       0.2804E-019
     80.0000      8.6917       0.2246E-019
     80.0000      8.7965       0.2517E-019
     80.0000      8.9012       0.3818E-019
     80.0000      9.0059       0.3446E-019
     80.0000      9.1106       0.3342E-019
     80.0000      9.2153       0.2445E-019
     80.0000      9.3201       0.3372E-019
     80.0000      9.4248       0.2057E-019
     80.0000      9.5295       0.2516E-019
     80.0000      9.6342       0.2725E-019
     80.0000      9.7389       0.1636E-019
     80.0000      9.8437       0.1655E-019
     80.0000      9.9484       0.2603E-019
     80.0000     10.0531       0.1552E-019
     80.0000     10.1578       0.1548E-019
     80.0000     10.2625       0.1582E-019
     80.0000     10.3673       0.1451E-019
     80.0000     10.4720       0.1777E-019
     80.0000     10.5767       0.1510E-019
     80.0000     10.6814       0.1865E-019
     80.0000     10.7861       0.1336E-019
     80.0000     10.8909       0.1537E-019
     80.0000     10.9956       0.1918E-019
     80.0000     11.1003       0.1035E-019
     80.0000     11.2050       0.1844E-019
     80.0000     11.3097       0.1714E-019
     80.0000     11.4145       0.1379E-019
     80.0000     11.5192       0.1306E-019
     80.0000     11.6239       0.1222E-019
     80.0000     11.7286       0.1482E-019
     80.0000     11.8333       0.1593E-019
     80.0000     11.9381       0.1581E-019
     80.0000     12.0428       0.2029E-019
     80.0000     12.1475       0.3869E-019
     80.0000     12.2522       0.2094E-019
     80.0000     12.3569       0.3336E-019
     80.0000     12.4617       0.2264E-019
     80.0000     12.5664       0.1816E-019
     80.0000     12.6711       0.2570E-019
     80.0000     12.7758       0.2966E-019
     80.0000     12.8805       0.4516E-019
     80.0000     12.9852       0.2898E-019
     80.0000     13.0900       0.3110E-019
     80.0000     13.1947       0.4008E-019
     80.0000     13.2994       0.4337E-019
     80.0000    -13.4041       0.3108E-019
     80.0000    -13.2994       0.4363E-019
     80.0000    -13.1947       0.3880E-019
     80.0000    -13.0900       0.3124E-019
     80.0000    -12.9852       0.2963E-019
     80.0000    -12.8805       0.4602E-019
     80.0000    -12.7758       0.2920E-019
     80.0000    -12.6711       0.2570E-019
     80.0000    -12.5664       0.1803E-019
     80.0000    -12.4617       0.2387E-019
     80.0000    -12.3569       0.3299E-019
     80.0000    -12.2522       0.2102E-019
     80.0000    -12.1475       0.3949E-019
     80.0000    -12.0428       0.2051E-019
     80.0000    -11.9381       0.1609E-019
     80.0000    -11.8333       0.1617E-019
     80.0000    -11.7286       0.1473E-019
     80.0000    -11.6239       0.1254E-019
     80.0000    -11.5192       0.1299E-019
     80.0000    -11.4145       0.1440E-019
     80.0000    -11.3097       0.1711E-019
     80.0000    -11.2050       0.1873E-019
     80.0000    -11.1003       0.1064E-019
     80.0000    -10.9956       0.1882E-019
     80.0000    -10.8909       0.1554E-019
     80.0000    -10.7861       0.1352E-019
     80.0000    -10.6814       0.1906E-019
     80.0000    -10.5767       0.1488E-019
     80.0000    -10.4720       0.1772E-019
     80.0000    -10.3673       0.1430E-019
     80.0000    -10.2625       0.1621E-019
     80.0000    -10.1578       0.1562E-019
     80.0000    -10.0531       0.1437E-019
     80.0000     -9.9484       0.2527E-019
     80.0000     -9.8437       0.1578E-019
     80.0000     -9.7389       0.1598E-019
     80.0000     -9.6342       0.2743E-019
     80.0000     -9.5295       0.2487E-019
     80.0000     -9.4248       0.2083E-019
     80.0000     -9.3201       0.3344E-019
     80.0000     -9.2153       0.2488E-019
     80.0000     -9.1106       0.3343E-019
     80.0000     -9.0059       0.3376E-019
     80.0000     -8.9012       0.3679E-019
     80.0000     -8.7965       0.2415E-019
     80.0000     -8.6917       0.2325E-019
     80.0000     -8.5870       0.2796E-019
     80.0000     -8.4823       0.2420E-019
     80.0000     -8.3776       0.2981E-019
     80.0000     -8.2729       0.4206E-019
     80.0000     -8.1681       0.3209E-019
     80.0000     -8.0634       0.4669E-019
     80.0000     -7.9587       0.4867E-019
     80.0000     -7.8540       0.5352E-019
     80.0000     -7.7493       0.5291E-019
     80.0000     -7.6445       0.3084E-019
     80.0000     -7.5398       0.4263E-019
     80.0000     -7.4351       0.5041E-019
     80.0000     -7.3304       0.5567E-019
     80.0000     -7.2257       0.5799E-019
     80.0000     -7.1209       0.5325E-019
     80.0000     -7.0162       0.8538E-019
     80.0000     -6.9115       0.6927E-019
     80.0000     -6.8068       0.8562E-019
     80.0000     -6.7021       0.8167E-019
     80.0000     -6.5973       0.6069E-019
     80.0000     -6.4926       0.8878E-019
     80.0000     -6.3879       0.1148E-018
     80.0000     -6.2832       0.1175E-018
     80.0000     -6.1785       0.8737E-019
     80.0000     -6.0737       0.8796E-019
     80.0000     -5.9690       0.1318E-018
     80.0000     -5.8643       0.1042E-018
     80.0000     -5.7596       0.1565E-018
     80.0000     -5.6549       0.7611E-019
     80.0000     -5.5501       0.7181E-019
     80.0000     -5.4454       0.1206E-018
     80.0000     -5.3407       0.1491E-018
     80.0000     -5.2360       0.1299E-018
     80.0000     -5.1313       0.8486E-019
     80.0000     -5.0265       0.8577E-019
     80.0000     -4.9218       0.1079E-018
     80.0000     -4.8171       0.1071E-018
     80.0000     -4.7124       0.1326E-018
     80.0000     -4.6077       0.7823E-019
     80.0000     -4.5029       0.5755E-019
     80.0000     -4.3982       0.1388E-018
     80.0000     -4.2935       0.9932E-019
     80.0000     -4.1888       0.8555E-019
     80.0000     -4.0841       0.1238E-018
     80.0000     -3.9794       0.9865E-019
     80.0000     -3.8746       0.1041E-018
     80.0000     -3.7699       0.7369E-019
     80.0000     -3.6652       0.1019E-014
     80.0000     -3.5605       0.1567E-018
     80.0000     -3.4558       0.9100E-019
     80.0000     -3.3510       0.1342E-018
     80.0000     -3.2463       0.1606E-018
     80.0000     -3.1416       0.7083E-017
     80.0000     -3.0369       0.1602E-018
     80.0000     -2.9322       0.2852E-018
     80.0000     -2.8274       0.2864E-018
     80.0000     -2.7227       0.6677E-018
     80.0000     -2.6180       0.5336E-008
     80.0000     -2.5133       0.6420E-018
     80.0000     -2.4086       0.7286E-018
     80.0000     -2.3038       0.6060E-018
     80.0000     -2.1991       0.1213E-017
     80.0000     -2.0944       0.2608E-010
     80.0000     -1.9897       0.6156E-017
     80.0000     -1.8850       0.1451E-017
     80.0000     -1.7802       0.1794E-016
     80.0000     -1.6755       0.3073E-016
     80.0000     -1.5708       0.3036E-001
     80.0000     -1.4661       0.5914E-016
     80.0000     -1.3614       0.6825E-016
     80.0000     -1.2566       0.2147E-016
     80.0000     -1.1519       0.2038E-015
     80.0000     -1.0472       0.3817E-005
     80.0000     -0.9425       0.1402E-014
     80.0000     -0.8378       0.1081E-015
     80.0000     -0.7330       0.4679E-014
     80.0000     -0.6283       0.1365E-011
     80.0000     -0.5236       0.2237E+006
     80.0000     -0.4189       0.1323E-011
     80.0000     -0.3142       0.4770E-014
     80.0000     -0.2094       0.1261E-015
     80.0000     -0.1047       0.1587E-014
