    109.0000      0.0000       0.2800E-003
    109.0000      0.1047       0.1224E-015
    109.0000      0.2094       0.1736E-015
    109.0000      0.3142       0.1828E-015
    109.0000      0.4189       0.6469E-014
    109.0000      0.5236       0.1070E+005
    109.0000      0.6283       0.6340E-014
    109.0000      0.7330       0.1693E-015
    109.0000      0.8378       0.1700E-015
    109.0000      0.9425       0.1139E-015
    109.0000      1.0472       0.1768E-007
    109.0000      1.1519       0.9952E-017
    109.0000      1.2566       0.4208E-017
    109.0000      1.3614       0.1342E-016
    109.0000      1.4661       0.3378E-017
    109.0000      1.5708       0.4539E-003
    109.0000      1.6755       0.3625E-017
    109.0000      1.7802       0.1464E-017
    109.0000      1.8850       0.8369E-018
    109.0000      1.9897       0.9080E-018
    109.0000      2.0944       0.4613E-012
    109.0000      2.1991       0.8881E-019
    109.0000      2.3038       0.5301E-019
    109.0000      2.4086       0.5620E-019
    109.0000      2.5133       0.9722E-019
    109.0000      2.6180       0.2945E-010
    109.0000      2.7227       0.8354E-019
    109.0000      2.8274       0.5451E-019
    109.0000      2.9322       0.3211E-019
    109.0000      3.0369       0.2495E-019
    109.0000      3.1416       0.4351E-019
    109.0000      3.2463       0.1826E-019
    109.0000      3.3510       0.1128E-019
    109.0000      3.4558       0.1470E-019
    109.0000      3.5605       0.8667E-020
    109.0000      3.6652       0.2053E-017
    109.0000      3.7699       0.1065E-019
    109.0000      3.8746       0.3306E-019
    109.0000      3.9794       0.1343E-019
    109.0000      4.0841       0.2486E-019
    109.0000      4.1888       0.1529E-019
    109.0000      4.2935       0.1501E-019
    109.0000      4.3982       0.1728E-019
    109.0000      4.5029       0.1375E-019
    109.0000      4.6077       0.1252E-019
    109.0000      4.7124       0.1878E-019
    109.0000      4.8171       0.1221E-019
    109.0000      4.9218       0.2392E-019
    109.0000      5.0265       0.1563E-019
    109.0000      5.1313       0.1590E-019
    109.0000      5.2360       0.1718E-019
    109.0000      5.3407       0.1503E-019
    109.0000      5.4454       0.2258E-019
    109.0000      5.5501       0.1884E-019
    109.0000      5.6549       0.1618E-019
    109.0000      5.7596       0.1965E-019
    109.0000      5.8643       0.1903E-019
    109.0000      5.9690       0.2946E-019
    109.0000      6.0737       0.3010E-019
    109.0000      6.1785       0.7489E-019
    109.0000      6.2832       0.2819E-019
    109.0000      6.3879       0.2058E-019
    109.0000      6.4926       0.2358E-019
    109.0000      6.5973       0.3157E-019
    109.0000     -6.7021       0.2424E-019
    109.0000     -6.5973       0.3253E-019
    109.0000     -6.4926       0.2410E-019
    109.0000     -6.3879       0.3139E-019
    109.0000     -6.2832       0.2636E-019
    109.0000     -6.1785       0.7252E-019
    109.0000     -6.0737       0.3060E-019
    109.0000     -5.9690       0.3950E-019
    109.0000     -5.8643       0.1967E-019
    109.0000     -5.7596       0.1999E-019
    109.0000     -5.6549       0.1591E-019
    109.0000     -5.5501       0.2019E-019
    109.0000     -5.4454       0.2264E-019
    109.0000     -5.3407       0.1475E-019
    109.0000     -5.2360       0.1926E-019
    109.0000     -5.1313       0.1707E-019
    109.0000     -5.0265       0.1548E-019
    109.0000     -4.9218       0.2317E-019
    109.0000     -4.8171       0.1229E-019
    109.0000     -4.7124       0.1838E-019
    109.0000     -4.6077       0.1243E-019
    109.0000     -4.5029       0.1424E-019
    109.0000     -4.3982       0.1724E-019
    109.0000     -4.2935       0.1472E-019
    109.0000     -4.1888       0.1377E-019
    109.0000     -4.0841       0.2595E-019
    109.0000     -3.9794       0.1367E-019
    109.0000     -3.8746       0.3192E-019
    109.0000     -3.7699       0.1039E-019
    109.0000     -3.6652       0.2045E-017
    109.0000     -3.5605       0.8584E-020
    109.0000     -3.4558       0.1548E-019
    109.0000     -3.3510       0.1122E-019
    109.0000     -3.2463       0.1801E-019
    109.0000     -3.1416       0.4507E-019
    109.0000     -3.0369       0.2586E-019
    109.0000     -2.9322       0.3170E-019
    109.0000     -2.8274       0.5297E-019
    109.0000     -2.7227       0.8388E-019
    109.0000     -2.6180       0.2962E-010
    109.0000     -2.5133       0.9771E-019
    109.0000     -2.4086       0.5531E-019
    109.0000     -2.3038       0.5265E-019
    109.0000     -2.1991       0.8668E-019
    109.0000     -2.0944       0.4613E-012
    109.0000     -1.9897       0.9131E-018
    109.0000     -1.8850       0.8289E-018
    109.0000     -1.7802       0.1471E-017
    109.0000     -1.6755       0.3619E-017
    109.0000     -1.5708       0.4539E-003
    109.0000     -1.4661       0.3361E-017
    109.0000     -1.3614       0.1334E-016
    109.0000     -1.2566       0.4182E-017
    109.0000     -1.1519       0.9925E-017
    109.0000     -1.0472       0.1768E-007
    109.0000     -0.9425       0.1135E-015
    109.0000     -0.8378       0.1700E-015
    109.0000     -0.7330       0.1692E-015
    109.0000     -0.6283       0.6339E-014
    109.0000     -0.5236       0.1070E+005
    109.0000     -0.4189       0.6469E-014
    109.0000     -0.3142       0.1829E-015
    109.0000     -0.2094       0.1736E-015
    109.0000     -0.1047       0.1226E-015
