     83.0000      0.0000       0.8383E-001
     83.0000      0.1047       0.1597E-014
     83.0000      0.2094       0.1269E-015
     83.0000      0.3142       0.4792E-014
     83.0000      0.4189       0.1341E-011
     83.0000      0.5236       0.2237E+006
     83.0000      0.6283       0.1368E-011
     83.0000      0.7330       0.4761E-014
     83.0000      0.8378       0.1072E-015
     83.0000      0.9425       0.1405E-014
     83.0000      1.0472       0.3796E-005
     83.0000      1.1519       0.2037E-015
     83.0000      1.2566       0.2153E-016
     83.0000      1.3614       0.6643E-016
     83.0000      1.4661       0.5834E-016
     83.0000      1.5708       0.2649E-001
     83.0000      1.6755       0.3040E-016
     83.0000      1.7802       0.1808E-016
     83.0000      1.8850       0.1471E-017
     83.0000      1.9897       0.6127E-017
     83.0000      2.0944       0.2751E-010
     83.0000      2.1991       0.1197E-017
     83.0000      2.3038       0.6074E-018
     83.0000      2.4086       0.7244E-018
     83.0000      2.5133       0.6563E-018
     83.0000      2.6180       0.4038E-008
     83.0000      2.7227       0.6657E-018
     83.0000      2.8274       0.3002E-018
     83.0000      2.9322       0.2918E-018
     83.0000      3.0369       0.1503E-018
     83.0000      3.1416       0.8037E-017
     83.0000      3.2463       0.1583E-018
     83.0000      3.3510       0.1346E-018
     83.0000      3.4558       0.9280E-019
     83.0000      3.5605       0.1542E-018
     83.0000      3.6652       0.6653E-015
     83.0000      3.7699       0.7474E-019
     83.0000      3.8746       0.1003E-018
     83.0000      3.9794       0.1018E-018
     83.0000      4.0841       0.1255E-018
     83.0000      4.1888       0.8818E-019
     83.0000      4.2935       0.9982E-019
     83.0000      4.3982       0.1411E-018
     83.0000      4.5029       0.5568E-019
     83.0000      4.6077       0.7743E-019
     83.0000      4.7124       0.1323E-018
     83.0000      4.8171       0.1061E-018
     83.0000      4.9218       0.1066E-018
     83.0000      5.0265       0.8604E-019
     83.0000      5.1313       0.8469E-019
     83.0000      5.2360       0.1304E-018
     83.0000      5.3407       0.1506E-018
     83.0000      5.4454       0.1188E-018
     83.0000      5.5501       0.7452E-019
     83.0000      5.6549       0.7818E-019
     83.0000      5.7596       0.1595E-018
     83.0000      5.8643       0.1040E-018
     83.0000      5.9690       0.1305E-018
     83.0000      6.0737       0.8987E-019
     83.0000      6.1785       0.8528E-019
     83.0000      6.2832       0.1179E-018
     83.0000      6.3879       0.1139E-018
     83.0000      6.4926       0.8901E-019
     83.0000      6.5973       0.5935E-019
     83.0000      6.7021       0.8259E-019
     83.0000      6.8068       0.8879E-019
     83.0000      6.9115       0.6935E-019
     83.0000      7.0162       0.8806E-019
     83.0000      7.1209       0.5243E-019
     83.0000      7.2257       0.5828E-019
     83.0000      7.3304       0.5510E-019
     83.0000      7.4351       0.5257E-019
     83.0000      7.5398       0.4408E-019
     83.0000      7.6445       0.3008E-019
     83.0000      7.7493       0.5196E-019
     83.0000      7.8540       0.5322E-019
     83.0000      7.9587       0.4820E-019
     83.0000      8.0634       0.4689E-019
     83.0000      8.1681       0.3253E-019
     83.0000      8.2729       0.4249E-019
     83.0000      8.3776       0.3090E-019
     83.0000      8.4823       0.2407E-019
     83.0000      8.5870       0.2795E-019
     83.0000      8.6917       0.2202E-019
     83.0000      8.7965       0.2527E-019
     83.0000      8.9012       0.3849E-019
     83.0000      9.0059       0.3456E-019
     83.0000      9.1106       0.3286E-019
     83.0000      9.2153       0.2449E-019
     83.0000      9.3201       0.3375E-019
     83.0000      9.4248       0.2054E-019
     83.0000      9.5295       0.2529E-019
     83.0000      9.6342       0.2706E-019
     83.0000      9.7389       0.1619E-019
     83.0000      9.8437       0.1677E-019
     83.0000      9.9484       0.2612E-019
     83.0000     10.0531       0.1551E-019
     83.0000     10.1578       0.1561E-019
     83.0000     10.2625       0.1573E-019
     83.0000     10.3673       0.1475E-019
     83.0000     10.4720       0.1783E-019
     83.0000     10.5767       0.1526E-019
     83.0000     10.6814       0.1887E-019
     83.0000     10.7861       0.1329E-019
     83.0000     10.8909       0.1546E-019
     83.0000     10.9956       0.1934E-019
     83.0000     11.1003       0.1051E-019
     83.0000     11.2050       0.1844E-019
     83.0000     11.3097       0.1712E-019
     83.0000     11.4145       0.1397E-019
     83.0000     11.5192       0.1311E-019
     83.0000     11.6239       0.1233E-019
     83.0000     11.7286       0.1486E-019
     83.0000     11.8333       0.1594E-019
     83.0000     11.9381       0.1582E-019
     83.0000     12.0428       0.2049E-019
     83.0000     12.1475       0.3884E-019
     83.0000     12.2522       0.2116E-019
     83.0000     12.3569       0.3340E-019
     83.0000     12.4617       0.2308E-019
     83.0000     12.5664       0.1821E-019
     83.0000     12.6711       0.2577E-019
     83.0000     12.7758       0.2951E-019
     83.0000     12.8805       0.4515E-019
     83.0000     12.9852       0.2908E-019
     83.0000     13.0900       0.3094E-019
     83.0000     13.1947       0.3998E-019
     83.0000     13.2994       0.4332E-019
     83.0000    -13.4041       0.3113E-019
     83.0000    -13.2994       0.4373E-019
     83.0000    -13.1947       0.3885E-019
     83.0000    -13.0900       0.3113E-019
     83.0000    -12.9852       0.2967E-019
     83.0000    -12.8805       0.4646E-019
     83.0000    -12.7758       0.2905E-019
     83.0000    -12.6711       0.2577E-019
     83.0000    -12.5664       0.1814E-019
     83.0000    -12.4617       0.2431E-019
     83.0000    -12.3569       0.3308E-019
     83.0000    -12.2522       0.2123E-019
     83.0000    -12.1475       0.3957E-019
     83.0000    -12.0428       0.2071E-019
     83.0000    -11.9381       0.1621E-019
     83.0000    -11.8333       0.1614E-019
     83.0000    -11.7286       0.1481E-019
     83.0000    -11.6239       0.1263E-019
     83.0000    -11.5192       0.1300E-019
     83.0000    -11.4145       0.1440E-019
     83.0000    -11.3097       0.1711E-019
     83.0000    -11.2050       0.1850E-019
     83.0000    -11.1003       0.1081E-019
     83.0000    -10.9956       0.1897E-019
     83.0000    -10.8909       0.1552E-019
     83.0000    -10.7861       0.1337E-019
     83.0000    -10.6814       0.1931E-019
     83.0000    -10.5767       0.1481E-019
     83.0000    -10.4720       0.1779E-019
     83.0000    -10.3673       0.1461E-019
     83.0000    -10.2625       0.1633E-019
     83.0000    -10.1578       0.1585E-019
     83.0000    -10.0531       0.1434E-019
     83.0000     -9.9484       0.2524E-019
     83.0000     -9.8437       0.1593E-019
     83.0000     -9.7389       0.1581E-019
     83.0000     -9.6342       0.2725E-019
     83.0000     -9.5295       0.2505E-019
     83.0000     -9.4248       0.2079E-019
     83.0000     -9.3201       0.3345E-019
     83.0000     -9.2153       0.2511E-019
     83.0000     -9.1106       0.3303E-019
     83.0000     -9.0059       0.3374E-019
     83.0000     -8.9012       0.3725E-019
     83.0000     -8.7965       0.2424E-019
     83.0000     -8.6917       0.2291E-019
     83.0000     -8.5870       0.2772E-019
     83.0000     -8.4823       0.2416E-019
     83.0000     -8.3776       0.2972E-019
     83.0000     -8.2729       0.4212E-019
     83.0000     -8.1681       0.3241E-019
     83.0000     -8.0634       0.4623E-019
     83.0000     -7.9587       0.4894E-019
     83.0000     -7.8540       0.5415E-019
     83.0000     -7.7493       0.5245E-019
     83.0000     -7.6445       0.3058E-019
     83.0000     -7.5398       0.4296E-019
     83.0000     -7.4351       0.5076E-019
     83.0000     -7.3304       0.5589E-019
     83.0000     -7.2257       0.5860E-019
     83.0000     -7.1209       0.5316E-019
     83.0000     -7.0162       0.8569E-019
     83.0000     -6.9115       0.6961E-019
     83.0000     -6.8068       0.8632E-019
     83.0000     -6.7021       0.8138E-019
     83.0000     -6.5973       0.6105E-019
     83.0000     -6.4926       0.8940E-019
     83.0000     -6.3879       0.1154E-018
     83.0000     -6.2832       0.1179E-018
     83.0000     -6.1785       0.8721E-019
     83.0000     -6.0737       0.8798E-019
     83.0000     -5.9690       0.1299E-018
     83.0000     -5.8643       0.1044E-018
     83.0000     -5.7596       0.1573E-018
     83.0000     -5.6549       0.7607E-019
     83.0000     -5.5501       0.7265E-019
     83.0000     -5.4454       0.1205E-018
     83.0000     -5.3407       0.1501E-018
     83.0000     -5.2360       0.1294E-018
     83.0000     -5.1313       0.8460E-019
     83.0000     -5.0265       0.8572E-019
     83.0000     -4.9218       0.1079E-018
     83.0000     -4.8171       0.1072E-018
     83.0000     -4.7124       0.1338E-018
     83.0000     -4.6077       0.7827E-019
     83.0000     -4.5029       0.5769E-019
     83.0000     -4.3982       0.1398E-018
     83.0000     -4.2935       0.9902E-019
     83.0000     -4.1888       0.8535E-019
     83.0000     -4.0841       0.1246E-018
     83.0000     -3.9794       0.9856E-019
     83.0000     -3.8746       0.1005E-018
     83.0000     -3.7699       0.7453E-019
     83.0000     -3.6652       0.6650E-015
     83.0000     -3.5605       0.1562E-018
     83.0000     -3.4558       0.9131E-019
     83.0000     -3.3510       0.1344E-018
     83.0000     -3.2463       0.1599E-018
     83.0000     -3.1416       0.8068E-017
     83.0000     -3.0369       0.1570E-018
     83.0000     -2.9322       0.2858E-018
     83.0000     -2.8274       0.2934E-018
     83.0000     -2.7227       0.6678E-018
     83.0000     -2.6180       0.4045E-008
     83.0000     -2.5133       0.6412E-018
     83.0000     -2.4086       0.7253E-018
     83.0000     -2.3038       0.6055E-018
     83.0000     -2.1991       0.1216E-017
     83.0000     -2.0944       0.2751E-010
     83.0000     -1.9897       0.6166E-017
     83.0000     -1.8850       0.1457E-017
     83.0000     -1.7802       0.1794E-016
     83.0000     -1.6755       0.3041E-016
     83.0000     -1.5708       0.2649E-001
     83.0000     -1.4661       0.5835E-016
     83.0000     -1.3614       0.6828E-016
     83.0000     -1.2566       0.2151E-016
     83.0000     -1.1519       0.2034E-015
     83.0000     -1.0472       0.3796E-005
     83.0000     -0.9425       0.1402E-014
     83.0000     -0.8378       0.1072E-015
     83.0000     -0.7330       0.4757E-014
     83.0000     -0.6283       0.1368E-011
     83.0000     -0.5236       0.2237E+006
     83.0000     -0.4189       0.1341E-011
     83.0000     -0.3142       0.4786E-014
     83.0000     -0.2094       0.1269E-015
     83.0000     -0.1047       0.1595E-014
