    157.0000      0.0000       0.7728E+005
    157.0000      0.1047        1082.     
    157.0000      0.2094        9648.     
    157.0000      0.3142       0.1257E+005
    157.0000      0.4189        1466.     
    157.0000      0.5236       0.1522E+006
    157.0000      0.6283        675.8     
    157.0000      0.7330        2576.     
    157.0000      0.8378        1600.     
    157.0000      0.9425        444.5     
    157.0000      1.0472        1932.     
    157.0000      1.1519        205.2     
    157.0000      1.2566        291.5     
    157.0000      1.3614        153.2     
    157.0000      1.4661        45.12     
    157.0000      1.5708        286.7     
    157.0000      1.6755        30.34     
    157.0000      1.7802        28.61     
    157.0000      1.8850        15.44     
    157.0000      1.9897        7.207     
    157.0000      2.0944        49.80     
    157.0000      2.1991        3.102     
    157.0000      2.3038        3.667     
    157.0000      2.4086        2.620     
    157.0000      2.5133       0.4088     
    157.0000      2.6180        1.957     
    157.0000      2.7227       0.1902     
    157.0000      2.8274       0.2298     
    157.0000      2.9322       0.2874     
    157.0000      3.0369       0.4143E-001
    157.0000      3.1416       0.3264     
    157.0000      3.2463       0.2302E-001
    157.0000      3.3510       0.2579E-001
    157.0000      3.4558       0.2064E-001
    157.0000      3.5605       0.5514E-002
    157.0000      3.6652       0.8640E-001
    157.0000      3.7699       0.3922E-002
    157.0000      3.8746       0.6832E-002
    157.0000      3.9794       0.5979E-002
    157.0000      4.0841       0.1533E-002
    157.0000      4.1888       0.3134E-001
    157.0000      4.2935       0.1027E-002
    157.0000      4.3982       0.2283E-002
    157.0000      4.5029       0.2756E-002
    157.0000      4.6077       0.4943E-003
    157.0000      4.7124       0.1207E-001
    157.0000      4.8171       0.4100E-003
    157.0000      4.9218       0.1010E-002
    157.0000      5.0265       0.8025E-003
    157.0000      5.1313       0.1721E-003
    157.0000      5.2360       0.3412E-002
    157.0000      5.3407       0.1150E-003
    157.0000      5.4454       0.3502E-003
    157.0000      5.5501       0.2478E-003
    157.0000      5.6549       0.5987E-004
    157.0000      5.7596       0.1043E-002
    157.0000      5.8643       0.3554E-004
    157.0000      5.9690       0.9419E-004
    157.0000      6.0737       0.6432E-004
    157.0000      6.1785       0.2005E-004
    157.0000      6.2832       0.2115E-003
    157.0000      6.3879       0.1013E-004
    157.0000      6.4926       0.1819E-004
    157.0000      6.5973       0.1610E-004
    157.0000      6.7021       0.3886E-005
    157.0000      6.8068       0.5188E-004
    157.0000      6.9115       0.2382E-005
    157.0000      7.0162       0.3402E-005
    157.0000      7.1209       0.2434E-005
    157.0000      7.2257       0.6055E-006
    157.0000      7.3304       0.7350E-005
    157.0000      7.4351       0.3523E-006
    157.0000      7.5398       0.6530E-006
    157.0000      7.6445       0.4121E-006
    157.0000      7.7493       0.1750E-006
    157.0000      7.8540       0.1203E-005
    157.0000      7.9587       0.5562E-007
    157.0000      8.0634       0.8743E-007
    157.0000      8.1681       0.5110E-007
    157.0000      8.2729       0.2038E-007
    157.0000      8.3776       0.2949E-006
    157.0000      8.4823       0.4762E-008
    157.0000      8.5870       0.1156E-007
    157.0000      8.6917       0.7774E-008
    157.0000      8.7965       0.2923E-008
    157.0000      8.9012       0.3284E-007
    157.0000      9.0059       0.1317E-008
    157.0000      9.1106       0.1411E-008
    157.0000      9.2153       0.1006E-008
    157.0000      9.3201       0.2540E-009
    157.0000      9.4248       0.3839E-008
    157.0000      9.5295       0.1209E-009
    157.0000      9.6342       0.2018E-009
    157.0000      9.7389       0.1672E-009
    157.0000      9.8437       0.3461E-010
    157.0000      9.9484       0.6063E-009
    157.0000     10.0531       0.2431E-010
    157.0000     10.1578       0.4638E-010
    157.0000     10.2625       0.4828E-010
    157.0000     10.3673       0.1144E-010
    157.0000     10.4720       0.2063E-009
    157.0000     10.5767       0.6075E-011
    157.0000     10.6814       0.1367E-010
    157.0000     10.7861       0.1108E-010
    157.0000     10.8909       0.3464E-011
    157.0000     10.9956       0.4296E-010
    157.0000     11.1003       0.1592E-011
    157.0000     11.2050       0.4775E-011
    157.0000     11.3097       0.3841E-011
    157.0000     11.4145       0.7523E-012
    157.0000     11.5192       0.1139E-010
    157.0000     11.6239       0.4580E-012
    157.0000     11.7286       0.1055E-011
    157.0000     11.8333       0.8455E-012
    157.0000     11.9381       0.1492E-012
    157.0000     12.0428       0.3672E-011
    157.0000     12.1475       0.1367E-012
    157.0000     12.2522       0.2340E-012
    157.0000     12.3569       0.1968E-012
    157.0000     12.4617       0.5770E-013
    157.0000     12.5664       0.6262E-012
    157.0000     12.6711       0.5834E-013
    157.0000     12.7758       0.4793E-013
    157.0000     12.8805       0.6961E-013
    157.0000     12.9852       0.2780E-013
    157.0000     13.0900       0.1322E-012
    157.0000     13.1947       0.6938E-013
    157.0000     13.2994       0.2780E-013
    157.0000    -13.4041       0.4809E-013
    157.0000    -13.2994       0.2579E-013
    157.0000    -13.1947       0.6370E-013
    157.0000    -13.0900       0.7284E-013
    157.0000    -12.9852       0.2615E-013
    157.0000    -12.8805       0.6600E-013
    157.0000    -12.7758       0.5196E-013
    157.0000    -12.6711       0.4795E-013
    157.0000    -12.5664       0.5768E-012
    157.0000    -12.4617       0.5080E-013
    157.0000    -12.3569       0.2017E-012
    157.0000    -12.2522       0.1865E-012
    157.0000    -12.1475       0.1310E-012
    157.0000    -12.0428       0.2521E-011
    157.0000    -11.9381       0.1511E-012
    157.0000    -11.8333       0.7113E-012
    157.0000    -11.7286       0.8371E-012
    157.0000    -11.6239       0.5206E-012
    157.0000    -11.5192       0.8907E-011
    157.0000    -11.4145       0.6505E-012
    157.0000    -11.3097       0.2799E-011
    157.0000    -11.2050       0.4132E-011
    157.0000    -11.1003       0.1132E-011
    157.0000    -10.9956       0.4988E-010
    157.0000    -10.8909       0.2550E-011
    157.0000    -10.7861       0.1021E-010
    157.0000    -10.6814       0.1129E-010
    157.0000    -10.5767       0.5284E-011
    157.0000    -10.4720       0.1694E-009
    157.0000    -10.3673       0.8158E-011
    157.0000    -10.2625       0.4339E-010
    157.0000    -10.1578       0.4805E-010
    157.0000    -10.0531       0.1756E-010
    157.0000     -9.9484       0.7374E-009
    157.0000     -9.8437       0.2465E-010
    157.0000     -9.7389       0.1264E-009
    157.0000     -9.6342       0.1500E-009
    157.0000     -9.5295       0.7267E-010
    157.0000     -9.4248       0.2308E-008
    157.0000     -9.3201       0.2134E-009
    157.0000     -9.2153       0.7143E-009
    157.0000     -9.1106       0.1059E-008
    157.0000     -9.0059       0.1017E-008
    157.0000     -8.9012       0.1727E-007
    157.0000     -8.7965       0.2059E-008
    157.0000     -8.6917       0.6862E-008
    157.0000     -8.5870       0.1151E-007
    157.0000     -8.4823       0.7080E-008
    157.0000     -8.3776       0.1797E-006
    157.0000     -8.2729       0.2531E-007
    157.0000     -8.1681       0.5298E-007
    157.0000     -8.0634       0.9200E-007
    157.0000     -7.9587       0.5889E-007
    157.0000     -7.8540       0.1080E-005
    157.0000     -7.7493       0.1263E-006
    157.0000     -7.6445       0.4909E-006
    157.0000     -7.5398       0.5573E-006
    157.0000     -7.4351       0.3346E-006
    157.0000     -7.3304       0.8042E-005
    157.0000     -7.2257       0.6851E-006
    157.0000     -7.1209       0.2606E-005
    157.0000     -7.0162       0.3855E-005
    157.0000     -6.9115       0.2517E-005
    157.0000     -6.8068       0.6103E-004
    157.0000     -6.7021       0.3540E-005
    157.0000     -6.5973       0.1683E-004
    157.0000     -6.4926       0.1657E-004
    157.0000     -6.3879       0.1135E-004
    157.0000     -6.2832       0.2065E-003
    157.0000     -6.1785       0.1486E-004
    157.0000     -6.0737       0.6655E-004
    157.0000     -5.9690       0.8171E-004
    157.0000     -5.8643       0.2722E-004
    157.0000     -5.7596       0.1017E-002
    157.0000     -5.6549       0.5675E-004
    157.0000     -5.5501       0.1999E-003
    157.0000     -5.4454       0.3294E-003
    157.0000     -5.3407       0.9723E-004
    157.0000     -5.2360       0.3445E-002
    157.0000     -5.1313       0.1567E-003
    157.0000     -5.0265       0.7186E-003
    157.0000     -4.9218       0.9725E-003
    157.0000     -4.8171       0.3353E-003
    157.0000     -4.7124       0.1102E-001
    157.0000     -4.6077       0.4394E-003
    157.0000     -4.5029       0.2541E-002
    157.0000     -4.3982       0.2480E-002
    157.0000     -4.2935       0.1125E-002
    157.0000     -4.1888       0.2832E-001
    157.0000     -4.0841       0.1413E-002
    157.0000     -3.9794       0.6408E-002
    157.0000     -3.8746       0.7055E-002
    157.0000     -3.7699       0.3882E-002
    157.0000     -3.6652       0.7804E-001
    157.0000     -3.5605       0.6132E-002
    157.0000     -3.4558       0.1887E-001
    157.0000     -3.3510       0.2432E-001
    157.0000     -3.2463       0.2375E-001
    157.0000     -3.1416       0.3167     
    157.0000     -3.0369       0.4396E-001
    157.0000     -2.9322       0.3139     
    157.0000     -2.8274       0.2015     
    157.0000     -2.7227       0.1476     
    157.0000     -2.6180        2.029     
    157.0000     -2.5133       0.4466     
    157.0000     -2.4086        2.450     
    157.0000     -2.3038        3.250     
    157.0000     -2.1991        3.044     
    157.0000     -2.0944        50.65     
    157.0000     -1.9897        7.111     
    157.0000     -1.8850        14.87     
    157.0000     -1.7802        27.31     
    157.0000     -1.6755        30.95     
    157.0000     -1.5708        287.2     
    157.0000     -1.4661        41.60     
    157.0000     -1.3614        168.8     
    157.0000     -1.2566        299.9     
    157.0000     -1.1519        210.6     
    157.0000     -1.0472        1942.     
    157.0000     -0.9425        416.4     
    157.0000     -0.8378        1554.     
    157.0000     -0.7330        2481.     
    157.0000     -0.6283        683.7     
    157.0000     -0.5236       0.1530E+006
    157.0000     -0.4189        1416.     
    157.0000     -0.3142       0.1192E+005
    157.0000     -0.2094        9045.     
    157.0000     -0.1047        1171.     
