     44.0000      0.0000       0.2189E-005
     44.0000      0.1047       0.1219E-016
     44.0000      0.2094       0.1878E-016
     44.0000      0.3142       0.2033E-016
     44.0000      0.4189       0.1224E-016
     44.0000      0.5236        873.8     
     44.0000      0.6283       0.1216E-016
     44.0000      0.7330       0.1852E-016
     44.0000      0.8378       0.1860E-016
     44.0000      0.9425       0.1121E-016
     44.0000      1.0472       0.1239E-013
     44.0000      1.1519       0.1169E-017
     44.0000      1.2566       0.3826E-018
     44.0000      1.3614       0.1902E-017
     44.0000      1.4661       0.3696E-018
     44.0000      1.5708       0.4373E-004
     44.0000      1.6755       0.4109E-018
     44.0000      1.7802       0.1731E-018
     44.0000      1.8850       0.2076E-018
     44.0000      1.9897       0.1375E-018
     44.0000      2.0944       0.2491E-019
     44.0000      2.1991       0.4783E-019
     44.0000      2.3038       0.1000E-019
     44.0000      2.4086       0.4554E-019
     44.0000      2.5133       0.3311E-019
     44.0000      2.6180       0.2605E-011
     44.0000      2.7227       0.1868E-019
     44.0000      2.8274       0.1102E-019
     44.0000      2.9322       0.1755E-019
     44.0000      3.0369       0.3440E-018
     44.0000      3.1416       0.1819E-019
     44.0000      3.2463       0.1627E-019
     44.0000     -3.3510       0.1467E-019
     44.0000     -3.2463       0.1613E-019
     44.0000     -3.1416       0.1555E-019
     44.0000     -3.0369       0.3398E-018
     44.0000     -2.9322       0.1868E-019
     44.0000     -2.8274       0.1173E-019
     44.0000     -2.7227       0.1950E-019
     44.0000     -2.6180       0.2605E-011
     44.0000     -2.5133       0.3305E-019
     44.0000     -2.4086       0.4264E-019
     44.0000     -2.3038       0.8619E-020
     44.0000     -2.1991       0.4269E-019
     44.0000     -2.0944       0.2645E-019
     44.0000     -1.9897       0.1407E-018
     44.0000     -1.8850       0.2049E-018
     44.0000     -1.7802       0.1731E-018
     44.0000     -1.6755       0.4102E-018
     44.0000     -1.5708       0.4373E-004
     44.0000     -1.4661       0.3694E-018
     44.0000     -1.3614       0.1914E-017
     44.0000     -1.2566       0.3831E-018
     44.0000     -1.1519       0.1173E-017
     44.0000     -1.0472       0.1239E-013
     44.0000     -0.9425       0.1114E-016
     44.0000     -0.8378       0.1860E-016
     44.0000     -0.7330       0.1852E-016
     44.0000     -0.6283       0.1216E-016
     44.0000     -0.5236        873.8     
     44.0000     -0.4189       0.1224E-016
     44.0000     -0.3142       0.2020E-016
     44.0000     -0.2094       0.1878E-016
     44.0000     -0.1047       0.1212E-016
