     70.0000      0.0000       0.3793E+005
     70.0000      0.1047       0.1415E-005
     70.0000      0.2094       0.2481E-006
     70.0000      0.3142       0.2067E-006
     70.0000      0.4189       0.2272E-005
     70.0000      0.5236       0.2018E+006
     70.0000      0.6283       0.1808E-005
     70.0000      0.7330       0.2472E-007
     70.0000      0.8378       0.1226E-007
     70.0000      0.9425       0.2722E-006
     70.0000      1.0472        2858.     
     70.0000      1.1519       0.5157E-007
     70.0000      1.2566       0.9397E-008
     70.0000      1.3614       0.8541E-008
     70.0000      1.4661       0.3365E-007
     70.0000      1.5708        51.24     
     70.0000      1.6755       0.1411E-007
     70.0000      1.7802       0.2405E-008
     70.0000      1.8850       0.1322E-008
     70.0000      1.9897       0.1700E-008
     70.0000      2.0944        7.220     
     70.0000      2.1991       0.2455E-008
     70.0000      2.3038       0.8355E-010
     70.0000      2.4086       0.3345E-010
     70.0000      2.5133       0.5626E-009
     70.0000      2.6180       0.5734     
     70.0000      2.7227       0.8632E-010
     70.0000      2.8274       0.1718E-010
     70.0000      2.9322       0.1458E-010
     70.0000      3.0369       0.6702E-010
     70.0000      3.1416       0.3461E-001
     70.0000      3.2463       0.2070E-010
     70.0000      3.3510       0.3639E-011
     70.0000      3.4558       0.2055E-011
     70.0000      3.5605       0.3394E-011
     70.0000      3.6652       0.6454E-002
     70.0000      3.7699       0.3392E-011
     70.0000      3.8746       0.1704E-012
     70.0000      3.9794       0.8936E-013
     70.0000      4.0841       0.7058E-012
     70.0000      4.1888       0.5203E-003
     70.0000      4.2935       0.1628E-012
     70.0000      4.3982       0.2306E-013
     70.0000      4.5029       0.1756E-013
     70.0000      4.6077       0.8150E-013
     70.0000      4.7124       0.5378E-004
     70.0000      4.8171       0.2581E-013
     70.0000      4.9218       0.4118E-014
     70.0000      5.0265       0.2418E-014
     70.0000      5.1313       0.5161E-014
     70.0000      5.2360       0.4243E-005
     70.0000      5.3407       0.3797E-014
     70.0000      5.4454       0.2493E-015
     70.0000      5.5501       0.1554E-015
     70.0000      5.6549       0.8214E-015
     70.0000      5.7596       0.8419E-006
     70.0000      5.8643       0.2579E-015
     70.0000      5.9690       0.3864E-016
     70.0000      6.0737       0.4096E-016
     70.0000      6.1785       0.9393E-016
     70.0000      6.2832       0.3509E-007
     70.0000      6.3879       0.7905E-016
     70.0000      6.4926       0.8430E-017
     70.0000      6.5973       0.1422E-016
     70.0000      6.7021       0.2701E-016
     70.0000      6.8068       0.2695E-008
     70.0000      6.9115       0.1186E-016
     70.0000      7.0162       0.1621E-016
     70.0000      7.1209       0.5228E-017
     70.0000      7.2257       0.7927E-017
     70.0000      7.3304       0.1852E-009
     70.0000      7.4351       0.6897E-017
     70.0000      7.5398       0.9708E-017
     70.0000      7.6445       0.1267E-016
     70.0000      7.7493       0.1007E-016
     70.0000      7.8540       0.1722E-010
     70.0000      7.9587       0.2320E-016
     70.0000      8.0634       0.1421E-016
     70.0000      8.1681       0.4933E-016
     70.0000      8.2729       0.4421E-016
     70.0000      8.3776       0.2787E-011
     70.0000      8.4823       0.6376E-016
     70.0000      8.5870       0.4395E-016
     70.0000      8.6917       0.1522E-016
     70.0000      8.7965       0.2480E-016
     70.0000      8.9012       0.1491E-012
     70.0000      9.0059       0.3081E-016
     70.0000      9.1106       0.2708E-016
     70.0000      9.2153       0.8556E-016
     70.0000      9.3201       0.7719E-016
     70.0000      9.4248       0.2154E-013
     70.0000      9.5295       0.8056E-016
     70.0000      9.6342       0.7007E-016
     70.0000      9.7389       0.1625E-016
     70.0000      9.8437       0.5626E-016
     70.0000      9.9484       0.1490E-013
     70.0000     10.0531       0.1170E-016
     70.0000     10.1578       0.3162E-016
     70.0000     10.2625       0.4797E-016
     70.0000     10.3673       0.3293E-016
     70.0000     10.4720       0.6364E-015
     70.0000     10.5767       0.2339E-016
     70.0000     10.6814       0.5916E-016
     70.0000     10.7861       0.3520E-016
     70.0000     10.8909       0.7890E-016
     70.0000     10.9956       0.2668E-016
     70.0000     11.1003       0.2293E-016
     70.0000     11.2050       0.3812E-016
     70.0000     11.3097       0.3273E-016
     70.0000     11.4145       0.2956E-016
     70.0000     11.5192       0.4041E-016
     70.0000     11.6239       0.5941E-016
     70.0000     11.7286       0.7494E-016
     70.0000     11.8333       0.7482E-016
     70.0000     11.9381       0.6939E-016
     70.0000     12.0428       0.5644E-016
     70.0000     12.1475       0.6644E-016
     70.0000     12.2522       0.6379E-016
     70.0000     12.3569       0.9902E-016
     70.0000     12.4617       0.7968E-016
     70.0000     12.5664       0.1231E-015
     70.0000     12.6711       0.1571E-015
     70.0000     12.7758       0.2143E-015
     70.0000     12.8805       0.4989E-015
     70.0000     12.9852       0.2291E-015
     70.0000     13.0900       0.2606E-015
     70.0000     13.1947       0.1627E-015
     70.0000     13.2994       0.1709E-015
     70.0000    -13.4041       0.3570E-015
     70.0000    -13.2994       0.1613E-015
     70.0000    -13.1947       0.1549E-015
     70.0000    -13.0900       0.2607E-015
     70.0000    -12.9852       0.2393E-015
     70.0000    -12.8805       0.5035E-015
     70.0000    -12.7758       0.2248E-015
     70.0000    -12.6711       0.1565E-015
     70.0000    -12.5664       0.1234E-015
     70.0000    -12.4617       0.8127E-016
     70.0000    -12.3569       0.9883E-016
     70.0000    -12.2522       0.6855E-016
     70.0000    -12.1475       0.6981E-016
     70.0000    -12.0428       0.5731E-016
     70.0000    -11.9381       0.6948E-016
     70.0000    -11.8333       0.7517E-016
     70.0000    -11.7286       0.7585E-016
     70.0000    -11.6239       0.6001E-016
     70.0000    -11.5192       0.4298E-016
     70.0000    -11.4145       0.3054E-016
     70.0000    -11.3097       0.3366E-016
     70.0000    -11.2050       0.3932E-016
     70.0000    -11.1003       0.2373E-016
     70.0000    -10.9956       0.3139E-016
     70.0000    -10.8909       0.7892E-016
     70.0000    -10.7861       0.3526E-016
     70.0000    -10.6814       0.5903E-016
     70.0000    -10.5767       0.2362E-016
     70.0000    -10.4720       0.1019E-014
     70.0000    -10.3673       0.3279E-016
     70.0000    -10.2625       0.4840E-016
     70.0000    -10.1578       0.3158E-016
     70.0000    -10.0531       0.1172E-016
     70.0000     -9.9484       0.2181E-013
     70.0000     -9.8437       0.5643E-016
     70.0000     -9.7389       0.1631E-016
     70.0000     -9.6342       0.7005E-016
     70.0000     -9.5295       0.8040E-016
     70.0000     -9.4248       0.4021E-013
     70.0000     -9.3201       0.7725E-016
     70.0000     -9.2153       0.8567E-016
     70.0000     -9.1106       0.2711E-016
     70.0000     -9.0059       0.3081E-016
     70.0000     -8.9012       0.1942E-012
     70.0000     -8.7965       0.2486E-016
     70.0000     -8.6917       0.1520E-016
     70.0000     -8.5870       0.4399E-016
     70.0000     -8.4823       0.6374E-016
     70.0000     -8.3776       0.3319E-011
     70.0000     -8.2729       0.4421E-016
     70.0000     -8.1681       0.4935E-016
     70.0000     -8.0634       0.1425E-016
     70.0000     -7.9587       0.2323E-016
     70.0000     -7.8540       0.2153E-010
     70.0000     -7.7493       0.1005E-016
     70.0000     -7.6445       0.1267E-016
     70.0000     -7.5398       0.9718E-017
     70.0000     -7.4351       0.6931E-017
     70.0000     -7.3304       0.2283E-009
     70.0000     -7.2257       0.7900E-017
     70.0000     -7.1209       0.5223E-017
     70.0000     -7.0162       0.1620E-016
     70.0000     -6.9115       0.1204E-016
     70.0000     -6.8068       0.3221E-008
     70.0000     -6.7021       0.2689E-016
     70.0000     -6.5973       0.1421E-016
     70.0000     -6.4926       0.8425E-017
     70.0000     -6.3879       0.7959E-016
     70.0000     -6.2832       0.5646E-007
     70.0000     -6.1785       0.9838E-016
     70.0000     -6.0737       0.4119E-016
     70.0000     -5.9690       0.3855E-016
     70.0000     -5.8643       0.2607E-015
     70.0000     -5.7596       0.9731E-006
     70.0000     -5.6549       0.8388E-015
     70.0000     -5.5501       0.1590E-015
     70.0000     -5.4454       0.2517E-015
     70.0000     -5.3407       0.3850E-014
     70.0000     -5.2360       0.4834E-005
     70.0000     -5.1313       0.5122E-014
     70.0000     -5.0265       0.2430E-014
     70.0000     -4.9218       0.4092E-014
     70.0000     -4.8171       0.2642E-013
     70.0000     -4.7124       0.6083E-004
     70.0000     -4.6077       0.8213E-013
     70.0000     -4.5029       0.1779E-013
     70.0000     -4.3982       0.2278E-013
     70.0000     -4.2935       0.1617E-012
     70.0000     -4.1888       0.5507E-003
     70.0000     -4.0841       0.7097E-012
     70.0000     -3.9794       0.8696E-013
     70.0000     -3.8746       0.1675E-012
     70.0000     -3.7699       0.3363E-011
     70.0000     -3.6652       0.6682E-002
     70.0000     -3.5605       0.3348E-011
     70.0000     -3.4558       0.2036E-011
     70.0000     -3.3510       0.3606E-011
     70.0000     -3.2463       0.2053E-010
     70.0000     -3.1416       0.3431E-001
     70.0000     -3.0369       0.6691E-010
     70.0000     -2.9322       0.1444E-010
     70.0000     -2.8274       0.1708E-010
     70.0000     -2.7227       0.8641E-010
     70.0000     -2.6180       0.5674     
     70.0000     -2.5133       0.5640E-009
     70.0000     -2.4086       0.3243E-010
     70.0000     -2.3038       0.8176E-010
     70.0000     -2.1991       0.2452E-008
     70.0000     -2.0944        7.235     
     70.0000     -1.9897       0.1698E-008
     70.0000     -1.8850       0.1313E-008
     70.0000     -1.7802       0.2391E-008
     70.0000     -1.6755       0.1410E-007
     70.0000     -1.5708        51.25     
     70.0000     -1.4661       0.3365E-007
     70.0000     -1.3614       0.8511E-008
     70.0000     -1.2566       0.9396E-008
     70.0000     -1.1519       0.5162E-007
     70.0000     -1.0472        2858.     
     70.0000     -0.9425       0.2722E-006
     70.0000     -0.8378       0.1241E-007
     70.0000     -0.7330       0.2437E-007
     70.0000     -0.6283       0.1808E-005
     70.0000     -0.5236       0.2018E+006
     70.0000     -0.4189       0.2272E-005
     70.0000     -0.3142       0.2078E-006
     70.0000     -0.2094       0.2497E-006
     70.0000     -0.1047       0.1416E-005
