    116.0000      0.0000       0.2800E-003
    116.0000      0.1047       0.1224E-015
    116.0000      0.2094       0.1736E-015
    116.0000      0.3142       0.1870E-015
    116.0000      0.4189       0.6538E-014
    116.0000      0.5236       0.1070E+005
    116.0000      0.6283       0.6570E-014
    116.0000      0.7330       0.1726E-015
    116.0000      0.8378       0.1702E-015
    116.0000      0.9425       0.1134E-015
    116.0000      1.0472       0.1948E-007
    116.0000      1.1519       0.9969E-017
    116.0000      1.2566       0.4189E-017
    116.0000      1.3614       0.1336E-016
    116.0000      1.4661       0.3360E-017
    116.0000      1.5708       0.6346E-003
    116.0000      1.6755       0.3557E-017
    116.0000      1.7802       0.1465E-017
    116.0000      1.8850       0.8454E-018
    116.0000      1.9897       0.9094E-018
    116.0000      2.0944       0.4998E-012
    116.0000      2.1991       0.8922E-019
    116.0000      2.3038       0.5309E-019
    116.0000      2.4086       0.5726E-019
    116.0000      2.5133       0.9708E-019
    116.0000      2.6180       0.4860E-010
    116.0000      2.7227       0.8374E-019
    116.0000      2.8274       0.5386E-019
    116.0000      2.9322       0.3211E-019
    116.0000      3.0369       0.2587E-019
    116.0000      3.1416       0.4860E-019
    116.0000      3.2463       0.1845E-019
    116.0000      3.3510       0.1124E-019
    116.0000      3.4558       0.1515E-019
    116.0000      3.5605       0.8658E-020
    116.0000      3.6652       0.3872E-017
    116.0000      3.7699       0.1068E-019
    116.0000      3.8746       0.3274E-019
    116.0000      3.9794       0.1344E-019
    116.0000      4.0841       0.2516E-019
    116.0000      4.1888       0.1538E-019
    116.0000      4.2935       0.1502E-019
    116.0000      4.3982       0.1733E-019
    116.0000      4.5029       0.1385E-019
    116.0000      4.6077       0.1250E-019
    116.0000      4.7124       0.1845E-019
    116.0000      4.8171       0.1221E-019
    116.0000      4.9218       0.2402E-019
    116.0000      5.0265       0.1563E-019
    116.0000      5.1313       0.1596E-019
    116.0000      5.2360       0.1721E-019
    116.0000      5.3407       0.1509E-019
    116.0000      5.4454       0.2260E-019
    116.0000      5.5501       0.1916E-019
    116.0000      5.6549       0.1622E-019
    116.0000      5.7596       0.2007E-019
    116.0000      5.8643       0.1902E-019
    116.0000      5.9690       0.2963E-019
    116.0000      6.0737       0.3011E-019
    116.0000      6.1785       0.7517E-019
    116.0000      6.2832       0.2826E-019
    116.0000      6.3879       0.2063E-019
    116.0000      6.4926       0.2359E-019
    116.0000      6.5973       0.3190E-019
    116.0000     -6.7021       0.2422E-019
    116.0000     -6.5973       0.3284E-019
    116.0000     -6.4926       0.2414E-019
    116.0000     -6.3879       0.3148E-019
    116.0000     -6.2832       0.2642E-019
    116.0000     -6.1785       0.7265E-019
    116.0000     -6.0737       0.3061E-019
    116.0000     -5.9690       0.3947E-019
    116.0000     -5.8643       0.1971E-019
    116.0000     -5.7596       0.2038E-019
    116.0000     -5.6549       0.1589E-019
    116.0000     -5.5501       0.2038E-019
    116.0000     -5.4454       0.2257E-019
    116.0000     -5.3407       0.1469E-019
    116.0000     -5.2360       0.1928E-019
    116.0000     -5.1313       0.1724E-019
    116.0000     -5.0265       0.1543E-019
    116.0000     -4.9218       0.2329E-019
    116.0000     -4.8171       0.1231E-019
    116.0000     -4.7124       0.1799E-019
    116.0000     -4.6077       0.1242E-019
    116.0000     -4.5029       0.1431E-019
    116.0000     -4.3982       0.1723E-019
    116.0000     -4.2935       0.1495E-019
    116.0000     -4.1888       0.1380E-019
    116.0000     -4.0841       0.2622E-019
    116.0000     -3.9794       0.1369E-019
    116.0000     -3.8746       0.3225E-019
    116.0000     -3.7699       0.1039E-019
    116.0000     -3.6652       0.3892E-017
    116.0000     -3.5605       0.8625E-020
    116.0000     -3.4558       0.1581E-019
    116.0000     -3.3510       0.1122E-019
    116.0000     -3.2463       0.1801E-019
    116.0000     -3.1416       0.4937E-019
    116.0000     -3.0369       0.2685E-019
    116.0000     -2.9322       0.3175E-019
    116.0000     -2.8274       0.5317E-019
    116.0000     -2.7227       0.8396E-019
    116.0000     -2.6180       0.4906E-010
    116.0000     -2.5133       0.9762E-019
    116.0000     -2.4086       0.5636E-019
    116.0000     -2.3038       0.5280E-019
    116.0000     -2.1991       0.8766E-019
    116.0000     -2.0944       0.4998E-012
    116.0000     -1.9897       0.9144E-018
    116.0000     -1.8850       0.8370E-018
    116.0000     -1.7802       0.1479E-017
    116.0000     -1.6755       0.3551E-017
    116.0000     -1.5708       0.6346E-003
    116.0000     -1.4661       0.3343E-017
    116.0000     -1.3614       0.1335E-016
    116.0000     -1.2566       0.4165E-017
    116.0000     -1.1519       0.9943E-017
    116.0000     -1.0472       0.1948E-007
    116.0000     -0.9425       0.1134E-015
    116.0000     -0.8378       0.1703E-015
    116.0000     -0.7330       0.1728E-015
    116.0000     -0.6283       0.6569E-014
    116.0000     -0.5236       0.1070E+005
    116.0000     -0.4189       0.6539E-014
    116.0000     -0.3142       0.1853E-015
    116.0000     -0.2094       0.1736E-015
    116.0000     -0.1047       0.1217E-015
