     89.0000      0.0000       0.9534E-002
     89.0000      0.1047       0.1537E-015
     89.0000      0.2094       0.2172E-015
     89.0000      0.3142       0.1901E-015
     89.0000      0.4189       0.1903E-013
     89.0000      0.5236       0.1398E+005
     89.0000      0.6283       0.1883E-013
     89.0000      0.7330       0.1709E-015
     89.0000      0.8378       0.2134E-015
     89.0000      0.9425       0.1414E-015
     89.0000      1.0472       0.6200E-006
     89.0000      1.1519       0.1274E-016
     89.0000      1.2566       0.5104E-017
     89.0000      1.3614       0.1642E-016
     89.0000      1.4661       0.4358E-017
     89.0000      1.5708       0.8074E-003
     89.0000      1.6755       0.4657E-017
     89.0000      1.7802       0.1922E-017
     89.0000      1.8850       0.1093E-017
     89.0000      1.9897       0.1098E-017
     89.0000      2.0944       0.1248E-010
     89.0000      2.1991       0.1056E-018
     89.0000      2.3038       0.7158E-019
     89.0000      2.4086       0.5208E-019
     89.0000      2.5133       0.1203E-018
     89.0000      2.6180       0.5767E-010
     89.0000      2.7227       0.9832E-019
     89.0000      2.8274       0.4605E-019
     89.0000      2.9322       0.3720E-019
     89.0000      3.0369       0.2390E-019
     89.0000      3.1416       0.4739E-017
     89.0000      3.2463       0.1881E-019
     89.0000      3.3510       0.1716E-019
     89.0000      3.4558       0.1153E-019
     89.0000      3.5605       0.2591E-019
     89.0000      3.6652       0.4608E-017
     89.0000      3.7699       0.1016E-019
     89.0000      3.8746       0.2486E-019
     89.0000      3.9794       0.1696E-019
     89.0000      4.0841       0.1472E-019
     89.0000      4.1888       0.1674E-019
     89.0000      4.2935       0.2192E-019
     89.0000      4.3982       0.2427E-019
     89.0000      4.5029       0.1492E-019
     89.0000      4.6077       0.2730E-019
     89.0000      4.7124       0.1593E-019
     89.0000      4.8171       0.1549E-019
     89.0000      4.9218       0.1652E-019
     89.0000      5.0265       0.2279E-019
     89.0000      5.1313       0.2285E-019
     89.0000      5.2360       0.1890E-019
     89.0000      5.3407       0.2329E-019
     89.0000      5.4454       0.4642E-019
     89.0000      5.5501       0.2609E-019
     89.0000      5.6549       0.2090E-019
     89.0000      5.7596       0.2661E-019
     89.0000      5.8643       0.3127E-019
     89.0000      5.9690       0.2747E-019
     89.0000      6.0737       0.4322E-019
     89.0000      6.1785       0.7130E-019
     89.0000      6.2832       0.2956E-019
     89.0000      6.3879       0.2908E-019
     89.0000      6.4926       0.4842E-019
     89.0000      6.5973       0.3655E-019
     89.0000     -6.7021       0.8610E-019
     89.0000     -6.5973       0.3658E-019
     89.0000     -6.4926       0.4872E-019
     89.0000     -6.3879       0.2932E-019
     89.0000     -6.2832       0.2962E-019
     89.0000     -6.1785       0.7283E-019
     89.0000     -6.0737       0.4357E-019
     89.0000     -5.9690       0.2754E-019
     89.0000     -5.8643       0.3230E-019
     89.0000     -5.7596       0.2635E-019
     89.0000     -5.6549       0.2152E-019
     89.0000     -5.5501       0.2670E-019
     89.0000     -5.4454       0.4666E-019
     89.0000     -5.3407       0.2335E-019
     89.0000     -5.2360       0.1938E-019
     89.0000     -5.1313       0.2251E-019
     89.0000     -5.0265       0.2274E-019
     89.0000     -4.9218       0.1701E-019
     89.0000     -4.8171       0.1528E-019
     89.0000     -4.7124       0.1601E-019
     89.0000     -4.6077       0.2729E-019
     89.0000     -4.5029       0.1558E-019
     89.0000     -4.3982       0.2453E-019
     89.0000     -4.2935       0.2137E-019
     89.0000     -4.1888       0.1662E-019
     89.0000     -4.0841       0.1530E-019
     89.0000     -3.9794       0.1674E-019
     89.0000     -3.8746       0.2057E-019
     89.0000     -3.7699       0.9972E-020
     89.0000     -3.6652       0.4623E-017
     89.0000     -3.5605       0.2582E-019
     89.0000     -3.4558       0.1100E-019
     89.0000     -3.3510       0.1718E-019
     89.0000     -3.2463       0.1818E-019
     89.0000     -3.1416       0.4730E-017
     89.0000     -3.0369       0.2351E-019
     89.0000     -2.9322       0.3658E-019
     89.0000     -2.8274       0.4597E-019
     89.0000     -2.7227       0.9906E-019
     89.0000     -2.6180       0.5823E-010
     89.0000     -2.5133       0.1185E-018
     89.0000     -2.4086       0.5238E-019
     89.0000     -2.3038       0.7123E-019
     89.0000     -2.1991       0.1061E-018
     89.0000     -2.0944       0.1248E-010
     89.0000     -1.9897       0.1095E-017
     89.0000     -1.8850       0.1079E-017
     89.0000     -1.7802       0.1919E-017
     89.0000     -1.6755       0.4665E-017
     89.0000     -1.5708       0.8076E-003
     89.0000     -1.4661       0.4344E-017
     89.0000     -1.3614       0.1627E-016
     89.0000     -1.2566       0.5096E-017
     89.0000     -1.1519       0.1274E-016
     89.0000     -1.0472       0.6200E-006
     89.0000     -0.9425       0.1415E-015
     89.0000     -0.8378       0.2134E-015
     89.0000     -0.7330       0.1708E-015
     89.0000     -0.6283       0.1883E-013
     89.0000     -0.5236       0.1398E+005
     89.0000     -0.4189       0.1903E-013
     89.0000     -0.3142       0.1882E-015
     89.0000     -0.2094       0.2172E-015
     89.0000     -0.1047       0.1525E-015
