     99.0000      0.0000       0.2800E-003
     99.0000      0.1047       0.1221E-015
     99.0000      0.2094       0.1745E-015
     99.0000      0.3142       0.1842E-015
     99.0000      0.4189       0.6348E-014
     99.0000      0.5236       0.1070E+005
     99.0000      0.6283       0.6203E-014
     99.0000      0.7330       0.1709E-015
     99.0000      0.8378       0.1717E-015
     99.0000      0.9425       0.1132E-015
     99.0000      1.0472       0.1674E-007
     99.0000      1.1519       0.9918E-017
     99.0000      1.2566       0.4202E-017
     99.0000      1.3614       0.1341E-016
     99.0000      1.4661       0.3375E-017
     99.0000      1.5708       0.7235E-003
     99.0000      1.6755       0.3648E-017
     99.0000      1.7802       0.1456E-017
     99.0000      1.8850       0.8398E-018
     99.0000      1.9897       0.9101E-018
     99.0000      2.0944       0.3934E-012
     99.0000      2.1991       0.8970E-019
     99.0000      2.3038       0.5309E-019
     99.0000      2.4086       0.5613E-019
     99.0000      2.5133       0.9723E-019
     99.0000      2.6180       0.9067E-010
     99.0000      2.7227       0.8357E-019
     99.0000      2.8274       0.5138E-019
     99.0000      2.9322       0.3213E-019
     99.0000      3.0369       0.2475E-019
     99.0000      3.1416       0.3411E-019
     99.0000      3.2463       0.1821E-019
     99.0000      3.3510       0.1123E-019
     99.0000      3.4558       0.1368E-019
     99.0000      3.5605       0.8636E-020
     99.0000      3.6652       0.1386E-016
     99.0000      3.7699       0.1067E-019
     99.0000      3.8746       0.3302E-019
     99.0000      3.9794       0.1343E-019
     99.0000      4.0841       0.2489E-019
     99.0000      4.1888       0.1528E-019
     99.0000      4.2935       0.1507E-019
     99.0000      4.3982       0.1728E-019
     99.0000      4.5029       0.1312E-019
     99.0000      4.6077       0.1246E-019
     99.0000      4.7124       0.1809E-019
     99.0000      4.8171       0.1221E-019
     99.0000      4.9218       0.2353E-019
     99.0000      5.0265       0.1566E-019
     99.0000      5.1313       0.1568E-019
     99.0000      5.2360       0.1715E-019
     99.0000      5.3407       0.1508E-019
     99.0000      5.4454       0.2260E-019
     99.0000      5.5501       0.1893E-019
     99.0000      5.6549       0.1615E-019
     99.0000      5.7596       0.2009E-019
     99.0000      5.8643       0.1899E-019
     99.0000      5.9690       0.2961E-019
     99.0000      6.0737       0.3009E-019
     99.0000      6.1785       0.7468E-019
     99.0000      6.2832       0.2812E-019
     99.0000      6.3879       0.2076E-019
     99.0000      6.4926       0.2356E-019
     99.0000      6.5973       0.3192E-019
     99.0000     -6.7021       0.2419E-019
     99.0000     -6.5973       0.3269E-019
     99.0000     -6.4926       0.2409E-019
     99.0000     -6.3879       0.3159E-019
     99.0000     -6.2832       0.2641E-019
     99.0000     -6.1785       0.7210E-019
     99.0000     -6.0737       0.3057E-019
     99.0000     -5.9690       0.3956E-019
     99.0000     -5.8643       0.1967E-019
     99.0000     -5.7596       0.2038E-019
     99.0000     -5.6549       0.1589E-019
     99.0000     -5.5501       0.2025E-019
     99.0000     -5.4454       0.2261E-019
     99.0000     -5.3407       0.1503E-019
     99.0000     -5.2360       0.1923E-019
     99.0000     -5.1313       0.1667E-019
     99.0000     -5.0265       0.1548E-019
     99.0000     -4.9218       0.2315E-019
     99.0000     -4.8171       0.1231E-019
     99.0000     -4.7124       0.1782E-019
     99.0000     -4.6077       0.1244E-019
     99.0000     -4.5029       0.1355E-019
     99.0000     -4.3982       0.1726E-019
     99.0000     -4.2935       0.1472E-019
     99.0000     -4.1888       0.1378E-019
     99.0000     -4.0841       0.2563E-019
     99.0000     -3.9794       0.1360E-019
     99.0000     -3.8746       0.3194E-019
     99.0000     -3.7699       0.1040E-019
     99.0000     -3.6652       0.1385E-016
     99.0000     -3.5605       0.8548E-020
     99.0000     -3.4558       0.1450E-019
     99.0000     -3.3510       0.1116E-019
     99.0000     -3.2463       0.1786E-019
     99.0000     -3.1416       0.3703E-019
     99.0000     -3.0369       0.2549E-019
     99.0000     -2.9322       0.3165E-019
     99.0000     -2.8274       0.5251E-019
     99.0000     -2.7227       0.8390E-019
     99.0000     -2.6180       0.9078E-010
     99.0000     -2.5133       0.9748E-019
     99.0000     -2.4086       0.5532E-019
     99.0000     -2.3038       0.5266E-019
     99.0000     -2.1991       0.8841E-019
     99.0000     -2.0944       0.3934E-012
     99.0000     -1.9897       0.9129E-018
     99.0000     -1.8850       0.8327E-018
     99.0000     -1.7802       0.1476E-017
     99.0000     -1.6755       0.3641E-017
     99.0000     -1.5708       0.7235E-003
     99.0000     -1.4661       0.3359E-017
     99.0000     -1.3614       0.1336E-016
     99.0000     -1.2566       0.4176E-017
     99.0000     -1.1519       0.9904E-017
     99.0000     -1.0472       0.1674E-007
     99.0000     -0.9425       0.1131E-015
     99.0000     -0.8378       0.1717E-015
     99.0000     -0.7330       0.1709E-015
     99.0000     -0.6283       0.6203E-014
     99.0000     -0.5236       0.1070E+005
     99.0000     -0.4189       0.6348E-014
     99.0000     -0.3142       0.1830E-015
     99.0000     -0.2094       0.1745E-015
     99.0000     -0.1047       0.1219E-015
