    164.0000      0.0000       0.3307E+005
    164.0000      0.1047       0.2481E+005
    164.0000      0.2094       0.1110E+005
    164.0000      0.3142       0.2481E+005
    164.0000      0.4189       0.2467E+005
    164.0000      0.5236       0.1082E+006
    164.0000      0.6283        5203.     
    164.0000      0.7330        4273.     
    164.0000      0.8378        1423.     
    164.0000      0.9425        1225.     
    164.0000      1.0472        829.0     
    164.0000      1.1519        473.9     
    164.0000      1.2566        222.3     
    164.0000      1.3614        314.0     
    164.0000      1.4661        189.6     
    164.0000      1.5708        130.7     
    164.0000      1.6755        154.1     
    164.0000      1.7802        146.2     
    164.0000      1.8850        68.07     
    164.0000      1.9897        54.46     
    164.0000      2.0944        36.28     
    164.0000      2.1991        51.28     
    164.0000      2.3038        34.82     
    164.0000      2.4086        25.35     
    164.0000      2.5133        25.11     
    164.0000      2.6180        23.01     
    164.0000      2.7227        12.18     
    164.0000      2.8274        10.70     
    164.0000      2.9322        6.892     
    164.0000      3.0369        3.658     
    164.0000      3.1416        2.758     
    164.0000      3.2463        2.277     
    164.0000      3.3510        1.343     
    164.0000      3.4558        1.366     
    164.0000      3.5605        1.062     
    164.0000      3.6652       0.5300     
    164.0000      3.7699       0.4454     
    164.0000      3.8746       0.1838     
    164.0000      3.9794       0.1817     
    164.0000      4.0841       0.1861     
    164.0000      4.1888       0.1104     
    164.0000      4.2935       0.5420E-001
    164.0000      4.3982       0.3580E-001
    164.0000      4.5029       0.3282E-001
    164.0000      4.6077       0.2399E-001
    164.0000      4.7124       0.2263E-001
    164.0000      4.8171       0.1244E-001
    164.0000      4.9218       0.1066E-001
    164.0000      5.0265       0.8906E-002
    164.0000      5.1313       0.5942E-002
    164.0000      5.2360       0.6913E-002
    164.0000      5.3407       0.4890E-002
    164.0000      5.4454       0.4374E-002
    164.0000      5.5501       0.3566E-002
    164.0000      5.6549       0.3165E-002
    164.0000      5.7596       0.3521E-002
    164.0000      5.8643       0.2415E-002
    164.0000      5.9690       0.1736E-002
    164.0000      6.0737       0.1881E-002
    164.0000      6.1785       0.1191E-002
    164.0000      6.2832       0.1376E-002
    164.0000      6.3879       0.7537E-003
    164.0000      6.4926       0.7565E-003
    164.0000      6.5973       0.5228E-003
    164.0000      6.7021       0.4756E-003
    164.0000      6.8068       0.4263E-003
    164.0000      6.9115       0.2806E-003
    164.0000      7.0162       0.2119E-003
    164.0000      7.1209       0.2020E-003
    164.0000      7.2257       0.1480E-003
    164.0000      7.3304       0.1542E-003
    164.0000      7.4351       0.1054E-003
    164.0000      7.5398       0.7057E-004
    164.0000      7.6445       0.5898E-004
    164.0000      7.7493       0.3857E-004
    164.0000      7.8540       0.3838E-004
    164.0000      7.9587       0.2466E-004
    164.0000      8.0634       0.1951E-004
    164.0000      8.1681       0.1355E-004
    164.0000      8.2729       0.1055E-004
    164.0000      8.3776       0.8755E-005
    164.0000      8.4823       0.5767E-005
    164.0000      8.5870       0.3761E-005
    164.0000      8.6917       0.2890E-005
    164.0000      8.7965       0.1793E-005
    164.0000      8.9012       0.1447E-005
    164.0000      9.0059       0.8893E-006
    164.0000      9.1106       0.6333E-006
    164.0000      9.2153       0.3848E-006
    164.0000      9.3201       0.2900E-006
    164.0000      9.4248       0.2331E-006
    164.0000      9.5295       0.1016E-006
    164.0000      9.6342       0.7869E-007
    164.0000      9.7389       0.6083E-007
    164.0000      9.8437       0.3849E-007
    164.0000      9.9484       0.2786E-007
    164.0000     10.0531       0.1791E-007
    164.0000     10.1578       0.1010E-007
    164.0000     10.2625       0.8615E-008
    164.0000     10.3673       0.5128E-008
    164.0000     10.4720       0.4770E-008
    164.0000     10.5767       0.3731E-008
    164.0000     10.6814       0.2411E-008
    164.0000     10.7861       0.1982E-008
    164.0000     10.8909       0.1437E-008
    164.0000     10.9956       0.2171E-008
    164.0000     11.1003       0.1138E-008
    164.0000     11.2050       0.1003E-008
    164.0000     11.3097       0.8304E-009
    164.0000     11.4145       0.6761E-009
    164.0000     11.5192       0.7217E-009
    164.0000     11.6239       0.4684E-009
    164.0000     11.7286       0.3762E-009
    164.0000     11.8333       0.2999E-009
    164.0000     11.9381       0.2864E-009
    164.0000     12.0428       0.3674E-009
    164.0000     12.1475       0.2508E-009
    164.0000     12.2522       0.1741E-009
    164.0000     12.3569       0.1174E-009
    164.0000     12.4617       0.9229E-010
    164.0000     12.5664       0.1233E-009
    164.0000     12.6711       0.8549E-010
    164.0000     12.7758       0.6128E-010
    164.0000     12.8805       0.6464E-010
    164.0000     12.9852       0.5738E-010
    164.0000     13.0900       0.4395E-010
    164.0000     13.1947       0.4605E-010
    164.0000     13.2994       0.3212E-010
    164.0000    -13.4041       0.3094E-010
    164.0000    -13.2994       0.3391E-010
    164.0000    -13.1947       0.3723E-010
    164.0000    -13.0900       0.4630E-010
    164.0000    -12.9852       0.4195E-010
    164.0000    -12.8805       0.6171E-010
    164.0000    -12.7758       0.7105E-010
    164.0000    -12.6711       0.8201E-010
    164.0000    -12.5664       0.1360E-009
    164.0000    -12.4617       0.8750E-010
    164.0000    -12.3569       0.1397E-009
    164.0000    -12.2522       0.1386E-009
    164.0000    -12.1475       0.2150E-009
    164.0000    -12.0428       0.3687E-009
    164.0000    -11.9381       0.2455E-009
    164.0000    -11.8333       0.3225E-009
    164.0000    -11.7286       0.3885E-009
    164.0000    -11.6239       0.3782E-009
    164.0000    -11.5192       0.8199E-009
    164.0000    -11.4145       0.5869E-009
    164.0000    -11.3097       0.6143E-009
    164.0000    -11.2050       0.8469E-009
    164.0000    -11.1003       0.9207E-009
    164.0000    -10.9956       0.2208E-008
    164.0000    -10.8909       0.1363E-008
    164.0000    -10.7861       0.1845E-008
    164.0000    -10.6814       0.2262E-008
    164.0000    -10.5767       0.2976E-008
    164.0000    -10.4720       0.4260E-008
    164.0000    -10.3673       0.5504E-008
    164.0000    -10.2625       0.7993E-008
    164.0000    -10.1578       0.1175E-007
    164.0000    -10.0531       0.1708E-007
    164.0000     -9.9484       0.2914E-007
    164.0000     -9.8437       0.3167E-007
    164.0000     -9.7389       0.6490E-007
    164.0000     -9.6342       0.1090E-006
    164.0000     -9.5295       0.1303E-006
    164.0000     -9.4248       0.2038E-006
    164.0000     -9.3201       0.3566E-006
    164.0000     -9.2153       0.5912E-006
    164.0000     -9.1106       0.7260E-006
    164.0000     -9.0059       0.8360E-006
    164.0000     -8.9012       0.1887E-005
    164.0000     -8.7965       0.1939E-005
    164.0000     -8.6917       0.2979E-005
    164.0000     -8.5870       0.3574E-005
    164.0000     -8.4823       0.5536E-005
    164.0000     -8.3776       0.8784E-005
    164.0000     -8.2729       0.1108E-004
    164.0000     -8.1681       0.1436E-004
    164.0000     -8.0634       0.2659E-004
    164.0000     -7.9587       0.3151E-004
    164.0000     -7.8540       0.3733E-004
    164.0000     -7.7493       0.4131E-004
    164.0000     -7.6445       0.5982E-004
    164.0000     -7.5398       0.7490E-004
    164.0000     -7.4351       0.9258E-004
    164.0000     -7.3304       0.1650E-003
    164.0000     -7.2257       0.1396E-003
    164.0000     -7.1209       0.2117E-003
    164.0000     -7.0162       0.1939E-003
    164.0000     -6.9115       0.2231E-003
    164.0000     -6.8068       0.4531E-003
    164.0000     -6.7021       0.4810E-003
    164.0000     -6.5973       0.4483E-003
    164.0000     -6.4926       0.6566E-003
    164.0000     -6.3879       0.7306E-003
    164.0000     -6.2832       0.1193E-002
    164.0000     -6.1785       0.1291E-002
    164.0000     -6.0737       0.1648E-002
    164.0000     -5.9690       0.1475E-002
    164.0000     -5.8643       0.1769E-002
    164.0000     -5.7596       0.3174E-002
    164.0000     -5.6549       0.2562E-002
    164.0000     -5.5501       0.3355E-002
    164.0000     -5.4454       0.3425E-002
    164.0000     -5.3407       0.4088E-002
    164.0000     -5.2360       0.7005E-002
    164.0000     -5.1313       0.5801E-002
    164.0000     -5.0265       0.8174E-002
    164.0000     -4.9218       0.1032E-001
    164.0000     -4.8171       0.1184E-001
    164.0000     -4.7124       0.2185E-001
    164.0000     -4.6077       0.2221E-001
    164.0000     -4.5029       0.3064E-001
    164.0000     -4.3982       0.3553E-001
    164.0000     -4.2935       0.5469E-001
    164.0000     -4.1888       0.1094     
    164.0000     -4.0841       0.1824     
    164.0000     -3.9794       0.1783     
    164.0000     -3.8746       0.1825     
    164.0000     -3.7699       0.4443     
    164.0000     -3.6652       0.5257     
    164.0000     -3.5605        1.086     
    164.0000     -3.4558        1.443     
    164.0000     -3.3510        1.170     
    164.0000     -3.2463        2.376     
    164.0000     -3.1416        3.167     
    164.0000     -3.0369        4.002     
    164.0000     -2.9322        6.898     
    164.0000     -2.8274        10.25     
    164.0000     -2.7227        11.60     
    164.0000     -2.6180        24.51     
    164.0000     -2.5133        24.67     
    164.0000     -2.4086        23.85     
    164.0000     -2.3038        37.70     
    164.0000     -2.1991        48.32     
    164.0000     -2.0944        40.85     
    164.0000     -1.9897        61.82     
    164.0000     -1.8850        68.22     
    164.0000     -1.7802        136.0     
    164.0000     -1.6755        167.9     
    164.0000     -1.5708        153.7     
    164.0000     -1.4661        170.0     
    164.0000     -1.3614        254.0     
    164.0000     -1.2566        250.6     
    164.0000     -1.1519        455.7     
    164.0000     -1.0472        772.2     
    164.0000     -0.9425        1182.     
    164.0000     -0.8378        1328.     
    164.0000     -0.7330        3895.     
    164.0000     -0.6283        5709.     
    164.0000     -0.5236       0.1119E+006
    164.0000     -0.4189       0.2347E+005
    164.0000     -0.3142       0.2142E+005
    164.0000     -0.2094       0.1078E+005
    164.0000     -0.1047       0.2342E+005
