    117.0000      0.0000       0.2800E-003
    117.0000      0.1047       0.1226E-015
    117.0000      0.2094       0.1723E-015
    117.0000      0.3142       0.1873E-015
    117.0000      0.4189       0.6607E-014
    117.0000      0.5236       0.1070E+005
    117.0000      0.6283       0.6572E-014
    117.0000      0.7330       0.1728E-015
    117.0000      0.8378       0.1700E-015
    117.0000      0.9425       0.1141E-015
    117.0000      1.0472       0.1957E-007
    117.0000      1.1519       0.9953E-017
    117.0000      1.2566       0.4181E-017
    117.0000      1.3614       0.1344E-016
    117.0000      1.4661       0.3359E-017
    117.0000      1.5708       0.5601E-003
    117.0000      1.6755       0.3581E-017
    117.0000      1.7802       0.1459E-017
    117.0000      1.8850       0.8374E-018
    117.0000      1.9897       0.9116E-018
    117.0000      2.0944       0.5023E-012
    117.0000      2.1991       0.8922E-019
    117.0000      2.3038       0.5303E-019
    117.0000      2.4086       0.5772E-019
    117.0000      2.5133       0.9709E-019
    117.0000      2.6180       0.3766E-010
    117.0000      2.7227       0.8375E-019
    117.0000      2.8274       0.5404E-019
    117.0000      2.9322       0.3217E-019
    117.0000      3.0369       0.2610E-019
    117.0000      3.1416       0.4910E-019
    117.0000      3.2463       0.1843E-019
    117.0000      3.3510       0.1124E-019
    117.0000      3.4558       0.1531E-019
    117.0000      3.5605       0.8647E-020
    117.0000      3.6652       0.2898E-017
    117.0000      3.7699       0.1066E-019
    117.0000      3.8746       0.3264E-019
    117.0000      3.9794       0.1345E-019
    117.0000      4.0841       0.2527E-019
    117.0000      4.1888       0.1537E-019
    117.0000      4.2935       0.1504E-019
    117.0000      4.3982       0.1735E-019
    117.0000      4.5029       0.1387E-019
    117.0000      4.6077       0.1250E-019
    117.0000      4.7124       0.1834E-019
    117.0000      4.8171       0.1222E-019
    117.0000      4.9218       0.2405E-019
    117.0000      5.0265       0.1563E-019
    117.0000      5.1313       0.1593E-019
    117.0000      5.2360       0.1721E-019
    117.0000      5.3407       0.1504E-019
    117.0000      5.4454       0.2258E-019
    117.0000      5.5501       0.1917E-019
    117.0000      5.6549       0.1622E-019
    117.0000      5.7596       0.2012E-019
    117.0000      5.8643       0.1902E-019
    117.0000      5.9690       0.2962E-019
    117.0000      6.0737       0.3009E-019
    117.0000      6.1785       0.7512E-019
    117.0000      6.2832       0.2825E-019
    117.0000      6.3879       0.2071E-019
    117.0000      6.4926       0.2358E-019
    117.0000      6.5973       0.3192E-019
    117.0000     -6.7021       0.2421E-019
    117.0000     -6.5973       0.3281E-019
    117.0000     -6.4926       0.2414E-019
    117.0000     -6.3879       0.3153E-019
    117.0000     -6.2832       0.2643E-019
    117.0000     -6.1785       0.7251E-019
    117.0000     -6.0737       0.3062E-019
    117.0000     -5.9690       0.3942E-019
    117.0000     -5.8643       0.1972E-019
    117.0000     -5.7596       0.2033E-019
    117.0000     -5.6549       0.1589E-019
    117.0000     -5.5501       0.2044E-019
    117.0000     -5.4454       0.2258E-019
    117.0000     -5.3407       0.1461E-019
    117.0000     -5.2360       0.1929E-019
    117.0000     -5.1313       0.1717E-019
    117.0000     -5.0265       0.1542E-019
    117.0000     -4.9218       0.2328E-019
    117.0000     -4.8171       0.1231E-019
    117.0000     -4.7124       0.1788E-019
    117.0000     -4.6077       0.1241E-019
    117.0000     -4.5029       0.1431E-019
    117.0000     -4.3982       0.1724E-019
    117.0000     -4.2935       0.1492E-019
    117.0000     -4.1888       0.1380E-019
    117.0000     -4.0841       0.2628E-019
    117.0000     -3.9794       0.1369E-019
    117.0000     -3.8746       0.3191E-019
    117.0000     -3.7699       0.1040E-019
    117.0000     -3.6652       0.2897E-017
    117.0000     -3.5605       0.8631E-020
    117.0000     -3.4558       0.1585E-019
    117.0000     -3.3510       0.1122E-019
    117.0000     -3.2463       0.1794E-019
    117.0000     -3.1416       0.5226E-019
    117.0000     -3.0369       0.2689E-019
    117.0000     -2.9322       0.3178E-019
    117.0000     -2.8274       0.5256E-019
    117.0000     -2.7227       0.8386E-019
    117.0000     -2.6180       0.3811E-010
    117.0000     -2.5133       0.9762E-019
    117.0000     -2.4086       0.5703E-019
    117.0000     -2.3038       0.5270E-019
    117.0000     -2.1991       0.8747E-019
    117.0000     -2.0944       0.5023E-012
    117.0000     -1.9897       0.9170E-018
    117.0000     -1.8850       0.8293E-018
    117.0000     -1.7802       0.1480E-017
    117.0000     -1.6755       0.3575E-017
    117.0000     -1.5708       0.5601E-003
    117.0000     -1.4661       0.3342E-017
    117.0000     -1.3614       0.1339E-016
    117.0000     -1.2566       0.4156E-017
    117.0000     -1.1519       0.9933E-017
    117.0000     -1.0472       0.1957E-007
    117.0000     -0.9425       0.1137E-015
    117.0000     -0.8378       0.1700E-015
    117.0000     -0.7330       0.1729E-015
    117.0000     -0.6283       0.6571E-014
    117.0000     -0.5236       0.1070E+005
    117.0000     -0.4189       0.6607E-014
    117.0000     -0.3142       0.1858E-015
    117.0000     -0.2094       0.1723E-015
    117.0000     -0.1047       0.1223E-015
