    195.0000      0.0000       0.1155E+006
    195.0000      0.1047       0.1728E+005
    195.0000      0.2094       0.2021E+005
    195.0000      0.3142       0.5197E+005
    195.0000      0.4189       0.3038E+005
    195.0000      0.5236       0.2745E+005
    195.0000      0.6283        4160.     
    195.0000      0.7330        4821.     
    195.0000      0.8378        3348.     
    195.0000      0.9425        1839.     
    195.0000      1.0472        2720.     
    195.0000      1.1519        1682.     
    195.0000      1.2566        378.8     
    195.0000      1.3614        384.1     
    195.0000      1.4661        229.9     
    195.0000      1.5708        192.0     
    195.0000      1.6755        149.5     
    195.0000      1.7802        246.7     
    195.0000      1.8850        117.9     
    195.0000      1.9897        115.9     
    195.0000      2.0944        66.96     
    195.0000      2.1991        56.34     
    195.0000      2.3038        52.52     
    195.0000      2.4086        30.09     
    195.0000      2.5133        24.71     
    195.0000      2.6180        18.42     
    195.0000      2.7227        28.46     
    195.0000      2.8274        18.34     
    195.0000      2.9322        15.91     
    195.0000      3.0369        7.041     
    195.0000      3.1416        8.259     
    195.0000      3.2463        7.011     
    195.0000      3.3510        4.964     
    195.0000      3.4558        3.145     
    195.0000      3.5605        3.577     
    195.0000      3.6652        1.891     
    195.0000      3.7699        1.314     
    195.0000      3.8746       0.4048     
    195.0000      3.9794       0.6343     
    195.0000      4.0841       0.4921     
    195.0000      4.1888       0.3152     
    195.0000      4.2935       0.2436     
    195.0000      4.3982       0.1336     
    195.0000      4.5029       0.1167     
    195.0000      4.6077       0.8763E-001
    195.0000      4.7124       0.7154E-001
    195.0000      4.8171       0.5551E-001
    195.0000      4.9218       0.3925E-001
    195.0000      5.0265       0.3372E-001
    195.0000      5.1313       0.2454E-001
    195.0000      5.2360       0.2206E-001
    195.0000      5.3407       0.2279E-001
    195.0000      5.4454       0.1777E-001
    195.0000      5.5501       0.1552E-001
    195.0000      5.6549       0.9028E-002
    195.0000      5.7596       0.1202E-001
    195.0000      5.8643       0.8001E-002
    195.0000      5.9690       0.7171E-002
    195.0000      6.0737       0.7141E-002
    195.0000      6.1785       0.4851E-002
    195.0000      6.2832       0.3879E-002
    195.0000      6.3879       0.3880E-002
    195.0000      6.4926       0.4048E-002
    195.0000      6.5973       0.2074E-002
    195.0000      6.7021       0.2559E-002
    195.0000      6.8068       0.1931E-002
    195.0000      6.9115       0.1704E-002
    195.0000      7.0162       0.1455E-002
    195.0000      7.1209       0.9609E-003
    195.0000      7.2257       0.1005E-002
    195.0000      7.3304       0.8683E-003
    195.0000      7.4351       0.6356E-003
    195.0000      7.5398       0.4416E-003
    195.0000      7.6445       0.4349E-003
    195.0000      7.7493       0.3126E-003
    195.0000      7.8540       0.2748E-003
    195.0000      7.9587       0.2134E-003
    195.0000      8.0634       0.1610E-003
    195.0000      8.1681       0.1076E-003
    195.0000      8.2729       0.1064E-003
    195.0000      8.3776       0.7792E-004
    195.0000      8.4823       0.5482E-004
    195.0000      8.5870       0.4286E-004
    195.0000      8.6917       0.3622E-004
    195.0000      8.7965       0.2544E-004
    195.0000      8.9012       0.2356E-004
    195.0000      9.0059       0.1260E-004
    195.0000      9.1106       0.9750E-005
    195.0000      9.2153       0.7439E-005
    195.0000      9.3201       0.4344E-005
    195.0000      9.4248       0.3339E-005
    195.0000      9.5295       0.2352E-005
    195.0000      9.6342       0.1678E-005
    195.0000      9.7389       0.1016E-005
    195.0000      9.8437       0.7848E-006
    195.0000      9.9484       0.5286E-006
    195.0000     10.0531       0.3184E-006
    195.0000     10.1578       0.2285E-006
    195.0000     10.2625       0.1515E-006
    195.0000     10.3673       0.1100E-006
    195.0000     10.4720       0.6818E-007
    195.0000     10.5767       0.4934E-007
    195.0000     10.6814       0.4956E-007
    195.0000     10.7861       0.3863E-007
    195.0000     10.8909       0.2243E-007
    195.0000     10.9956       0.2119E-007
    195.0000     11.1003       0.1527E-007
    195.0000     11.2050       0.1517E-007
    195.0000     11.3097       0.1181E-007
    195.0000     11.4145       0.1125E-007
    195.0000     11.5192       0.1006E-007
    195.0000     11.6239       0.8879E-008
    195.0000     11.7286       0.8908E-008
    195.0000     11.8333       0.6932E-008
    195.0000     11.9381       0.6784E-008
    195.0000     12.0428       0.4688E-008
    195.0000     12.1475       0.4069E-008
    195.0000     12.2522       0.4341E-008
    195.0000     12.3569       0.4117E-008
    195.0000     12.4617       0.2362E-008
    195.0000     12.5664       0.2779E-008
    195.0000     12.6711       0.2510E-008
    195.0000     12.7758       0.2193E-008
    195.0000     12.8805       0.1528E-008
    195.0000     12.9852       0.1284E-008
    195.0000     13.0900       0.1160E-008
    195.0000     13.1947       0.1572E-008
    195.0000     13.2994       0.8921E-009
    195.0000    -13.4041       0.1161E-008
    195.0000    -13.2994       0.8871E-009
    195.0000    -13.1947       0.1102E-008
    195.0000    -13.0900       0.1234E-008
    195.0000    -12.9852       0.1512E-008
    195.0000    -12.8805       0.1681E-008
    195.0000    -12.7758       0.1764E-008
    195.0000    -12.6711       0.1875E-008
    195.0000    -12.5664       0.2268E-008
    195.0000    -12.4617       0.2191E-008
    195.0000    -12.3569       0.3065E-008
    195.0000    -12.2522       0.3664E-008
    195.0000    -12.1475       0.4593E-008
    195.0000    -12.0428       0.3840E-008
    195.0000    -11.9381       0.4714E-008
    195.0000    -11.8333       0.7466E-008
    195.0000    -11.7286       0.5673E-008
    195.0000    -11.6239       0.7616E-008
    195.0000    -11.5192       0.9608E-008
    195.0000    -11.4145       0.9688E-008
    195.0000    -11.3097       0.8036E-008
    195.0000    -11.2050       0.1200E-007
    195.0000    -11.1003       0.1522E-007
    195.0000    -10.9956       0.1618E-007
    195.0000    -10.8909       0.1831E-007
    195.0000    -10.7861       0.2701E-007
    195.0000    -10.6814       0.3552E-007
    195.0000    -10.5767       0.4675E-007
    195.0000    -10.4720       0.7553E-007
    195.0000    -10.3673       0.8288E-007
    195.0000    -10.2625       0.1254E-006
    195.0000    -10.1578       0.1819E-006
    195.0000    -10.0531       0.2685E-006
    195.0000     -9.9484       0.5266E-006
    195.0000     -9.8437       0.6948E-006
    195.0000     -9.7389       0.9339E-006
    195.0000     -9.6342       0.1357E-005
    195.0000     -9.5295       0.1997E-005
    195.0000     -9.4248       0.3168E-005
    195.0000     -9.3201       0.4502E-005
    195.0000     -9.2153       0.6809E-005
    195.0000     -9.1106       0.6328E-005
    195.0000     -9.0059       0.1525E-004
    195.0000     -8.9012       0.2098E-004
    195.0000     -8.7965       0.2399E-004
    195.0000     -8.6917       0.3395E-004
    195.0000     -8.5870       0.4870E-004
    195.0000     -8.4823       0.6450E-004
    195.0000     -8.3776       0.7028E-004
    195.0000     -8.2729       0.8237E-004
    195.0000     -8.1681       0.1069E-003
    195.0000     -8.0634       0.1156E-003
    195.0000     -7.9587       0.2262E-003
    195.0000     -7.8540       0.2793E-003
    195.0000     -7.7493       0.3251E-003
    195.0000     -7.6445       0.3501E-003
    195.0000     -7.5398       0.4982E-003
    195.0000     -7.4351       0.6455E-003
    195.0000     -7.3304       0.7509E-003
    195.0000     -7.2257       0.8779E-003
    195.0000     -7.1209       0.1031E-002
    195.0000     -7.0162       0.1449E-002
    195.0000     -6.9115       0.1573E-002
    195.0000     -6.8068       0.1694E-002
    195.0000     -6.7021       0.1853E-002
    195.0000     -6.5973       0.3241E-002
    195.0000     -6.4926       0.3095E-002
    195.0000     -6.3879       0.3730E-002
    195.0000     -6.2832       0.4181E-002
    195.0000     -6.1785       0.4437E-002
    195.0000     -6.0737       0.6074E-002
    195.0000     -5.9690       0.5952E-002
    195.0000     -5.8643       0.8182E-002
    195.0000     -5.7596       0.1016E-001
    195.0000     -5.6549       0.1132E-001
    195.0000     -5.5501       0.1275E-001
    195.0000     -5.4454       0.1584E-001
    195.0000     -5.3407       0.1674E-001
    195.0000     -5.2360       0.1812E-001
    195.0000     -5.1313       0.3130E-001
    195.0000     -5.0265       0.2692E-001
    195.0000     -4.9218       0.3716E-001
    195.0000     -4.8171       0.5121E-001
    195.0000     -4.7124       0.7333E-001
    195.0000     -4.6077       0.8181E-001
    195.0000     -4.5029       0.7631E-001
    195.0000     -4.3982       0.1411     
    195.0000     -4.2935       0.2108     
    195.0000     -4.1888       0.2292     
    195.0000     -4.0841       0.6318     
    195.0000     -3.9794       0.4700     
    195.0000     -3.8746       0.6983     
    195.0000     -3.7699       0.7536     
    195.0000     -3.6652        2.253     
    195.0000     -3.5605        1.460     
    195.0000     -3.4558        2.737     
    195.0000     -3.3510        4.901     
    195.0000     -3.2463        6.714     
    195.0000     -3.1416        5.322     
    195.0000     -3.0369        9.042     
    195.0000     -2.9322        13.33     
    195.0000     -2.8274        16.23     
    195.0000     -2.7227        20.84     
    195.0000     -2.6180        23.41     
    195.0000     -2.5133        27.27     
    195.0000     -2.4086        45.94     
    195.0000     -2.3038        62.97     
    195.0000     -2.1991        56.98     
    195.0000     -2.0944        84.98     
    195.0000     -1.9897        96.23     
    195.0000     -1.8850        138.7     
    195.0000     -1.7802        120.8     
    195.0000     -1.6755        174.6     
    195.0000     -1.5708        144.7     
    195.0000     -1.4661        283.1     
    195.0000     -1.3614        443.5     
    195.0000     -1.2566        411.6     
    195.0000     -1.1519        865.2     
    195.0000     -1.0472        1073.     
    195.0000     -0.9425        3861.     
    195.0000     -0.8378        6247.     
    195.0000     -0.7330        9197.     
    195.0000     -0.6283        4628.     
    195.0000     -0.5236       0.1431E+005
    195.0000     -0.4189       0.3274E+005
    195.0000     -0.3142       0.5435E+005
    195.0000     -0.2094       0.2294E+005
    195.0000     -0.1047       0.1144E+005
