     51.0000      0.0000       0.1294E+005
     51.0000      0.1047       0.1130E-006
     51.0000      0.2094       0.5238E-008
     51.0000      0.3142       0.2804E-008
     51.0000      0.4189       0.2220E-007
     51.0000      0.5236       0.2158E+006
     51.0000      0.6283       0.1459E-007
     51.0000      0.7330       0.3543E-009
     51.0000      0.8378       0.5459E-009
     51.0000      0.9425       0.1196E-007
     51.0000      1.0472        1382.     
     51.0000      1.1519       0.4868E-008
     51.0000      1.2566       0.3084E-009
     51.0000      1.3614       0.2982E-009
     51.0000      1.4661       0.3921E-008
     51.0000      1.5708        30.69     
     51.0000      1.6755       0.1739E-008
     51.0000      1.7802       0.4544E-010
     51.0000      1.8850       0.1307E-010
     51.0000      1.9897       0.7179E-010
     51.0000      2.0944        13.07     
     51.0000      2.1991       0.4214E-010
     51.0000      2.3038       0.1081E-011
     51.0000      2.4086       0.2218E-011
     51.0000      2.5133       0.4668E-010
     51.0000      2.6180       0.3786     
     51.0000      2.7227       0.2052E-010
     51.0000      2.8274       0.9721E-012
     51.0000      2.9322       0.7150E-012
     51.0000      3.0369       0.8159E-011
     51.0000      3.1416       0.4204E-001
     51.0000      3.2463       0.3432E-011
     51.0000      3.3510       0.7544E-013
     51.0000      3.4558       0.1830E-013
     51.0000      3.5605       0.1354E-012
     51.0000      3.6652       0.7946E-002
     51.0000      3.7699       0.8013E-013
     51.0000      3.8746       0.4194E-014
     51.0000      3.9794       0.6396E-014
     51.0000      4.0841       0.1103E-012
     51.0000      4.1888       0.1686E-003
     51.0000      4.2935       0.4640E-013
     51.0000      4.3982       0.1765E-014
     51.0000      4.5029       0.1017E-014
     51.0000      4.6077       0.1054E-013
     51.0000      4.7124       0.5173E-004
     51.0000      4.8171       0.4396E-014
     51.0000      4.9218       0.9477E-016
     51.0000      5.0265       0.3467E-016
     51.0000      5.1313       0.4007E-015
     51.0000      5.2360       0.5021E-005
     51.0000      5.3407       0.2006E-015
     51.0000      5.4454       0.1622E-016
     51.0000      5.5501       0.2416E-016
     51.0000      5.6549       0.1639E-015
     51.0000      5.7596       0.1550E-006
     51.0000      5.8643       0.7739E-016
     51.0000      5.9690       0.1476E-016
     51.0000      6.0737       0.1499E-016
     51.0000      6.1785       0.1266E-016
     51.0000      6.2832       0.3973E-007
     51.0000      6.3879       0.2721E-016
     51.0000      6.4926       0.5757E-017
     51.0000      6.5973       0.8041E-017
     51.0000      6.7021       0.2344E-016
     51.0000      6.8068       0.3282E-008
     51.0000      6.9115       0.6610E-017
     51.0000      7.0162       0.1246E-016
     51.0000      7.1209       0.3969E-017
     51.0000      7.2257       0.4515E-017
     51.0000      7.3304       0.1347E-009
     51.0000      7.4351       0.5082E-017
     51.0000      7.5398       0.7908E-017
     51.0000      7.6445       0.1004E-016
     51.0000      7.7493       0.7976E-017
     51.0000      7.8540       0.3694E-010
     51.0000      7.9587       0.1736E-016
     51.0000      8.0634       0.1035E-016
     51.0000      8.1681       0.3816E-016
     51.0000      8.2729       0.3236E-016
     51.0000      8.3776       0.2186E-011
     51.0000      8.4823       0.4710E-016
     51.0000      8.5870       0.3255E-016
     51.0000      8.6917       0.1081E-016
     51.0000      8.7965       0.1831E-016
     51.0000      8.9012       0.1578E-012
     51.0000      9.0059       0.2238E-016
     51.0000      9.1106       0.1888E-016
     51.0000      9.2153       0.6015E-016
     51.0000      9.3201       0.5235E-016
     51.0000      9.4248       0.3148E-013
     51.0000      9.5295       0.5437E-016
     51.0000      9.6342       0.4781E-016
     51.0000      9.7389       0.1043E-016
     51.0000      9.8437       0.3775E-016
     51.0000      9.9484       0.1375E-014
     51.0000     10.0531       0.7793E-017
     51.0000     10.1578       0.2069E-016
     51.0000     10.2625       0.3089E-016
     51.0000     10.3673       0.2073E-016
     51.0000     10.4720       0.2795E-015
     51.0000     10.5767       0.1410E-016
     51.0000     10.6814       0.3729E-016
     51.0000     10.7861       0.2088E-016
     51.0000     10.8909       0.4669E-016
     51.0000     10.9956       0.3152E-016
     51.0000     11.1003       0.1263E-016
     51.0000     11.2050       0.2120E-016
     51.0000     11.3097       0.1835E-016
     51.0000     11.4145       0.1574E-016
     51.0000     11.5192       0.2153E-016
     51.0000     11.6239       0.3036E-016
     51.0000     11.7286       0.3846E-016
     51.0000     11.8333       0.3894E-016
     51.0000     11.9381       0.3404E-016
     51.0000     12.0428       0.2923E-016
     51.0000     12.1475       0.3195E-016
     51.0000     12.2522       0.3151E-016
     51.0000     12.3569       0.4488E-016
     51.0000     12.4617       0.3809E-016
     51.0000     12.5664       0.5515E-016
     51.0000     12.6711       0.7234E-016
     51.0000     12.7758       0.1039E-015
     51.0000     12.8805       0.2251E-015
     51.0000     12.9852       0.1020E-015
     51.0000     13.0900       0.1112E-015
     51.0000     13.1947       0.7851E-016
     51.0000     13.2994       0.6976E-016
     51.0000    -13.4041       0.1765E-015
     51.0000    -13.2994       0.6710E-016
     51.0000    -13.1947       0.7579E-016
     51.0000    -13.0900       0.1112E-015
     51.0000    -12.9852       0.1083E-015
     51.0000    -12.8805       0.2281E-015
     51.0000    -12.7758       0.1093E-015
     51.0000    -12.6711       0.7260E-016
     51.0000    -12.5664       0.5534E-016
     51.0000    -12.4617       0.3836E-016
     51.0000    -12.3569       0.4457E-016
     51.0000    -12.2522       0.3360E-016
     51.0000    -12.1475       0.3358E-016
     51.0000    -12.0428       0.2978E-016
     51.0000    -11.9381       0.3413E-016
     51.0000    -11.8333       0.3914E-016
     51.0000    -11.7286       0.3856E-016
     51.0000    -11.6239       0.3034E-016
     51.0000    -11.5192       0.2160E-016
     51.0000    -11.4145       0.1612E-016
     51.0000    -11.3097       0.1884E-016
     51.0000    -11.2050       0.2155E-016
     51.0000    -11.1003       0.1315E-016
     51.0000    -10.9956       0.3116E-016
     51.0000    -10.8909       0.4666E-016
     51.0000    -10.7861       0.2086E-016
     51.0000    -10.6814       0.3740E-016
     51.0000    -10.5767       0.1412E-016
     51.0000    -10.4720       0.2467E-015
     51.0000    -10.3673       0.2066E-016
     51.0000    -10.2625       0.3106E-016
     51.0000    -10.1578       0.2066E-016
     51.0000    -10.0531       0.7802E-017
     51.0000     -9.9484       0.1355E-014
     51.0000     -9.8437       0.3783E-016
     51.0000     -9.7389       0.1045E-016
     51.0000     -9.6342       0.4778E-016
     51.0000     -9.5295       0.5425E-016
     51.0000     -9.4248       0.3004E-013
     51.0000     -9.3201       0.5241E-016
     51.0000     -9.2153       0.6019E-016
     51.0000     -9.1106       0.1891E-016
     51.0000     -9.0059       0.2238E-016
     51.0000     -8.9012       0.1571E-012
     51.0000     -8.7965       0.1835E-016
     51.0000     -8.6917       0.1079E-016
     51.0000     -8.5870       0.3260E-016
     51.0000     -8.4823       0.4707E-016
     51.0000     -8.3776       0.2218E-011
     51.0000     -8.2729       0.3233E-016
     51.0000     -8.1681       0.3817E-016
     51.0000     -8.0634       0.1037E-016
     51.0000     -7.9587       0.1737E-016
     51.0000     -7.8540       0.3708E-010
     51.0000     -7.7493       0.7976E-017
     51.0000     -7.6445       0.1004E-016
     51.0000     -7.5398       0.7916E-017
     51.0000     -7.4351       0.5104E-017
     51.0000     -7.3304       0.1382E-009
     51.0000     -7.2257       0.4483E-017
     51.0000     -7.1209       0.3973E-017
     51.0000     -7.0162       0.1248E-016
     51.0000     -6.9115       0.6609E-017
     51.0000     -6.8068       0.3293E-008
     51.0000     -6.7021       0.2352E-016
     51.0000     -6.5973       0.8042E-017
     51.0000     -6.4926       0.5745E-017
     51.0000     -6.3879       0.2711E-016
     51.0000     -6.2832       0.4021E-007
     51.0000     -6.1785       0.1261E-016
     51.0000     -6.0737       0.1489E-016
     51.0000     -5.9690       0.1467E-016
     51.0000     -5.8643       0.7661E-016
     51.0000     -5.7596       0.1752E-006
     51.0000     -5.6549       0.1629E-015
     51.0000     -5.5501       0.2406E-016
     51.0000     -5.4454       0.1615E-016
     51.0000     -5.3407       0.1996E-015
     51.0000     -5.2360       0.5036E-005
     51.0000     -5.1313       0.4021E-015
     51.0000     -5.0265       0.3457E-016
     51.0000     -4.9218       0.9458E-016
     51.0000     -4.8171       0.4393E-014
     51.0000     -4.7124       0.5242E-004
     51.0000     -4.6077       0.1055E-013
     51.0000     -4.5029       0.1017E-014
     51.0000     -4.3982       0.1766E-014
     51.0000     -4.2935       0.4644E-013
     51.0000     -4.1888       0.1698E-003
     51.0000     -4.0841       0.1105E-012
     51.0000     -3.9794       0.6403E-014
     51.0000     -3.8746       0.4197E-014
     51.0000     -3.7699       0.8040E-013
     51.0000     -3.6652       0.7982E-002
     51.0000     -3.5605       0.1356E-012
     51.0000     -3.4558       0.1823E-013
     51.0000     -3.3510       0.7537E-013
     51.0000     -3.2463       0.3432E-011
     51.0000     -3.1416       0.4178E-001
     51.0000     -3.0369       0.8157E-011
     51.0000     -2.9322       0.7145E-012
     51.0000     -2.8274       0.9716E-012
     51.0000     -2.7227       0.2053E-010
     51.0000     -2.6180       0.3770     
     51.0000     -2.5133       0.4670E-010
     51.0000     -2.4086       0.2215E-011
     51.0000     -2.3038       0.1077E-011
     51.0000     -2.1991       0.4214E-010
     51.0000     -2.0944        13.07     
     51.0000     -1.9897       0.7171E-010
     51.0000     -1.8850       0.1303E-010
     51.0000     -1.7802       0.4540E-010
     51.0000     -1.6755       0.1739E-008
     51.0000     -1.5708        30.69     
     51.0000     -1.4661       0.3921E-008
     51.0000     -1.3614       0.2979E-009
     51.0000     -1.2566       0.3082E-009
     51.0000     -1.1519       0.4867E-008
     51.0000     -1.0472        1382.     
     51.0000     -0.9425       0.1196E-007
     51.0000     -0.8378       0.5444E-009
     51.0000     -0.7330       0.3514E-009
     51.0000     -0.6283       0.1457E-007
     51.0000     -0.5236       0.2158E+006
     51.0000     -0.4189       0.2212E-007
     51.0000     -0.3142       0.2782E-008
     51.0000     -0.2094       0.5218E-008
     51.0000     -0.1047       0.1129E-006
