    122.0000      0.0000       0.2800E-003
    122.0000      0.1047       0.1226E-015
    122.0000      0.2094       0.1734E-015
    122.0000      0.3142       0.1863E-015
    122.0000      0.4189       0.6823E-014
    122.0000      0.5236       0.1070E+005
    122.0000      0.6283       0.6811E-014
    122.0000      0.7330       0.1719E-015
    122.0000      0.8378       0.1699E-015
    122.0000      0.9425       0.1130E-015
    122.0000      1.0472       0.1917E-007
    122.0000      1.1519       0.9998E-017
    122.0000      1.2566       0.4191E-017
    122.0000      1.3614       0.1340E-016
    122.0000      1.4661       0.3310E-017
    122.0000      1.5708       0.4135E-003
    122.0000      1.6755       0.3670E-017
    122.0000      1.7802       0.1473E-017
    122.0000      1.8850       0.8381E-018
    122.0000      1.9897       0.9058E-018
    122.0000      2.0944       0.4205E-012
    122.0000      2.1991       0.9083E-019
    122.0000      2.3038       0.5313E-019
    122.0000      2.4086       0.5755E-019
    122.0000      2.5133       0.9706E-019
    122.0000      2.6180       0.1944E-010
    122.0000      2.7227       0.8383E-019
    122.0000      2.8274       0.5433E-019
    122.0000      2.9322       0.3206E-019
    122.0000      3.0369       0.2659E-019
    122.0000      3.1416       0.5068E-019
    122.0000      3.2463       0.1840E-019
    122.0000      3.3510       0.1125E-019
    122.0000      3.4558       0.1484E-019
    122.0000      3.5605       0.8641E-020
    122.0000      3.6652       0.1021E-017
    122.0000      3.7699       0.1066E-019
    122.0000      3.8746       0.3224E-019
    122.0000      3.9794       0.1345E-019
    122.0000      4.0841       0.2515E-019
    122.0000      4.1888       0.1539E-019
    122.0000      4.2935       0.1525E-019
    122.0000      4.3982       0.1737E-019
    122.0000      4.5029       0.1370E-019
    122.0000      4.6077       0.1249E-019
    122.0000      4.7124       0.1849E-019
    122.0000      4.8171       0.1220E-019
    122.0000      4.9218       0.2421E-019
    122.0000      5.0265       0.1562E-019
    122.0000      5.1313       0.1621E-019
    122.0000      5.2360       0.1719E-019
    122.0000      5.3407       0.1512E-019
    122.0000      5.4454       0.2257E-019
    122.0000      5.5501       0.1913E-019
    122.0000      5.6549       0.1619E-019
    122.0000      5.7596       0.1993E-019
    122.0000      5.8643       0.1906E-019
    122.0000      5.9690       0.2953E-019
    122.0000      6.0737       0.3009E-019
    122.0000      6.1785       0.7474E-019
    122.0000      6.2832       0.2826E-019
    122.0000      6.3879       0.2087E-019
    122.0000      6.4926       0.2359E-019
    122.0000      6.5973       0.3205E-019
    122.0000     -6.7021       0.2421E-019
    122.0000     -6.5973       0.3290E-019
    122.0000     -6.4926       0.2413E-019
    122.0000     -6.3879       0.3159E-019
    122.0000     -6.2832       0.2643E-019
    122.0000     -6.1785       0.7231E-019
    122.0000     -6.0737       0.3062E-019
    122.0000     -5.9690       0.3953E-019
    122.0000     -5.8643       0.1971E-019
    122.0000     -5.7596       0.2006E-019
    122.0000     -5.6549       0.1588E-019
    122.0000     -5.5501       0.2041E-019
    122.0000     -5.4454       0.2260E-019
    122.0000     -5.3407       0.1475E-019
    122.0000     -5.2360       0.1928E-019
    122.0000     -5.1313       0.1762E-019
    122.0000     -5.0265       0.1543E-019
    122.0000     -4.9218       0.2346E-019
    122.0000     -4.8171       0.1233E-019
    122.0000     -4.7124       0.1778E-019
    122.0000     -4.6077       0.1239E-019
    122.0000     -4.5029       0.1421E-019
    122.0000     -4.3982       0.1725E-019
    122.0000     -4.2935       0.1505E-019
    122.0000     -4.1888       0.1382E-019
    122.0000     -4.0841       0.2610E-019
    122.0000     -3.9794       0.1369E-019
    122.0000     -3.8746       0.3123E-019
    122.0000     -3.7699       0.1040E-019
    122.0000     -3.6652       0.1037E-017
    122.0000     -3.5605       0.8657E-020
    122.0000     -3.4558       0.1546E-019
    122.0000     -3.3510       0.1127E-019
    122.0000     -3.2463       0.1798E-019
    122.0000     -3.1416       0.5195E-019
    122.0000     -3.0369       0.2744E-019
    122.0000     -2.9322       0.3181E-019
    122.0000     -2.8274       0.5431E-019
    122.0000     -2.7227       0.8383E-019
    122.0000     -2.6180       0.1975E-010
    122.0000     -2.5133       0.9759E-019
    122.0000     -2.4086       0.5642E-019
    122.0000     -2.3038       0.5279E-019
    122.0000     -2.1991       0.8931E-019
    122.0000     -2.0944       0.4205E-012
    122.0000     -1.9897       0.9129E-018
    122.0000     -1.8850       0.8298E-018
    122.0000     -1.7802       0.1490E-017
    122.0000     -1.6755       0.3665E-017
    122.0000     -1.5708       0.4135E-003
    122.0000     -1.4661       0.3292E-017
    122.0000     -1.3614       0.1339E-016
    122.0000     -1.2566       0.4165E-017
    122.0000     -1.1519       0.9971E-017
    122.0000     -1.0472       0.1917E-007
    122.0000     -0.9425       0.1128E-015
    122.0000     -0.8378       0.1700E-015
    122.0000     -0.7330       0.1720E-015
    122.0000     -0.6283       0.6810E-014
    122.0000     -0.5236       0.1070E+005
    122.0000     -0.4189       0.6823E-014
    122.0000     -0.3142       0.1865E-015
    122.0000     -0.2094       0.1734E-015
    122.0000     -0.1047       0.1222E-015
