     23.0000      0.0000       0.2189E-005
     23.0000      0.1047       0.1220E-016
     23.0000      0.2094       0.1852E-016
     23.0000      0.3142       0.2010E-016
     23.0000      0.4189       0.1225E-016
     23.0000      0.5236        873.8     
     23.0000      0.6283       0.1213E-016
     23.0000      0.7330       0.1842E-016
     23.0000      0.8378       0.1845E-016
     23.0000      0.9425       0.1115E-016
     23.0000      1.0472       0.1465E-014
     23.0000      1.1519       0.1177E-017
     23.0000      1.2566       0.3830E-018
     23.0000      1.3614       0.1887E-017
     23.0000      1.4661       0.3703E-018
     23.0000      1.5708       0.2568E-004
     23.0000      1.6755       0.4106E-018
     23.0000      1.7802       0.1698E-018
     23.0000      1.8850       0.2067E-018
     23.0000      1.9897       0.1368E-018
     23.0000      2.0944       0.2276E-019
     23.0000      2.1991       0.4696E-019
     23.0000      2.3038       0.9990E-020
     23.0000      2.4086       0.4558E-019
     23.0000      2.5133       0.3310E-019
     23.0000      2.6180       0.1016E-011
     23.0000      2.7227       0.1864E-019
     23.0000      2.8274       0.1104E-019
     23.0000      2.9322       0.1756E-019
     23.0000      3.0369       0.1283E-018
     23.0000      3.1416       0.1821E-019
     23.0000      3.2463       0.1620E-019
     23.0000     -3.3510       0.1466E-019
     23.0000     -3.2463       0.1617E-019
     23.0000     -3.1416       0.1553E-019
     23.0000     -3.0369       0.1235E-018
     23.0000     -2.9322       0.1868E-019
     23.0000     -2.8274       0.1162E-019
     23.0000     -2.7227       0.1952E-019
     23.0000     -2.6180       0.1016E-011
     23.0000     -2.5133       0.3307E-019
     23.0000     -2.4086       0.4273E-019
     23.0000     -2.3038       0.8628E-020
     23.0000     -2.1991       0.4178E-019
     23.0000     -2.0944       0.2432E-019
     23.0000     -1.9897       0.1402E-018
     23.0000     -1.8850       0.2039E-018
     23.0000     -1.7802       0.1692E-018
     23.0000     -1.6755       0.4098E-018
     23.0000     -1.5708       0.2568E-004
     23.0000     -1.4661       0.3700E-018
     23.0000     -1.3614       0.1903E-017
     23.0000     -1.2566       0.3836E-018
     23.0000     -1.1519       0.1183E-017
     23.0000     -1.0472       0.1465E-014
     23.0000     -0.9425       0.1115E-016
     23.0000     -0.8378       0.1846E-016
     23.0000     -0.7330       0.1841E-016
     23.0000     -0.6283       0.1213E-016
     23.0000     -0.5236        873.8     
     23.0000     -0.4189       0.1225E-016
     23.0000     -0.3142       0.2000E-016
     23.0000     -0.2094       0.1852E-016
     23.0000     -0.1047       0.1213E-016
