     75.0000      0.0000       0.7300E+005
     75.0000      0.1047       0.9092E-005
     75.0000      0.2094       0.5107E-003
     75.0000      0.3142       0.1515E-003
     75.0000      0.4189       0.8345E-005
     75.0000      0.5236       0.1846E+006
     75.0000      0.6283       0.6730E-005
     75.0000      0.7330       0.6308E-004
     75.0000      0.8378       0.5243E-004
     75.0000      0.9425       0.8049E-006
     75.0000      1.0472        2254.     
     75.0000      1.1519       0.6937E-006
     75.0000      1.2566       0.1264E-004
     75.0000      1.3614       0.7196E-005
     75.0000      1.4661       0.2429E-006
     75.0000      1.5708        350.9     
     75.0000      1.6755       0.1027E-006
     75.0000      1.7802       0.1807E-005
     75.0000      1.8850       0.1103E-005
     75.0000      1.9897       0.1837E-007
     75.0000      2.0944        30.26     
     75.0000      2.1991       0.1091E-007
     75.0000      2.3038       0.3158E-006
     75.0000      2.4086       0.1432E-006
     75.0000      2.5133       0.2642E-008
     75.0000      2.6180        1.282     
     75.0000      2.7227       0.6073E-009
     75.0000      2.8274       0.3348E-007
     75.0000      2.9322       0.1560E-007
     75.0000      3.0369       0.2706E-009
     75.0000      3.1416       0.1942     
     75.0000      3.2463       0.1198E-009
     75.0000      3.3510       0.4221E-008
     75.0000      3.4558       0.2424E-008
     75.0000      3.5605       0.4312E-010
     75.0000      3.6652       0.3119E-001
     75.0000      3.7699       0.1241E-010
     75.0000      3.8746       0.5085E-009
     75.0000      3.9794       0.2758E-009
     75.0000      4.0841       0.5748E-011
     75.0000      4.1888       0.5579E-002
     75.0000      4.2935       0.2086E-011
     75.0000      4.3982       0.7411E-010
     75.0000      4.5029       0.3923E-010
     75.0000      4.6077       0.6960E-012
     75.0000      4.7124       0.1027E-002
     75.0000      4.8171       0.3215E-012
     75.0000      4.9218       0.1057E-010
     75.0000      5.0265       0.5256E-011
     75.0000      5.1313       0.9834E-013
     75.0000      5.2360       0.2329E-003
     75.0000      5.3407       0.4624E-013
     75.0000      5.4454       0.1535E-011
     75.0000      5.5501       0.7720E-012
     75.0000      5.6549       0.1808E-013
     75.0000      5.7596       0.2183E-004
     75.0000      5.8643       0.8252E-014
     75.0000      5.9690       0.2332E-012
     75.0000      6.0737       0.1422E-012
     75.0000      6.1785       0.1995E-014
     75.0000      6.2832       0.5377E-005
     75.0000      6.3879       0.1701E-014
     75.0000      6.4926       0.2979E-013
     75.0000      6.5973       0.1771E-013
     75.0000      6.7021       0.3079E-015
     75.0000      6.8068       0.3968E-006
     75.0000      6.9115       0.1526E-015
     75.0000      7.0162       0.2725E-014
     75.0000      7.1209       0.1426E-014
     75.0000      7.2257       0.3785E-016
     75.0000      7.3304       0.3196E-007
     75.0000      7.4351       0.1645E-016
     75.0000      7.5398       0.2769E-015
     75.0000      7.6445       0.1684E-015
     75.0000      7.7493       0.1475E-016
     75.0000      7.8540       0.2829E-008
     75.0000      7.9587       0.2510E-016
     75.0000      8.0634       0.4821E-016
     75.0000      8.1681       0.6747E-016
     75.0000      8.2729       0.4637E-016
     75.0000      8.3776       0.4459E-009
     75.0000      8.4823       0.6919E-016
     75.0000      8.5870       0.4707E-016
     75.0000      8.6917       0.1874E-016
     75.0000      8.7965       0.2692E-016
     75.0000      8.9012       0.2781E-010
     75.0000      9.0059       0.3509E-016
     75.0000      9.1106       0.3086E-016
     75.0000      9.2153       0.1014E-015
     75.0000      9.3201       0.8322E-016
     75.0000      9.4248       0.5852E-011
     75.0000      9.5295       0.9137E-016
     75.0000      9.6342       0.7956E-016
     75.0000      9.7389       0.1628E-016
     75.0000      9.8437       0.6621E-016
     75.0000      9.9484       0.1598E-011
     75.0000     10.0531       0.1407E-016
     75.0000     10.1578       0.3751E-016
     75.0000     10.2625       0.5641E-016
     75.0000     10.3673       0.3510E-016
     75.0000     10.4720       0.3396E-012
     75.0000     10.5767       0.2764E-016
     75.0000     10.6814       0.7275E-016
     75.0000     10.7861       0.4029E-016
     75.0000     10.8909       0.9127E-016
     75.0000     10.9956       0.3968E-013
     75.0000     11.1003       0.2728E-016
     75.0000     11.2050       0.4355E-016
     75.0000     11.3097       0.3840E-016
     75.0000     11.4145       0.3254E-016
     75.0000     11.5192       0.3012E-014
     75.0000     11.6239       0.6753E-016
     75.0000     11.7286       0.8828E-016
     75.0000     11.8333       0.9027E-016
     75.0000     11.9381       0.8378E-016
     75.0000     12.0428       0.6123E-015
     75.0000     12.1475       0.7981E-016
     75.0000     12.2522       0.8690E-016
     75.0000     12.3569       0.1467E-015
     75.0000     12.4617       0.1114E-015
     75.0000     12.5664       0.1914E-015
     75.0000     12.6711       0.2057E-015
     75.0000     12.7758       0.2586E-015
     75.0000     12.8805       0.6117E-015
     75.0000     12.9852       0.2558E-015
     75.0000     13.0900       0.3000E-015
     75.0000     13.1947       0.2397E-015
     75.0000     13.2994       0.2204E-015
     75.0000    -13.4041       0.4485E-015
     75.0000    -13.2994       0.2133E-015
     75.0000    -13.1947       0.2315E-015
     75.0000    -13.0900       0.3043E-015
     75.0000    -12.9852       0.2724E-015
     75.0000    -12.8805       0.6058E-015
     75.0000    -12.7758       0.2663E-015
     75.0000    -12.6711       0.2085E-015
     75.0000    -12.5664       0.1798E-015
     75.0000    -12.4617       0.1108E-015
     75.0000    -12.3569       0.1455E-015
     75.0000    -12.2522       0.9296E-016
     75.0000    -12.1475       0.8578E-016
     75.0000    -12.0428       0.5795E-015
     75.0000    -11.9381       0.8388E-016
     75.0000    -11.8333       0.9111E-016
     75.0000    -11.7286       0.8843E-016
     75.0000    -11.6239       0.6845E-016
     75.0000    -11.5192       0.3097E-014
     75.0000    -11.4145       0.3308E-016
     75.0000    -11.3097       0.3963E-016
     75.0000    -11.2050       0.4528E-016
     75.0000    -11.1003       0.2775E-016
     75.0000    -10.9956       0.4746E-013
     75.0000    -10.8909       0.9145E-016
     75.0000    -10.7861       0.4055E-016
     75.0000    -10.6814       0.7327E-016
     75.0000    -10.5767       0.2766E-016
     75.0000    -10.4720       0.3593E-012
     75.0000    -10.3673       0.3505E-016
     75.0000    -10.2625       0.5662E-016
     75.0000    -10.1578       0.3758E-016
     75.0000    -10.0531       0.1421E-016
     75.0000     -9.9484       0.1280E-011
     75.0000     -9.8437       0.6638E-016
     75.0000     -9.7389       0.1639E-016
     75.0000     -9.6342       0.7973E-016
     75.0000     -9.5295       0.9148E-016
     75.0000     -9.4248       0.6678E-011
     75.0000     -9.3201       0.8319E-016
     75.0000     -9.2153       0.1012E-015
     75.0000     -9.1106       0.3074E-016
     75.0000     -9.0059       0.3507E-016
     75.0000     -8.9012       0.3624E-010
     75.0000     -8.7965       0.2700E-016
     75.0000     -8.6917       0.1859E-016
     75.0000     -8.5870       0.4649E-016
     75.0000     -8.4823       0.6944E-016
     75.0000     -8.3776       0.4768E-009
     75.0000     -8.2729       0.4633E-016
     75.0000     -8.1681       0.6838E-016
     75.0000     -8.0634       0.4737E-016
     75.0000     -7.9587       0.2499E-016
     75.0000     -7.8540       0.3501E-008
     75.0000     -7.7493       0.1533E-016
     75.0000     -7.6445       0.1572E-015
     75.0000     -7.5398       0.3240E-015
     75.0000     -7.4351       0.1858E-016
     75.0000     -7.3304       0.3515E-007
     75.0000     -7.2257       0.3409E-016
     75.0000     -7.1209       0.1495E-014
     75.0000     -7.0162       0.2421E-014
     75.0000     -6.9115       0.1502E-015
     75.0000     -6.8068       0.4642E-006
     75.0000     -6.7021       0.2939E-015
     75.0000     -6.5973       0.1588E-013
     75.0000     -6.4926       0.3062E-013
     75.0000     -6.3879       0.1692E-014
     75.0000     -6.2832       0.3340E-005
     75.0000     -6.1785       0.2038E-014
     75.0000     -6.0737       0.1334E-012
     75.0000     -5.9690       0.2348E-012
     75.0000     -5.8643       0.7387E-014
     75.0000     -5.7596       0.2657E-004
     75.0000     -5.6549       0.1711E-013
     75.0000     -5.5501       0.7797E-012
     75.0000     -5.4454       0.1607E-011
     75.0000     -5.3407       0.4226E-013
     75.0000     -5.2360       0.2174E-003
     75.0000     -5.1313       0.9648E-013
     75.0000     -5.0265       0.5203E-011
     75.0000     -4.9218       0.1081E-010
     75.0000     -4.8171       0.3115E-012
     75.0000     -4.7124       0.1028E-002
     75.0000     -4.6077       0.6961E-012
     75.0000     -4.5029       0.3848E-010
     75.0000     -4.3982       0.7360E-010
     75.0000     -4.2935       0.2023E-011
     75.0000     -4.1888       0.5498E-002
     75.0000     -4.0841       0.5572E-011
     75.0000     -3.9794       0.2806E-009
     75.0000     -3.8746       0.5146E-009
     75.0000     -3.7699       0.1223E-010
     75.0000     -3.6652       0.3106E-001
     75.0000     -3.5605       0.4364E-010
     75.0000     -3.4558       0.2369E-008
     75.0000     -3.3510       0.4218E-008
     75.0000     -3.2463       0.1175E-009
     75.0000     -3.1416       0.1822     
     75.0000     -3.0369       0.2748E-009
     75.0000     -2.9322       0.1565E-007
     75.0000     -2.8274       0.3334E-007
     75.0000     -2.7227       0.6118E-009
     75.0000     -2.6180        1.303     
     75.0000     -2.5133       0.2650E-008
     75.0000     -2.4086       0.1434E-006
     75.0000     -2.3038       0.3159E-006
     75.0000     -2.1991       0.1096E-007
     75.0000     -2.0944        30.30     
     75.0000     -1.9897       0.1851E-007
     75.0000     -1.8850       0.1103E-005
     75.0000     -1.7802       0.1808E-005
     75.0000     -1.6755       0.1029E-006
     75.0000     -1.5708        350.9     
     75.0000     -1.4661       0.2436E-006
     75.0000     -1.3614       0.7203E-005
     75.0000     -1.2566       0.1265E-004
     75.0000     -1.1519       0.6962E-006
     75.0000     -1.0472        2254.     
     75.0000     -0.9425       0.8086E-006
     75.0000     -0.8378       0.5246E-004
     75.0000     -0.7330       0.6314E-004
     75.0000     -0.6283       0.6744E-005
     75.0000     -0.5236       0.1846E+006
     75.0000     -0.4189       0.8358E-005
     75.0000     -0.3142       0.1515E-003
     75.0000     -0.2094       0.5107E-003
     75.0000     -0.1047       0.9092E-005
