    150.0000      0.0000       0.8607E+005
    150.0000      0.1047        190.5     
    150.0000      0.2094        2770.     
    150.0000      0.3142        2085.     
    150.0000      0.4189        122.3     
    150.0000      0.5236       0.1722E+006
    150.0000      0.6283        118.2     
    150.0000      0.7330        383.8     
    150.0000      0.8378        303.2     
    150.0000      0.9425        15.51     
    150.0000      1.0472        2066.     
    150.0000      1.1519        10.68     
    150.0000      1.2566        94.23     
    150.0000      1.3614        76.47     
    150.0000      1.4661        9.370     
    150.0000      1.5708        196.7     
    150.0000      1.6755        2.926     
    150.0000      1.7802        7.434     
    150.0000      1.8850        6.470     
    150.0000      1.9897       0.4591     
    150.0000      2.0944        16.02     
    150.0000      2.1991       0.3711     
    150.0000      2.3038       0.8960     
    150.0000      2.4086       0.3889     
    150.0000      2.5133       0.4459E-001
    150.0000      2.6180        1.487     
    150.0000      2.7227       0.2480E-001
    150.0000      2.8274       0.7409E-001
    150.0000      2.9322       0.4457E-001
    150.0000      3.0369       0.4876E-002
    150.0000      3.1416       0.2102     
    150.0000      3.2463       0.4083E-002
    150.0000      3.3510       0.6471E-002
    150.0000      3.4558       0.6848E-002
    150.0000      3.5605       0.9218E-003
    150.0000      3.6652       0.7945E-001
    150.0000      3.7699       0.5521E-003
    150.0000      3.8746       0.1442E-002
    150.0000      3.9794       0.1271E-002
    150.0000      4.0841       0.1908E-003
    150.0000      4.1888       0.3081E-001
    150.0000      4.2935       0.1394E-003
    150.0000      4.3982       0.5065E-003
    150.0000      4.5029       0.5796E-003
    150.0000      4.6077       0.6976E-004
    150.0000      4.7124       0.9899E-002
    150.0000      4.8171       0.4445E-004
    150.0000      4.9218       0.1410E-003
    150.0000      5.0265       0.1628E-003
    150.0000      5.1313       0.2546E-004
    150.0000      5.2360       0.2883E-002
    150.0000      5.3407       0.1630E-004
    150.0000      5.4454       0.4858E-004
    150.0000      5.5501       0.5627E-004
    150.0000      5.6549       0.6954E-005
    150.0000      5.7596       0.6078E-003
    150.0000      5.8643       0.3566E-005
    150.0000      5.9690       0.1315E-004
    150.0000      6.0737       0.1155E-004
    150.0000      6.1785       0.2048E-005
    150.0000      6.2832       0.1449E-003
    150.0000      6.3879       0.6698E-006
    150.0000      6.4926       0.3359E-005
    150.0000      6.5973       0.3665E-005
    150.0000      6.7021       0.4131E-006
    150.0000      6.8068       0.2831E-004
    150.0000      6.9115       0.1628E-006
    150.0000      7.0162       0.5890E-006
    150.0000      7.1209       0.3701E-006
    150.0000      7.2257       0.6830E-007
    150.0000      7.3304       0.4026E-005
    150.0000      7.4351       0.2651E-007
    150.0000      7.5398       0.9147E-007
    150.0000      7.6445       0.6641E-007
    150.0000      7.7493       0.9744E-008
    150.0000      7.8540       0.6847E-006
    150.0000      7.9587       0.5241E-008
    150.0000      8.0634       0.1744E-007
    150.0000      8.1681       0.7501E-008
    150.0000      8.2729       0.1584E-008
    150.0000      8.3776       0.1730E-006
    150.0000      8.4823       0.9629E-009
    150.0000      8.5870       0.1735E-008
    150.0000      8.6917       0.1352E-008
    150.0000      8.7965       0.2353E-009
    150.0000      8.9012       0.1547E-007
    150.0000      9.0059       0.7887E-010
    150.0000      9.1106       0.2365E-009
    150.0000      9.2153       0.1795E-009
    150.0000      9.3201       0.2954E-010
    150.0000      9.4248       0.1945E-008
    150.0000      9.5295       0.8827E-011
    150.0000      9.6342       0.3187E-010
    150.0000      9.7389       0.2294E-010
    150.0000      9.8437       0.2755E-011
    150.0000      9.9484       0.3185E-009
    150.0000     10.0531       0.1943E-011
    150.0000     10.1578       0.7032E-011
    150.0000     10.2625       0.4591E-011
    150.0000     10.3673       0.1245E-011
    150.0000     10.4720       0.1166E-009
    150.0000     10.5767       0.5174E-012
    150.0000     10.6814       0.1785E-011
    150.0000     10.7861       0.1857E-011
    150.0000     10.8909       0.3179E-012
    150.0000     10.9956       0.2158E-010
    150.0000     11.1003       0.1390E-012
    150.0000     11.2050       0.3842E-012
    150.0000     11.3097       0.3785E-012
    150.0000     11.4145       0.4901E-013
    150.0000     11.5192       0.4758E-011
    150.0000     11.6239       0.3531E-013
    150.0000     11.7286       0.9045E-013
    150.0000     11.8333       0.9983E-013
    150.0000     11.9381       0.1663E-013
    150.0000     12.0428       0.1196E-011
    150.0000     12.1475       0.1157E-013
    150.0000     12.2522       0.2761E-013
    150.0000     12.3569       0.2451E-013
    150.0000     12.4617       0.5912E-014
    150.0000     12.5664       0.2548E-012
    150.0000     12.6711       0.1130E-013
    150.0000     12.7758       0.1214E-013
    150.0000     12.8805       0.2136E-013
    150.0000     12.9852       0.7252E-014
    150.0000     13.0900       0.4509E-013
    150.0000     13.1947       0.1996E-013
    150.0000     13.2994       0.8716E-014
    150.0000    -13.4041       0.2234E-013
    150.0000    -13.2994       0.8275E-014
    150.0000    -13.1947       0.2406E-013
    150.0000    -13.0900       0.3184E-013
    150.0000    -12.9852       0.7146E-014
    150.0000    -12.8805       0.1975E-013
    150.0000    -12.7758       0.1048E-013
    150.0000    -12.6711       0.1598E-013
    150.0000    -12.5664       0.1410E-012
    150.0000    -12.4617       0.4607E-014
    150.0000    -12.3569       0.2447E-013
    150.0000    -12.2522       0.1858E-013
    150.0000    -12.1475       0.1157E-013
    150.0000    -12.0428       0.7585E-012
    150.0000    -11.9381       0.1223E-013
    150.0000    -11.8333       0.6067E-013
    150.0000    -11.7286       0.7191E-013
    150.0000    -11.6239       0.3461E-013
    150.0000    -11.5192       0.3231E-011
    150.0000    -11.4145       0.4401E-013
    150.0000    -11.3097       0.3437E-012
    150.0000    -11.2050       0.3590E-012
    150.0000    -11.1003       0.1070E-012
    150.0000    -10.9956       0.2085E-010
    150.0000    -10.8909       0.2244E-012
    150.0000    -10.7861       0.1263E-011
    150.0000    -10.6814       0.1514E-011
    150.0000    -10.5767       0.4026E-012
    150.0000    -10.4720       0.7839E-010
    150.0000    -10.3673       0.7339E-012
    150.0000    -10.2625       0.3616E-011
    150.0000    -10.1578       0.5587E-011
    150.0000    -10.0531       0.1200E-011
    150.0000     -9.9484       0.3757E-009
    150.0000     -9.8437       0.2466E-011
    150.0000     -9.7389       0.1432E-010
    150.0000     -9.6342       0.2002E-010
    150.0000     -9.5295       0.6973E-011
    150.0000     -9.4248       0.1110E-008
    150.0000     -9.3201       0.1281E-010
    150.0000     -9.2153       0.9830E-010
    150.0000     -9.1106       0.1637E-009
    150.0000     -9.0059       0.7665E-010
    150.0000     -8.9012       0.8692E-008
    150.0000     -8.7965       0.1242E-009
    150.0000     -8.6917       0.8777E-009
    150.0000     -8.5870       0.1670E-008
    150.0000     -8.4823       0.5645E-009
    150.0000     -8.3776       0.1102E-006
    150.0000     -8.2729       0.1431E-008
    150.0000     -8.1681       0.6284E-008
    150.0000     -8.0634       0.1143E-007
    150.0000     -7.9587       0.4180E-008
    150.0000     -7.8540       0.5570E-006
    150.0000     -7.7493       0.6727E-008
    150.0000     -7.6445       0.4177E-007
    150.0000     -7.5398       0.8732E-007
    150.0000     -7.4351       0.2851E-007
    150.0000     -7.3304       0.2937E-005
    150.0000     -7.2257       0.4962E-007
    150.0000     -7.1209       0.3845E-006
    150.0000     -7.0162       0.4884E-006
    150.0000     -6.9115       0.1747E-006
    150.0000     -6.8068       0.2740E-004
    150.0000     -6.7021       0.3101E-006
    150.0000     -6.5973       0.3600E-005
    150.0000     -6.4926       0.2452E-005
    150.0000     -6.3879       0.8995E-006
    150.0000     -6.2832       0.1352E-003
    150.0000     -6.1785       0.1809E-005
    150.0000     -6.0737       0.1507E-004
    150.0000     -5.9690       0.1291E-004
    150.0000     -5.8643       0.3031E-005
    150.0000     -5.7596       0.5152E-003
    150.0000     -5.6549       0.6817E-005
    150.0000     -5.5501       0.4820E-004
    150.0000     -5.4454       0.4076E-004
    150.0000     -5.3407       0.1312E-004
    150.0000     -5.2360       0.2877E-002
    150.0000     -5.1313       0.2219E-004
    150.0000     -5.0265       0.1468E-003
    150.0000     -4.9218       0.1402E-003
    150.0000     -4.8171       0.4324E-004
    150.0000     -4.7124       0.8962E-002
    150.0000     -4.6077       0.5717E-004
    150.0000     -4.5029       0.4435E-003
    150.0000     -4.3982       0.4509E-003
    150.0000     -4.2935       0.1310E-003
    150.0000     -4.1888       0.2640E-001
    150.0000     -4.0841       0.1812E-003
    150.0000     -3.9794       0.1327E-002
    150.0000     -3.8746       0.1481E-002
    150.0000     -3.7699       0.5716E-003
    150.0000     -3.6652       0.6935E-001
    150.0000     -3.5605       0.8652E-003
    150.0000     -3.4558       0.7021E-002
    150.0000     -3.3510       0.6098E-002
    150.0000     -3.2463       0.3983E-002
    150.0000     -3.1416       0.2016     
    150.0000     -3.0369       0.4545E-002
    150.0000     -2.9322       0.4406E-001
    150.0000     -2.8274       0.7242E-001
    150.0000     -2.7227       0.2625E-001
    150.0000     -2.6180        1.500     
    150.0000     -2.5133       0.4462E-001
    150.0000     -2.4086       0.3922     
    150.0000     -2.3038       0.8517     
    150.0000     -2.1991       0.3562     
    150.0000     -2.0944        16.06     
    150.0000     -1.9897       0.4139     
    150.0000     -1.8850        6.473     
    150.0000     -1.7802        7.226     
    150.0000     -1.6755        2.691     
    150.0000     -1.5708        197.4     
    150.0000     -1.4661        8.725     
    150.0000     -1.3614        75.58     
    150.0000     -1.2566        92.13     
    150.0000     -1.1519        11.25     
    150.0000     -1.0472        2072.     
    150.0000     -0.9425        15.74     
    150.0000     -0.8378        298.2     
    150.0000     -0.7330        364.5     
    150.0000     -0.6283        118.6     
    150.0000     -0.5236       0.1723E+006
    150.0000     -0.4189        128.4     
    150.0000     -0.3142        2001.     
    150.0000     -0.2094        2724.     
    150.0000     -0.1047        205.2     
