     75.0000      0.0000       0.4953E+005
     75.0000      0.1047       0.8975E-005
     75.0000      0.2094       0.3539E-006
     75.0000      0.3142       0.4599E-006
     75.0000      0.4189       0.1152E-004
     75.0000      0.5236       0.1964E+006
     75.0000      0.6283       0.5744E-005
     75.0000      0.7330       0.2668E-006
     75.0000      0.8378       0.1404E-006
     75.0000      0.9425       0.8878E-006
     75.0000      1.0472        2439.     
     75.0000      1.1519       0.6577E-006
     75.0000      1.2566       0.2597E-007
     75.0000      1.3614       0.1415E-007
     75.0000      1.4661       0.1378E-006
     75.0000      1.5708        72.82     
     75.0000      1.6755       0.8229E-007
     75.0000      1.7802       0.1571E-008
     75.0000      1.8850       0.1408E-008
     75.0000      1.9897       0.1661E-007
     75.0000      2.0944        1.547     
     75.0000      2.1991       0.5516E-008
     75.0000      2.3038       0.1641E-009
     75.0000      2.4086       0.7377E-010
     75.0000      2.5133       0.1755E-008
     75.0000      2.6180       0.2390     
     75.0000      2.7227       0.1632E-009
     75.0000      2.8274       0.2880E-010
     75.0000      2.9322       0.5616E-011
     75.0000      3.0369       0.1135E-009
     75.0000      3.1416       0.4152E-001
     75.0000      3.2463       0.3012E-010
     75.0000      3.3510       0.2693E-011
     75.0000      3.4558       0.1069E-011
     75.0000      3.5605       0.7203E-011
     75.0000      3.6652       0.5083E-002
     75.0000      3.7699       0.5677E-011
     75.0000      3.8746       0.1771E-012
     75.0000      3.9794       0.1181E-012
     75.0000      4.0841       0.1167E-011
     75.0000      4.1888       0.4868E-003
     75.0000      4.2935       0.4791E-012
     75.0000      4.3982       0.2204E-013
     75.0000      4.5029       0.7533E-014
     75.0000      4.6077       0.1597E-012
     75.0000      4.7124       0.7050E-004
     75.0000      4.8171       0.3626E-013
     75.0000      4.9218       0.3003E-014
     75.0000      5.0265       0.1365E-014
     75.0000      5.1313       0.1304E-013
     75.0000      5.2360       0.5443E-005
     75.0000      5.3407       0.3690E-014
     75.0000      5.4454       0.3127E-015
     75.0000      5.5501       0.1507E-015
     75.0000      5.6549       0.8715E-015
     75.0000      5.7596       0.1133E-005
     75.0000      5.8643       0.5350E-015
     75.0000      5.9690       0.3172E-016
     75.0000      6.0737       0.3219E-016
     75.0000      6.1785       0.1180E-015
     75.0000      6.2832       0.7432E-007
     75.0000      6.3879       0.8955E-016
     75.0000      6.4926       0.8540E-017
     75.0000      6.5973       0.1227E-016
     75.0000      6.7021       0.4168E-016
     75.0000      6.8068       0.5237E-008
     75.0000      6.9115       0.1038E-016
     75.0000      7.0162       0.1618E-016
     75.0000      7.1209       0.5431E-017
     75.0000      7.2257       0.8321E-017
     75.0000      7.3304       0.2838E-009
     75.0000      7.4351       0.6872E-017
     75.0000      7.5398       0.1095E-016
     75.0000      7.6445       0.1306E-016
     75.0000      7.7493       0.1083E-016
     75.0000      7.8540       0.3109E-010
     75.0000      7.9587       0.2636E-016
     75.0000      8.0634       0.1531E-016
     75.0000      8.1681       0.5380E-016
     75.0000      8.2729       0.4762E-016
     75.0000      8.3776       0.4616E-011
     75.0000      8.4823       0.6702E-016
     75.0000      8.5870       0.4784E-016
     75.0000      8.6917       0.1660E-016
     75.0000      8.7965       0.2904E-016
     75.0000      8.9012       0.3222E-012
     75.0000      9.0059       0.3287E-016
     75.0000      9.1106       0.2840E-016
     75.0000      9.2153       0.9188E-016
     75.0000      9.3201       0.8367E-016
     75.0000      9.4248       0.5358E-013
     75.0000      9.5295       0.8965E-016
     75.0000      9.6342       0.7962E-016
     75.0000      9.7389       0.1879E-016
     75.0000      9.8437       0.6291E-016
     75.0000      9.9484       0.3109E-013
     75.0000     10.0531       0.1347E-016
     75.0000     10.1578       0.3486E-016
     75.0000     10.2625       0.5410E-016
     75.0000     10.3673       0.3806E-016
     75.0000     10.4720       0.1162E-014
     75.0000     10.5767       0.2742E-016
     75.0000     10.6814       0.6407E-016
     75.0000     10.7861       0.4014E-016
     75.0000     10.8909       0.8987E-016
     75.0000     10.9956       0.6509E-016
     75.0000     11.1003       0.2560E-016
     75.0000     11.2050       0.4660E-016
     75.0000     11.3097       0.3874E-016
     75.0000     11.4145       0.3547E-016
     75.0000     11.5192       0.5088E-016
     75.0000     11.6239       0.7126E-016
     75.0000     11.7286       0.8645E-016
     75.0000     11.8333       0.8991E-016
     75.0000     11.9381       0.8403E-016
     75.0000     12.0428       0.6812E-016
     75.0000     12.1475       0.8226E-016
     75.0000     12.2522       0.7992E-016
     75.0000     12.3569       0.1264E-015
     75.0000     12.4617       0.9641E-016
     75.0000     12.5664       0.1508E-015
     75.0000     12.6711       0.1926E-015
     75.0000     12.7758       0.2808E-015
     75.0000     12.8805       0.6115E-015
     75.0000     12.9852       0.2579E-015
     75.0000     13.0900       0.2960E-015
     75.0000     13.1947       0.2292E-015
     75.0000     13.2994       0.2224E-015
     75.0000    -13.4041       0.4583E-015
     75.0000    -13.2994       0.2102E-015
     75.0000    -13.1947       0.2219E-015
     75.0000    -13.0900       0.2987E-015
     75.0000    -12.9852       0.2708E-015
     75.0000    -12.8805       0.6044E-015
     75.0000    -12.7758       0.2933E-015
     75.0000    -12.6711       0.1913E-015
     75.0000    -12.5664       0.1516E-015
     75.0000    -12.4617       0.9812E-016
     75.0000    -12.3569       0.1261E-015
     75.0000    -12.2522       0.8628E-016
     75.0000    -12.1475       0.8673E-016
     75.0000    -12.0428       0.6993E-016
     75.0000    -11.9381       0.8422E-016
     75.0000    -11.8333       0.9039E-016
     75.0000    -11.7286       0.8753E-016
     75.0000    -11.6239       0.7219E-016
     75.0000    -11.5192       0.5291E-016
     75.0000    -11.4145       0.3665E-016
     75.0000    -11.3097       0.3992E-016
     75.0000    -11.2050       0.4803E-016
     75.0000    -11.1003       0.2637E-016
     75.0000    -10.9956       0.8417E-016
     75.0000    -10.8909       0.8998E-016
     75.0000    -10.7861       0.4021E-016
     75.0000    -10.6814       0.6401E-016
     75.0000    -10.5767       0.2784E-016
     75.0000    -10.4720       0.2703E-014
     75.0000    -10.3673       0.3781E-016
     75.0000    -10.2625       0.5466E-016
     75.0000    -10.1578       0.3477E-016
     75.0000    -10.0531       0.1349E-016
     75.0000     -9.9484       0.4622E-013
     75.0000     -9.8437       0.6315E-016
     75.0000     -9.7389       0.1889E-016
     75.0000     -9.6342       0.7960E-016
     75.0000     -9.5295       0.8944E-016
     75.0000     -9.4248       0.8852E-013
     75.0000     -9.3201       0.8375E-016
     75.0000     -9.2153       0.9198E-016
     75.0000     -9.1106       0.2841E-016
     75.0000     -9.0059       0.3286E-016
     75.0000     -8.9012       0.3501E-012
     75.0000     -8.7965       0.2912E-016
     75.0000     -8.6917       0.1658E-016
     75.0000     -8.5870       0.4790E-016
     75.0000     -8.4823       0.6698E-016
     75.0000     -8.3776       0.5380E-011
     75.0000     -8.2729       0.4759E-016
     75.0000     -8.1681       0.5381E-016
     75.0000     -8.0634       0.1532E-016
     75.0000     -7.9587       0.2637E-016
     75.0000     -7.8540       0.4260E-010
     75.0000     -7.7493       0.1091E-016
     75.0000     -7.6445       0.1308E-016
     75.0000     -7.5398       0.1096E-016
     75.0000     -7.4351       0.6914E-017
     75.0000     -7.3304       0.3466E-009
     75.0000     -7.2257       0.8371E-017
     75.0000     -7.1209       0.5432E-017
     75.0000     -7.0162       0.1616E-016
     75.0000     -6.9115       0.1044E-016
     75.0000     -6.8068       0.6562E-008
     75.0000     -6.7021       0.4232E-016
     75.0000     -6.5973       0.1248E-016
     75.0000     -6.4926       0.8624E-017
     75.0000     -6.3879       0.9021E-016
     75.0000     -6.2832       0.1103E-006
     75.0000     -6.1785       0.1260E-015
     75.0000     -6.0737       0.3357E-016
     75.0000     -5.9690       0.3236E-016
     75.0000     -5.8643       0.5274E-015
     75.0000     -5.7596       0.1393E-005
     75.0000     -5.6549       0.9016E-015
     75.0000     -5.5501       0.1560E-015
     75.0000     -5.4454       0.3237E-015
     75.0000     -5.3407       0.3819E-014
     75.0000     -5.2360       0.6046E-005
     75.0000     -5.1313       0.1266E-013
     75.0000     -5.0265       0.1396E-014
     75.0000     -4.9218       0.3210E-014
     75.0000     -4.8171       0.3508E-013
     75.0000     -4.7124       0.7426E-004
     75.0000     -4.6077       0.1637E-012
     75.0000     -4.5029       0.7344E-014
     75.0000     -4.3982       0.2191E-013
     75.0000     -4.2935       0.4860E-012
     75.0000     -4.1888       0.4306E-003
     75.0000     -4.0841       0.1184E-011
     75.0000     -3.9794       0.1134E-012
     75.0000     -3.8746       0.1728E-012
     75.0000     -3.7699       0.5643E-011
     75.0000     -3.6652       0.5471E-002
     75.0000     -3.5605       0.7196E-011
     75.0000     -3.4558       0.1039E-011
     75.0000     -3.3510       0.2641E-011
     75.0000     -3.2463       0.3009E-010
     75.0000     -3.1416       0.4184E-001
     75.0000     -3.0369       0.1141E-009
     75.0000     -2.9322       0.5314E-011
     75.0000     -2.8274       0.2830E-010
     75.0000     -2.7227       0.1633E-009
     75.0000     -2.6180       0.2334     
     75.0000     -2.5133       0.1757E-008
     75.0000     -2.4086       0.7062E-010
     75.0000     -2.3038       0.1599E-009
     75.0000     -2.1991       0.5509E-008
     75.0000     -2.0944        1.557     
     75.0000     -1.9897       0.1662E-007
     75.0000     -1.8850       0.1371E-008
     75.0000     -1.7802       0.1488E-008
     75.0000     -1.6755       0.8227E-007
     75.0000     -1.5708        72.81     
     75.0000     -1.4661       0.1377E-006
     75.0000     -1.3614       0.1372E-007
     75.0000     -1.2566       0.2494E-007
     75.0000     -1.1519       0.6574E-006
     75.0000     -1.0472        2439.     
     75.0000     -0.9425       0.8870E-006
     75.0000     -0.8378       0.1355E-006
     75.0000     -0.7330       0.2584E-006
     75.0000     -0.6283       0.5743E-005
     75.0000     -0.5236       0.1964E+006
     75.0000     -0.4189       0.1152E-004
     75.0000     -0.3142       0.4407E-006
     75.0000     -0.2094       0.3388E-006
     75.0000     -0.1047       0.8973E-005
