     34.0000      0.0000        1.114     
     34.0000      0.1047       0.4996E-012
     34.0000      0.2094       0.1350E-012
     34.0000      0.3142       0.3366E-012
     34.0000      0.4189       0.2166E-011
     34.0000      0.5236       0.2236E+006
     34.0000      0.6283       0.1617E-011
     34.0000      0.7330       0.2108E-012
     34.0000      0.8378       0.5541E-013
     34.0000      0.9425       0.6502E-013
     34.0000      1.0472       0.2556     
     34.0000      1.1519       0.5633E-013
     34.0000      1.2566       0.3242E-014
     34.0000      1.3614       0.6796E-014
     34.0000      1.4661       0.2558E-013
     34.0000      1.5708        130.8     
     34.0000      1.6755       0.1330E-013
     34.0000      1.7802       0.2380E-014
     34.0000      1.8850       0.3468E-015
     34.0000      1.9897       0.9443E-015
     34.0000      2.0944       0.1587E-001
     34.0000      2.1991       0.8185E-015
     34.0000      2.3038       0.5237E-016
     34.0000      2.4086       0.1191E-015
     34.0000      2.5133       0.4079E-015
     34.0000      2.6180       0.7322     
     34.0000      2.7227       0.1998E-015
     34.0000      2.8274       0.3444E-016
     34.0000      2.9322       0.4526E-017
     34.0000      3.0369       0.1427E-016
     34.0000      3.1416       0.1573E-003
     34.0000      3.2463       0.1227E-016
     34.0000      3.3510       0.1534E-017
     34.0000      3.4558       0.2828E-017
     34.0000      3.5605       0.6203E-017
     34.0000      3.6652       0.4933E-002
     34.0000      3.7699       0.3790E-017
     34.0000      3.8746       0.1895E-017
     34.0000      3.9794       0.1248E-017
     34.0000      4.0841       0.2371E-017
     34.0000      4.1888       0.3123E-006
     34.0000      4.2935       0.5507E-017
     34.0000      4.3982       0.2339E-017
     34.0000      4.5029       0.4307E-017
     34.0000      4.6077       0.3439E-017
     34.0000      4.7124       0.3568E-004
     34.0000      4.8171       0.4086E-017
     34.0000      4.9218       0.5659E-017
     34.0000      5.0265       0.8498E-017
     34.0000      5.1313       0.4427E-017
     34.0000      5.2360       0.2440E-008
     34.0000      5.3407       0.2688E-016
     34.0000      5.4454       0.4762E-017
     34.0000      5.5501       0.6645E-017
     34.0000      5.6549       0.1811E-016
     34.0000      5.7596       0.2648E-006
     34.0000      5.8643       0.6658E-017
     34.0000      5.9690       0.1321E-016
     34.0000      6.0737       0.1069E-016
     34.0000      6.1785       0.6101E-017
     34.0000      6.2832       0.1719E-010
     34.0000      6.3879       0.2489E-016
     34.0000      6.4926       0.4860E-017
     34.0000      6.5973       0.6935E-017
     34.0000      6.7021       0.1843E-016
     34.0000      6.8068       0.2018E-008
     34.0000      6.9115       0.5427E-017
     34.0000      7.0162       0.1005E-016
     34.0000      7.1209       0.3256E-017
     34.0000      7.2257       0.4134E-017
     34.0000      7.3304       0.1500E-012
     34.0000      7.4351       0.4028E-017
     34.0000      7.5398       0.6475E-017
     34.0000      7.6445       0.8160E-017
     34.0000      7.7493       0.6276E-017
     34.0000      7.8540       0.1567E-010
     34.0000      7.9587       0.1401E-016
     34.0000      8.0634       0.8200E-017
     34.0000      8.1681       0.2902E-016
     34.0000      8.2729       0.2499E-016
     34.0000      8.3776       0.1220E-014
     34.0000      8.4823       0.3567E-016
     34.0000      8.5870       0.2406E-016
     34.0000      8.6917       0.7929E-017
     34.0000      8.7965       0.1327E-016
     34.0000      8.9012       0.1231E-012
     34.0000      9.0059       0.1610E-016
     34.0000      9.1106       0.1414E-016
     34.0000      9.2153       0.4569E-016
     34.0000      9.3201       0.3710E-016
     34.0000      9.4248       0.3821E-016
     34.0000      9.5295       0.3940E-016
     34.0000      9.6342       0.3424E-016
     34.0000      9.7389       0.7190E-017
     34.0000      9.8437       0.2747E-016
     34.0000      9.9484       0.9372E-015
     34.0000     10.0531       0.5220E-017
     34.0000     10.1578       0.1402E-016
     34.0000     10.2625       0.2042E-016
     34.0000     10.3673       0.1338E-016
     34.0000     10.4720       0.2134E-016
     34.0000     10.5767       0.9451E-017
     34.0000     10.6814       0.2465E-016
     34.0000     10.7861       0.1340E-016
     34.0000     10.8909       0.2972E-016
     34.0000     10.9956       0.1215E-016
     34.0000     11.1003       0.7570E-017
     34.0000     11.2050       0.1284E-016
     34.0000     11.3097       0.1078E-016
     34.0000     11.4145       0.9352E-017
     34.0000     11.5192       0.1221E-016
     34.0000     11.6239       0.1729E-016
     34.0000     11.7286       0.2235E-016
     34.0000     11.8333       0.2193E-016
     34.0000     11.9381       0.1839E-016
     34.0000     12.0428       0.1618E-016
     34.0000     12.1475       0.1665E-016
     34.0000     12.2522       0.1593E-016
     34.0000     12.3569       0.2257E-016
     34.0000     12.4617       0.2113E-016
     34.0000     12.5664       0.2901E-016
     34.0000     12.6711       0.3731E-016
     34.0000     12.7758       0.5056E-016
     34.0000     12.8805       0.1142E-015
     34.0000     12.9852       0.5307E-016
     34.0000     13.0900       0.5866E-016
     34.0000     13.1947       0.3801E-016
     34.0000     13.2994       0.3457E-016
     34.0000    -13.4041       0.1077E-015
     34.0000    -13.2994       0.3332E-016
     34.0000    -13.1947       0.3686E-016
     34.0000    -13.0900       0.5845E-016
     34.0000    -12.9852       0.5509E-016
     34.0000    -12.8805       0.1145E-015
     34.0000    -12.7758       0.5241E-016
     34.0000    -12.6711       0.3729E-016
     34.0000    -12.5664       0.2912E-016
     34.0000    -12.4617       0.2121E-016
     34.0000    -12.3569       0.2244E-016
     34.0000    -12.2522       0.1689E-016
     34.0000    -12.1475       0.1744E-016
     34.0000    -12.0428       0.1641E-016
     34.0000    -11.9381       0.1843E-016
     34.0000    -11.8333       0.2204E-016
     34.0000    -11.7286       0.2237E-016
     34.0000    -11.6239       0.1728E-016
     34.0000    -11.5192       0.1225E-016
     34.0000    -11.4145       0.9545E-017
     34.0000    -11.3097       0.1103E-016
     34.0000    -11.2050       0.1305E-016
     34.0000    -11.1003       0.7824E-017
     34.0000    -10.9956       0.1212E-016
     34.0000    -10.8909       0.2971E-016
     34.0000    -10.7861       0.1338E-016
     34.0000    -10.6814       0.2468E-016
     34.0000    -10.5767       0.9458E-017
     34.0000    -10.4720       0.2135E-016
     34.0000    -10.3673       0.1335E-016
     34.0000    -10.2625       0.2048E-016
     34.0000    -10.1578       0.1400E-016
     34.0000    -10.0531       0.5223E-017
     34.0000     -9.9484       0.9207E-015
     34.0000     -9.8437       0.2750E-016
     34.0000     -9.7389       0.7197E-017
     34.0000     -9.6342       0.3422E-016
     34.0000     -9.5295       0.3931E-016
     34.0000     -9.4248       0.3810E-016
     34.0000     -9.3201       0.3712E-016
     34.0000     -9.2153       0.4572E-016
     34.0000     -9.1106       0.1417E-016
     34.0000     -9.0059       0.1611E-016
     34.0000     -8.9012       0.1217E-012
     34.0000     -8.7965       0.1330E-016
     34.0000     -8.6917       0.7911E-017
     34.0000     -8.5870       0.2408E-016
     34.0000     -8.4823       0.3565E-016
     34.0000     -8.3776       0.1218E-014
     34.0000     -8.2729       0.2496E-016
     34.0000     -8.1681       0.2903E-016
     34.0000     -8.0634       0.8212E-017
     34.0000     -7.9587       0.1403E-016
     34.0000     -7.8540       0.1551E-010
     34.0000     -7.7493       0.6277E-017
     34.0000     -7.6445       0.8159E-017
     34.0000     -7.5398       0.6481E-017
     34.0000     -7.4351       0.4042E-017
     34.0000     -7.3304       0.1481E-012
     34.0000     -7.2257       0.4116E-017
     34.0000     -7.1209       0.3262E-017
     34.0000     -7.0162       0.1007E-016
     34.0000     -6.9115       0.5419E-017
     34.0000     -6.8068       0.2002E-008
     34.0000     -6.7021       0.1842E-016
     34.0000     -6.5973       0.6942E-017
     34.0000     -6.4926       0.4851E-017
     34.0000     -6.3879       0.2484E-016
     34.0000     -6.2832       0.1713E-010
     34.0000     -6.1785       0.6102E-017
     34.0000     -6.0737       0.1061E-016
     34.0000     -5.9690       0.1316E-016
     34.0000     -5.8643       0.6581E-017
     34.0000     -5.7596       0.2632E-006
     34.0000     -5.6549       0.1796E-016
     34.0000     -5.5501       0.6572E-017
     34.0000     -5.4454       0.4685E-017
     34.0000     -5.3407       0.2684E-016
     34.0000     -5.2360       0.2430E-008
     34.0000     -5.1313       0.4412E-017
     34.0000     -5.0265       0.8526E-017
     34.0000     -4.9218       0.5711E-017
     34.0000     -4.8171       0.4132E-017
     34.0000     -4.7124       0.3567E-004
     34.0000     -4.6077       0.3552E-017
     34.0000     -4.5029       0.4357E-017
     34.0000     -4.3982       0.2391E-017
     34.0000     -4.2935       0.5581E-017
     34.0000     -4.1888       0.3123E-006
     34.0000     -4.0841       0.2399E-017
     34.0000     -3.9794       0.1267E-017
     34.0000     -3.8746       0.1898E-017
     34.0000     -3.7699       0.3805E-017
     34.0000     -3.6652       0.4922E-002
     34.0000     -3.5605       0.6248E-017
     34.0000     -3.4558       0.2861E-017
     34.0000     -3.3510       0.1551E-017
     34.0000     -3.2463       0.1226E-016
     34.0000     -3.1416       0.1574E-003
     34.0000     -3.0369       0.1426E-016
     34.0000     -2.9322       0.4526E-017
     34.0000     -2.8274       0.3439E-016
     34.0000     -2.7227       0.2005E-015
     34.0000     -2.6180       0.7320     
     34.0000     -2.5133       0.4083E-015
     34.0000     -2.4086       0.1195E-015
     34.0000     -2.3038       0.5236E-016
     34.0000     -2.1991       0.8199E-015
     34.0000     -2.0944       0.1586E-001
     34.0000     -1.9897       0.9436E-015
     34.0000     -1.8850       0.3467E-015
     34.0000     -1.7802       0.2383E-014
     34.0000     -1.6755       0.1329E-013
     34.0000     -1.5708        130.7     
     34.0000     -1.4661       0.2558E-013
     34.0000     -1.3614       0.6805E-014
     34.0000     -1.2566       0.3241E-014
     34.0000     -1.1519       0.5632E-013
     34.0000     -1.0472       0.2556     
     34.0000     -0.9425       0.6440E-013
     34.0000     -0.8378       0.5541E-013
     34.0000     -0.7330       0.2116E-012
     34.0000     -0.6283       0.1618E-011
     34.0000     -0.5236       0.2236E+006
     34.0000     -0.4189       0.2166E-011
     34.0000     -0.3142       0.3375E-012
     34.0000     -0.2094       0.1350E-012
     34.0000     -0.1047       0.4994E-012
