     13.0000      0.0000        1.434     
     13.0000      0.1047       0.1101E-013
     13.0000      0.2094       0.3561E-013
     13.0000      0.3142       0.7020E-013
     13.0000      0.4189       0.1077E-011
     13.0000      0.5236       0.2237E+006
     13.0000      0.6283       0.1077E-011
     13.0000      0.7330       0.7018E-013
     13.0000      0.8378       0.3542E-013
     13.0000      0.9425       0.6585E-014
     13.0000      1.0472       0.3135E-003
     13.0000      1.1519       0.4684E-014
     13.0000      1.2566       0.1838E-015
     13.0000      1.3614       0.3968E-016
     13.0000      1.4661       0.3233E-017
     13.0000      1.5708       0.8214E-003
     13.0000      1.6755       0.3426E-017
     13.0000      1.7802       0.1314E-017
     13.0000      1.8850       0.7574E-018
     13.0000      1.9897       0.1012E-017
     13.0000      2.0944       0.4209E-009
     13.0000      2.1991       0.6614E-018
     13.0000      2.3038       0.6948E-018
     13.0000      2.4086       0.1276E-017
     13.0000      2.5133       0.8968E-018
     13.0000      2.6180       0.4312E-010
     13.0000      2.7227       0.6020E-018
     13.0000      2.8274       0.5341E-018
     13.0000      2.9322       0.5048E-018
     13.0000      3.0369       0.6159E-018
     13.0000      3.1416       0.1559E-015
     13.0000      3.2463       0.7156E-018
     13.0000      3.3510       0.7530E-018
     13.0000      3.4558       0.9415E-018
     13.0000      3.5605       0.9850E-018
     13.0000      3.6652       0.1483E-016
     13.0000      3.7699       0.1093E-017
     13.0000      3.8746       0.1278E-017
     13.0000      3.9794       0.1136E-017
     13.0000      4.0841       0.2074E-017
     13.0000      4.1888       0.1705E-017
     13.0000      4.2935       0.4731E-017
     13.0000      4.3982       0.2055E-017
     13.0000      4.5029       0.3736E-017
     13.0000      4.6077       0.2995E-017
     13.0000      4.7124       0.4194E-017
     13.0000      4.8171       0.3407E-017
     13.0000      4.9218       0.5094E-017
     13.0000      5.0265       0.7528E-017
     13.0000      5.1313       0.3880E-017
     13.0000      5.2360       0.7424E-017
     13.0000      5.3407       0.2340E-016
     13.0000      5.4454       0.4032E-017
     13.0000      5.5501       0.5718E-017
     13.0000      5.6549       0.1570E-016
     13.0000      5.7596       0.5780E-017
     13.0000      5.8643       0.5749E-017
     13.0000      5.9690       0.1133E-016
     13.0000      6.0737       0.8880E-017
     13.0000      6.1785       0.5085E-017
     13.0000      6.2832       0.1126E-016
     13.0000      6.3879       0.2126E-016
     13.0000      6.4926       0.3966E-017
     13.0000      6.5973       0.5572E-017
     13.0000      6.7021       0.1500E-016
     13.0000      6.8068       0.3216E-017
     13.0000      6.9115       0.4381E-017
     13.0000      7.0162       0.8099E-017
     13.0000      7.1209       0.2492E-017
     13.0000      7.2257       0.3285E-017
     13.0000      7.3304       0.5687E-017
     13.0000      7.4351       0.3048E-017
     13.0000      7.5398       0.5009E-017
     13.0000      7.6445       0.6140E-017
     13.0000      7.7493       0.4758E-017
     13.0000      7.8540       0.1215E-016
     13.0000      7.9587       0.1035E-016
     13.0000      8.0634       0.6055E-017
     13.0000      8.1681       0.2177E-016
     13.0000      8.2729       0.1796E-016
     13.0000      8.3776       0.5856E-017
     13.0000      8.4823       0.2581E-016
     13.0000      8.5870       0.1675E-016
     13.0000      8.6917       0.5625E-017
     13.0000      8.7965       0.9400E-017
     13.0000      8.9012       0.1367E-016
     13.0000      9.0059       0.1075E-016
     13.0000      9.1106       0.9677E-017
     13.0000      9.2153       0.3112E-016
     13.0000      9.3201       0.2440E-016
     13.0000      9.4248       0.1501E-016
     13.0000      9.5295       0.2682E-016
     13.0000      9.6342       0.2242E-016
     13.0000      9.7389       0.4485E-017
     13.0000      9.8437       0.1800E-016
     13.0000      9.9484       0.2565E-017
     13.0000     10.0531       0.3321E-017
     13.0000     10.1578       0.9138E-017
     13.0000     10.2625       0.1280E-016
     13.0000     10.3673       0.8274E-017
     13.0000     10.4720       0.1279E-016
     13.0000     10.5767       0.5626E-017
     13.0000     10.6814       0.1463E-016
     13.0000     10.7861       0.7716E-017
     13.0000     10.8909       0.1717E-016
     13.0000     10.9956       0.3576E-017
     13.0000     11.1003       0.4130E-017
     13.0000     11.2050       0.7061E-017
     13.0000     11.3097       0.5816E-017
     13.0000     11.4145       0.5217E-017
     13.0000     11.5192       0.6598E-017
     13.0000     11.6239       0.9067E-017
     13.0000     11.7286       0.1199E-016
     13.0000     11.8333       0.1125E-016
     13.0000     11.9381       0.8937E-017
     13.0000     12.0428       0.8165E-017
     13.0000     12.1475       0.7554E-017
     13.0000     12.2522       0.7341E-017
     13.0000     12.3569       0.1017E-016
     13.0000     12.4617       0.1028E-016
     13.0000     12.5664       0.1392E-016
     13.0000     12.6711       0.1707E-016
     13.0000     12.7758       0.2248E-016
     13.0000     12.8805       0.5051E-016
     13.0000     12.9852       0.2256E-016
     13.0000     13.0900       0.2959E-016
     13.0000     13.1947       0.1652E-016
     13.0000     13.2994       0.1542E-016
     13.0000    -13.4041       0.7074E-016
     13.0000    -13.2994       0.1499E-016
     13.0000    -13.1947       0.1613E-016
     13.0000    -13.0900       0.2944E-016
     13.0000    -12.9852       0.2347E-016
     13.0000    -12.8805       0.5054E-016
     13.0000    -12.7758       0.2337E-016
     13.0000    -12.6711       0.1705E-016
     13.0000    -12.5664       0.1398E-016
     13.0000    -12.4617       0.1031E-016
     13.0000    -12.3569       0.1014E-016
     13.0000    -12.2522       0.7722E-017
     13.0000    -12.1475       0.7876E-017
     13.0000    -12.0428       0.8265E-017
     13.0000    -11.9381       0.8956E-017
     13.0000    -11.8333       0.1128E-016
     13.0000    -11.7286       0.1199E-016
     13.0000    -11.6239       0.9061E-017
     13.0000    -11.5192       0.6615E-017
     13.0000    -11.4145       0.5296E-017
     13.0000    -11.3097       0.5916E-017
     13.0000    -11.2050       0.7138E-017
     13.0000    -11.1003       0.4239E-017
     13.0000    -10.9956       0.3626E-017
     13.0000    -10.8909       0.1717E-016
     13.0000    -10.7861       0.7710E-017
     13.0000    -10.6814       0.1464E-016
     13.0000    -10.5767       0.5630E-017
     13.0000    -10.4720       0.1279E-016
     13.0000    -10.3673       0.8268E-017
     13.0000    -10.2625       0.1280E-016
     13.0000    -10.1578       0.9130E-017
     13.0000    -10.0531       0.3320E-017
     13.0000     -9.9484       0.2541E-017
     13.0000     -9.8437       0.1799E-016
     13.0000     -9.7389       0.4497E-017
     13.0000     -9.6342       0.2242E-016
     13.0000     -9.5295       0.2686E-016
     13.0000     -9.4248       0.1503E-016
     13.0000     -9.3201       0.2440E-016
     13.0000     -9.2153       0.3114E-016
     13.0000     -9.1106       0.9690E-017
     13.0000     -9.0059       0.1076E-016
     13.0000     -8.9012       0.1372E-016
     13.0000     -8.7965       0.9412E-017
     13.0000     -8.6917       0.5617E-017
     13.0000     -8.5870       0.1675E-016
     13.0000     -8.4823       0.2579E-016
     13.0000     -8.3776       0.5850E-017
     13.0000     -8.2729       0.1796E-016
     13.0000     -8.1681       0.2178E-016
     13.0000     -8.0634       0.6064E-017
     13.0000     -7.9587       0.1035E-016
     13.0000     -7.8540       0.1215E-016
     13.0000     -7.7493       0.4763E-017
     13.0000     -7.6445       0.6144E-017
     13.0000     -7.5398       0.5015E-017
     13.0000     -7.4351       0.3053E-017
     13.0000     -7.3304       0.5689E-017
     13.0000     -7.2257       0.3276E-017
     13.0000     -7.1209       0.2493E-017
     13.0000     -7.0162       0.8105E-017
     13.0000     -6.9115       0.4382E-017
     13.0000     -6.8068       0.3212E-017
     13.0000     -6.7021       0.1500E-016
     13.0000     -6.5973       0.5578E-017
     13.0000     -6.4926       0.3961E-017
     13.0000     -6.3879       0.2124E-016
     13.0000     -6.2832       0.1126E-016
     13.0000     -6.1785       0.5102E-017
     13.0000     -6.0737       0.8826E-017
     13.0000     -5.9690       0.1128E-016
     13.0000     -5.8643       0.5688E-017
     13.0000     -5.7596       0.5679E-017
     13.0000     -5.6549       0.1558E-016
     13.0000     -5.5501       0.5652E-017
     13.0000     -5.4454       0.3967E-017
     13.0000     -5.3407       0.2334E-016
     13.0000     -5.2360       0.7381E-017
     13.0000     -5.1313       0.3867E-017
     13.0000     -5.0265       0.7552E-017
     13.0000     -4.9218       0.5130E-017
     13.0000     -4.8171       0.3450E-017
     13.0000     -4.7124       0.4284E-017
     13.0000     -4.6077       0.3099E-017
     13.0000     -4.5029       0.3788E-017
     13.0000     -4.3982       0.2103E-017
     13.0000     -4.2935       0.4782E-017
     13.0000     -4.1888       0.1742E-017
     13.0000     -4.0841       0.2098E-017
     13.0000     -3.9794       0.1153E-017
     13.0000     -3.8746       0.1293E-017
     13.0000     -3.7699       0.1103E-017
     13.0000     -3.6652       0.1712E-016
     13.0000     -3.5605       0.1001E-017
     13.0000     -3.4558       0.9655E-018
     13.0000     -3.3510       0.7715E-018
     13.0000     -3.2463       0.7273E-018
     13.0000     -3.1416       0.1513E-015
     13.0000     -3.0369       0.6185E-018
     13.0000     -2.9322       0.5065E-018
     13.0000     -2.8274       0.5371E-018
     13.0000     -2.7227       0.6025E-018
     13.0000     -2.6180       0.4150E-010
     13.0000     -2.5133       0.8942E-018
     13.0000     -2.4086       0.1280E-017
     13.0000     -2.3038       0.6918E-018
     13.0000     -2.1991       0.6556E-018
     13.0000     -2.0944       0.3636E-009
     13.0000     -1.9897       0.1005E-017
     13.0000     -1.8850       0.7600E-018
     13.0000     -1.7802       0.1344E-017
     13.0000     -1.6755       0.3512E-017
     13.0000     -1.5708       0.8253E-003
     13.0000     -1.4661       0.3353E-017
     13.0000     -1.3614       0.3830E-016
     13.0000     -1.2566       0.1837E-015
     13.0000     -1.1519       0.4683E-014
     13.0000     -1.0472       0.3148E-003
     13.0000     -0.9425       0.6370E-014
     13.0000     -0.8378       0.3542E-013
     13.0000     -0.7330       0.7018E-013
     13.0000     -0.6283       0.1077E-011
     13.0000     -0.5236       0.2237E+006
     13.0000     -0.4189       0.1077E-011
     13.0000     -0.3142       0.7019E-013
     13.0000     -0.2094       0.3561E-013
     13.0000     -0.1047       0.1121E-013
