    118.0000      0.0000       0.3937E+005
    118.0000      0.1047       0.3775     
    118.0000      0.2094       0.2134     
    118.0000      0.3142       0.3974E-001
    118.0000      0.4189       0.6503     
    118.0000      0.5236       0.2022E+006
    118.0000      0.6283       0.5159     
    118.0000      0.7330       0.5944E-001
    118.0000      0.8378       0.5754E-001
    118.0000      0.9425       0.1048     
    118.0000      1.0472        1726.     
    118.0000      1.1519       0.5288E-001
    118.0000      1.2566       0.7273E-002
    118.0000      1.3614       0.4817E-002
    118.0000      1.4661       0.5008E-002
    118.0000      1.5708        78.39     
    118.0000      1.6755       0.7525E-002
    118.0000      1.7802       0.1407E-002
    118.0000      1.8850       0.5088E-003
    118.0000      1.9897       0.8517E-003
    118.0000      2.0944        5.261     
    118.0000      2.1991       0.7468E-003
    118.0000      2.3038       0.7163E-004
    118.0000      2.4086       0.8328E-004
    118.0000      2.5133       0.9504E-004
    118.0000      2.6180       0.3913     
    118.0000      2.7227       0.3442E-004
    118.0000      2.8274       0.7124E-005
    118.0000      2.9322       0.3683E-005
    118.0000      3.0369       0.4295E-005
    118.0000      3.1416       0.7769E-001
    118.0000      3.2463       0.7107E-005
    118.0000      3.3510       0.1294E-005
    118.0000      3.4558       0.5988E-006
    118.0000      3.5605       0.9882E-006
    118.0000      3.6652       0.2186E-001
    118.0000      3.7699       0.6404E-006
    118.0000      3.8746       0.1076E-006
    118.0000      3.9794       0.8598E-007
    118.0000      4.0841       0.1242E-006
    118.0000      4.1888       0.7281E-002
    118.0000      4.2935       0.7795E-007
    118.0000      4.3982       0.2012E-007
    118.0000      4.5029       0.1195E-007
    118.0000      4.6077       0.2683E-007
    118.0000      4.7124       0.1146E-002
    118.0000      4.8171       0.2159E-007
    118.0000      4.9218       0.3129E-008
    118.0000      5.0265       0.3289E-008
    118.0000      5.1313       0.7633E-008
    118.0000      5.2360       0.3234E-003
    118.0000      5.3407       0.4011E-008
    118.0000      5.4454       0.7450E-009
    118.0000      5.5501       0.7618E-009
    118.0000      5.6549       0.1807E-008
    118.0000      5.7596       0.4576E-004
    118.0000      5.8643       0.7342E-009
    118.0000      5.9690       0.1087E-009
    118.0000      6.0737       0.1163E-009
    118.0000      6.1785       0.2582E-009
    118.0000      6.2832       0.7823E-005
    118.0000      6.3879       0.8928E-010
    118.0000      6.4926       0.1630E-010
    118.0000      6.5973       0.1659E-010
    118.0000      6.7021       0.3543E-010
    118.0000      6.8068       0.9879E-006
    118.0000      6.9115       0.1038E-010
    118.0000      7.0162       0.1914E-011
    118.0000      7.1209       0.1871E-011
    118.0000      7.2257       0.4145E-011
    118.0000      7.3304       0.6834E-007
    118.0000      7.4351       0.1364E-011
    118.0000      7.5398       0.2102E-012
    118.0000      7.6445       0.1666E-012
    118.0000      7.7493       0.4236E-012
    118.0000      7.8540       0.1098E-007
    118.0000      7.9587       0.1406E-012
    118.0000      8.0634       0.2456E-013
    118.0000      8.1681       0.1558E-013
    118.0000      8.2729       0.3264E-013
    118.0000      8.3776       0.9371E-009
    118.0000      8.4823       0.7745E-014
    118.0000      8.5870       0.2206E-014
    118.0000      8.6917       0.1494E-014
    118.0000      8.7965       0.4180E-014
    118.0000      8.9012       0.1156E-009
    118.0000      9.0059       0.1481E-014
    118.0000      9.1106       0.4019E-015
    118.0000      9.2153       0.4100E-015
    118.0000      9.3201       0.8132E-015
    118.0000      9.4248       0.2412E-010
    118.0000      9.5295       0.5406E-015
    118.0000      9.6342       0.2614E-015
    118.0000      9.7389       0.9363E-016
    118.0000      9.8437       0.2972E-015
    118.0000      9.9484       0.6573E-011
    118.0000     10.0531       0.1250E-015
    118.0000     10.1578       0.1070E-015
    118.0000     10.2625       0.1634E-015
    118.0000     10.3673       0.1440E-015
    118.0000     10.4720       0.1597E-011
    118.0000     10.5767       0.1190E-015
    118.0000     10.6814       0.2023E-015
    118.0000     10.7861       0.1337E-015
    118.0000     10.8909       0.3165E-015
    118.0000     10.9956       0.2867E-012
    118.0000     11.1003       0.1381E-015
    118.0000     11.2050       0.1662E-015
    118.0000     11.3097       0.1695E-015
    118.0000     11.4145       0.1419E-015
    118.0000     11.5192       0.2638E-013
    118.0000     11.6239       0.2902E-015
    118.0000     11.7286       0.4072E-015
    118.0000     11.8333       0.4430E-015
    118.0000     11.9381       0.4666E-015
    118.0000     12.0428       0.4901E-014
    118.0000     12.1475       0.5337E-015
    118.0000     12.2522       0.4985E-015
    118.0000     12.3569       0.9309E-015
    118.0000     12.4617       0.5281E-015
    118.0000     12.5664       0.1335E-014
    118.0000     12.6711       0.1340E-014
    118.0000     12.7758       0.1632E-014
    118.0000     12.8805       0.4033E-014
    118.0000     12.9852       0.1831E-014
    118.0000     13.0900       0.2294E-014
    118.0000     13.1947       0.1717E-014
    118.0000     13.2994       0.1680E-014
    118.0000    -13.4041       0.3577E-014
    118.0000    -13.2994       0.1547E-014
    118.0000    -13.1947       0.1598E-014
    118.0000    -13.0900       0.2300E-014
    118.0000    -12.9852       0.1853E-014
    118.0000    -12.8805       0.4058E-014
    118.0000    -12.7758       0.1653E-014
    118.0000    -12.6711       0.1329E-014
    118.0000    -12.5664       0.9870E-015
    118.0000    -12.4617       0.5280E-015
    118.0000    -12.3569       0.9352E-015
    118.0000    -12.2522       0.5505E-015
    118.0000    -12.1475       0.5691E-015
    118.0000    -12.0428       0.3275E-014
    118.0000    -11.9381       0.4738E-015
    118.0000    -11.8333       0.4465E-015
    118.0000    -11.7286       0.4184E-015
    118.0000    -11.6239       0.2973E-015
    118.0000    -11.5192       0.1704E-013
    118.0000    -11.4145       0.1461E-015
    118.0000    -11.3097       0.1788E-015
    118.0000    -11.2050       0.1714E-015
    118.0000    -11.1003       0.1381E-015
    118.0000    -10.9956       0.1702E-012
    118.0000    -10.8909       0.3189E-015
    118.0000    -10.7861       0.1323E-015
    118.0000    -10.6814       0.1980E-015
    118.0000    -10.5767       0.9723E-016
    118.0000    -10.4720       0.1052E-011
    118.0000    -10.3673       0.1467E-015
    118.0000    -10.2625       0.1658E-015
    118.0000    -10.1578       0.1131E-015
    118.0000    -10.0531       0.1017E-015
    118.0000     -9.9484       0.4889E-011
    118.0000     -9.8437       0.2506E-015
    118.0000     -9.7389       0.7764E-016
    118.0000     -9.6342       0.2318E-015
    118.0000     -9.5295       0.4322E-015
    118.0000     -9.4248       0.1853E-010
    118.0000     -9.3201       0.6399E-015
    118.0000     -9.2153       0.3446E-015
    118.0000     -9.1106       0.3306E-015
    118.0000     -9.0059       0.1114E-014
    118.0000     -8.9012       0.9023E-010
    118.0000     -8.7965       0.2838E-014
    118.0000     -8.6917       0.1217E-014
    118.0000     -8.5870       0.1618E-014
    118.0000     -8.4823       0.8081E-014
    118.0000     -8.3776       0.7011E-009
    118.0000     -8.2729       0.2559E-013
    118.0000     -8.1681       0.9872E-014
    118.0000     -8.0634       0.1573E-013
    118.0000     -7.9587       0.7861E-013
    118.0000     -7.8540       0.5958E-008
    118.0000     -7.7493       0.2673E-012
    118.0000     -7.6445       0.1097E-012
    118.0000     -7.5398       0.1860E-012
    118.0000     -7.4351       0.7620E-012
    118.0000     -7.3304       0.5848E-007
    118.0000     -7.2257       0.3682E-011
    118.0000     -7.1209       0.1522E-011
    118.0000     -7.0162       0.1555E-011
    118.0000     -6.9115       0.9897E-011
    118.0000     -6.8068       0.8964E-006
    118.0000     -6.7021       0.3729E-010
    118.0000     -6.5973       0.1612E-010
    118.0000     -6.4926       0.1584E-010
    118.0000     -6.3879       0.7288E-010
    118.0000     -6.2832       0.7199E-005
    118.0000     -6.1785       0.2570E-009
    118.0000     -6.0737       0.1165E-009
    118.0000     -5.9690       0.7382E-010
    118.0000     -5.8643       0.6322E-009
    118.0000     -5.7596       0.4304E-004
    118.0000     -5.6549       0.1486E-008
    118.0000     -5.5501       0.6592E-009
    118.0000     -5.4454       0.5752E-009
    118.0000     -5.3407       0.3218E-008
    118.0000     -5.2360       0.2733E-003
    118.0000     -5.1313       0.6288E-008
    118.0000     -5.0265       0.3057E-008
    118.0000     -4.9218       0.2708E-008
    118.0000     -4.8171       0.1932E-007
    118.0000     -4.7124       0.8933E-003
    118.0000     -4.6077       0.2434E-007
    118.0000     -4.5029       0.9837E-008
    118.0000     -4.3982       0.1701E-007
    118.0000     -4.2935       0.7582E-007
    118.0000     -4.1888       0.5542E-002
    118.0000     -4.0841       0.1267E-006
    118.0000     -3.9794       0.8030E-007
    118.0000     -3.8746       0.9713E-007
    118.0000     -3.7699       0.6317E-006
    118.0000     -3.6652       0.2039E-001
    118.0000     -3.5605       0.1007E-005
    118.0000     -3.4558       0.5944E-006
    118.0000     -3.3510       0.1247E-005
    118.0000     -3.2463       0.7116E-005
    118.0000     -3.1416       0.8191E-001
    118.0000     -3.0369       0.4326E-005
    118.0000     -2.9322       0.3459E-005
    118.0000     -2.8274       0.6618E-005
    118.0000     -2.7227       0.3386E-004
    118.0000     -2.6180       0.3926     
    118.0000     -2.5133       0.9450E-004
    118.0000     -2.4086       0.8210E-004
    118.0000     -2.3038       0.6803E-004
    118.0000     -2.1991       0.7467E-003
    118.0000     -2.0944        5.224     
    118.0000     -1.9897       0.8518E-003
    118.0000     -1.8850       0.4920E-003
    118.0000     -1.7802       0.1365E-002
    118.0000     -1.6755       0.7516E-002
    118.0000     -1.5708        78.35     
    118.0000     -1.4661       0.5014E-002
    118.0000     -1.3614       0.4640E-002
    118.0000     -1.2566       0.6672E-002
    118.0000     -1.1519       0.5284E-001
    118.0000     -1.0472        1726.     
    118.0000     -0.9425       0.1048     
    118.0000     -0.8378       0.5694E-001
    118.0000     -0.7330       0.5698E-001
    118.0000     -0.6283       0.5158     
    118.0000     -0.5236       0.2022E+006
    118.0000     -0.4189       0.6505     
    118.0000     -0.3142       0.3703E-001
    118.0000     -0.2094       0.2124     
    118.0000     -0.1047       0.3774     
