     31.0000      0.0000        1.317     
     31.0000      0.1047       0.4048E-013
     31.0000      0.2094       0.5159E-013
     31.0000      0.3142       0.7282E-013
     31.0000      0.4189       0.8971E-012
     31.0000      0.5236       0.2235E+006
     31.0000      0.6283       0.5618E-012
     31.0000      0.7330       0.7578E-013
     31.0000      0.8378       0.3333E-013
     31.0000      0.9425       0.1425E-013
     31.0000      1.0472       0.1346     
     31.0000      1.1519       0.1152E-013
     31.0000      1.2566       0.1037E-014
     31.0000      1.3614       0.3428E-014
     31.0000      1.4661       0.1068E-013
     31.0000      1.5708        185.9     
     31.0000      1.6755       0.1779E-014
     31.0000      1.7802       0.4664E-015
     31.0000      1.8850       0.5612E-016
     31.0000      1.9897       0.3677E-015
     31.0000      2.0944       0.3330E-002
     31.0000      2.1991       0.2093E-015
     31.0000      2.3038       0.1400E-016
     31.0000      2.4086       0.7949E-016
     31.0000      2.5133       0.1996E-015
     31.0000      2.6180        1.270     
     31.0000      2.7227       0.2826E-016
     31.0000      2.8274       0.8682E-017
     31.0000      2.9322       0.9842E-018
     31.0000      3.0369       0.6593E-017
     31.0000      3.1416       0.1238E-004
     31.0000      3.2463       0.4187E-017
     31.0000      3.3510       0.9773E-018
     31.0000      3.4558       0.2196E-017
     31.0000      3.5605       0.4164E-017
     31.0000      3.6652       0.1042E-001
     31.0000      3.7699       0.1620E-017
     31.0000      3.8746       0.1496E-017
     31.0000      3.9794       0.1271E-017
     31.0000      4.0841       0.2426E-017
     31.0000      4.1888       0.3888E-007
     31.0000      4.2935       0.4957E-017
     31.0000      4.3982       0.2296E-017
     31.0000      4.5029       0.4197E-017
     31.0000      4.6077       0.3353E-017
     31.0000      4.7124       0.9165E-004
     31.0000      4.8171       0.3856E-017
     31.0000      4.9218       0.5710E-017
     31.0000      5.0265       0.8379E-017
     31.0000      5.1313       0.4339E-017
     31.0000      5.2360       0.3534E-009
     31.0000      5.3407       0.2552E-016
     31.0000      5.4454       0.4696E-017
     31.0000      5.5501       0.6588E-017
     31.0000      5.6549       0.1809E-016
     31.0000      5.7596       0.8375E-006
     31.0000      5.8643       0.6524E-017
     31.0000      5.9690       0.1278E-016
     31.0000      6.0737       0.1025E-016
     31.0000      6.1785       0.5906E-017
     31.0000      6.2832       0.3544E-011
     31.0000      6.3879       0.2471E-016
     31.0000      6.4926       0.4827E-017
     31.0000      6.5973       0.6763E-017
     31.0000      6.7021       0.1784E-016
     31.0000      6.8068       0.7838E-008
     31.0000      6.9115       0.5293E-017
     31.0000      7.0162       0.9838E-017
     31.0000      7.1209       0.3083E-017
     31.0000      7.2257       0.3941E-017
     31.0000      7.3304       0.4013E-013
     31.0000      7.4351       0.3948E-017
     31.0000      7.5398       0.6287E-017
     31.0000      7.6445       0.7688E-017
     31.0000      7.7493       0.6028E-017
     31.0000      7.8540       0.7451E-010
     31.0000      7.9587       0.1346E-016
     31.0000      8.0634       0.7870E-017
     31.0000      8.1681       0.2799E-016
     31.0000      8.2729       0.2404E-016
     31.0000      8.3776       0.4900E-015
     31.0000      8.4823       0.3392E-016
     31.0000      8.5870       0.2273E-016
     31.0000      8.6917       0.7727E-017
     31.0000      8.7965       0.1270E-016
     31.0000      8.9012       0.7164E-012
     31.0000      9.0059       0.1519E-016
     31.0000      9.1106       0.1312E-016
     31.0000      9.2153       0.4294E-016
     31.0000      9.3201       0.3476E-016
     31.0000      9.4248       0.2201E-016
     31.0000      9.5295       0.3766E-016
     31.0000      9.6342       0.3245E-016
     31.0000      9.7389       0.6648E-017
     31.0000      9.8437       0.2550E-016
     31.0000      9.9484       0.7009E-014
     31.0000     10.0531       0.4823E-017
     31.0000     10.1578       0.1349E-016
     31.0000     10.2625       0.1967E-016
     31.0000     10.3673       0.1242E-016
     31.0000     10.4720       0.1949E-016
     31.0000     10.5767       0.8473E-017
     31.0000     10.6814       0.2257E-016
     31.0000     10.7861       0.1236E-016
     31.0000     10.8909       0.2741E-016
     31.0000     10.9956       0.7138E-016
     31.0000     11.1003       0.6902E-017
     31.0000     11.2050       0.1153E-016
     31.0000     11.3097       0.9605E-017
     31.0000     11.4145       0.8561E-017
     31.0000     11.5192       0.1114E-016
     31.0000     11.6239       0.1562E-016
     31.0000     11.7286       0.2029E-016
     31.0000     11.8333       0.1979E-016
     31.0000     11.9381       0.1660E-016
     31.0000     12.0428       0.1486E-016
     31.0000     12.1475       0.1479E-016
     31.0000     12.2522       0.1424E-016
     31.0000     12.3569       0.2025E-016
     31.0000     12.4617       0.1891E-016
     31.0000     12.5664       0.2588E-016
     31.0000     12.6711       0.3393E-016
     31.0000     12.7758       0.4596E-016
     31.0000     12.8805       0.1016E-015
     31.0000     12.9852       0.4600E-016
     31.0000     13.0900       0.5184E-016
     31.0000     13.1947       0.3381E-016
     31.0000     13.2994       0.3071E-016
     31.0000    -13.4041       0.9974E-016
     31.0000    -13.2994       0.2966E-016
     31.0000    -13.1947       0.3283E-016
     31.0000    -13.0900       0.5167E-016
     31.0000    -12.9852       0.4781E-016
     31.0000    -12.8805       0.1017E-015
     31.0000    -12.7758       0.4763E-016
     31.0000    -12.6711       0.3394E-016
     31.0000    -12.5664       0.2600E-016
     31.0000    -12.4617       0.1899E-016
     31.0000    -12.3569       0.2015E-016
     31.0000    -12.2522       0.1508E-016
     31.0000    -12.1475       0.1549E-016
     31.0000    -12.0428       0.1504E-016
     31.0000    -11.9381       0.1664E-016
     31.0000    -11.8333       0.1989E-016
     31.0000    -11.7286       0.2031E-016
     31.0000    -11.6239       0.1561E-016
     31.0000    -11.5192       0.1117E-016
     31.0000    -11.4145       0.8718E-017
     31.0000    -11.3097       0.9811E-017
     31.0000    -11.2050       0.1170E-016
     31.0000    -11.1003       0.7129E-017
     31.0000    -10.9956       0.7145E-016
     31.0000    -10.8909       0.2740E-016
     31.0000    -10.7861       0.1234E-016
     31.0000    -10.6814       0.2260E-016
     31.0000    -10.5767       0.8477E-017
     31.0000    -10.4720       0.1953E-016
     31.0000    -10.3673       0.1241E-016
     31.0000    -10.2625       0.1971E-016
     31.0000    -10.1578       0.1348E-016
     31.0000    -10.0531       0.4822E-017
     31.0000     -9.9484       0.6976E-014
     31.0000     -9.8437       0.2553E-016
     31.0000     -9.7389       0.6655E-017
     31.0000     -9.6342       0.3243E-016
     31.0000     -9.5295       0.3763E-016
     31.0000     -9.4248       0.2202E-016
     31.0000     -9.3201       0.3479E-016
     31.0000     -9.2153       0.4296E-016
     31.0000     -9.1106       0.1315E-016
     31.0000     -9.0059       0.1520E-016
     31.0000     -8.9012       0.7131E-012
     31.0000     -8.7965       0.1272E-016
     31.0000     -8.6917       0.7713E-017
     31.0000     -8.5870       0.2274E-016
     31.0000     -8.4823       0.3390E-016
     31.0000     -8.3776       0.4887E-015
     31.0000     -8.2729       0.2401E-016
     31.0000     -8.1681       0.2799E-016
     31.0000     -8.0634       0.7882E-017
     31.0000     -7.9587       0.1348E-016
     31.0000     -7.8540       0.7421E-010
     31.0000     -7.7493       0.6030E-017
     31.0000     -7.6445       0.7687E-017
     31.0000     -7.5398       0.6292E-017
     31.0000     -7.4351       0.3960E-017
     31.0000     -7.3304       0.3957E-013
     31.0000     -7.2257       0.3929E-017
     31.0000     -7.1209       0.3089E-017
     31.0000     -7.0162       0.9854E-017
     31.0000     -6.9115       0.5287E-017
     31.0000     -6.8068       0.7811E-008
     31.0000     -6.7021       0.1783E-016
     31.0000     -6.5973       0.6773E-017
     31.0000     -6.4926       0.4820E-017
     31.0000     -6.3879       0.2468E-016
     31.0000     -6.2832       0.3565E-011
     31.0000     -6.1785       0.5902E-017
     31.0000     -6.0737       0.1018E-016
     31.0000     -5.9690       0.1273E-016
     31.0000     -5.8643       0.6449E-017
     31.0000     -5.7596       0.8352E-006
     31.0000     -5.6549       0.1794E-016
     31.0000     -5.5501       0.6513E-017
     31.0000     -5.4454       0.4619E-017
     31.0000     -5.3407       0.2548E-016
     31.0000     -5.2360       0.3553E-009
     31.0000     -5.1313       0.4326E-017
     31.0000     -5.0265       0.8404E-017
     31.0000     -4.9218       0.5761E-017
     31.0000     -4.8171       0.3899E-017
     31.0000     -4.7124       0.9147E-004
     31.0000     -4.6077       0.3467E-017
     31.0000     -4.5029       0.4247E-017
     31.0000     -4.3982       0.2349E-017
     31.0000     -4.2935       0.5016E-017
     31.0000     -4.1888       0.3900E-007
     31.0000     -4.0841       0.2453E-017
     31.0000     -3.9794       0.1291E-017
     31.0000     -3.8746       0.1511E-017
     31.0000     -3.7699       0.1629E-017
     31.0000     -3.6652       0.1041E-001
     31.0000     -3.5605       0.4171E-017
     31.0000     -3.4558       0.2232E-017
     31.0000     -3.3510       0.9967E-018
     31.0000     -3.2463       0.4212E-017
     31.0000     -3.1416       0.1238E-004
     31.0000     -3.0369       0.6562E-017
     31.0000     -2.9322       0.9820E-018
     31.0000     -2.8274       0.8634E-017
     31.0000     -2.7227       0.2839E-016
     31.0000     -2.6180        1.270     
     31.0000     -2.5133       0.1996E-015
     31.0000     -2.4086       0.7958E-016
     31.0000     -2.3038       0.1400E-016
     31.0000     -2.1991       0.2093E-015
     31.0000     -2.0944       0.3330E-002
     31.0000     -1.9897       0.3644E-015
     31.0000     -1.8850       0.5613E-016
     31.0000     -1.7802       0.4610E-015
     31.0000     -1.6755       0.1775E-014
     31.0000     -1.5708        185.9     
     31.0000     -1.4661       0.1068E-013
     31.0000     -1.3614       0.3437E-014
     31.0000     -1.2566       0.1037E-014
     31.0000     -1.1519       0.1165E-013
     31.0000     -1.0472       0.1346     
     31.0000     -0.9425       0.1398E-013
     31.0000     -0.8378       0.3333E-013
     31.0000     -0.7330       0.7516E-013
     31.0000     -0.6283       0.5619E-012
     31.0000     -0.5236       0.2235E+006
     31.0000     -0.4189       0.8972E-012
     31.0000     -0.3142       0.7203E-013
     31.0000     -0.2094       0.5159E-013
     31.0000     -0.1047       0.4043E-013
