     60.0000      0.0000       0.2089E+005
     60.0000      0.1047       0.1171E-006
     60.0000      0.2094       0.9852E-008
     60.0000      0.3142       0.2305E-007
     60.0000      0.4189       0.2113E-006
     60.0000      0.5236       0.2114E+006
     60.0000      0.6283       0.1386E-006
     60.0000      0.7330       0.6142E-008
     60.0000      0.8378       0.1632E-008
     60.0000      0.9425       0.3461E-007
     60.0000      1.0472        1770.     
     60.0000      1.1519       0.6844E-008
     60.0000      1.2566       0.1161E-008
     60.0000      1.3614       0.3637E-009
     60.0000      1.4661       0.9793E-009
     60.0000      1.5708        34.71     
     60.0000      1.6755       0.8325E-009
     60.0000      1.7802       0.3785E-010
     60.0000      1.8850       0.1083E-009
     60.0000      1.9897       0.3112E-009
     60.0000      2.0944        12.98     
     60.0000      2.1991       0.2538E-009
     60.0000      2.3038       0.1316E-010
     60.0000      2.4086       0.3946E-011
     60.0000      2.5133       0.7225E-010
     60.0000      2.6180       0.6669     
     60.0000      2.7227       0.8934E-011
     60.0000      2.8274       0.2698E-011
     60.0000      2.9322       0.1335E-011
     60.0000      3.0369       0.1631E-011
     60.0000      3.1416       0.4552E-001
     60.0000      3.2463       0.2649E-011
     60.0000      3.3510       0.1109E-012
     60.0000      3.4558       0.2417E-012
     60.0000      3.5605       0.8587E-012
     60.0000      3.6652       0.9754E-002
     60.0000      3.7699       0.5070E-012
     60.0000      3.8746       0.3342E-013
     60.0000      3.9794       0.1041E-013
     60.0000      4.0841       0.1257E-012
     60.0000      4.1888       0.5492E-003
     60.0000      4.2935       0.2169E-013
     60.0000      4.3982       0.4638E-014
     60.0000      4.5029       0.2962E-014
     60.0000      4.6077       0.4760E-014
     60.0000      4.7124       0.6408E-004
     60.0000      4.8171       0.5641E-014
     60.0000      4.9218       0.2572E-015
     60.0000      5.0265       0.3567E-015
     60.0000      5.1313       0.1664E-014
     60.0000      5.2360       0.8097E-005
     60.0000      5.3407       0.7602E-015
     60.0000      5.4454       0.5883E-016
     60.0000      5.5501       0.3583E-016
     60.0000      5.6549       0.1461E-015
     60.0000      5.7596       0.6124E-006
     60.0000      5.8643       0.3978E-016
     60.0000      5.9690       0.2490E-016
     60.0000      6.0737       0.1088E-016
     60.0000      6.1785       0.1555E-016
     60.0000      6.2832       0.5082E-007
     60.0000      6.3879       0.2550E-016
     60.0000      6.4926       0.6284E-017
     60.0000      6.5973       0.9436E-017
     60.0000      6.7021       0.3191E-016
     60.0000      6.8068       0.6139E-008
     60.0000      6.9115       0.8897E-017
     60.0000      7.0162       0.1369E-016
     60.0000      7.1209       0.4404E-017
     60.0000      7.2257       0.6175E-017
     60.0000      7.3304       0.3607E-009
     60.0000      7.4351       0.5807E-017
     60.0000      7.5398       0.9076E-017
     60.0000      7.6445       0.1124E-016
     60.0000      7.7493       0.8862E-017
     60.0000      7.8540       0.4633E-010
     60.0000      7.9587       0.1964E-016
     60.0000      8.0634       0.1226E-016
     60.0000      8.1681       0.4295E-016
     60.0000      8.2729       0.3771E-016
     60.0000      8.3776       0.5307E-011
     60.0000      8.4823       0.5397E-016
     60.0000      8.5870       0.3718E-016
     60.0000      8.6917       0.1271E-016
     60.0000      8.7965       0.2103E-016
     60.0000      8.9012       0.3211E-012
     60.0000      9.0059       0.2596E-016
     60.0000      9.1106       0.2233E-016
     60.0000      9.2153       0.7045E-016
     60.0000      9.3201       0.6280E-016
     60.0000      9.4248       0.4714E-013
     60.0000      9.5295       0.6594E-016
     60.0000      9.6342       0.5773E-016
     60.0000      9.7389       0.1283E-016
     60.0000      9.8437       0.4586E-016
     60.0000      9.9484       0.4608E-014
     60.0000     10.0531       0.9317E-017
     60.0000     10.1578       0.2516E-016
     60.0000     10.2625       0.3839E-016
     60.0000     10.3673       0.2534E-016
     60.0000     10.4720       0.4910E-015
     60.0000     10.5767       0.1823E-016
     60.0000     10.6814       0.4628E-016
     60.0000     10.7861       0.2677E-016
     60.0000     10.8909       0.5990E-016
     60.0000     10.9956       0.6463E-016
     60.0000     11.1003       0.1675E-016
     60.0000     11.2050       0.2758E-016
     60.0000     11.3097       0.2362E-016
     60.0000     11.4145       0.2112E-016
     60.0000     11.5192       0.3362E-016
     60.0000     11.6239       0.4072E-016
     60.0000     11.7286       0.5270E-016
     60.0000     11.8333       0.5335E-016
     60.0000     11.9381       0.4774E-016
     60.0000     12.0428       0.3900E-016
     60.0000     12.1475       0.4593E-016
     60.0000     12.2522       0.4426E-016
     60.0000     12.3569       0.6406E-016
     60.0000     12.4617       0.5432E-016
     60.0000     12.5664       0.8153E-016
     60.0000     12.6711       0.1018E-015
     60.0000     12.7758       0.1449E-015
     60.0000     12.8805       0.3348E-015
     60.0000     12.9852       0.1500E-015
     60.0000     13.0900       0.1571E-015
     60.0000     13.1947       0.1195E-015
     60.0000     13.2994       0.1055E-015
     60.0000    -13.4041       0.2278E-015
     60.0000    -13.2994       0.1002E-015
     60.0000    -13.1947       0.1149E-015
     60.0000    -13.0900       0.1566E-015
     60.0000    -12.9852       0.1585E-015
     60.0000    -12.8805       0.3390E-015
     60.0000    -12.7758       0.1533E-015
     60.0000    -12.6711       0.1017E-015
     60.0000    -12.5664       0.8216E-016
     60.0000    -12.4617       0.5511E-016
     60.0000    -12.3569       0.6373E-016
     60.0000    -12.2522       0.4739E-016
     60.0000    -12.1475       0.4831E-016
     60.0000    -12.0428       0.3961E-016
     60.0000    -11.9381       0.4792E-016
     60.0000    -11.8333       0.5363E-016
     60.0000    -11.7286       0.5308E-016
     60.0000    -11.6239       0.4067E-016
     60.0000    -11.5192       0.3454E-016
     60.0000    -11.4145       0.2165E-016
     60.0000    -11.3097       0.2427E-016
     60.0000    -11.2050       0.2826E-016
     60.0000    -11.1003       0.1738E-016
     60.0000    -10.9956       0.6720E-016
     60.0000    -10.8909       0.5989E-016
     60.0000    -10.7861       0.2679E-016
     60.0000    -10.6814       0.4631E-016
     60.0000    -10.5767       0.1834E-016
     60.0000    -10.4720       0.5200E-015
     60.0000    -10.3673       0.2524E-016
     60.0000    -10.2625       0.3866E-016
     60.0000    -10.1578       0.2513E-016
     60.0000    -10.0531       0.9346E-017
     60.0000     -9.9484       0.4244E-014
     60.0000     -9.8437       0.4599E-016
     60.0000     -9.7389       0.1288E-016
     60.0000     -9.6342       0.5770E-016
     60.0000     -9.5295       0.6580E-016
     60.0000     -9.4248       0.5050E-013
     60.0000     -9.3201       0.6286E-016
     60.0000     -9.2153       0.7052E-016
     60.0000     -9.1106       0.2237E-016
     60.0000     -9.0059       0.2596E-016
     60.0000     -8.9012       0.3505E-012
     60.0000     -8.7965       0.2108E-016
     60.0000     -8.6917       0.1269E-016
     60.0000     -8.5870       0.3723E-016
     60.0000     -8.4823       0.5394E-016
     60.0000     -8.3776       0.5504E-011
     60.0000     -8.2729       0.3769E-016
     60.0000     -8.1681       0.4295E-016
     60.0000     -8.0634       0.1229E-016
     60.0000     -7.9587       0.1965E-016
     60.0000     -7.8540       0.4845E-010
     60.0000     -7.7493       0.8863E-017
     60.0000     -7.6445       0.1125E-016
     60.0000     -7.5398       0.9079E-017
     60.0000     -7.4351       0.5848E-017
     60.0000     -7.3304       0.3877E-009
     60.0000     -7.2257       0.6169E-017
     60.0000     -7.1209       0.4405E-017
     60.0000     -7.0162       0.1368E-016
     60.0000     -6.9115       0.8920E-017
     60.0000     -6.8068       0.6395E-008
     60.0000     -6.7021       0.3213E-016
     60.0000     -6.5973       0.9456E-017
     60.0000     -6.4926       0.6312E-017
     60.0000     -6.3879       0.2562E-016
     60.0000     -6.2832       0.5331E-007
     60.0000     -6.1785       0.1594E-016
     60.0000     -6.0737       0.1091E-016
     60.0000     -5.9690       0.2457E-016
     60.0000     -5.8643       0.3993E-016
     60.0000     -5.7596       0.6990E-006
     60.0000     -5.6549       0.1455E-015
     60.0000     -5.5501       0.3585E-016
     60.0000     -5.4454       0.5879E-016
     60.0000     -5.3407       0.7668E-015
     60.0000     -5.2360       0.8694E-005
     60.0000     -5.1313       0.1685E-014
     60.0000     -5.0265       0.3576E-015
     60.0000     -4.9218       0.2566E-015
     60.0000     -4.8171       0.5665E-014
     60.0000     -4.7124       0.6832E-004
     60.0000     -4.6077       0.4885E-014
     60.0000     -4.5029       0.2970E-014
     60.0000     -4.3982       0.4593E-014
     60.0000     -4.2935       0.2154E-013
     60.0000     -4.1888       0.5664E-003
     60.0000     -4.0841       0.1252E-012
     60.0000     -3.9794       0.1044E-013
     60.0000     -3.8746       0.3319E-013
     60.0000     -3.7699       0.5055E-012
     60.0000     -3.6652       0.9822E-002
     60.0000     -3.5605       0.8570E-012
     60.0000     -3.4558       0.2401E-012
     60.0000     -3.3510       0.1100E-012
     60.0000     -3.2463       0.2646E-011
     60.0000     -3.1416       0.4603E-001
     60.0000     -3.0369       0.1614E-011
     60.0000     -2.9322       0.1330E-011
     60.0000     -2.8274       0.2684E-011
     60.0000     -2.7227       0.8908E-011
     60.0000     -2.6180       0.6626     
     60.0000     -2.5133       0.7212E-010
     60.0000     -2.4086       0.3916E-011
     60.0000     -2.3038       0.1306E-010
     60.0000     -2.1991       0.2537E-009
     60.0000     -2.0944        12.98     
     60.0000     -1.9897       0.3105E-009
     60.0000     -1.8850       0.1080E-009
     60.0000     -1.7802       0.3751E-010
     60.0000     -1.6755       0.8312E-009
     60.0000     -1.5708        34.73     
     60.0000     -1.4661       0.9765E-009
     60.0000     -1.3614       0.3618E-009
     60.0000     -1.2566       0.1157E-008
     60.0000     -1.1519       0.6844E-008
     60.0000     -1.0472        1770.     
     60.0000     -0.9425       0.3459E-007
     60.0000     -0.8378       0.1609E-008
     60.0000     -0.7330       0.6067E-008
     60.0000     -0.6283       0.1386E-006
     60.0000     -0.5236       0.2114E+006
     60.0000     -0.4189       0.2111E-006
     60.0000     -0.3142       0.2288E-007
     60.0000     -0.2094       0.9735E-008
     60.0000     -0.1047       0.1169E-006
