    148.0000      0.0000       0.1066E+006
    148.0000      0.1047        63.09     
    148.0000      0.2094        1385.     
    148.0000      0.3142        845.9     
    148.0000      0.4189        105.8     
    148.0000      0.5236       0.1632E+006
    148.0000      0.6283        88.82     
    148.0000      0.7330        391.7     
    148.0000      0.8378        380.0     
    148.0000      0.9425        16.89     
    148.0000      1.0472        3365.     
    148.0000      1.1519        9.517     
    148.0000      1.2566        51.79     
    148.0000      1.3614        28.93     
    148.0000      1.4661        3.448     
    148.0000      1.5708        449.8     
    148.0000      1.6755        3.273     
    148.0000      1.7802        9.775     
    148.0000      1.8850        6.136     
    148.0000      1.9897       0.4556     
    148.0000      2.0944        15.30     
    148.0000      2.1991       0.1554     
    148.0000      2.3038       0.3067     
    148.0000      2.4086       0.3470     
    148.0000      2.5133       0.3271E-001
    148.0000      2.6180        1.356     
    148.0000      2.7227       0.1792E-001
    148.0000      2.8274       0.4018E-001
    148.0000      2.9322       0.2725E-001
    148.0000      3.0369       0.3908E-002
    148.0000      3.1416       0.2365     
    148.0000      3.2463       0.1861E-002
    148.0000      3.3510       0.6373E-002
    148.0000      3.4558       0.3281E-002
    148.0000      3.5605       0.6030E-003
    148.0000      3.6652       0.7428E-001
    148.0000      3.7699       0.3138E-003
    148.0000      3.8746       0.1068E-002
    148.0000      3.9794       0.1012E-002
    148.0000      4.0841       0.1384E-003
    148.0000      4.1888       0.2952E-001
    148.0000      4.2935       0.7980E-004
    148.0000      4.3982       0.3425E-003
    148.0000      4.5029       0.2836E-003
    148.0000      4.6077       0.4813E-004
    148.0000      4.7124       0.9260E-002
    148.0000      4.8171       0.2852E-004
    148.0000      4.9218       0.8286E-004
    148.0000      5.0265       0.9513E-004
    148.0000      5.1313       0.1628E-004
    148.0000      5.2360       0.2432E-002
    148.0000      5.3407       0.8972E-005
    148.0000      5.4454       0.2767E-004
    148.0000      5.5501       0.3327E-004
    148.0000      5.6549       0.4441E-005
    148.0000      5.7596       0.6272E-003
    148.0000      5.8643       0.2345E-005
    148.0000      5.9690       0.8529E-005
    148.0000      6.0737       0.6946E-005
    148.0000      6.1785       0.1151E-005
    148.0000      6.2832       0.1221E-003
    148.0000      6.3879       0.4675E-006
    148.0000      6.4926       0.1532E-005
    148.0000      6.5973       0.1687E-005
    148.0000      6.7021       0.2438E-006
    148.0000      6.8068       0.2169E-004
    148.0000      6.9115       0.9505E-007
    148.0000      7.0162       0.2657E-006
    148.0000      7.1209       0.1894E-006
    148.0000      7.2257       0.4242E-007
    148.0000      7.3304       0.3265E-005
    148.0000      7.4351       0.1353E-007
    148.0000      7.5398       0.5151E-007
    148.0000      7.6445       0.3672E-007
    148.0000      7.7493       0.4747E-008
    148.0000      7.8540       0.6351E-006
    148.0000      7.9587       0.3224E-008
    148.0000      8.0634       0.5305E-008
    148.0000      8.1681       0.3808E-008
    148.0000      8.2729       0.7823E-009
    148.0000      8.3776       0.1438E-006
    148.0000      8.4823       0.4382E-009
    148.0000      8.5870       0.9585E-009
    148.0000      8.6917       0.7627E-009
    148.0000      8.7965       0.1251E-009
    148.0000      8.9012       0.1142E-007
    148.0000      9.0059       0.4209E-010
    148.0000      9.1106       0.1105E-009
    148.0000      9.2153       0.7294E-010
    148.0000      9.3201       0.1153E-010
    148.0000      9.4248       0.1315E-008
    148.0000      9.5295       0.4822E-011
    148.0000      9.6342       0.1316E-010
    148.0000      9.7389       0.9421E-011
    148.0000      9.8437       0.1480E-011
    148.0000      9.9484       0.2746E-009
    148.0000     10.0531       0.9603E-012
    148.0000     10.1578       0.3038E-011
    148.0000     10.2625       0.2228E-011
    148.0000     10.3673       0.6947E-012
    148.0000     10.4720       0.9336E-010
    148.0000     10.5767       0.3035E-012
    148.0000     10.6814       0.6823E-012
    148.0000     10.7861       0.8206E-012
    148.0000     10.8909       0.1805E-012
    148.0000     10.9956       0.1702E-010
    148.0000     11.1003       0.6907E-013
    148.0000     11.2050       0.2558E-012
    148.0000     11.3097       0.1914E-012
    148.0000     11.4145       0.3299E-013
    148.0000     11.5192       0.3304E-011
    148.0000     11.6239       0.2150E-013
    148.0000     11.7286       0.4132E-013
    148.0000     11.8333       0.3577E-013
    148.0000     11.9381       0.1052E-013
    148.0000     12.0428       0.9430E-012
    148.0000     12.1475       0.7058E-014
    148.0000     12.2522       0.1322E-013
    148.0000     12.3569       0.1321E-013
    148.0000     12.4617       0.3838E-014
    148.0000     12.5664       0.2020E-012
    148.0000     12.6711       0.9524E-014
    148.0000     12.7758       0.8539E-014
    148.0000     12.8805       0.1723E-013
    148.0000     12.9852       0.6099E-014
    148.0000     13.0900       0.3646E-013
    148.0000     13.1947       0.1554E-013
    148.0000     13.2994       0.7825E-014
    148.0000    -13.4041       0.2037E-013
    148.0000    -13.2994       0.7316E-014
    148.0000    -13.1947       0.1797E-013
    148.0000    -13.0900       0.2297E-013
    148.0000    -12.9852       0.6034E-014
    148.0000    -12.8805       0.1763E-013
    148.0000    -12.7758       0.8123E-014
    148.0000    -12.6711       0.1253E-013
    148.0000    -12.5664       0.1092E-012
    148.0000    -12.4617       0.3499E-014
    148.0000    -12.3569       0.1133E-013
    148.0000    -12.2522       0.1008E-013
    148.0000    -12.1475       0.6961E-014
    148.0000    -12.0428       0.5666E-012
    148.0000    -11.9381       0.6645E-014
    148.0000    -11.8333       0.2504E-013
    148.0000    -11.7286       0.3904E-013
    148.0000    -11.6239       0.1961E-013
    148.0000    -11.5192       0.2501E-011
    148.0000    -11.4145       0.2416E-013
    148.0000    -11.3097       0.1541E-012
    148.0000    -11.2050       0.1911E-012
    148.0000    -11.1003       0.5298E-013
    148.0000    -10.9956       0.1561E-010
    148.0000    -10.8909       0.1422E-012
    148.0000    -10.7861       0.6667E-012
    148.0000    -10.6814       0.8645E-012
    148.0000    -10.5767       0.2205E-012
    148.0000    -10.4720       0.5737E-010
    148.0000    -10.3673       0.4473E-012
    148.0000    -10.2625       0.1907E-011
    148.0000    -10.1578       0.2497E-011
    148.0000    -10.0531       0.6770E-012
    148.0000     -9.9484       0.2503E-009
    148.0000     -9.8437       0.1288E-011
    148.0000     -9.7389       0.7736E-011
    148.0000     -9.6342       0.7791E-011
    148.0000     -9.5295       0.3522E-011
    148.0000     -9.4248       0.8689E-009
    148.0000     -9.3201       0.6285E-011
    148.0000     -9.2153       0.4357E-010
    148.0000     -9.1106       0.7331E-010
    148.0000     -9.0059       0.3763E-010
    148.0000     -8.9012       0.5781E-008
    148.0000     -8.7965       0.7177E-010
    148.0000     -8.6917       0.5198E-009
    148.0000     -8.5870       0.6244E-009
    148.0000     -8.4823       0.3218E-009
    148.0000     -8.3776       0.9790E-007
    148.0000     -8.2729       0.6547E-009
    148.0000     -8.1681       0.2900E-008
    148.0000     -8.0634       0.4731E-008
    148.0000     -7.9587       0.2159E-008
    148.0000     -7.8540       0.5268E-006
    148.0000     -7.7493       0.3734E-008
    148.0000     -7.6445       0.2880E-007
    148.0000     -7.5398       0.3497E-007
    148.0000     -7.4351       0.1613E-007
    148.0000     -7.3304       0.2297E-005
    148.0000     -7.2257       0.2533E-007
    148.0000     -7.1209       0.1744E-006
    148.0000     -7.0162       0.2463E-006
    148.0000     -6.9115       0.9147E-007
    148.0000     -6.8068       0.1871E-004
    148.0000     -6.7021       0.1925E-006
    148.0000     -6.5973       0.1870E-005
    148.0000     -6.4926       0.1078E-005
    148.0000     -6.3879       0.6021E-006
    148.0000     -6.2832       0.1076E-003
    148.0000     -6.1785       0.1125E-005
    148.0000     -6.0737       0.8029E-005
    148.0000     -5.9690       0.9172E-005
    148.0000     -5.8643       0.1851E-005
    148.0000     -5.7596       0.4659E-003
    148.0000     -5.6549       0.4009E-005
    148.0000     -5.5501       0.3257E-004
    148.0000     -5.4454       0.2591E-004
    148.0000     -5.3407       0.7346E-005
    148.0000     -5.2360       0.2382E-002
    148.0000     -5.1313       0.1538E-004
    148.0000     -5.0265       0.8512E-004
    148.0000     -4.9218       0.8688E-004
    148.0000     -4.8171       0.2565E-004
    148.0000     -4.7124       0.8884E-002
    148.0000     -4.6077       0.3883E-004
    148.0000     -4.5029       0.2501E-003
    148.0000     -4.3982       0.3034E-003
    148.0000     -4.2935       0.7766E-004
    148.0000     -4.1888       0.2561E-001
    148.0000     -4.0841       0.1262E-003
    148.0000     -3.9794       0.9878E-003
    148.0000     -3.8746       0.1124E-002
    148.0000     -3.7699       0.3313E-003
    148.0000     -3.6652       0.7059E-001
    148.0000     -3.5605       0.5885E-003
    148.0000     -3.4558       0.3071E-002
    148.0000     -3.3510       0.5945E-002
    148.0000     -3.2463       0.1970E-002
    148.0000     -3.1416       0.2307     
    148.0000     -3.0369       0.3670E-002
    148.0000     -2.9322       0.2757E-001
    148.0000     -2.8274       0.3945E-001
    148.0000     -2.7227       0.1714E-001
    148.0000     -2.6180        1.322     
    148.0000     -2.5133       0.3107E-001
    148.0000     -2.4086       0.3667     
    148.0000     -2.3038       0.2923     
    148.0000     -2.1991       0.1315     
    148.0000     -2.0944        15.29     
    148.0000     -1.9897       0.4609     
    148.0000     -1.8850        6.277     
    148.0000     -1.7802        9.357     
    148.0000     -1.6755        3.147     
    148.0000     -1.5708        450.4     
    148.0000     -1.4661        3.645     
    148.0000     -1.3614        29.13     
    148.0000     -1.2566        48.44     
    148.0000     -1.1519        9.665     
    148.0000     -1.0472        3378.     
    148.0000     -0.9425        18.09     
    148.0000     -0.8378        367.9     
    148.0000     -0.7330        370.7     
    148.0000     -0.6283        86.33     
    148.0000     -0.5236       0.1633E+006
    148.0000     -0.4189        109.7     
    148.0000     -0.3142        796.4     
    148.0000     -0.2094        1337.     
    148.0000     -0.1047        63.84     
