     91.0000      0.0000       0.2864E+005
     91.0000      0.1047       0.2503E-003
     91.0000      0.2094       0.5923E-004
     91.0000      0.3142       0.7174E-004
     91.0000      0.4189       0.5304E-003
     91.0000      0.5236       0.2076E+006
     91.0000      0.6283       0.1583E-003
     91.0000      0.7330       0.5694E-005
     91.0000      0.8378       0.1005E-004
     91.0000      0.9425       0.4038E-004
     91.0000      1.0472        1682.     
     91.0000      1.1519       0.3093E-004
     91.0000      1.2566       0.3310E-005
     91.0000      1.3614       0.2050E-005
     91.0000      1.4661       0.6175E-005
     91.0000      1.5708        55.23     
     91.0000      1.6755       0.2375E-005
     91.0000      1.7802       0.4567E-006
     91.0000      1.8850       0.5468E-006
     91.0000      1.9897       0.1664E-005
     91.0000      2.0944        7.496     
     91.0000      2.1991       0.3110E-006
     91.0000      2.3038       0.1844E-007
     91.0000      2.4086       0.1517E-007
     91.0000      2.5133       0.6606E-007
     91.0000      2.6180       0.7100     
     91.0000      2.7227       0.5784E-007
     91.0000      2.8274       0.6026E-008
     91.0000      2.9322       0.3162E-008
     91.0000      3.0369       0.1065E-007
     91.0000      3.1416       0.5227E-001
     91.0000      3.2463       0.4424E-008
     91.0000      3.3510       0.7935E-009
     91.0000      3.4558       0.8129E-009
     91.0000      3.5605       0.2595E-008
     91.0000      3.6652       0.1094E-001
     91.0000      3.7699       0.4388E-009
     91.0000      3.8746       0.4353E-010
     91.0000      3.9794       0.4045E-010
     91.0000      4.0841       0.1431E-009
     91.0000      4.1888       0.1909E-002
     91.0000      4.2935       0.7753E-010
     91.0000      4.3982       0.9177E-011
     91.0000      4.5029       0.5546E-011
     91.0000      4.6077       0.2034E-010
     91.0000      4.7124       0.2020E-003
     91.0000      4.8171       0.8573E-011
     91.0000      4.9218       0.1269E-011
     91.0000      5.0265       0.1094E-011
     91.0000      5.1313       0.3568E-011
     91.0000      5.2360       0.3921E-004
     91.0000      5.3407       0.9269E-012
     91.0000      5.4454       0.1062E-012
     91.0000      5.5501       0.8922E-013
     91.0000      5.6549       0.3045E-012
     91.0000      5.7596       0.4588E-005
     91.0000      5.8643       0.1235E-012
     91.0000      5.9690       0.1348E-013
     91.0000      6.0737       0.9288E-014
     91.0000      6.1785       0.3300E-013
     91.0000      6.2832       0.5456E-006
     91.0000      6.3879       0.1339E-013
     91.0000      6.4926       0.1453E-014
     91.0000      6.5973       0.1237E-014
     91.0000      6.7021       0.4152E-014
     91.0000      6.8068       0.4366E-007
     91.0000      6.9115       0.1072E-014
     91.0000      7.0162       0.1543E-015
     91.0000      7.1209       0.8834E-016
     91.0000      7.2257       0.3252E-015
     91.0000      7.3304       0.2120E-008
     91.0000      7.4351       0.1286E-015
     91.0000      7.5398       0.2545E-016
     91.0000      7.6445       0.2691E-016
     91.0000      7.7493       0.4441E-016
     91.0000      7.8540       0.2257E-009
     91.0000      7.9587       0.3703E-016
     91.0000      8.0634       0.2023E-016
     91.0000      8.1681       0.6640E-016
     91.0000      8.2729       0.6620E-016
     91.0000      8.3776       0.3246E-010
     91.0000      8.4823       0.8837E-016
     91.0000      8.5870       0.6372E-016
     91.0000      8.6917       0.2171E-016
     91.0000      8.7965       0.4023E-016
     91.0000      8.9012       0.3982E-011
     91.0000      9.0059       0.4722E-016
     91.0000      9.1106       0.3900E-016
     91.0000      9.2153       0.1253E-015
     91.0000      9.3201       0.1178E-015
     91.0000      9.4248       0.7534E-012
     91.0000      9.5295       0.1207E-015
     91.0000      9.6342       0.1072E-015
     91.0000      9.7389       0.2644E-016
     91.0000      9.8437       0.8724E-016
     91.0000      9.9484       0.1549E-012
     91.0000     10.0531       0.1943E-016
     91.0000     10.1578       0.5052E-016
     91.0000     10.2625       0.7976E-016
     91.0000     10.3673       0.5757E-016
     91.0000     10.4720       0.1667E-013
     91.0000     10.5767       0.4193E-016
     91.0000     10.6814       0.1008E-015
     91.0000     10.7861       0.6140E-016
     91.0000     10.8909       0.1425E-015
     91.0000     10.9956       0.2364E-014
     91.0000     11.1003       0.4654E-016
     91.0000     11.2050       0.7356E-016
     91.0000     11.3097       0.6811E-016
     91.0000     11.4145       0.5804E-016
     91.0000     11.5192       0.4509E-015
     91.0000     11.6239       0.1188E-015
     91.0000     11.7286       0.1567E-015
     91.0000     11.8333       0.1551E-015
     91.0000     11.9381       0.1525E-015
     91.0000     12.0428       0.1399E-015
     91.0000     12.1475       0.1681E-015
     91.0000     12.2522       0.1546E-015
     91.0000     12.3569       0.2640E-015
     91.0000     12.4617       0.1829E-015
     91.0000     12.5664       0.2805E-015
     91.0000     12.6711       0.3777E-015
     91.0000     12.7758       0.5252E-015
     91.0000     12.8805       0.1151E-014
     91.0000     12.9852       0.5399E-015
     91.0000     13.0900       0.7029E-015
     91.0000     13.1947       0.3962E-015
     91.0000     13.2994       0.4631E-015
     91.0000    -13.4041       0.1078E-014
     91.0000    -13.2994       0.4294E-015
     91.0000    -13.1947       0.3654E-015
     91.0000    -13.0900       0.6975E-015
     91.0000    -12.9852       0.5597E-015
     91.0000    -12.8805       0.1130E-014
     91.0000    -12.7758       0.5466E-015
     91.0000    -12.6711       0.3797E-015
     91.0000    -12.5664       0.2871E-015
     91.0000    -12.4617       0.1838E-015
     91.0000    -12.3569       0.2639E-015
     91.0000    -12.2522       0.1683E-015
     91.0000    -12.1475       0.1768E-015
     91.0000    -12.0428       0.1581E-015
     91.0000    -11.9381       0.1531E-015
     91.0000    -11.8333       0.1556E-015
     91.0000    -11.7286       0.1601E-015
     91.0000    -11.6239       0.1204E-015
     91.0000    -11.5192       0.4085E-015
     91.0000    -11.4145       0.6009E-016
     91.0000    -11.3097       0.7088E-016
     91.0000    -11.2050       0.7487E-016
     91.0000    -11.1003       0.4765E-016
     91.0000    -10.9956       0.2069E-014
     91.0000    -10.8909       0.1426E-015
     91.0000    -10.7861       0.6154E-016
     91.0000    -10.6814       0.1017E-015
     91.0000    -10.5767       0.4262E-016
     91.0000    -10.4720       0.2068E-013
     91.0000    -10.3673       0.5728E-016
     91.0000    -10.2625       0.8106E-016
     91.0000    -10.1578       0.5036E-016
     91.0000    -10.0531       0.1954E-016
     91.0000     -9.9484       0.1937E-012
     91.0000     -9.8437       0.8768E-016
     91.0000     -9.7389       0.2663E-016
     91.0000     -9.6342       0.1072E-015
     91.0000     -9.5295       0.1201E-015
     91.0000     -9.4248       0.8184E-012
     91.0000     -9.3201       0.1178E-015
     91.0000     -9.2153       0.1255E-015
     91.0000     -9.1106       0.3907E-016
     91.0000     -9.0059       0.4745E-016
     91.0000     -8.9012       0.3351E-011
     91.0000     -8.7965       0.4006E-016
     91.0000     -8.6917       0.2180E-016
     91.0000     -8.5870       0.6390E-016
     91.0000     -8.4823       0.8860E-016
     91.0000     -8.3776       0.2902E-010
     91.0000     -8.2729       0.6616E-016
     91.0000     -8.1681       0.6633E-016
     91.0000     -8.0634       0.2006E-016
     91.0000     -7.9587       0.3632E-016
     91.0000     -7.8540       0.2314E-009
     91.0000     -7.7493       0.4424E-016
     91.0000     -7.6445       0.2630E-016
     91.0000     -7.5398       0.2527E-016
     91.0000     -7.4351       0.1161E-015
     91.0000     -7.3304       0.2100E-008
     91.0000     -7.2257       0.2992E-015
     91.0000     -7.1209       0.8340E-016
     91.0000     -7.0162       0.1602E-015
     91.0000     -6.9115       0.9766E-015
     91.0000     -6.8068       0.4709E-007
     91.0000     -6.7021       0.4218E-014
     91.0000     -6.5973       0.1260E-014
     91.0000     -6.4926       0.1482E-014
     91.0000     -6.3879       0.1240E-013
     91.0000     -6.2832       0.7163E-006
     91.0000     -6.1785       0.3354E-013
     91.0000     -6.0737       0.8844E-014
     91.0000     -5.9690       0.1322E-013
     91.0000     -5.8643       0.1230E-012
     91.0000     -5.7596       0.4433E-005
     91.0000     -5.6549       0.2995E-012
     91.0000     -5.5501       0.7971E-013
     91.0000     -5.4454       0.9882E-013
     91.0000     -5.3407       0.7925E-012
     91.0000     -5.2360       0.3708E-004
     91.0000     -5.1313       0.3622E-011
     91.0000     -5.0265       0.1093E-011
     91.0000     -4.9218       0.1224E-011
     91.0000     -4.8171       0.8284E-011
     91.0000     -4.7124       0.1844E-003
     91.0000     -4.6077       0.2013E-010
     91.0000     -4.5029       0.5264E-011
     91.0000     -4.3982       0.8897E-011
     91.0000     -4.2935       0.7685E-010
     91.0000     -4.1888       0.1755E-002
     91.0000     -4.0841       0.1432E-009
     91.0000     -3.9794       0.3939E-010
     91.0000     -3.8746       0.4173E-010
     91.0000     -3.7699       0.4326E-009
     91.0000     -3.6652       0.1089E-001
     91.0000     -3.5605       0.2587E-008
     91.0000     -3.4558       0.7982E-009
     91.0000     -3.3510       0.7771E-009
     91.0000     -3.2463       0.4398E-008
     91.0000     -3.1416       0.5201E-001
     91.0000     -3.0369       0.1064E-007
     91.0000     -2.9322       0.3119E-008
     91.0000     -2.8274       0.5980E-008
     91.0000     -2.7227       0.5727E-007
     91.0000     -2.6180       0.7083     
     91.0000     -2.5133       0.6578E-007
     91.0000     -2.4086       0.1499E-007
     91.0000     -2.3038       0.1759E-007
     91.0000     -2.1991       0.3111E-006
     91.0000     -2.0944        7.510     
     91.0000     -1.9897       0.1665E-005
     91.0000     -1.8850       0.5427E-006
     91.0000     -1.7802       0.4447E-006
     91.0000     -1.6755       0.2373E-005
     91.0000     -1.5708        55.20     
     91.0000     -1.4661       0.6175E-005
     91.0000     -1.3614       0.2022E-005
     91.0000     -1.2566       0.3315E-005
     91.0000     -1.1519       0.3093E-004
     91.0000     -1.0472        1682.     
     91.0000     -0.9425       0.4038E-004
     91.0000     -0.8378       0.1036E-004
     91.0000     -0.7330       0.5823E-005
     91.0000     -0.6283       0.1582E-003
     91.0000     -0.5236       0.2076E+006
     91.0000     -0.4189       0.5303E-003
     91.0000     -0.3142       0.7433E-004
     91.0000     -0.2094       0.6197E-004
     91.0000     -0.1047       0.2503E-003
