     48.0000      0.0000        1448.     
     48.0000      0.1047       0.1638E-007
     48.0000      0.2094       0.8298E-009
     48.0000      0.3142       0.3908E-009
     48.0000      0.4189       0.5669E-009
     48.0000      0.5236       0.2227E+006
     48.0000      0.6283       0.1921E-009
     48.0000      0.7330       0.7676E-010
     48.0000      0.8378       0.1408E-009
     48.0000      0.9425       0.2253E-008
     48.0000      1.0472        144.1     
     48.0000      1.1519       0.1006E-008
     48.0000      1.2566       0.4292E-010
     48.0000      1.3614       0.1929E-010
     48.0000      1.4661       0.7516E-010
     48.0000      1.5708        77.38     
     48.0000      1.6755       0.2467E-010
     48.0000      1.7802       0.9444E-013
     48.0000      1.8850       0.6456E-012
     48.0000      1.9897       0.2030E-010
     48.0000      2.0944        1.827     
     48.0000      2.1991       0.1026E-010
     48.0000      2.3038       0.5686E-012
     48.0000      2.4086       0.3331E-012
     48.0000      2.5133       0.2034E-011
     48.0000      2.6180       0.2458     
     48.0000      2.7227       0.7338E-012
     48.0000      2.8274       0.7269E-014
     48.0000      2.9322       0.1458E-014
     48.0000      3.0369       0.1163E-012
     48.0000      3.1416       0.2233E-001
     48.0000      3.2463       0.6483E-013
     48.0000      3.3510       0.4997E-014
     48.0000      3.4558       0.3750E-014
     48.0000      3.5605       0.3085E-013
     48.0000      3.6652       0.7184E-003
     48.0000      3.7699       0.1183E-013
     48.0000      3.8746       0.2191E-015
     48.0000      3.9794       0.2267E-016
     48.0000      4.0841       0.3931E-015
     48.0000      4.1888       0.1318E-003
     48.0000      4.2935       0.2397E-015
     48.0000      4.3982       0.3308E-016
     48.0000      4.5029       0.4005E-016
     48.0000      4.6077       0.3353E-015
     48.0000      4.7124       0.1326E-004
     48.0000      4.8171       0.1387E-015
     48.0000      4.9218       0.9515E-017
     48.0000      5.0265       0.1166E-016
     48.0000      5.1313       0.6034E-017
     48.0000      5.2360       0.8575E-006
     48.0000      5.3407       0.3015E-016
     48.0000      5.4454       0.5363E-017
     48.0000      5.5501       0.6952E-017
     48.0000      5.6549       0.2655E-016
     48.0000      5.7596       0.3178E-007
     48.0000      5.8643       0.6487E-017
     48.0000      5.9690       0.1422E-016
     48.0000      6.0737       0.1177E-016
     48.0000      6.1785       0.6656E-017
     48.0000      6.2832       0.5375E-008
     48.0000      6.3879       0.2861E-016
     48.0000      6.4926       0.5602E-017
     48.0000      6.5973       0.7989E-017
     48.0000      6.7021       0.2107E-016
     48.0000      6.8068       0.7853E-010
     48.0000      6.9115       0.6378E-017
     48.0000      7.0162       0.1166E-016
     48.0000      7.1209       0.3865E-017
     48.0000      7.2257       0.4745E-017
     48.0000      7.3304       0.2684E-010
     48.0000      7.4351       0.4714E-017
     48.0000      7.5398       0.7662E-017
     48.0000      7.6445       0.9736E-017
     48.0000      7.7493       0.7609E-017
     48.0000      7.8540       0.1250E-011
     48.0000      7.9587       0.1697E-016
     48.0000      8.0634       0.1011E-016
     48.0000      8.1681       0.3600E-016
     48.0000      8.2729       0.3113E-016
     48.0000      8.3776       0.1245E-012
     48.0000      8.4823       0.4437E-016
     48.0000      8.5870       0.3036E-016
     48.0000      8.6917       0.1007E-016
     48.0000      8.7965       0.1691E-016
     48.0000      8.9012       0.7903E-014
     48.0000      9.0059       0.2082E-016
     48.0000      9.1106       0.1808E-016
     48.0000      9.2153       0.5698E-016
     48.0000      9.3201       0.4892E-016
     48.0000      9.4248       0.4604E-015
     48.0000      9.5295       0.5198E-016
     48.0000      9.6342       0.4588E-016
     48.0000      9.7389       0.9760E-017
     48.0000      9.8437       0.3623E-016
     48.0000      9.9484       0.1145E-015
     48.0000     10.0531       0.7070E-017
     48.0000     10.1578       0.1924E-016
     48.0000     10.2625       0.2903E-016
     48.0000     10.3673       0.1886E-016
     48.0000     10.4720       0.2515E-016
     48.0000     10.5767       0.1324E-016
     48.0000     10.6814       0.3411E-016
     48.0000     10.7861       0.1944E-016
     48.0000     10.8909       0.4291E-016
     48.0000     10.9956       0.9948E-017
     48.0000     11.1003       0.1156E-016
     48.0000     11.2050       0.1940E-016
     48.0000     11.3097       0.1652E-016
     48.0000     11.4145       0.1418E-016
     48.0000     11.5192       0.1921E-016
     48.0000     11.6239       0.2728E-016
     48.0000     11.7286       0.3514E-016
     48.0000     11.8333       0.3494E-016
     48.0000     11.9381       0.3028E-016
     48.0000     12.0428       0.2607E-016
     48.0000     12.1475       0.2854E-016
     48.0000     12.2522       0.2776E-016
     48.0000     12.3569       0.3990E-016
     48.0000     12.4617       0.3473E-016
     48.0000     12.5664       0.4807E-016
     48.0000     12.6711       0.6536E-016
     48.0000     12.7758       0.9034E-016
     48.0000     12.8805       0.2000E-015
     48.0000     12.9852       0.9118E-016
     48.0000     13.0900       0.9985E-016
     48.0000     13.1947       0.6790E-016
     48.0000     13.2994       0.6183E-016
     48.0000    -13.4041       0.1593E-015
     48.0000    -13.2994       0.5938E-016
     48.0000    -13.1947       0.6541E-016
     48.0000    -13.0900       0.9967E-016
     48.0000    -12.9852       0.9646E-016
     48.0000    -12.8805       0.2011E-015
     48.0000    -12.7758       0.9498E-016
     48.0000    -12.6711       0.6536E-016
     48.0000    -12.5664       0.4814E-016
     48.0000    -12.4617       0.3494E-016
     48.0000    -12.3569       0.3967E-016
     48.0000    -12.2522       0.2968E-016
     48.0000    -12.1475       0.3001E-016
     48.0000    -12.0428       0.2650E-016
     48.0000    -11.9381       0.3036E-016
     48.0000    -11.8333       0.3515E-016
     48.0000    -11.7286       0.3519E-016
     48.0000    -11.6239       0.2727E-016
     48.0000    -11.5192       0.1926E-016
     48.0000    -11.4145       0.1451E-016
     48.0000    -11.3097       0.1694E-016
     48.0000    -11.2050       0.1971E-016
     48.0000    -11.1003       0.1202E-016
     48.0000    -10.9956       0.1011E-016
     48.0000    -10.8909       0.4290E-016
     48.0000    -10.7861       0.1942E-016
     48.0000    -10.6814       0.3419E-016
     48.0000    -10.5767       0.1325E-016
     48.0000    -10.4720       0.2860E-016
     48.0000    -10.3673       0.1880E-016
     48.0000    -10.2625       0.2916E-016
     48.0000    -10.1578       0.1922E-016
     48.0000    -10.0531       0.7075E-017
     48.0000     -9.9484       0.9478E-016
     48.0000     -9.8437       0.3630E-016
     48.0000     -9.7389       0.9779E-017
     48.0000     -9.6342       0.4585E-016
     48.0000     -9.5295       0.5184E-016
     48.0000     -9.4248       0.5041E-015
     48.0000     -9.3201       0.4896E-016
     48.0000     -9.2153       0.5702E-016
     48.0000     -9.1106       0.1811E-016
     48.0000     -9.0059       0.2082E-016
     48.0000     -8.9012       0.7968E-014
     48.0000     -8.7965       0.1695E-016
     48.0000     -8.6917       0.1005E-016
     48.0000     -8.5870       0.3040E-016
     48.0000     -8.4823       0.4435E-016
     48.0000     -8.3776       0.1603E-012
     48.0000     -8.2729       0.3111E-016
     48.0000     -8.1681       0.3600E-016
     48.0000     -8.0634       0.1013E-016
     48.0000     -7.9587       0.1699E-016
     48.0000     -7.8540       0.1226E-011
     48.0000     -7.7493       0.7608E-017
     48.0000     -7.6445       0.9737E-017
     48.0000     -7.5398       0.7668E-017
     48.0000     -7.4351       0.4738E-017
     48.0000     -7.3304       0.2729E-010
     48.0000     -7.2257       0.4723E-017
     48.0000     -7.1209       0.3869E-017
     48.0000     -7.0162       0.1166E-016
     48.0000     -6.9115       0.6368E-017
     48.0000     -6.8068       0.9691E-010
     48.0000     -6.7021       0.2104E-016
     48.0000     -6.5973       0.7987E-017
     48.0000     -6.4926       0.5590E-017
     48.0000     -6.3879       0.2857E-016
     48.0000     -6.2832       0.5097E-008
     48.0000     -6.1785       0.6677E-017
     48.0000     -6.0737       0.1167E-016
     48.0000     -5.9690       0.1415E-016
     48.0000     -5.8643       0.6395E-017
     48.0000     -5.7596       0.3638E-007
     48.0000     -5.6549       0.2623E-016
     48.0000     -5.5501       0.6837E-017
     48.0000     -5.4454       0.5270E-017
     48.0000     -5.3407       0.2995E-016
     48.0000     -5.2360       0.8511E-006
     48.0000     -5.1313       0.5948E-017
     48.0000     -5.0265       0.1170E-016
     48.0000     -4.9218       0.9580E-017
     48.0000     -4.8171       0.1382E-015
     48.0000     -4.7124       0.1477E-004
     48.0000     -4.6077       0.3348E-015
     48.0000     -4.5029       0.3991E-016
     48.0000     -4.3982       0.3296E-016
     48.0000     -4.2935       0.2368E-015
     48.0000     -4.1888       0.1316E-003
     48.0000     -4.0841       0.3791E-015
     48.0000     -3.9794       0.2279E-016
     48.0000     -3.8746       0.2192E-015
     48.0000     -3.7699       0.1183E-013
     48.0000     -3.6652       0.7179E-003
     48.0000     -3.5605       0.3085E-013
     48.0000     -3.4558       0.3741E-014
     48.0000     -3.3510       0.4988E-014
     48.0000     -3.2463       0.6479E-013
     48.0000     -3.1416       0.2229E-001
     48.0000     -3.0369       0.1161E-012
     48.0000     -2.9322       0.1447E-014
     48.0000     -2.8274       0.7252E-014
     48.0000     -2.7227       0.7337E-012
     48.0000     -2.6180       0.2422     
     48.0000     -2.5133       0.2034E-011
     48.0000     -2.4086       0.3328E-012
     48.0000     -2.3038       0.5684E-012
     48.0000     -2.1991       0.1026E-010
     48.0000     -2.0944        1.826     
     48.0000     -1.9897       0.2029E-010
     48.0000     -1.8850       0.6454E-012
     48.0000     -1.7802       0.9318E-013
     48.0000     -1.6755       0.2466E-010
     48.0000     -1.5708        77.38     
     48.0000     -1.4661       0.7508E-010
     48.0000     -1.3614       0.1927E-010
     48.0000     -1.2566       0.4290E-010
     48.0000     -1.1519       0.1006E-008
     48.0000     -1.0472        144.1     
     48.0000     -0.9425       0.2253E-008
     48.0000     -0.8378       0.1407E-009
     48.0000     -0.7330       0.7661E-010
     48.0000     -0.6283       0.1899E-009
     48.0000     -0.5236       0.2227E+006
     48.0000     -0.4189       0.5599E-009
     48.0000     -0.3142       0.3894E-009
     48.0000     -0.2094       0.8284E-009
     48.0000     -0.1047       0.1638E-007
