    147.0000      0.0000       0.9409E+005
    147.0000      0.1047        48.43     
    147.0000      0.2094        667.4     
    147.0000      0.3142        734.0     
    147.0000      0.4189        111.7     
    147.0000      0.5236       0.1704E+006
    147.0000      0.6283        68.40     
    147.0000      0.7330        386.4     
    147.0000      0.8378        252.6     
    147.0000      0.9425        15.22     
    147.0000      1.0472        3655.     
    147.0000      1.1519        15.06     
    147.0000      1.2566        45.58     
    147.0000      1.3614        51.84     
    147.0000      1.4661        3.674     
    147.0000      1.5708        207.3     
    147.0000      1.6755        1.563     
    147.0000      1.7802        3.888     
    147.0000      1.8850        2.215     
    147.0000      1.9897       0.2334     
    147.0000      2.0944        14.69     
    147.0000      2.1991       0.1018     
    147.0000      2.3038       0.1822     
    147.0000      2.4086       0.2085     
    147.0000      2.5133       0.3541E-001
    147.0000      2.6180        1.171     
    147.0000      2.7227       0.1958E-001
    147.0000      2.8274       0.2812E-001
    147.0000      2.9322       0.1266E-001
    147.0000      3.0369       0.3747E-002
    147.0000      3.1416       0.2328     
    147.0000      3.2463       0.1443E-002
    147.0000      3.3510       0.3257E-002
    147.0000      3.4558       0.2281E-002
    147.0000      3.5605       0.5506E-003
    147.0000      3.6652       0.7605E-001
    147.0000      3.7699       0.2753E-003
    147.0000      3.8746       0.7100E-003
    147.0000      3.9794       0.5742E-003
    147.0000      4.0841       0.1294E-003
    147.0000      4.1888       0.2918E-001
    147.0000      4.2935       0.6659E-004
    147.0000      4.3982       0.2379E-003
    147.0000      4.5029       0.1922E-003
    147.0000      4.6077       0.3878E-004
    147.0000      4.7124       0.9036E-002
    147.0000      4.8171       0.1958E-004
    147.0000      4.9218       0.6652E-004
    147.0000      5.0265       0.6740E-004
    147.0000      5.1313       0.1378E-004
    147.0000      5.2360       0.2299E-002
    147.0000      5.3407       0.7450E-005
    147.0000      5.4454       0.2605E-004
    147.0000      5.5501       0.2378E-004
    147.0000      5.6549       0.3567E-005
    147.0000      5.7596       0.5787E-003
    147.0000      5.8643       0.1645E-005
    147.0000      5.9690       0.6858E-005
    147.0000      6.0737       0.4792E-005
    147.0000      6.1785       0.9668E-006
    147.0000      6.2832       0.1043E-003
    147.0000      6.3879       0.4106E-006
    147.0000      6.4926       0.1042E-005
    147.0000      6.5973       0.1162E-005
    147.0000      6.7021       0.2035E-006
    147.0000      6.8068       0.1974E-004
    147.0000      6.9115       0.8780E-007
    147.0000      7.0162       0.2211E-006
    147.0000      7.1209       0.1301E-006
    147.0000      7.2257       0.3307E-007
    147.0000      7.3304       0.3025E-005
    147.0000      7.4351       0.1177E-007
    147.0000      7.5398       0.2880E-007
    147.0000      7.6445       0.2610E-007
    147.0000      7.7493       0.3143E-008
    147.0000      7.8540       0.5973E-006
    147.0000      7.9587       0.2361E-008
    147.0000      8.0634       0.4071E-008
    147.0000      8.1681       0.2754E-008
    147.0000      8.2729       0.5903E-009
    147.0000      8.3776       0.1147E-006
    147.0000      8.4823       0.3732E-009
    147.0000      8.5870       0.6997E-009
    147.0000      8.6917       0.4144E-009
    147.0000      8.7965       0.8889E-010
    147.0000      8.9012       0.9738E-008
    147.0000      9.0059       0.3020E-010
    147.0000      9.1106       0.6865E-010
    147.0000      9.2153       0.4109E-010
    147.0000      9.3201       0.8055E-011
    147.0000      9.4248       0.1126E-008
    147.0000      9.5295       0.3518E-011
    147.0000      9.6342       0.8340E-011
    147.0000      9.7389       0.6887E-011
    147.0000      9.8437       0.1182E-011
    147.0000      9.9484       0.2566E-009
    147.0000     10.0531       0.7463E-012
    147.0000     10.1578       0.2136E-011
    147.0000     10.2625       0.1954E-011
    147.0000     10.3673       0.5431E-012
    147.0000     10.4720       0.8075E-010
    147.0000     10.5767       0.2089E-012
    147.0000     10.6814       0.4931E-012
    147.0000     10.7861       0.5501E-012
    147.0000     10.8909       0.1160E-012
    147.0000     10.9956       0.1616E-010
    147.0000     11.1003       0.4833E-013
    147.0000     11.2050       0.1779E-012
    147.0000     11.3097       0.1257E-012
    147.0000     11.4145       0.2168E-013
    147.0000     11.5192       0.2970E-011
    147.0000     11.6239       0.1426E-013
    147.0000     11.7286       0.2841E-013
    147.0000     11.8333       0.2761E-013
    147.0000     11.9381       0.7201E-014
    147.0000     12.0428       0.8238E-012
    147.0000     12.1475       0.5842E-014
    147.0000     12.2522       0.9641E-014
    147.0000     12.3569       0.9898E-014
    147.0000     12.4617       0.3226E-014
    147.0000     12.5664       0.1914E-012
    147.0000     12.6711       0.8384E-014
    147.0000     12.7758       0.7487E-014
    147.0000     12.8805       0.1663E-013
    147.0000     12.9852       0.5870E-014
    147.0000     13.0900       0.2996E-013
    147.0000     13.1947       0.1343E-013
    147.0000     13.2994       0.7477E-014
    147.0000    -13.4041       0.1926E-013
    147.0000    -13.2994       0.6779E-014
    147.0000    -13.1947       0.1506E-013
    147.0000    -13.0900       0.2040E-013
    147.0000    -12.9852       0.5392E-014
    147.0000    -12.8805       0.1655E-013
    147.0000    -12.7758       0.7118E-014
    147.0000    -12.6711       0.1112E-013
    147.0000    -12.5664       0.9405E-013
    147.0000    -12.4617       0.3035E-014
    147.0000    -12.3569       0.7313E-014
    147.0000    -12.2522       0.8239E-014
    147.0000    -12.1475       0.5779E-014
    147.0000    -12.0428       0.4723E-012
    147.0000    -11.9381       0.4533E-014
    147.0000    -11.8333       0.2174E-013
    147.0000    -11.7286       0.2753E-013
    147.0000    -11.6239       0.1299E-013
    147.0000    -11.5192       0.2138E-011
    147.0000    -11.4145       0.1756E-013
    147.0000    -11.3097       0.9139E-013
    147.0000    -11.2050       0.1234E-012
    147.0000    -11.1003       0.4029E-013
    147.0000    -10.9956       0.1339E-010
    147.0000    -10.8909       0.8699E-013
    147.0000    -10.7861       0.4617E-012
    147.0000    -10.6814       0.5718E-012
    147.0000    -10.5767       0.1712E-012
    147.0000    -10.4720       0.4837E-010
    147.0000    -10.3673       0.3229E-012
    147.0000    -10.2625       0.1370E-011
    147.0000    -10.1578       0.1838E-011
    147.0000    -10.0531       0.6143E-012
    147.0000     -9.9484       0.2120E-009
    147.0000     -9.8437       0.8176E-012
    147.0000     -9.7389       0.4741E-011
    147.0000     -9.6342       0.4599E-011
    147.0000     -9.5295       0.2660E-011
    147.0000     -9.4248       0.8218E-009
    147.0000     -9.3201       0.4374E-011
    147.0000     -9.2153       0.2828E-010
    147.0000     -9.1106       0.3996E-010
    147.0000     -9.0059       0.2808E-010
    147.0000     -8.9012       0.5503E-008
    147.0000     -8.7965       0.4277E-010
    147.0000     -8.6917       0.2592E-009
    147.0000     -8.5870       0.5147E-009
    147.0000     -8.4823       0.2235E-009
    147.0000     -8.3776       0.7812E-007
    147.0000     -8.2729       0.5085E-009
    147.0000     -8.1681       0.2166E-008
    147.0000     -8.0634       0.3823E-008
    147.0000     -7.9587       0.1412E-008
    147.0000     -7.8540       0.4872E-006
    147.0000     -7.7493       0.2807E-008
    147.0000     -7.6445       0.1970E-007
    147.0000     -7.5398       0.2675E-007
    147.0000     -7.4351       0.8941E-008
    147.0000     -7.3304       0.2359E-005
    147.0000     -7.2257       0.1801E-007
    147.0000     -7.1209       0.1085E-006
    147.0000     -7.0162       0.1557E-006
    147.0000     -6.9115       0.5837E-007
    147.0000     -6.8068       0.1729E-004
    147.0000     -6.7021       0.1386E-006
    147.0000     -6.5973       0.1477E-005
    147.0000     -6.4926       0.7858E-006
    147.0000     -6.3879       0.4018E-006
    147.0000     -6.2832       0.9830E-004
    147.0000     -6.1785       0.7151E-006
    147.0000     -6.0737       0.5715E-005
    147.0000     -5.9690       0.6619E-005
    147.0000     -5.8643       0.1252E-005
    147.0000     -5.7596       0.4396E-003
    147.0000     -5.6549       0.3220E-005
    147.0000     -5.5501       0.2436E-004
    147.0000     -5.4454       0.2305E-004
    147.0000     -5.3407       0.5823E-005
    147.0000     -5.2360       0.2198E-002
    147.0000     -5.1313       0.1203E-004
    147.0000     -5.0265       0.5556E-004
    147.0000     -4.9218       0.7062E-004
    147.0000     -4.8171       0.2195E-004
    147.0000     -4.7124       0.8804E-002
    147.0000     -4.6077       0.2974E-004
    147.0000     -4.5029       0.1712E-003
    147.0000     -4.3982       0.2097E-003
    147.0000     -4.2935       0.6749E-004
    147.0000     -4.1888       0.2607E-001
    147.0000     -4.0841       0.1236E-003
    147.0000     -3.9794       0.5159E-003
    147.0000     -3.8746       0.7595E-003
    147.0000     -3.7699       0.2555E-003
    147.0000     -3.6652       0.7523E-001
    147.0000     -3.5605       0.5367E-003
    147.0000     -3.4558       0.2181E-002
    147.0000     -3.3510       0.3122E-002
    147.0000     -3.2463       0.1372E-002
    147.0000     -3.1416       0.2333     
    147.0000     -3.0369       0.3605E-002
    147.0000     -2.9322       0.1294E-001
    147.0000     -2.8274       0.2799E-001
    147.0000     -2.7227       0.1935E-001
    147.0000     -2.6180        1.152     
    147.0000     -2.5133       0.3406E-001
    147.0000     -2.4086       0.2172     
    147.0000     -2.3038       0.1936     
    147.0000     -2.1991       0.9233E-001
    147.0000     -2.0944        14.75     
    147.0000     -1.9897       0.2419     
    147.0000     -1.8850        2.221     
    147.0000     -1.7802        3.743     
    147.0000     -1.6755        1.479     
    147.0000     -1.5708        207.1     
    147.0000     -1.4661        3.897     
    147.0000     -1.3614        52.19     
    147.0000     -1.2566        44.14     
    147.0000     -1.1519        13.86     
    147.0000     -1.0472        3661.     
    147.0000     -0.9425        14.95     
    147.0000     -0.8378        246.7     
    147.0000     -0.7330        374.1     
    147.0000     -0.6283        66.39     
    147.0000     -0.5236       0.1704E+006
    147.0000     -0.4189        115.6     
    147.0000     -0.3142        706.4     
    147.0000     -0.2094        636.0     
    147.0000     -0.1047        49.48     
