     68.0000      0.0000       0.1270E+005
     68.0000      0.1571        6475.     
     68.0000      0.3142        547.3     
     68.0000      0.4712        268.9     
     68.0000      0.6283        221.8     
     68.0000      0.7854        34.67     
     68.0000      0.9425        57.76     
     68.0000      1.0996        5.222     
     68.0000      1.2566        8.059     
     68.0000      1.4137        9.425     
     68.0000      1.5708       0.9044     
     68.0000      1.7279        1.304     
     68.0000      1.8850       0.3735     
     68.0000      2.0420       0.3534     
     68.0000      2.1991       0.1574     
     68.0000      2.3562       0.7919E-001
     68.0000      2.5133       0.3557E-001
     68.0000      2.6704       0.2693E-001
     68.0000      2.8274       0.1549E-001
     68.0000      2.9845       0.1730E-001
     68.0000      3.1416       0.2836E-001
     68.0000      3.2987       0.7584E-002
     68.0000      3.4558       0.1187E-001
     68.0000      3.6128       0.7332E-002
     68.0000      3.7699       0.1759E-001
     68.0000      3.9270       0.7158E-002
     68.0000      4.0841       0.7678E-002
     68.0000      4.2412       0.5271E-002
     68.0000      4.3982       0.8417E-002
     68.0000      4.5553       0.1155E-001
     68.0000      4.7124       0.9953E-002
     68.0000      4.8695       0.5844E-002
     68.0000     -5.0265       0.2038E-001
     68.0000     -4.8695       0.4629E-002
     68.0000     -4.7124       0.9630E-002
     68.0000     -4.5553       0.1078E-001
     68.0000     -4.3982       0.9481E-002
     68.0000     -4.2412       0.4690E-002
     68.0000     -4.0841       0.9031E-002
     68.0000     -3.9270       0.4901E-002
     68.0000     -3.7699       0.1774E-001
     68.0000     -3.6128       0.7345E-002
     68.0000     -3.4558       0.1010E-001
     68.0000     -3.2987       0.7728E-002
     68.0000     -3.1416       0.2251E-001
     68.0000     -2.9845       0.1619E-001
     68.0000     -2.8274       0.1569E-001
     68.0000     -2.6704       0.2756E-001
     68.0000     -2.5133       0.3706E-001
     68.0000     -2.3562       0.8017E-001
     68.0000     -2.1991       0.1530     
     68.0000     -2.0420       0.3535     
     68.0000     -1.8850       0.3700     
     68.0000     -1.7279        1.299     
     68.0000     -1.5708       0.8932     
     68.0000     -1.4137        9.398     
     68.0000     -1.2566        8.033     
     68.0000     -1.0996        5.237     
     68.0000     -0.9425        57.79     
     68.0000     -0.7854        34.74     
     68.0000     -0.6283        222.0     
     68.0000     -0.4712        268.9     
     68.0000     -0.3142        547.5     
     68.0000     -0.1571        6474.     
