    197.0000      0.0000       0.1905E+006
    197.0000      0.1571       0.7712E+005
    197.0000      0.3142       0.2833E+005
    197.0000      0.4712        8846.     
    197.0000      0.6283        4630.     
    197.0000      0.7854        1847.     
    197.0000      0.9425        1268.     
    197.0000      1.0996        1081.     
    197.0000      1.2566        512.7     
    197.0000      1.4137        491.5     
    197.0000      1.5708        326.8     
    197.0000      1.7279        228.0     
    197.0000      1.8850        159.4     
    197.0000      2.0420        125.8     
    197.0000      2.1991        90.11     
    197.0000      2.3562        76.83     
    197.0000      2.5133        36.85     
    197.0000      2.6704        27.92     
    197.0000      2.8274        23.58     
    197.0000      2.9845        12.14     
    197.0000      3.1416        9.942     
    197.0000      3.2987        7.137     
    197.0000      3.4558        4.850     
    197.0000      3.6128        3.144     
    197.0000      3.7699        1.879     
    197.0000      3.9270       0.8286     
    197.0000      4.0841       0.5104     
    197.0000      4.2412       0.3102     
    197.0000      4.3982       0.1978     
    197.0000      4.5553       0.1632     
    197.0000      4.7124       0.1210     
    197.0000      4.8695       0.6882E-001
    197.0000      5.0265       0.8938E-001
    197.0000      5.1836       0.6091E-001
    197.0000      5.3407       0.8176E-001
    197.0000      5.4978       0.7155E-001
    197.0000      5.6549       0.8623E-001
    197.0000      5.8119       0.7871E-001
    197.0000      5.9690       0.7713E-001
    197.0000      6.1261       0.1058     
    197.0000      6.2832       0.9043E-001
    197.0000      6.4403       0.9698E-001
    197.0000      6.5973       0.9259E-001
    197.0000      6.7544       0.1004     
    197.0000      6.9115       0.1036     
    197.0000      7.0686       0.9096E-001
    197.0000      7.2257       0.1199     
    197.0000      7.3827       0.1491     
    197.0000      7.5398       0.1491     
    197.0000      7.6969       0.1621     
    197.0000      7.8540       0.1715     
    197.0000      8.0111       0.1933     
    197.0000      8.1681       0.2571     
    197.0000      8.3252       0.1920     
    197.0000      8.4823       0.1575     
    197.0000      8.6394       0.2206     
    197.0000      8.7965       0.2792     
    197.0000      8.9535       0.2765     
    197.0000      9.1106       0.2997     
    197.0000      9.2677       0.3564     
    197.0000      9.4248       0.3533     
    197.0000      9.5819       0.2538     
    197.0000      9.7389       0.2289     
    197.0000      9.8960       0.1226     
    197.0000    -10.0531       0.1106     
    197.0000     -9.8960       0.1654     
    197.0000     -9.7389       0.2181     
    197.0000     -9.5819       0.3045     
    197.0000     -9.4248       0.3858     
    197.0000     -9.2677       0.3660     
    197.0000     -9.1106       0.3559     
    197.0000     -8.9535       0.3257     
    197.0000     -8.7965       0.2532     
    197.0000     -8.6394       0.2150     
    197.0000     -8.4823       0.1943     
    197.0000     -8.3252       0.2210     
    197.0000     -8.1681       0.2016     
    197.0000     -8.0111       0.1893     
    197.0000     -7.8540       0.2191     
    197.0000     -7.6969       0.2041     
    197.0000     -7.5398       0.1642     
    197.0000     -7.3827       0.1429     
    197.0000     -7.2257       0.1120     
    197.0000     -7.0686       0.1114     
    197.0000     -6.9115       0.1205     
    197.0000     -6.7544       0.8600E-001
    197.0000     -6.5973       0.1020     
    197.0000     -6.4403       0.1131     
    197.0000     -6.2832       0.9764E-001
    197.0000     -6.1261       0.8975E-001
    197.0000     -5.9690       0.7337E-001
    197.0000     -5.8119       0.8177E-001
    197.0000     -5.6549       0.8427E-001
    197.0000     -5.4978       0.6098E-001
    197.0000     -5.3407       0.8378E-001
    197.0000     -5.1836       0.6831E-001
    197.0000     -5.0265       0.7743E-001
    197.0000     -4.8695       0.8565E-001
    197.0000     -4.7124       0.9880E-001
    197.0000     -4.5553       0.1667     
    197.0000     -4.3982       0.1945     
    197.0000     -4.2412       0.3594     
    197.0000     -4.0841       0.4954     
    197.0000     -3.9270       0.8066     
    197.0000     -3.7699        1.825     
    197.0000     -3.6128        2.768     
    197.0000     -3.4558        4.717     
    197.0000     -3.2987        5.578     
    197.0000     -3.1416        10.43     
    197.0000     -2.9845        16.64     
    197.0000     -2.8274        21.29     
    197.0000     -2.6704        30.58     
    197.0000     -2.5133        40.78     
    197.0000     -2.3562        54.32     
    197.0000     -2.1991        80.51     
    197.0000     -2.0420        111.8     
    197.0000     -1.8850        137.8     
    197.0000     -1.7279        174.6     
    197.0000     -1.5708        368.5     
    197.0000     -1.4137        395.4     
    197.0000     -1.2566        431.0     
    197.0000     -1.0996        860.0     
    197.0000     -0.9425        1742.     
    197.0000     -0.7854        1485.     
    197.0000     -0.6283        4223.     
    197.0000     -0.4712       0.1060E+005
    197.0000     -0.3142       0.3071E+005
    197.0000     -0.1571       0.8012E+005
