     61.0000      0.0000       0.6544E+005
     61.0000      0.1571       0.1629E+006
     61.0000      0.3142       0.2536E+005
     61.0000      0.4712        2001.     
     61.0000      0.6283        607.5     
     61.0000      0.7854        106.4     
     61.0000      0.9425        9.911     
     61.0000      1.0996        7.613     
     61.0000      1.2566        6.217     
     61.0000      1.4137        3.596     
     61.0000      1.5708        1.950     
     61.0000      1.7279       0.6419     
     61.0000      1.8850       0.1138     
     61.0000      2.0420       0.3556E-001
     61.0000      2.1991       0.3917E-001
     61.0000      2.3562       0.4306E-001
     61.0000      2.5133       0.3190E-001
     61.0000      2.6704       0.2229E-001
     61.0000      2.8274       0.1141E-001
     61.0000      2.9845       0.3615E-002
     61.0000      3.1416       0.6185E-002
     61.0000      3.2987       0.3126E-002
     61.0000      3.4558       0.6198E-002
     61.0000      3.6128       0.7603E-002
     61.0000      3.7699       0.3098E-002
     61.0000      3.9270       0.7846E-002
     61.0000      4.0841       0.6162E-002
     61.0000      4.2412       0.2945E-002
     61.0000      4.3982       0.2212E-002
     61.0000      4.5553       0.1014E-002
     61.0000      4.7124       0.2144E-002
     61.0000      4.8695       0.7905E-003
     61.0000      5.0265       0.3183E-002
     61.0000      5.1836       0.6810E-003
     61.0000      5.3407       0.1900E-002
     61.0000      5.4978       0.2005E-002
     61.0000      5.6549       0.1780E-003
     61.0000      5.8119       0.2714E-002
     61.0000      5.9690       0.9054E-003
     61.0000      6.1261       0.6444E-003
     61.0000      6.2832       0.1994E-002
     61.0000      6.4403       0.5096E-003
     61.0000      6.5973       0.2386E-003
     61.0000      6.7544       0.3152E-002
     61.0000      6.9115       0.3995E-003
     61.0000      7.0686       0.8530E-003
     61.0000      7.2257       0.9347E-003
     61.0000      7.3827       0.7697E-003
     61.0000      7.5398       0.2841E-003
     61.0000      7.6969       0.1966E-003
     61.0000      7.8540       0.2761E-002
     61.0000      8.0111       0.2351E-003
     61.0000      8.1681       0.7632E-003
     61.0000      8.3252       0.8795E-003
     61.0000      8.4823       0.5308E-003
     61.0000      8.6394       0.3334E-003
     61.0000      8.7965       0.8674E-003
     61.0000      8.9535       0.5799E-003
     61.0000      9.1106       0.1066E-002
     61.0000      9.2677       0.3225E-002
     61.0000      9.4248       0.4145E-004
     61.0000      9.5819       0.4646E-003
     61.0000      9.7389       0.9471E-003
     61.0000      9.8960       0.7471E-003
     61.0000    -10.0531       0.9585E-003
     61.0000     -9.8960       0.6762E-003
     61.0000     -9.7389       0.1410E-002
     61.0000     -9.5819       0.3397E-003
     61.0000     -9.4248       0.3879E-003
     61.0000     -9.2677       0.3226E-002
     61.0000     -9.1106       0.1114E-002
     61.0000     -8.9535       0.4573E-003
     61.0000     -8.7965       0.8157E-003
     61.0000     -8.6394       0.2283E-003
     61.0000     -8.4823       0.8076E-003
     61.0000     -8.3252       0.1229E-002
     61.0000     -8.1681       0.3981E-003
     61.0000     -8.0111       0.3108E-003
     61.0000     -7.8540       0.2702E-002
     61.0000     -7.6969       0.1875E-003
     61.0000     -7.5398       0.5509E-003
     61.0000     -7.3827       0.6152E-003
     61.0000     -7.2257       0.1333E-002
     61.0000     -7.0686       0.3209E-003
     61.0000     -6.9115       0.4485E-003
     61.0000     -6.7544       0.3213E-002
     61.0000     -6.5973       0.2905E-003
     61.0000     -6.4403       0.6586E-003
     61.0000     -6.2832       0.1695E-002
     61.0000     -6.1261       0.7193E-003
     61.0000     -5.9690       0.6244E-003
     61.0000     -5.8119       0.3148E-002
     61.0000     -5.6549       0.1872E-003
     61.0000     -5.4978       0.2320E-002
     61.0000     -5.3407       0.1836E-002
     61.0000     -5.1836       0.1009E-002
     61.0000     -5.0265       0.2779E-002
     61.0000     -4.8695       0.1151E-002
     61.0000     -4.7124       0.3270E-002
     61.0000     -4.5553       0.1510E-002
     61.0000     -4.3982       0.1840E-002
     61.0000     -4.2412       0.2027E-002
     61.0000     -4.0841       0.6312E-002
     61.0000     -3.9270       0.7321E-002
     61.0000     -3.7699       0.3269E-002
     61.0000     -3.6128       0.7249E-002
     61.0000     -3.4558       0.4199E-002
     61.0000     -3.2987       0.1528E-002
     61.0000     -3.1416       0.5135E-002
     61.0000     -2.9845       0.3881E-002
     61.0000     -2.8274       0.1062E-001
     61.0000     -2.6704       0.1943E-001
     61.0000     -2.5133       0.2928E-001
     61.0000     -2.3562       0.4365E-001
     61.0000     -2.1991       0.3921E-001
     61.0000     -2.0420       0.3564E-001
     61.0000     -1.8850       0.1132     
     61.0000     -1.7279       0.6388     
     61.0000     -1.5708        1.937     
     61.0000     -1.4137        3.579     
     61.0000     -1.2566        6.199     
     61.0000     -1.0996        7.594     
     61.0000     -0.9425        9.914     
     61.0000     -0.7854        106.4     
     61.0000     -0.6283        607.6     
     61.0000     -0.4712        2001.     
     61.0000     -0.3142       0.2536E+005
     61.0000     -0.1571       0.1629E+006
