      5.0000      0.0000        8776.     
      5.0000      0.1571        6586.     
      5.0000      0.3142        2593.     
      5.0000      0.4712        372.9     
      5.0000      0.6283       0.2351     
      5.0000      0.7854        30.24     
      5.0000      0.9425        6.075     
      5.0000      1.0996        1.038     
      5.0000      1.2566        2.476     
      5.0000      1.4137       0.1010     
      5.0000      1.5708       0.3645     
      5.0000      1.7279       0.2051     
      5.0000      1.8850       0.7230E-002
      5.0000      2.0420       0.7294E-001
      5.0000      2.1991       0.1009E-001
      5.0000      2.3562       0.8372E-002
      5.0000      2.5133       0.9784E-002
      5.0000      2.6704       0.1894E-003
      5.0000      2.8274       0.3918E-002
      5.0000      2.9845       0.1032E-002
      5.0000      3.1416       0.4749E-003
      5.0000      3.2987       0.4287E-003
      5.0000      3.4558       0.1286E-002
      5.0000      3.6128       0.2147E-002
      5.0000      3.7699       0.1160E-002
      5.0000      3.9270       0.6838E-003
      5.0000      4.0841       0.6253E-003
      5.0000      4.2412       0.2561E-003
      5.0000      4.3982       0.7384E-003
      5.0000      4.5553       0.3650E-003
      5.0000      4.7124       0.2691E-003
      5.0000      4.8695       0.1175E-003
      5.0000     -5.0265       0.1744E-002
      5.0000     -4.8695       0.2122E-003
      5.0000     -4.7124       0.3223E-003
      5.0000     -4.5553       0.3258E-003
      5.0000     -4.3982       0.7653E-003
      5.0000     -4.2412       0.3459E-003
      5.0000     -4.0841       0.5171E-003
      5.0000     -3.9270       0.7360E-003
      5.0000     -3.7699       0.1272E-002
      5.0000     -3.6128       0.1851E-002
      5.0000     -3.4558       0.1769E-002
      5.0000     -3.2987       0.4012E-003
      5.0000     -3.1416       0.3219E-003
      5.0000     -2.9845       0.9329E-003
      5.0000     -2.8274       0.3246E-002
      5.0000     -2.6704       0.1015E-003
      5.0000     -2.5133       0.8887E-002
      5.0000     -2.3562       0.8386E-002
      5.0000     -2.1991       0.9507E-002
      5.0000     -2.0420       0.7285E-001
      5.0000     -1.8850       0.7449E-002
      5.0000     -1.7279       0.2047     
      5.0000     -1.5708       0.3661     
      5.0000     -1.4137       0.1008     
      5.0000     -1.2566        2.478     
      5.0000     -1.0996        1.040     
      5.0000     -0.9425        6.077     
      5.0000     -0.7854        30.26     
      5.0000     -0.6283       0.2347     
      5.0000     -0.4712        373.0     
      5.0000     -0.3142        2593.     
      5.0000     -0.1571        6586.     
