    170.0000      0.0000       0.1434E+006
    170.0000      0.1571       0.1013E+006
    170.0000      0.3142       0.3567E+005
    170.0000      0.4712        7288.     
    170.0000      0.6283        2685.     
    170.0000      0.7854        1668.     
    170.0000      0.9425        1279.     
    170.0000      1.0996        536.1     
    170.0000      1.2566        473.3     
    170.0000      1.4137        364.9     
    170.0000      1.5708        186.1     
    170.0000      1.7279        184.8     
    170.0000      1.8850        123.0     
    170.0000      2.0420        104.3     
    170.0000      2.1991        63.43     
    170.0000      2.3562        48.42     
    170.0000      2.5133        27.49     
    170.0000      2.6704        16.34     
    170.0000      2.8274        14.92     
    170.0000      2.9845        7.033     
    170.0000      3.1416        5.416     
    170.0000      3.2987        4.092     
    170.0000      3.4558        1.587     
    170.0000      3.6128        1.344     
    170.0000      3.7699       0.7451     
    170.0000      3.9270       0.3984     
    170.0000      4.0841       0.2194     
    170.0000      4.2412       0.1248     
    170.0000      4.3982       0.8576E-001
    170.0000      4.5553       0.7322E-001
    170.0000      4.7124       0.6099E-001
    170.0000      4.8695       0.6492E-001
    170.0000      5.0265       0.7276E-001
    170.0000      5.1836       0.5833E-001
    170.0000      5.3407       0.6503E-001
    170.0000      5.4978       0.5044E-001
    170.0000      5.6549       0.5587E-001
    170.0000      5.8119       0.6373E-001
    170.0000      5.9690       0.6090E-001
    170.0000      6.1261       0.6427E-001
    170.0000      6.2832       0.6712E-001
    170.0000      6.4403       0.9445E-001
    170.0000      6.5973       0.6706E-001
    170.0000      6.7544       0.9363E-001
    170.0000      6.9115       0.5772E-001
    170.0000      7.0686       0.6821E-001
    170.0000      7.2257       0.7338E-001
    170.0000      7.3827       0.7671E-001
    170.0000      7.5398       0.1244     
    170.0000      7.6969       0.8840E-001
    170.0000      7.8540       0.1538     
    170.0000      8.0111       0.1015     
    170.0000      8.1681       0.1702     
    170.0000      8.3252       0.1189     
    170.0000      8.4823       0.1138     
    170.0000      8.6394       0.1327     
    170.0000      8.7965       0.1439     
    170.0000      8.9535       0.1604     
    170.0000      9.1106       0.2333     
    170.0000      9.2677       0.3172     
    170.0000      9.4248       0.2076     
    170.0000      9.5819       0.2055     
    170.0000      9.7389       0.1275     
    170.0000      9.8960       0.9563E-001
    170.0000    -10.0531       0.7563E-001
    170.0000     -9.8960       0.1094     
    170.0000     -9.7389       0.1264     
    170.0000     -9.5819       0.2103     
    170.0000     -9.4248       0.2002     
    170.0000     -9.2677       0.3797     
    170.0000     -9.1106       0.2654     
    170.0000     -8.9535       0.1729     
    170.0000     -8.7965       0.1715     
    170.0000     -8.6394       0.1136     
    170.0000     -8.4823       0.1021     
    170.0000     -8.3252       0.1104     
    170.0000     -8.1681       0.1952     
    170.0000     -8.0111       0.1040     
    170.0000     -7.8540       0.1671     
    170.0000     -7.6969       0.9631E-001
    170.0000     -7.5398       0.1284     
    170.0000     -7.3827       0.8528E-001
    170.0000     -7.2257       0.7385E-001
    170.0000     -7.0686       0.6901E-001
    170.0000     -6.9115       0.6562E-001
    170.0000     -6.7544       0.1021     
    170.0000     -6.5973       0.7985E-001
    170.0000     -6.4403       0.9524E-001
    170.0000     -6.2832       0.7185E-001
    170.0000     -6.1261       0.5945E-001
    170.0000     -5.9690       0.6103E-001
    170.0000     -5.8119       0.6277E-001
    170.0000     -5.6549       0.6029E-001
    170.0000     -5.4978       0.5305E-001
    170.0000     -5.3407       0.6588E-001
    170.0000     -5.1836       0.5874E-001
    170.0000     -5.0265       0.7279E-001
    170.0000     -4.8695       0.6661E-001
    170.0000     -4.7124       0.6321E-001
    170.0000     -4.5553       0.7749E-001
    170.0000     -4.3982       0.9644E-001
    170.0000     -4.2412       0.1207     
    170.0000     -4.0841       0.2261     
    170.0000     -3.9270       0.4410     
    170.0000     -3.7699       0.8211     
    170.0000     -3.6128        1.222     
    170.0000     -3.4558        1.621     
    170.0000     -3.2987        3.821     
    170.0000     -3.1416        5.049     
    170.0000     -2.9845        9.523     
    170.0000     -2.8274        14.98     
    170.0000     -2.6704        18.30     
    170.0000     -2.5133        29.27     
    170.0000     -2.3562        51.63     
    170.0000     -2.1991        66.71     
    170.0000     -2.0420        101.0     
    170.0000     -1.8850        108.2     
    170.0000     -1.7279        180.9     
    170.0000     -1.5708        191.7     
    170.0000     -1.4137        349.2     
    170.0000     -1.2566        465.0     
    170.0000     -1.0996        650.1     
    170.0000     -0.9425        1199.     
    170.0000     -0.7854        1753.     
    170.0000     -0.6283        2700.     
    170.0000     -0.4712        8190.     
    170.0000     -0.3142       0.3581E+005
    170.0000     -0.1571       0.1000E+006
