    120.0000      0.0000        6280.     
    120.0000      0.1571        5901.     
    120.0000      0.3142        1512.     
    120.0000      0.4712        106.4     
    120.0000      0.6283        37.47     
    120.0000      0.7854        4.273     
    120.0000      0.9425        2.738     
    120.0000      1.0996       0.5642     
    120.0000      1.2566       0.4420     
    120.0000      1.4137       0.1635     
    120.0000      1.5708       0.9387E-001
    120.0000      1.7279       0.3228E-001
    120.0000      1.8850       0.2143E-001
    120.0000      2.0420       0.9606E-002
    120.0000      2.1991       0.4244E-002
    120.0000      2.3562       0.2707E-002
    120.0000      2.5133       0.1379E-002
    120.0000      2.6704       0.6735E-003
    120.0000      2.8274       0.3079E-003
    120.0000      2.9845       0.2775E-003
    120.0000      3.1416       0.8857E-004
    120.0000      3.2987       0.1770E-003
    120.0000      3.4558       0.2294E-004
    120.0000      3.6128       0.4893E-004
    120.0000      3.7699       0.8876E-005
    120.0000      3.9270       0.8247E-004
    120.0000      4.0841       0.3176E-004
    120.0000      4.2412       0.4490E-004
    120.0000     -4.3982       0.1832E-004
    120.0000     -4.2412       0.3924E-004
    120.0000     -4.0841       0.2719E-004
    120.0000     -3.9270       0.7807E-004
    120.0000     -3.7699       0.1139E-003
    120.0000     -3.6128       0.9521E-004
    120.0000     -3.4558       0.4625E-004
    120.0000     -3.2987       0.7996E-004
    120.0000     -3.1416       0.9946E-004
    120.0000     -2.9845       0.1106E-003
    120.0000     -2.8274       0.3062E-003
    120.0000     -2.6704       0.7579E-003
    120.0000     -2.5133       0.1563E-002
    120.0000     -2.3562       0.3050E-002
    120.0000     -2.1991       0.4381E-002
    120.0000     -2.0420       0.9657E-002
    120.0000     -1.8850       0.2135E-001
    120.0000     -1.7279       0.3216E-001
    120.0000     -1.5708       0.9404E-001
    120.0000     -1.4137       0.1637     
    120.0000     -1.2566       0.4416     
    120.0000     -1.0996       0.5663     
    120.0000     -0.9425        2.741     
    120.0000     -0.7854        4.274     
    120.0000     -0.6283        37.46     
    120.0000     -0.4712        106.3     
    120.0000     -0.3142        1512.     
    120.0000     -0.1571        5901.     
