    139.0000      0.0000       0.1518E+006
    139.0000      0.1571       0.1017E+006
    139.0000      0.3142       0.2895E+005
    139.0000      0.4712        8330.     
    139.0000      0.6283        3177.     
    139.0000      0.7854        2030.     
    139.0000      0.9425        1220.     
    139.0000      1.0996        1005.     
    139.0000      1.2566        324.6     
    139.0000      1.4137        351.5     
    139.0000      1.5708        280.9     
    139.0000      1.7279        154.4     
    139.0000      1.8850        117.0     
    139.0000      2.0420        73.87     
    139.0000      2.1991        44.22     
    139.0000      2.3562        28.46     
    139.0000      2.5133        21.80     
    139.0000      2.6704        11.89     
    139.0000      2.8274        7.493     
    139.0000      2.9845        1.903     
    139.0000      3.1416        2.111     
    139.0000      3.2987        1.355     
    139.0000      3.4558       0.6514     
    139.0000      3.6128       0.3785     
    139.0000      3.7699       0.1765     
    139.0000      3.9270       0.1195     
    139.0000      4.0841       0.7868E-001
    139.0000      4.2412       0.8469E-001
    139.0000      4.3982       0.5239E-001
    139.0000      4.5553       0.5358E-001
    139.0000      4.7124       0.3990E-001
    139.0000      4.8695       0.4002E-001
    139.0000      5.0265       0.7602E-001
    139.0000      5.1836       0.4520E-001
    139.0000      5.3407       0.4025E-001
    139.0000      5.4978       0.3412E-001
    139.0000      5.6549       0.4886E-001
    139.0000      5.8119       0.4800E-001
    139.0000      5.9690       0.4682E-001
    139.0000      6.1261       0.5278E-001
    139.0000      6.2832       0.7666E-001
    139.0000      6.4403       0.5056E-001
    139.0000      6.5973       0.8988E-001
    139.0000      6.7544       0.6651E-001
    139.0000      6.9115       0.3376E-001
    139.0000      7.0686       0.2492E-001
    139.0000      7.2257       0.4193E-001
    139.0000      7.3827       0.5583E-001
    139.0000      7.5398       0.7321E-001
    139.0000      7.6969       0.1034     
    139.0000      7.8540       0.9198E-001
    139.0000      8.0111       0.7247E-001
    139.0000      8.1681       0.8839E-001
    139.0000      8.3252       0.4360E-001
    139.0000      8.4823       0.9003E-001
    139.0000      8.6394       0.1043     
    139.0000      8.7965       0.1016     
    139.0000      8.9535       0.1141     
    139.0000      9.1106       0.1388     
    139.0000      9.2677       0.1287     
    139.0000      9.4248       0.2173     
    139.0000      9.5819       0.1070     
    139.0000      9.7389       0.1141     
    139.0000      9.8960       0.7732E-001
    139.0000    -10.0531       0.2443E-001
    139.0000     -9.8960       0.7364E-001
    139.0000     -9.7389       0.5735E-001
    139.0000     -9.5819       0.1196     
    139.0000     -9.4248       0.2076     
    139.0000     -9.2677       0.1271     
    139.0000     -9.1106       0.1505     
    139.0000     -8.9535       0.9953E-001
    139.0000     -8.7965       0.9378E-001
    139.0000     -8.6394       0.6329E-001
    139.0000     -8.4823       0.9438E-001
    139.0000     -8.3252       0.6561E-001
    139.0000     -8.1681       0.8764E-001
    139.0000     -8.0111       0.9078E-001
    139.0000     -7.8540       0.1218     
    139.0000     -7.6969       0.8719E-001
    139.0000     -7.5398       0.9859E-001
    139.0000     -7.3827       0.5959E-001
    139.0000     -7.2257       0.4535E-001
    139.0000     -7.0686       0.2999E-001
    139.0000     -6.9115       0.3621E-001
    139.0000     -6.7544       0.5667E-001
    139.0000     -6.5973       0.9357E-001
    139.0000     -6.4403       0.5689E-001
    139.0000     -6.2832       0.7895E-001
    139.0000     -6.1261       0.5271E-001
    139.0000     -5.9690       0.4791E-001
    139.0000     -5.8119       0.5010E-001
    139.0000     -5.6549       0.4661E-001
    139.0000     -5.4978       0.3415E-001
    139.0000     -5.3407       0.4223E-001
    139.0000     -5.1836       0.4448E-001
    139.0000     -5.0265       0.7780E-001
    139.0000     -4.8695       0.3302E-001
    139.0000     -4.7124       0.3846E-001
    139.0000     -4.5553       0.5380E-001
    139.0000     -4.3982       0.5676E-001
    139.0000     -4.2412       0.9623E-001
    139.0000     -4.0841       0.7661E-001
    139.0000     -3.9270       0.1081     
    139.0000     -3.7699       0.1770     
    139.0000     -3.6128       0.3669     
    139.0000     -3.4558       0.6500     
    139.0000     -3.2987        1.351     
    139.0000     -3.1416        2.085     
    139.0000     -2.9845        1.888     
    139.0000     -2.8274        7.410     
    139.0000     -2.6704        11.85     
    139.0000     -2.5133        21.58     
    139.0000     -2.3562        28.47     
    139.0000     -2.1991        44.26     
    139.0000     -2.0420        73.88     
    139.0000     -1.8850        117.1     
    139.0000     -1.7279        154.5     
    139.0000     -1.5708        280.7     
    139.0000     -1.4137        351.3     
    139.0000     -1.2566        325.0     
    139.0000     -1.0996        1006.     
    139.0000     -0.9425        1220.     
    139.0000     -0.7854        2028.     
    139.0000     -0.6283        3175.     
    139.0000     -0.4712        8323.     
    139.0000     -0.3142       0.2893E+005
    139.0000     -0.1571       0.1017E+006
