    151.0000      0.0000       0.1602E+006
    151.0000      0.1571       0.9798E+005
    151.0000      0.3142       0.3082E+005
    151.0000      0.4712        6319.     
    151.0000      0.6283        3436.     
    151.0000      0.7854        1655.     
    151.0000      0.9425        959.4     
    151.0000      1.0996        643.0     
    151.0000      1.2566        383.8     
    151.0000      1.4137        263.8     
    151.0000      1.5708        215.6     
    151.0000      1.7279        118.6     
    151.0000      1.8850        141.1     
    151.0000      2.0420        56.44     
    151.0000      2.1991        47.36     
    151.0000      2.3562        37.67     
    151.0000      2.5133        23.43     
    151.0000      2.6704        12.68     
    151.0000      2.8274        9.538     
    151.0000      2.9845        5.081     
    151.0000      3.1416        3.013     
    151.0000      3.2987        2.152     
    151.0000      3.4558       0.8010     
    151.0000      3.6128       0.6042     
    151.0000      3.7699       0.2756     
    151.0000      3.9270       0.1648     
    151.0000      4.0841       0.1534     
    151.0000      4.2412       0.8974E-001
    151.0000      4.3982       0.6172E-001
    151.0000      4.5553       0.6167E-001
    151.0000      4.7124       0.4311E-001
    151.0000      4.8695       0.4534E-001
    151.0000      5.0265       0.5439E-001
    151.0000      5.1836       0.5695E-001
    151.0000      5.3407       0.3490E-001
    151.0000      5.4978       0.4562E-001
    151.0000      5.6549       0.4050E-001
    151.0000      5.8119       0.4583E-001
    151.0000      5.9690       0.6039E-001
    151.0000      6.1261       0.4742E-001
    151.0000      6.2832       0.5772E-001
    151.0000      6.4403       0.7874E-001
    151.0000      6.5973       0.5895E-001
    151.0000      6.7544       0.7616E-001
    151.0000      6.9115       0.6166E-001
    151.0000      7.0686       0.4797E-001
    151.0000      7.2257       0.6186E-001
    151.0000      7.3827       0.9358E-001
    151.0000      7.5398       0.1089     
    151.0000      7.6969       0.6001E-001
    151.0000      7.8540       0.6158E-001
    151.0000      8.0111       0.9067E-001
    151.0000      8.1681       0.9073E-001
    151.0000      8.3252       0.1133     
    151.0000      8.4823       0.1094     
    151.0000      8.6394       0.8596E-001
    151.0000      8.7965       0.1405     
    151.0000      8.9535       0.1127     
    151.0000      9.1106       0.1481     
    151.0000      9.2677       0.2691     
    151.0000      9.4248       0.2528     
    151.0000      9.5819       0.1296     
    151.0000      9.7389       0.9593E-001
    151.0000      9.8960       0.8662E-001
    151.0000    -10.0531       0.4252E-001
    151.0000     -9.8960       0.6909E-001
    151.0000     -9.7389       0.1494     
    151.0000     -9.5819       0.8892E-001
    151.0000     -9.4248       0.2004     
    151.0000     -9.2677       0.2425     
    151.0000     -9.1106       0.1367     
    151.0000     -8.9535       0.1074     
    151.0000     -8.7965       0.1076     
    151.0000     -8.6394       0.8845E-001
    151.0000     -8.4823       0.7263E-001
    151.0000     -8.3252       0.9831E-001
    151.0000     -8.1681       0.9983E-001
    151.0000     -8.0111       0.1134     
    151.0000     -7.8540       0.7095E-001
    151.0000     -7.6969       0.6289E-001
    151.0000     -7.5398       0.1191     
    151.0000     -7.3827       0.9939E-001
    151.0000     -7.2257       0.7893E-001
    151.0000     -7.0686       0.4903E-001
    151.0000     -6.9115       0.6598E-001
    151.0000     -6.7544       0.8213E-001
    151.0000     -6.5973       0.6066E-001
    151.0000     -6.4403       0.8660E-001
    151.0000     -6.2832       0.6267E-001
    151.0000     -6.1261       0.4767E-001
    151.0000     -5.9690       0.4914E-001
    151.0000     -5.8119       0.5118E-001
    151.0000     -5.6549       0.4223E-001
    151.0000     -5.4978       0.4715E-001
    151.0000     -5.3407       0.3415E-001
    151.0000     -5.1836       0.6180E-001
    151.0000     -5.0265       0.4901E-001
    151.0000     -4.8695       0.4840E-001
    151.0000     -4.7124       0.3911E-001
    151.0000     -4.5553       0.6588E-001
    151.0000     -4.3982       0.6784E-001
    151.0000     -4.2412       0.8925E-001
    151.0000     -4.0841       0.1442     
    151.0000     -3.9270       0.1628     
    151.0000     -3.7699       0.2798     
    151.0000     -3.6128       0.5959     
    151.0000     -3.4558       0.7763     
    151.0000     -3.2987        2.210     
    151.0000     -3.1416        3.000     
    151.0000     -2.9845        5.075     
    151.0000     -2.8274        9.135     
    151.0000     -2.6704        13.29     
    151.0000     -2.5133        24.23     
    151.0000     -2.3562        37.76     
    151.0000     -2.1991        46.84     
    151.0000     -2.0420        54.86     
    151.0000     -1.8850        141.7     
    151.0000     -1.7279        122.7     
    151.0000     -1.5708        215.3     
    151.0000     -1.4137        268.6     
    151.0000     -1.2566        368.9     
    151.0000     -1.0996        648.3     
    151.0000     -0.9425        946.6     
    151.0000     -0.7854        1598.     
    151.0000     -0.6283        3435.     
    151.0000     -0.4712        6473.     
    151.0000     -0.3142       0.3131E+005
    151.0000     -0.1571       0.9835E+005
