    134.0000      0.0000        3598.     
    134.0000      0.1571        7192.     
    134.0000      0.3142        1646.     
    134.0000      0.4712        53.45     
    134.0000      0.6283        12.44     
    134.0000      0.7854       0.6731     
    134.0000      0.9425       0.1933     
    134.0000      1.0996       0.1772     
    134.0000      1.2566       0.1389     
    134.0000      1.4137       0.9075E-001
    134.0000      1.5708       0.3868E-001
    134.0000      1.7279       0.9412E-002
    134.0000      1.8850       0.3375E-002
    134.0000      2.0420       0.7070E-003
    134.0000      2.1991       0.6549E-003
    134.0000      2.3562       0.9780E-003
    134.0000      2.5133       0.6405E-003
    134.0000      2.6704       0.3152E-003
    134.0000      2.8274       0.7759E-004
    134.0000      2.9845       0.9908E-004
    134.0000      3.1416       0.1118E-004
    134.0000      3.2987       0.3824E-004
    134.0000      3.4558       0.8961E-004
    134.0000      3.6128       0.5653E-004
    134.0000      3.7699       0.2320E-004
    134.0000      3.9270       0.6029E-004
    134.0000      4.0841       0.5194E-004
    134.0000      4.2412       0.2691E-004
    134.0000     -4.3982       0.9468E-004
    134.0000     -4.2412       0.2505E-004
    134.0000     -4.0841       0.3025E-004
    134.0000     -3.9270       0.7906E-005
    134.0000     -3.7699       0.4517E-004
    134.0000     -3.6128       0.6634E-004
    134.0000     -3.4558       0.2391E-004
    134.0000     -3.2987       0.2529E-004
    134.0000     -3.1416       0.1460E-004
    134.0000     -2.9845       0.1083E-004
    134.0000     -2.8274       0.1565E-003
    134.0000     -2.6704       0.2355E-003
    134.0000     -2.5133       0.4046E-003
    134.0000     -2.3562       0.8535E-003
    134.0000     -2.1991       0.6909E-003
    134.0000     -2.0420       0.7140E-003
    134.0000     -1.8850       0.3070E-002
    134.0000     -1.7279       0.8960E-002
    134.0000     -1.5708       0.3763E-001
    134.0000     -1.4137       0.8919E-001
    134.0000     -1.2566       0.1377     
    134.0000     -1.0996       0.1774     
    134.0000     -0.9425       0.1957     
    134.0000     -0.7854       0.6747     
    134.0000     -0.6283        12.42     
    134.0000     -0.4712        53.46     
    134.0000     -0.3142        1646.     
    134.0000     -0.1571        7192.     
