     24.0000      0.0000       0.1264E+005
     24.0000      0.1571        6758.     
     24.0000      0.3142        558.6     
     24.0000      0.4712        138.9     
     24.0000      0.6283        109.3     
     24.0000      0.7854        51.63     
     24.0000      0.9425        20.96     
     24.0000      1.0996        10.27     
     24.0000      1.2566        7.294     
     24.0000      1.4137        1.750     
     24.0000      1.5708        2.671     
     24.0000      1.7279       0.6226     
     24.0000      1.8850       0.6586     
     24.0000      2.0420       0.2077     
     24.0000      2.1991       0.1434     
     24.0000      2.3562       0.6863E-001
     24.0000      2.5133       0.4666E-001
     24.0000      2.6704       0.1577E-001
     24.0000      2.8274       0.2277E-001
     24.0000      2.9845       0.1372E-001
     24.0000      3.1416       0.2269E-001
     24.0000      3.2987       0.1262E-001
     24.0000      3.4558       0.1632E-001
     24.0000      3.6128       0.1137E-001
     24.0000      3.7699       0.1114E-001
     24.0000      3.9270       0.3557E-002
     24.0000      4.0841       0.6325E-002
     24.0000      4.2412       0.5246E-002
     24.0000      4.3982       0.4608E-002
     24.0000      4.5553       0.1145E-002
     24.0000      4.7124       0.5257E-002
     24.0000      4.8695       0.6665E-002
     24.0000     -5.0265       0.1963E-001
     24.0000     -4.8695       0.7801E-002
     24.0000     -4.7124       0.5426E-002
     24.0000     -4.5553       0.1860E-002
     24.0000     -4.3982       0.6477E-002
     24.0000     -4.2412       0.5517E-002
     24.0000     -4.0841       0.5492E-002
     24.0000     -3.9270       0.6304E-002
     24.0000     -3.7699       0.1186E-001
     24.0000     -3.6128       0.1151E-001
     24.0000     -3.4558       0.1716E-001
     24.0000     -3.2987       0.1553E-001
     24.0000     -3.1416       0.2366E-001
     24.0000     -2.9845       0.1253E-001
     24.0000     -2.8274       0.2336E-001
     24.0000     -2.6704       0.2495E-001
     24.0000     -2.5133       0.4568E-001
     24.0000     -2.3562       0.6348E-001
     24.0000     -2.1991       0.1410     
     24.0000     -2.0420       0.2096     
     24.0000     -1.8850       0.6607     
     24.0000     -1.7279       0.6239     
     24.0000     -1.5708        2.698     
     24.0000     -1.4137        1.752     
     24.0000     -1.2566        7.284     
     24.0000     -1.0996        10.27     
     24.0000     -0.9425        20.95     
     24.0000     -0.7854        51.68     
     24.0000     -0.6283        109.4     
     24.0000     -0.4712        138.9     
     24.0000     -0.3142        558.8     
     24.0000     -0.1571        6757.     
