    177.0000      0.0000       0.1553E+006
    177.0000      0.1571       0.1006E+006
    177.0000      0.3142       0.2674E+005
    177.0000      0.4712        7944.     
    177.0000      0.6283        4268.     
    177.0000      0.7854        1998.     
    177.0000      0.9425        1227.     
    177.0000      1.0996        805.0     
    177.0000      1.2566        531.3     
    177.0000      1.4137        434.4     
    177.0000      1.5708        208.3     
    177.0000      1.7279        200.0     
    177.0000      1.8850        147.1     
    177.0000      2.0420        112.4     
    177.0000      2.1991        78.65     
    177.0000      2.3562        47.77     
    177.0000      2.5133        37.37     
    177.0000      2.6704        23.00     
    177.0000      2.8274        12.17     
    177.0000      2.9845        11.66     
    177.0000      3.1416        6.392     
    177.0000      3.2987        3.749     
    177.0000      3.4558        2.215     
    177.0000      3.6128        1.664     
    177.0000      3.7699        1.014     
    177.0000      3.9270       0.3804     
    177.0000      4.0841       0.3381     
    177.0000      4.2412       0.1651     
    177.0000      4.3982       0.1161     
    177.0000      4.5553       0.7469E-001
    177.0000      4.7124       0.5836E-001
    177.0000      4.8695       0.6704E-001
    177.0000      5.0265       0.6069E-001
    177.0000      5.1836       0.6419E-001
    177.0000      5.3407       0.7327E-001
    177.0000      5.4978       0.5310E-001
    177.0000      5.6549       0.6394E-001
    177.0000      5.8119       0.6219E-001
    177.0000      5.9690       0.6809E-001
    177.0000      6.1261       0.8629E-001
    177.0000      6.2832       0.8172E-001
    177.0000      6.4403       0.6875E-001
    177.0000      6.5973       0.7637E-001
    177.0000      6.7544       0.9149E-001
    177.0000      6.9115       0.7556E-001
    177.0000      7.0686       0.8203E-001
    177.0000      7.2257       0.6991E-001
    177.0000      7.3827       0.1351     
    177.0000      7.5398       0.1509     
    177.0000      7.6969       0.9477E-001
    177.0000      7.8540       0.1133     
    177.0000      8.0111       0.1677     
    177.0000      8.1681       0.1332     
    177.0000      8.3252       0.1772     
    177.0000      8.4823       0.1308     
    177.0000      8.6394       0.1622     
    177.0000      8.7965       0.2240     
    177.0000      8.9535       0.2678     
    177.0000      9.1106       0.2783     
    177.0000      9.2677       0.2223     
    177.0000      9.4248       0.2849     
    177.0000      9.5819       0.1919     
    177.0000      9.7389       0.1424     
    177.0000      9.8960       0.1242     
    177.0000    -10.0531       0.7222E-001
    177.0000     -9.8960       0.1310     
    177.0000     -9.7389       0.1394     
    177.0000     -9.5819       0.2071     
    177.0000     -9.4248       0.2653     
    177.0000     -9.2677       0.2196     
    177.0000     -9.1106       0.2610     
    177.0000     -8.9535       0.2714     
    177.0000     -8.7965       0.1832     
    177.0000     -8.6394       0.1479     
    177.0000     -8.4823       0.1284     
    177.0000     -8.3252       0.1440     
    177.0000     -8.1681       0.1299     
    177.0000     -8.0111       0.1875     
    177.0000     -7.8540       0.1342     
    177.0000     -7.6969       0.1024     
    177.0000     -7.5398       0.1551     
    177.0000     -7.3827       0.1197     
    177.0000     -7.2257       0.8139E-001
    177.0000     -7.0686       0.9534E-001
    177.0000     -6.9115       0.8031E-001
    177.0000     -6.7544       0.9132E-001
    177.0000     -6.5973       0.8397E-001
    177.0000     -6.4403       0.7667E-001
    177.0000     -6.2832       0.8042E-001
    177.0000     -6.1261       0.8233E-001
    177.0000     -5.9690       0.6589E-001
    177.0000     -5.8119       0.6256E-001
    177.0000     -5.6549       0.6646E-001
    177.0000     -5.4978       0.6034E-001
    177.0000     -5.3407       0.6814E-001
    177.0000     -5.1836       0.5972E-001
    177.0000     -5.0265       0.6113E-001
    177.0000     -4.8695       0.6682E-001
    177.0000     -4.7124       0.5892E-001
    177.0000     -4.5553       0.7496E-001
    177.0000     -4.3982       0.9910E-001
    177.0000     -4.2412       0.1948     
    177.0000     -4.0841       0.3480     
    177.0000     -3.9270       0.3655     
    177.0000     -3.7699       0.9390     
    177.0000     -3.6128        1.631     
    177.0000     -3.4558        2.197     
    177.0000     -3.2987        4.216     
    177.0000     -3.1416        5.794     
    177.0000     -2.9845        9.424     
    177.0000     -2.8274        13.05     
    177.0000     -2.6704        20.51     
    177.0000     -2.5133        35.01     
    177.0000     -2.3562        52.44     
    177.0000     -2.1991        70.69     
    177.0000     -2.0420        114.8     
    177.0000     -1.8850        111.1     
    177.0000     -1.7279        148.0     
    177.0000     -1.5708        230.5     
    177.0000     -1.4137        396.6     
    177.0000     -1.2566        553.3     
    177.0000     -1.0996        693.0     
    177.0000     -0.9425        1176.     
    177.0000     -0.7854        1876.     
    177.0000     -0.6283        4095.     
    177.0000     -0.4712        8829.     
    177.0000     -0.3142       0.2651E+005
    177.0000     -0.1571       0.1017E+006
