    -30.0000    -20.0000        0.000     
    -30.0000    -18.7500        0.000     
    -30.0000    -17.5000        0.000     
    -30.0000    -16.2500       0.6063     
    -30.0000    -15.0000       0.7264     
    -30.0000    -13.7500       0.9041     
    -30.0000    -12.5000        1.135     
    -30.0000    -11.2500        1.457     
    -30.0000    -10.0000        2.318     
    -30.0000     -8.7500        3.861     
    -30.0000     -7.5000        4.220     
    -30.0000     -6.2500        4.358     
    -30.0000     -5.0000        4.431     
    -30.0000     -3.7500        4.467     
    -30.0000     -2.5000        4.484     
    -30.0000     -1.2500        4.490     
    -30.0000      0.0000        4.492     
    -30.0000      1.2500        4.490     
    -30.0000      2.5000        4.484     
    -30.0000      3.7500        4.467     
    -30.0000      5.0000        4.431     
    -30.0000      6.2500        4.358     
    -30.0000      7.5000        4.220     
    -30.0000      8.7500        3.861     
    -30.0000     10.0000        2.318     
    -30.0000     11.2500        1.457     
    -30.0000     12.5000        1.135     
    -30.0000     13.7500       0.9040     
    -30.0000     15.0000       0.7264     
    -30.0000     16.2500       0.6062     
    -30.0000     17.5000        0.000     
    -30.0000     18.7500        0.000     

    -29.0625    -20.0000        0.000     
    -29.0625    -18.7500        0.000     
    -29.0625    -17.5000        0.000     
    -29.0625    -16.2500        5.703     
    -29.0625    -15.0000        5.611     
    -29.0625    -13.7500        5.469     
    -29.0625    -12.5000        5.279     
    -29.0625    -11.2500        5.064     
    -29.0625    -10.0000        4.866     
    -29.0625     -8.7500        4.715     
    -29.0625     -7.5000        4.620     
    -29.0625     -6.2500        4.570     
    -29.0625     -5.0000        4.545     
    -29.0625     -3.7500        4.529     
    -29.0625     -2.5000        4.516     
    -29.0625     -1.2500        4.505     
    -29.0625      0.0000        4.492     
    -29.0625      1.2500        4.473     
    -29.0625      2.5000        4.437     
    -29.0625      3.7500        4.352     
    -29.0625      5.0000        4.103     
    -29.0625      6.2500        3.261     
    -29.0625      7.5000        2.321     
    -29.0625      8.7500        1.995     
    -29.0625     10.0000        1.847     
    -29.0625     11.2500        1.744     
    -29.0625     12.5000        1.649     
    -29.0625     13.7500        1.555     
    -29.0625     15.0000        1.466     
    -29.0625     16.2500        1.394     
    -29.0625     17.5000        0.000     
    -29.0625     18.7500        0.000     

    -28.1250    -20.0000        0.000     
    -28.1250    -18.7500        0.000     
    -28.1250    -17.5000        0.000     
    -28.1250    -16.2500        5.273     
    -28.1250    -15.0000        5.209     
    -28.1250    -13.7500        5.135     
    -28.1250    -12.5000        5.061     
    -28.1250    -11.2500        4.988     
    -28.1250    -10.0000        4.911     
    -28.1250     -8.7500        4.829     
    -28.1250     -7.5000        4.748     
    -28.1250     -6.2500        4.681     
    -28.1250     -5.0000        4.629     
    -28.1250     -3.7500        4.588     
    -28.1250     -2.5000        4.555     
    -28.1250     -1.2500        4.525     
    -28.1250      0.0000        4.492     
    -28.1250      1.2500        4.434     
    -28.1250      2.5000        4.273     
    -28.1250      3.7500        3.464     
    -28.1250      5.0000        2.178     
    -28.1250      6.2500        1.935     
    -28.1250      7.5000        1.869     
    -28.1250      8.7500        1.837     
    -28.1250     10.0000        1.813     
    -28.1250     11.2500        1.785     
    -28.1250     12.5000        1.753     
    -28.1250     13.7500        1.721     
    -28.1250     15.0000        1.695     
    -28.1250     16.2500        1.678     
    -28.1250     17.5000        0.000     
    -28.1250     18.7500        0.000     

    -27.1875    -20.0000        0.000     
    -27.1875    -18.7500        0.000     
    -27.1875    -17.5000        0.000     
    -27.1875    -16.2500        5.066     
    -27.1875    -15.0000        5.035     
    -27.1875    -13.7500        5.006     
    -27.1875    -12.5000        4.982     
    -27.1875    -11.2500        4.959     
    -27.1875    -10.0000        4.930     
    -27.1875     -8.7500        4.890     
    -27.1875     -7.5000        4.839     
    -27.1875     -6.2500        4.785     
    -27.1875     -5.0000        4.734     
    -27.1875     -3.7500        4.687     
    -27.1875     -2.5000        4.647     
    -27.1875     -1.2500        4.603     
    -27.1875      0.0000        4.492     
    -27.1875      1.2500        1.815     
    -27.1875      2.5000        1.636     
    -27.1875      3.7500        1.632     
    -27.1875      5.0000        1.658     
    -27.1875      6.2500        1.695     
    -27.1875      7.5000        1.735     
    -27.1875      8.7500        1.770     
    -27.1875     10.0000        1.795     
    -27.1875     11.2500        1.808     
    -27.1875     12.5000        1.816     
    -27.1875     13.7500        1.824     
    -27.1875     15.0000        1.838     
    -27.1875     16.2500        1.857     
    -27.1875     17.5000        0.000     
    -27.1875     18.7500        0.000     

    -26.2500    -20.0000        0.000     
    -26.2500    -18.7500        0.000     
    -26.2500    -17.5000        0.000     
    -26.2500    -16.2500        4.895     
    -26.2500    -15.0000        4.898     
    -26.2500    -13.7500        4.907     
    -26.2500    -12.5000        4.921     
    -26.2500    -11.2500        4.936     
    -26.2500    -10.0000        4.947     
    -26.2500     -8.7500        4.948     
    -26.2500     -7.5000        4.945     
    -26.2500     -6.2500        4.948     
    -26.2500     -5.0000        4.988     
    -26.2500     -3.7500        5.225     
    -26.2500     -2.5000       0.6115     
    -26.2500     -1.2500        1.237     
    -26.2500      0.0000        1.351     
    -26.2500      1.2500        1.399     
    -26.2500      2.5000        1.437     
    -26.2500      3.7500        1.476     
    -26.2500      5.0000        1.524     
    -26.2500      6.2500        1.579     
    -26.2500      7.5000        1.644     
    -26.2500      8.7500        1.714     
    -26.2500     10.0000        1.778     
    -26.2500     11.2500        1.833     
    -26.2500     12.5000        1.882     
    -26.2500     13.7500        1.933     
    -26.2500     15.0000        1.988     
    -26.2500     16.2500        2.038     
    -26.2500     17.5000        0.000     
    -26.2500     18.7500        0.000     

    -25.3125    -20.0000        0.000     
    -25.3125    -18.7500        0.000     
    -25.3125    -17.5000        0.000     
    -25.3125    -16.2500        4.674     
    -25.3125    -15.0000        4.721     
    -25.3125    -13.7500        4.779     
    -25.3125    -12.5000        4.843     
    -25.3125    -11.2500        4.906     
    -25.3125    -10.0000        4.971     
    -25.3125     -8.7500        5.049     
    -25.3125     -7.5000        5.185     
    -25.3125     -6.2500        5.562     
    -25.3125     -5.0000       0.4523     
    -25.3125     -3.7500        1.098     
    -25.3125     -2.5000        1.261     
    -25.3125     -1.2500        1.321     
    -25.3125      0.0000        1.351     
    -25.3125      1.2500        1.370     
    -25.3125      2.5000        1.388     
    -25.3125      3.7500        1.409     
    -25.3125      5.0000        1.438     
    -25.3125      6.2500        1.478     
    -25.3125      7.5000        1.540     
    -25.3125      8.7500        1.633     
    -25.3125     10.0000        1.750     
    -25.3125     11.2500        1.878     
    -25.3125     12.5000        2.010     
    -25.3125     13.7500        2.136     
    -25.3125     15.0000        2.250     
    -25.3125     16.2500        2.337     
    -25.3125     17.5000        0.000     
    -25.3125     18.7500        0.000     

    -24.3750    -20.0000        0.000     
    -24.3750    -18.7500        0.000     
    -24.3750    -17.5000        0.000     
    -24.3750    -16.2500        4.179     
    -24.3750    -15.0000        4.300     
    -24.3750    -13.7500        4.457     
    -24.3750    -12.5000        4.628     
    -24.3750    -11.2500        4.814     
    -24.3750    -10.0000        5.061     
    -24.3750     -8.7500        5.604     
    -24.3750     -7.5000       0.4463     
    -24.3750     -6.2500        1.014     
    -24.3750     -5.0000        1.211     
    -24.3750     -3.7500        1.292     
    -24.3750     -2.5000        1.327     
    -24.3750     -1.2500        1.343     
    -24.3750      0.0000        1.351     
    -24.3750      1.2500        1.354     
    -24.3750      2.5000        1.355     
    -24.3750      3.7500        1.353     
    -24.3750      5.0000        1.343     
    -24.3750      6.2500        1.327     
    -24.3750      7.5000        1.319     
    -24.3750      8.7500        1.357     
    -24.3750     10.0000        1.568     
    -24.3750     11.2500        2.349     
    -24.3750     12.5000        3.011     
    -24.3750     13.7500        3.169     
    -24.3750     15.0000        3.192     
    -24.3750     16.2500        3.185     
    -24.3750     17.5000        0.000     
    -24.3750     18.7500        0.000     

    -23.4375    -20.0000        0.000     
    -23.4375    -18.7500        0.000     
    -23.4375    -17.5000        0.000     
    -23.4375    -16.2500        2.931     
    -23.4375    -15.0000        2.879     
    -23.4375    -13.7500        2.761     
    -23.4375    -12.5000        2.501     
    -23.4375    -11.2500        2.059     
    -23.4375    -10.0000        1.661     
    -23.4375     -8.7500        1.463     
    -23.4375     -7.5000        1.387     
    -23.4375     -6.2500        1.367     
    -23.4375     -5.0000        1.365     
    -23.4375     -3.7500        1.364     
    -23.4375     -2.5000        1.362     
    -23.4375     -1.2500        1.357     
    -23.4375      0.0000        1.351     
    -23.4375      1.2500        1.339     
    -23.4375      2.5000        1.318     
    -23.4375      3.7500        1.271     
    -23.4375      5.0000        1.155     
    -23.4375      6.2500       0.8328     
    -23.4375      7.5000        6.197     
    -23.4375      8.7500        5.344     
    -23.4375     10.0000        5.024     
    -23.4375     11.2500        4.848     
    -23.4375     12.5000        4.703     
    -23.4375     13.7500        4.563     
    -23.4375     15.0000        4.432     
    -23.4375     16.2500        4.327     
    -23.4375     17.5000        0.000     
    -23.4375     18.7500        0.000     

    -22.5000    -20.0000        0.000     
    -22.5000    -18.7500        0.000     
    -22.5000    -17.5000        0.000     
    -22.5000    -16.2500        2.256     
    -22.5000    -15.0000        2.177     
    -22.5000    -13.7500        2.078     
    -22.5000    -12.5000        1.972     
    -22.5000    -11.2500        1.865     
    -22.5000    -10.0000        1.758     
    -22.5000     -8.7500        1.654     
    -22.5000     -7.5000        1.565     
    -22.5000     -6.2500        1.499     
    -22.5000     -5.0000        1.454     
    -22.5000     -3.7500        1.421     
    -22.5000     -2.5000        1.396     
    -22.5000     -1.2500        1.374     
    -22.5000      0.0000        1.351     
    -22.5000      1.2500        1.314     
    -22.5000      2.5000        1.235     
    -22.5000      3.7500       0.9885     
    -22.5000      5.0000        6.219     
    -22.5000      6.2500        5.327     
    -22.5000      7.5000        5.109     
    -22.5000      8.7500        5.021     
    -22.5000     10.0000        4.965     
    -22.5000     11.2500        4.914     
    -22.5000     12.5000        4.862     
    -22.5000     13.7500        4.811     
    -22.5000     15.0000        4.764     
    -22.5000     16.2500        4.729     
    -22.5000     17.5000        0.000     
    -22.5000     18.7500        0.000     

    -21.5625    -20.0000        0.000     
    -21.5625    -18.7500        0.000     
    -21.5625    -17.5000        0.000     
    -21.5625    -16.2500        1.997     
    -21.5625    -15.0000        1.954     
    -21.5625    -13.7500        1.908     
    -21.5625    -12.5000        1.867     
    -21.5625    -11.2500        1.827     
    -21.5625    -10.0000        1.782     
    -21.5625     -8.7500        1.725     
    -21.5625     -7.5000        1.662     
    -21.5625     -6.2500        1.600     
    -21.5625     -5.0000        1.544     
    -21.5625     -3.7500        1.495     
    -21.5625     -2.5000        1.454     
    -21.5625     -1.2500        1.412     
    -21.5625      0.0000        1.351     
    -21.5625      1.2500        1.155     
    -21.5625      2.5000        5.644     
    -21.5625      3.7500        4.975     
    -21.5625      5.0000        4.905     
    -21.5625      6.2500        4.904     
    -21.5625      7.5000        4.920     
    -21.5625      8.7500        4.935     
    -21.5625     10.0000        4.943     
    -21.5625     11.2500        4.941     
    -21.5625     12.5000        4.934     
    -21.5625     13.7500        4.927     
    -21.5625     15.0000        4.926     
    -21.5625     16.2500        4.931     
    -21.5625     17.5000        0.000     
    -21.5625     18.7500        0.000     

    -20.6250    -20.0000        0.000     
    -20.6250    -18.7500        0.000     
    -20.6250    -17.5000        0.000     
    -20.6250    -16.2500        1.823     
    -20.6250    -15.0000        1.811     
    -20.6250    -13.7500        1.805     
    -20.6250    -12.5000        1.804     
    -20.6250    -11.2500        1.804     
    -20.6250    -10.0000        1.798     
    -20.6250     -8.7500        1.782     
    -20.6250     -7.5000        1.755     
    -20.6250     -6.2500        1.726     
    -20.6250     -5.0000        1.703     
    -20.6250     -3.7500        1.707     
    -20.6250     -2.5000        1.827     
    -20.6250     -1.2500        3.898     
    -20.6250      0.0000        4.492     
    -20.6250      1.2500        4.572     
    -20.6250      2.5000        4.617     
    -20.6250      3.7500        4.659     
    -20.6250      5.0000        4.708     
    -20.6250      6.2500        4.762     
    -20.6250      7.5000        4.821     
    -20.6250      8.7500        4.878     
    -20.6250     10.0000        4.927     
    -20.6250     11.2500        4.964     
    -20.6250     12.5000        4.995     
    -20.6250     13.7500        5.027     
    -20.6250     15.0000        5.064     
    -20.6250     16.2500        5.102     
    -20.6250     17.5000        0.000     
    -20.6250     18.7500        0.000     

    -19.6875    -20.0000        0.000     
    -19.6875    -18.7500        0.000     
    -19.6875    -17.5000        0.000     
    -19.6875    -16.2500        1.635     
    -19.6875    -15.0000        1.661     
    -19.6875    -13.7500        1.697     
    -19.6875    -12.5000        1.738     
    -19.6875    -11.2500        1.779     
    -19.6875    -10.0000        1.818     
    -19.6875     -8.7500        1.856     
    -19.6875     -7.5000        1.912     
    -19.6875     -6.2500        2.037     
    -19.6875     -5.0000        2.534     
    -19.6875     -3.7500        3.924     
    -19.6875     -2.5000        4.338     
    -19.6875     -1.2500        4.447     
    -19.6875      0.0000        4.492     
    -19.6875      1.2500        4.520     
    -19.6875      2.5000        4.545     
    -19.6875      3.7500        4.574     
    -19.6875      5.0000        4.612     
    -19.6875      6.2500        4.662     
    -19.6875      7.5000        4.728     
    -19.6875      8.7500        4.813     
    -19.6875     10.0000        4.906     
    -19.6875     11.2500        4.996     
    -19.6875     12.5000        5.084     
    -19.6875     13.7500        5.173     
    -19.6875     15.0000        5.259     
    -19.6875     16.2500        5.331     
    -19.6875     17.5000        0.000     
    -19.6875     18.7500        0.000     

    -18.7500    -20.0000        0.000     
    -18.7500    -18.7500        0.000     
    -18.7500    -17.5000        0.000     
    -18.7500    -16.2500        1.301     
    -18.7500    -15.0000        1.390     
    -18.7500    -13.7500        1.498     
    -18.7500    -12.5000        1.612     
    -18.7500    -11.2500        1.728     
    -18.7500    -10.0000        1.861     
    -18.7500     -8.7500        2.072     
    -18.7500     -7.5000        2.602     
    -18.7500     -6.2500        3.688     
    -18.7500     -5.0000        4.218     
    -18.7500     -3.7500        4.386     
    -18.7500     -2.5000        4.449     
    -18.7500     -1.2500        4.477     
    -18.7500      0.0000        4.492     
    -18.7500      1.2500        4.501     
    -18.7500      2.5000        4.510     
    -18.7500      3.7500        4.517     
    -18.7500      5.0000        4.527     
    -18.7500      6.2500        4.542     
    -18.7500      7.5000        4.580     
    -18.7500      8.7500        4.670     
    -18.7500     10.0000        4.843     
    -18.7500     11.2500        5.109     
    -18.7500     12.5000        5.405     
    -18.7500     13.7500        5.636     
    -18.7500     15.0000        5.784     
    -18.7500     16.2500        5.865     
    -18.7500     17.5000        0.000     
    -18.7500     18.7500        0.000     

    -17.8125    -20.0000        0.000     
    -17.8125    -18.7500        0.000     
    -17.8125    -17.5000        0.000     
    -17.8125    -16.2500       0.3283     
    -17.8125    -15.0000       0.4031     
    -17.8125    -13.7500       0.5132     
    -17.8125    -12.5000       0.6421     
    -17.8125    -11.2500       0.7249     
    -17.8125    -10.0000        4.279     
    -17.8125     -8.7500        4.301     
    -17.8125     -7.5000        4.365     
    -17.8125     -6.2500        4.420     
    -17.8125     -5.0000        4.460     
    -17.8125     -3.7500        4.481     
    -17.8125     -2.5000        4.490     
    -17.8125     -1.2500        4.493     
    -17.8125      0.0000        4.492     
    -17.8125      1.2500        4.487     
    -17.8125      2.5000        4.476     
    -17.8125      3.7500        4.452     
    -17.8125      5.0000        4.396     
    -17.8125      6.2500        4.274     
    -17.8125      7.5000        3.983     
    -17.8125      8.7500        3.051     
    -17.8125     10.0000        2.000     
    -17.8125     11.2500        1.610     
    -17.8125     12.5000        1.365     
    -17.8125     13.7500        1.156     
    -17.8125     15.0000       0.9770     
    -17.8125     16.2500       0.8458     
    -17.8125     17.5000        0.000     
    -17.8125     18.7500        0.000     

    -16.8750    -20.0000        0.000     
    -16.8750    -18.7500        0.000     
    -16.8750    -17.5000        0.000     
    -16.8750    -16.2500        5.577     
    -16.8750    -15.0000        5.486     
    -16.8750    -13.7500        5.357     
    -16.8750    -12.5000        5.203     
    -16.8750    -11.2500        5.038     
    -16.8750    -10.0000        4.881     
    -16.8750     -8.7500        4.748     
    -16.8750     -7.5000        4.654     
    -16.8750     -6.2500        4.596     
    -16.8750     -5.0000        4.563     
    -16.8750     -3.7500        4.540     
    -16.8750     -2.5000        4.523     
    -16.8750     -1.2500        4.508     
    -16.8750      0.0000        4.492     
    -16.8750      1.2500        4.469     
    -16.8750      2.5000        4.422     
    -16.8750      3.7500        4.307     
    -16.8750      5.0000        3.917     
    -16.8750      6.2500        2.785     
    -16.8750      7.5000        2.152     
    -16.8750      8.7500        1.944     
    -16.8750     10.0000        1.837     
    -16.8750     11.2500        1.755     
    -16.8750     12.5000        1.678     
    -16.8750     13.7500        1.600     
    -16.8750     15.0000        1.528     
    -16.8750     16.2500        1.470     
    -16.8750     17.5000        0.000     
    -16.8750     18.7500        0.000     

    -15.9375    -20.0000        0.000     
    -15.9375    -18.7500        0.000     
    -15.9375    -17.5000        0.000     
    -15.9375    -16.2500        5.223     
    -15.9375    -15.0000        5.167     
    -15.9375    -13.7500        5.103     
    -15.9375    -12.5000        5.041     
    -15.9375    -11.2500        4.980     
    -15.9375    -10.0000        4.916     
    -15.9375     -8.7500        4.842     
    -15.9375     -7.5000        4.767     
    -15.9375     -6.2500        4.701     
    -15.9375     -5.0000        4.647     
    -15.9375     -3.7500        4.602     
    -15.9375     -2.5000        4.566     
    -15.9375     -1.2500        4.532     
    -15.9375      0.0000        4.492     
    -15.9375      1.2500        4.414     
    -15.9375      2.5000        4.141     
    -15.9375      3.7500        2.647     
    -15.9375      5.0000        1.972     
    -15.9375      6.2500        1.862     
    -15.9375      7.5000        1.833     
    -15.9375      8.7500        1.821     
    -15.9375     10.0000        1.809     
    -15.9375     11.2500        1.790     
    -15.9375     12.5000        1.767     
    -15.9375     13.7500        1.744     
    -15.9375     15.0000        1.727     
    -15.9375     16.2500        1.717     
    -15.9375     17.5000        0.000     
    -15.9375     18.7500        0.000     

    -15.0000    -20.0000        0.000     
    -15.0000    -18.7500        0.000     
    -15.0000    -17.5000        0.000     
    -15.0000    -16.2500        5.031     
    -15.0000    -15.0000        5.007     
    -15.0000    -13.7500        4.985     
    -15.0000    -12.5000        4.969     
    -15.0000    -11.2500        4.954     
    -15.0000    -10.0000        4.934     
    -15.0000     -8.7500        4.901     
    -15.0000     -7.5000        4.857     
    -15.0000     -6.2500        4.809     
    -15.0000     -5.0000        4.763     
    -15.0000     -3.7500        4.723     
    -15.0000     -2.5000        4.694     
    -15.0000     -1.2500        4.674     
    -15.0000      0.0000        0.000     
    -15.0000      1.2500        1.532     
    -15.0000      2.5000        1.552     
    -15.0000      3.7500        1.582     
    -15.0000      5.0000        1.622     
    -15.0000      6.2500        1.668     
    -15.0000      7.5000        1.715     
    -15.0000      8.7500        1.759     
    -15.0000     10.0000        1.792     
    -15.0000     11.2500        1.813     
    -15.0000     12.5000        1.828     
    -15.0000     13.7500        1.844     
    -15.0000     15.0000        1.866     
    -15.0000     16.2500        1.890     
    -15.0000     17.5000        0.000     
    -15.0000     18.7500        0.000     

    -14.0625    -20.0000        0.000     
    -14.0625    -18.7500        0.000     
    -14.0625    -17.5000        0.000     
    -14.0625    -16.2500        4.859     
    -14.0625    -15.0000        4.868     
    -14.0625    -13.7500        4.885     
    -14.0625    -12.5000        4.908     
    -14.0625    -11.2500        4.932     
    -14.0625    -10.0000        4.951     
    -14.0625     -8.7500        4.963     
    -14.0625     -7.5000        4.975     
    -14.0625     -6.2500        5.004     
    -14.0625     -5.0000        5.113     
    -14.0625     -3.7500        5.789     
    -14.0625     -2.5000       0.9991     
    -14.0625     -1.2500        1.272     
    -14.0625      0.0000        1.351     
    -14.0625      1.2500        1.391     
    -14.0625      2.5000        1.424     
    -14.0625      3.7500        1.460     
    -14.0625      5.0000        1.505     
    -14.0625      6.2500        1.560     
    -14.0625      7.5000        1.626     
    -14.0625      8.7500        1.701     
    -14.0625     10.0000        1.774     
    -14.0625     11.2500        1.839     
    -14.0625     12.5000        1.899     
    -14.0625     13.7500        1.961     
    -14.0625     15.0000        2.025     
    -14.0625     16.2500        2.082     
    -14.0625     17.5000        0.000     
    -14.0625     18.7500        0.000     

    -13.1250    -20.0000        0.000     
    -13.1250    -18.7500        0.000     
    -13.1250    -17.5000        0.000     
    -13.1250    -16.2500        4.611     
    -13.1250    -15.0000        4.669     
    -13.1250    -13.7500        4.742     
    -13.1250    -12.5000        4.819     
    -13.1250    -11.2500        4.897     
    -13.1250    -10.0000        4.979     
    -13.1250     -8.7500        5.086     
    -13.1250     -7.5000        5.293     
    -13.1250     -6.2500        5.927     
    -13.1250     -5.0000       0.7748     
    -13.1250     -3.7500        1.165     
    -13.1250     -2.5000        1.281     
    -13.1250     -1.2500        1.327     
    -13.1250      0.0000        1.351     
    -13.1250      1.2500        1.366     
    -13.1250      2.5000        1.381     
    -13.1250      3.7500        1.398     
    -13.1250      5.0000        1.421     
    -13.1250      6.2500        1.454     
    -13.1250      7.5000        1.512     
    -13.1250      8.7500        1.607     
    -13.1250     10.0000        1.739     
    -13.1250     11.2500        1.896     
    -13.1250     12.5000        2.061     
    -13.1250     13.7500        2.215     
    -13.1250     15.0000        2.345     
    -13.1250     16.2500        2.436     
    -13.1250     17.5000        0.000     
    -13.1250     18.7500        0.000     

    -12.1875    -20.0000        0.000     
    -12.1875    -18.7500        0.000     
    -12.1875    -17.5000        0.000     
    -12.1875    -16.2500        3.987     
    -12.1875    -15.0000        4.119     
    -12.1875    -13.7500        4.297     
    -12.1875    -12.5000        4.506     
    -12.1875    -11.2500        4.751     
    -12.1875    -10.0000        5.141     
    -12.1875     -8.7500        6.193     
    -12.1875     -7.5000       0.8412     
    -12.1875     -6.2500        1.133     
    -12.1875     -5.0000        1.255     
    -12.1875     -3.7500        1.310     
    -12.1875     -2.5000        1.335     
    -12.1875     -1.2500        1.346     
    -12.1875      0.0000        1.351     
    -12.1875      1.2500        1.351     
    -12.1875      2.5000        1.349     
    -12.1875      3.7500        1.340     
    -12.1875      5.0000        1.318     
    -12.1875      6.2500        1.279     
    -12.1875      7.5000        1.224     
    -12.1875      8.7500        1.159     
    -12.1875     10.0000        1.138     
    -12.1875     11.2500        3.866     
    -12.1875     12.5000        3.784     
    -12.1875     13.7500        3.655     
    -12.1875     15.0000        3.545     
    -12.1875     16.2500        3.470     
    -12.1875     17.5000        0.000     
    -12.1875     18.7500        0.000     

    -11.2500    -20.0000        0.000     
    -11.2500    -18.7500        0.000     
    -11.2500    -17.5000        0.000     
    -11.2500    -16.2500        2.723     
    -11.2500    -15.0000        2.642     
    -11.2500    -13.7500        2.495     
    -11.2500    -12.5000        2.263     
    -11.2500    -11.2500        1.968     
    -11.2500    -10.0000        1.701     
    -11.2500     -8.7500        1.529     
    -11.2500     -7.5000        1.438     
    -11.2500     -6.2500        1.400     
    -11.2500     -5.0000        1.385     
    -11.2500     -3.7500        1.376     
    -11.2500     -2.5000        1.368     
    -11.2500     -1.2500        1.360     
    -11.2500      0.0000        1.351     
    -11.2500      1.2500        1.336     
    -11.2500      2.5000        1.308     
    -11.2500      3.7500        1.245     
    -11.2500      5.0000        1.077     
    -11.2500      6.2500       0.5462     
    -11.2500      7.5000        5.744     
    -11.2500      8.7500        5.213     
    -11.2500     10.0000        5.003     
    -11.2500     11.2500        4.870     
    -11.2500     12.5000        4.754     
    -11.2500     13.7500        4.639     
    -11.2500     15.0000        4.531     
    -11.2500     16.2500        4.443     
    -11.2500     17.5000        0.000     
    -11.2500     18.7500        0.000     

    -10.3125    -20.0000        0.000     
    -10.3125    -18.7500        0.000     
    -10.3125    -17.5000        0.000     
    -10.3125    -16.2500        2.189     
    -10.3125    -15.0000        2.117     
    -10.3125    -13.7500        2.031     
    -10.3125    -12.5000        1.943     
    -10.3125    -11.2500        1.854     
    -10.3125    -10.0000        1.764     
    -10.3125     -8.7500        1.672     
    -10.3125     -7.5000        1.587     
    -10.3125     -6.2500        1.520     
    -10.3125     -5.0000        1.471     
    -10.3125     -3.7500        1.433     
    -10.3125     -2.5000        1.404     
    -10.3125     -1.2500        1.378     
    -10.3125      0.0000        1.351     
    -10.3125      1.2500        1.305     
    -10.3125      2.5000        1.196     
    -10.3125      3.7500       0.7822     
    -10.3125      5.0000        5.676     
    -10.3125      6.2500        5.178     
    -10.3125      7.5000        5.054     
    -10.3125      8.7500        4.998     
    -10.3125     10.0000        4.959     
    -10.3125     11.2500        4.920     
    -10.3125     12.5000        4.879     
    -10.3125     13.7500        4.838     
    -10.3125     15.0000        4.802     
    -10.3125     16.2500        4.777     
    -10.3125     17.5000        0.000     
    -10.3125     18.7500        0.000     

     -9.3750    -20.0000        0.000     
     -9.3750    -18.7500        0.000     
     -9.3750    -17.5000        0.000     
     -9.3750    -16.2500        1.959     
     -9.3750    -15.0000        1.923     
     -9.3750    -13.7500        1.885     
     -9.3750    -12.5000        1.853     
     -9.3750    -11.2500        1.822     
     -9.3750    -10.0000        1.786     
     -9.3750     -8.7500        1.737     
     -9.3750     -7.5000        1.679     
     -9.3750     -6.2500        1.621     
     -9.3750     -5.0000        1.566     
     -9.3750     -3.7500        1.518     
     -9.3750     -2.5000        1.475     
     -9.3750     -1.2500        1.430     
     -9.3750      0.0000        1.351     
     -9.3750      1.2500       0.7557     
     -9.3750      2.5000        4.969     
     -9.3750      3.7500        4.848     
     -9.3750      5.0000        4.845     
     -9.3750      6.2500        4.868     
     -9.3750      7.5000        4.897     
     -9.3750      8.7500        4.923     
     -9.3750     10.0000        4.940     
     -9.3750     11.2500        4.946     
     -9.3750     12.5000        4.946     
     -9.3750     13.7500        4.946     
     -9.3750     15.0000        4.953     
     -9.3750     16.2500        4.965     
     -9.3750     17.5000        0.000     
     -9.3750     18.7500        0.000     

     -8.4375    -20.0000        0.000     
     -8.4375    -18.7500        0.000     
     -8.4375    -17.5000        0.000     
     -8.4375    -16.2500        1.789     
     -8.4375    -15.0000        1.784     
     -8.4375    -13.7500        1.785     
     -8.4375    -12.5000        1.792     
     -8.4375    -11.2500        1.800     
     -8.4375    -10.0000        1.802     
     -8.4375     -8.7500        1.794     
     -8.4375     -7.5000        1.778     
     -8.4375     -6.2500        1.763     
     -8.4375     -5.0000        1.763     
     -8.4375     -3.7500        1.833     
     -8.4375     -2.5000        2.501     
     -8.4375     -1.2500        4.296     
     -8.4375      0.0000        4.492     
     -8.4375      1.2500        4.553     
     -8.4375      2.5000        4.595     
     -8.4375      3.7500        4.637     
     -8.4375      5.0000        4.686     
     -8.4375      6.2500        4.741     
     -8.4375      7.5000        4.803     
     -8.4375      8.7500        4.867     
     -8.4375     10.0000        4.924     
     -8.4375     11.2500        4.969     
     -8.4375     12.5000        5.009     
     -8.4375     13.7500        5.050     
     -8.4375     15.0000        5.095     
     -8.4375     16.2500        5.139     
     -8.4375     17.5000        0.000     
     -8.4375     18.7500        0.000     

     -7.5000    -20.0000        0.000     
     -7.5000    -18.7500        0.000     
     -7.5000    -17.5000        0.000     
     -7.5000    -16.2500        1.587     
     -7.5000    -15.0000        1.623     
     -7.5000    -13.7500        1.669     
     -7.5000    -12.5000        1.721     
     -7.5000    -11.2500        1.772     
     -7.5000    -10.0000        1.823     
     -7.5000     -8.7500        1.879     
     -7.5000     -7.5000        1.968     
     -7.5000     -6.2500        2.186     
     -7.5000     -5.0000        3.077     
     -7.5000     -3.7500        4.130     
     -7.5000     -2.5000        4.377     
     -7.5000     -1.2500        4.456     
     -7.5000      0.0000        4.492     
     -7.5000      1.2500        4.515     
     -7.5000      2.5000        4.537     
     -7.5000      3.7500        4.562     
     -7.5000      5.0000        4.596     
     -7.5000      6.2500        4.641     
     -7.5000      7.5000        4.706     
     -7.5000      8.7500        4.795     
     -7.5000     10.0000        4.899     
     -7.5000     11.2500        5.006     
     -7.5000     12.5000        5.114     
     -7.5000     13.7500        5.219     
     -7.5000     15.0000        5.318     
     -7.5000     16.2500        5.398     
     -7.5000     17.5000        0.000     
     -7.5000     18.7500        0.000     

     -6.5625    -20.0000        0.000     
     -6.5625    -18.7500        0.000     
     -6.5625    -17.5000        0.000     
     -6.5625    -16.2500        1.185     
     -6.5625    -15.0000        1.291     
     -6.5625    -13.7500        1.422     
     -6.5625    -12.5000        1.561     
     -6.5625    -11.2500        1.706     
     -6.5625    -10.0000        1.882     
     -6.5625     -8.7500        2.202     
     -6.5625     -7.5000        3.055     
     -6.5625     -6.2500        3.974     
     -6.5625     -5.0000        4.296     
     -6.5625     -3.7500        4.412     
     -6.5625     -2.5000        4.460     
     -6.5625     -1.2500        4.481     
     -6.5625      0.0000        4.492     
     -6.5625      1.2500        4.499     
     -6.5625      2.5000        4.503     
     -6.5625      3.7500        4.506     
     -6.5625      5.0000        4.507     
     -6.5625      6.2500        4.508     
     -6.5625      7.5000        4.529     
     -6.5625      8.7500        4.605     
     -6.5625     10.0000        4.803     
     -6.5625     11.2500        5.201     
     -6.5625     12.5000        5.643     
     -6.5625     13.7500        5.902     
     -6.5625     15.0000        6.021     
     -6.5625     16.2500        6.072     
     -6.5625     17.5000        0.000     
     -6.5625     18.7500        0.000     

     -5.6250    -20.0000        0.000     
     -5.6250    -18.7500        0.000     
     -5.6250    -17.5000        0.000     
     -5.6250    -16.2500       0.4361E-001
     -5.6250    -15.0000       0.4991E-001
     -5.6250    -13.7500       0.2765E-001
     -5.6250    -12.5000        6.152     
     -5.6250    -11.2500        5.491     
     -5.6250    -10.0000        4.710     
     -5.6250     -8.7500        4.499     
     -5.6250     -7.5000        4.461     
     -5.6250     -6.2500        4.469     
     -5.6250     -5.0000        4.485     
     -5.6250     -3.7500        4.494     
     -5.6250     -2.5000        4.497     
     -5.6250     -1.2500        4.496     
     -5.6250      0.0000        4.492     
     -5.6250      1.2500        4.484     
     -5.6250      2.5000        4.468     
     -5.6250      3.7500        4.434     
     -5.6250      5.0000        4.353     
     -5.6250      6.2500        4.155     
     -5.6250      7.5000        3.588     
     -5.6250      8.7500        2.463     
     -5.6250     10.0000        1.919     
     -5.6250     11.2500        1.672     
     -5.6250     12.5000        1.487     
     -5.6250     13.7500        1.315     
     -5.6250     15.0000        1.159     
     -5.6250     16.2500        1.037     
     -5.6250     17.5000        0.000     
     -5.6250     18.7500        0.000     

     -4.6875    -20.0000        0.000     
     -4.6875    -18.7500        0.000     
     -4.6875    -17.5000        0.000     
     -4.6875    -16.2500        5.478     
     -4.6875    -15.0000        5.392     
     -4.6875    -13.7500        5.278     
     -4.6875    -12.5000        5.151     
     -4.6875    -11.2500        5.020     
     -4.6875    -10.0000        4.891     
     -4.6875     -8.7500        4.774     
     -4.6875     -7.5000        4.682     
     -4.6875     -6.2500        4.619     
     -4.6875     -5.0000        4.579     
     -4.6875     -3.7500        4.551     
     -4.6875     -2.5000        4.530     
     -4.6875     -1.2500        4.511     
     -4.6875      0.0000        4.492     
     -4.6875      1.2500        4.463     
     -4.6875      2.5000        4.403     
     -4.6875      3.7500        4.239     
     -4.6875      5.0000        3.594     
     -4.6875      6.2500        2.420     
     -4.6875      7.5000        2.043     
     -4.6875      8.7500        1.907     
     -4.6875     10.0000        1.829     
     -4.6875     11.2500        1.765     
     -4.6875     12.5000        1.701     
     -4.6875     13.7500        1.638     
     -4.6875     15.0000        1.579     
     -4.6875     16.2500        1.533     
     -4.6875     17.5000        0.000     
     -4.6875     18.7500        0.000     

     -3.7500    -20.0000        0.000     
     -3.7500    -18.7500        0.000     
     -3.7500    -17.5000        0.000     
     -3.7500    -16.2500        5.179     
     -3.7500    -15.0000        5.129     
     -3.7500    -13.7500        5.075     
     -3.7500    -12.5000        5.024     
     -3.7500    -11.2500        4.974     
     -3.7500    -10.0000        4.920     
     -3.7500     -8.7500        4.855     
     -3.7500     -7.5000        4.786     
     -3.7500     -6.2500        4.721     
     -3.7500     -5.0000        4.665     
     -3.7500     -3.7500        4.618     
     -3.7500     -2.5000        4.579     
     -3.7500     -1.2500        4.541     
     -3.7500      0.0000        4.492     
     -3.7500      1.2500        4.379     
     -3.7500      2.5000        3.754     
     -3.7500      3.7500        2.083     
     -3.7500      5.0000        1.847     
     -3.7500      6.2500        1.807     
     -3.7500      7.5000        1.804     
     -3.7500      8.7500        1.807     
     -3.7500     10.0000        1.805     
     -3.7500     11.2500        1.795     
     -3.7500     12.5000        1.780     
     -3.7500     13.7500        1.765     
     -3.7500     15.0000        1.756     
     -3.7500     16.2500        1.754     
     -3.7500     17.5000        0.000     
     -3.7500     18.7500        0.000     

     -2.8125    -20.0000        0.000     
     -2.8125    -18.7500        0.000     
     -2.8125    -17.5000        0.000     
     -2.8125    -16.2500        4.998     
     -2.8125    -15.0000        4.980     
     -2.8125    -13.7500        4.966     
     -2.8125    -12.5000        4.957     
     -2.8125    -11.2500        4.950     
     -2.8125    -10.0000        4.937     
     -2.8125     -8.7500        4.912     
     -2.8125     -7.5000        4.876     
     -2.8125     -6.2500        4.837     
     -2.8125     -5.0000        4.800     
     -2.8125     -3.7500        4.773     
     -2.8125     -2.5000        4.777     
     -2.8125     -1.2500        4.957     
     -2.8125      0.0000        1.351     
     -2.8125      1.2500        1.462     
     -2.8125      2.5000        1.506     
     -2.8125      3.7500        1.545     
     -2.8125      5.0000        1.592     
     -2.8125      6.2500        1.643     
     -2.8125      7.5000        1.697     
     -2.8125      8.7500        1.748     
     -2.8125     10.0000        1.789     
     -2.8125     11.2500        1.817     
     -2.8125     12.5000        1.840     
     -2.8125     13.7500        1.864     
     -2.8125     15.0000        1.894     
     -2.8125     16.2500        1.924     
     -2.8125     17.5000        0.000     
     -2.8125     18.7500        0.000     

     -1.8750    -20.0000        0.000     
     -1.8750    -18.7500        0.000     
     -1.8750    -17.5000        0.000     
     -1.8750    -16.2500        4.819     
     -1.8750    -15.0000        4.837     
     -1.8750    -13.7500        4.863     
     -1.8750    -12.5000        4.895     
     -1.8750    -11.2500        4.926     
     -1.8750    -10.0000        4.955     
     -1.8750     -8.7500        4.979     
     -1.8750     -7.5000        5.010     
     -1.8750     -6.2500        5.077     
     -1.8750     -5.0000        5.319     
     -1.8750     -3.7500       0.3228     
     -1.8750     -2.5000        1.131     
     -1.8750     -1.2500        1.292     
     -1.8750      0.0000        1.351     
     -1.8750      1.2500        1.384     
     -1.8750      2.5000        1.413     
     -1.8750      3.7500        1.446     
     -1.8750      5.0000        1.488     
     -1.8750      6.2500        1.540     
     -1.8750      7.5000        1.607     
     -1.8750      8.7500        1.687     
     -1.8750     10.0000        1.770     
     -1.8750     11.2500        1.846     
     -1.8750     12.5000        1.919     
     -1.8750     13.7500        1.993     
     -1.8750     15.0000        2.068     
     -1.8750     16.2500        2.132     
     -1.8750     17.5000        0.000     
     -1.8750     18.7500        0.000     

     -0.9375    -20.0000        0.000     
     -0.9375    -18.7500        0.000     
     -0.9375    -17.5000        0.000     
     -0.9375    -16.2500        4.535     
     -0.9375    -15.0000        4.608     
     -0.9375    -13.7500        4.697     
     -0.9375    -12.5000        4.791     
     -0.9375    -11.2500        4.885     
     -0.9375    -10.0000        4.989     
     -0.9375     -8.7500        5.137     
     -0.9375     -7.5000        5.463     
     -0.9375     -6.2500       0.1203     
     -0.9375     -5.0000       0.9611     
     -0.9375     -3.7500        1.211     
     -0.9375     -2.5000        1.296     
     -0.9375     -1.2500        1.332     
     -0.9375      0.0000        1.351     
     -0.9375      1.2500        1.363     
     -0.9375      2.5000        1.374     
     -0.9375      3.7500        1.387     
     -0.9375      5.0000        1.404     
     -0.9375      6.2500        1.429     
     -0.9375      7.5000        1.479     
     -0.9375      8.7500        1.574     
     -0.9375     10.0000        1.724     
     -0.9375     11.2500        1.923     
     -0.9375     12.5000        2.138     
     -0.9375     13.7500        2.327     
     -0.9375     15.0000        2.470     
     -0.9375     16.2500        2.562     
     -0.9375     17.5000        0.000     
     -0.9375     18.7500        0.000     

      0.0000    -20.0000        0.000     
      0.0000    -18.7500        0.000     
      0.0000    -17.5000        0.000     
      0.0000    -16.2500        3.748     
      0.0000    -15.0000        3.868     
      0.0000    -13.7500        4.046     
      0.0000    -12.5000        4.276     
      0.0000    -11.2500        4.598     
      0.0000    -10.0000        5.460     
      0.0000     -8.7500       0.7199     
      0.0000     -7.5000        1.078     
      0.0000     -6.2500        1.216     
      0.0000     -5.0000        1.289     
      0.0000     -3.7500        1.326     
      0.0000     -2.5000        1.342     
      0.0000     -1.2500        1.349     
      0.0000      0.0000        1.351     
      0.0000      1.2500        1.349     
      0.0000      2.5000        1.342     
      0.0000      3.7500        1.326     
      0.0000      5.0000        1.289     
      0.0000      6.2500        1.216     
      0.0000      7.5000        1.078     
      0.0000      8.7500       0.7199     
      0.0000     10.0000        5.460     
      0.0000     11.2500        4.598     
      0.0000     12.5000        4.276     
      0.0000     13.7500        4.046     
      0.0000     15.0000        3.868     
      0.0000     16.2500        3.748     
      0.0000     17.5000        0.000     
      0.0000     18.7500        0.000     

      0.9375    -20.0000        0.000     
      0.9375    -18.7500        0.000     
      0.9375    -17.5000        0.000     
      0.9375    -16.2500        2.561     
      0.9375    -15.0000        2.470     
      0.9375    -13.7500        2.327     
      0.9375    -12.5000        2.137     
      0.9375    -11.2500        1.923     
      0.9375    -10.0000        1.724     
      0.9375     -8.7500        1.574     
      0.9375     -7.5000        1.479     
      0.9375     -6.2500        1.429     
      0.9375     -5.0000        1.404     
      0.9375     -3.7500        1.387     
      0.9375     -2.5000        1.374     
      0.9375     -1.2500        1.363     
      0.9375      0.0000        1.351     
      0.9375      1.2500        1.332     
      0.9375      2.5000        1.296     
      0.9375      3.7500        1.211     
      0.9375      5.0000       0.9611     
      0.9375      6.2500       0.1199     
      0.9375      7.5000        5.463     
      0.9375      8.7500        5.136     
      0.9375     10.0000        4.989     
      0.9375     11.2500        4.885     
      0.9375     12.5000        4.791     
      0.9375     13.7500        4.697     
      0.9375     15.0000        4.608     
      0.9375     16.2500        4.536     
      0.9375     17.5000        0.000     
      0.9375     18.7500        0.000     

      1.8750    -20.0000        0.000     
      1.8750    -18.7500        0.000     
      1.8750    -17.5000        0.000     
      1.8750    -16.2500        2.132     
      1.8750    -15.0000        2.068     
      1.8750    -13.7500        1.993     
      1.8750    -12.5000        1.919     
      1.8750    -11.2500        1.846     
      1.8750    -10.0000        1.769     
      1.8750     -8.7500        1.687     
      1.8750     -7.5000        1.607     
      1.8750     -6.2500        1.540     
      1.8750     -5.0000        1.488     
      1.8750     -3.7500        1.446     
      1.8750     -2.5000        1.413     
      1.8750     -1.2500        1.384     
      1.8750      0.0000        1.351     
      1.8750      1.2500        1.292     
      1.8750      2.5000        1.131     
      1.8750      3.7500       0.3221     
      1.8750      5.0000        5.319     
      1.8750      6.2500        5.077     
      1.8750      7.5000        5.010     
      1.8750      8.7500        4.979     
      1.8750     10.0000        4.955     
      1.8750     11.2500        4.926     
      1.8750     12.5000        4.895     
      1.8750     13.7500        4.863     
      1.8750     15.0000        4.837     
      1.8750     16.2500        4.820     
      1.8750     17.5000        0.000     
      1.8750     18.7500        0.000     

      2.8125    -20.0000        0.000     
      2.8125    -18.7500        0.000     
      2.8125    -17.5000        0.000     
      2.8125    -16.2500        1.924     
      2.8125    -15.0000        1.894     
      2.8125    -13.7500        1.864     
      2.8125    -12.5000        1.840     
      2.8125    -11.2500        1.817     
      2.8125    -10.0000        1.789     
      2.8125     -8.7500        1.748     
      2.8125     -7.5000        1.697     
      2.8125     -6.2500        1.643     
      2.8125     -5.0000        1.592     
      2.8125     -3.7500        1.545     
      2.8125     -2.5000        1.506     
      2.8125     -1.2500        1.462     
      2.8125      0.0000        1.350     
      2.8125      1.2500        4.956     
      2.8125      2.5000        4.778     
      2.8125      3.7500        4.773     
      2.8125      5.0000        4.800     
      2.8125      6.2500        4.837     
      2.8125      7.5000        4.876     
      2.8125      8.7500        4.912     
      2.8125     10.0000        4.937     
      2.8125     11.2500        4.950     
      2.8125     12.5000        4.958     
      2.8125     13.7500        4.966     
      2.8125     15.0000        4.980     
      2.8125     16.2500        4.998     
      2.8125     17.5000        0.000     
      2.8125     18.7500        0.000     

      3.7500    -20.0000        0.000     
      3.7500    -18.7500        0.000     
      3.7500    -17.5000        0.000     
      3.7500    -16.2500        1.754     
      3.7500    -15.0000        1.756     
      3.7500    -13.7500        1.765     
      3.7500    -12.5000        1.780     
      3.7500    -11.2500        1.795     
      3.7500    -10.0000        1.805     
      3.7500     -8.7500        1.807     
      3.7500     -7.5000        1.804     
      3.7500     -6.2500        1.807     
      3.7500     -5.0000        1.846     
      3.7500     -3.7500        2.083     
      3.7500     -2.5000        3.753     
      3.7500     -1.2500        4.379     
      3.7500      0.0000        4.492     
      3.7500      1.2500        4.541     
      3.7500      2.5000        4.579     
      3.7500      3.7500        4.618     
      3.7500      5.0000        4.665     
      3.7500      6.2500        4.721     
      3.7500      7.5000        4.786     
      3.7500      8.7500        4.855     
      3.7500     10.0000        4.920     
      3.7500     11.2500        4.974     
      3.7500     12.5000        5.024     
      3.7500     13.7500        5.075     
      3.7500     15.0000        5.129     
      3.7500     16.2500        5.180     
      3.7500     17.5000        0.000     
      3.7500     18.7500        0.000     

      4.6875    -20.0000        0.000     
      4.6875    -18.7500        0.000     
      4.6875    -17.5000        0.000     
      4.6875    -16.2500        1.533     
      4.6875    -15.0000        1.579     
      4.6875    -13.7500        1.638     
      4.6875    -12.5000        1.701     
      4.6875    -11.2500        1.765     
      4.6875    -10.0000        1.829     
      4.6875     -8.7500        1.907     
      4.6875     -7.5000        2.043     
      4.6875     -6.2500        2.420     
      4.6875     -5.0000        3.594     
      4.6875     -3.7500        4.239     
      4.6875     -2.5000        4.403     
      4.6875     -1.2500        4.463     
      4.6875      0.0000        4.492     
      4.6875      1.2500        4.511     
      4.6875      2.5000        4.530     
      4.6875      3.7500        4.551     
      4.6875      5.0000        4.579     
      4.6875      6.2500        4.619     
      4.6875      7.5000        4.682     
      4.6875      8.7500        4.774     
      4.6875     10.0000        4.891     
      4.6875     11.2500        5.019     
      4.6875     12.5000        5.151     
      4.6875     13.7500        5.278     
      4.6875     15.0000        5.392     
      4.6875     16.2500        5.478     
      4.6875     17.5000        0.000     
      4.6875     18.7500        0.000     

      5.6250    -20.0000        0.000     
      5.6250    -18.7500        0.000     
      5.6250    -17.5000        0.000     
      5.6250    -16.2500        1.037     
      5.6250    -15.0000        1.159     
      5.6250    -13.7500        1.315     
      5.6250    -12.5000        1.487     
      5.6250    -11.2500        1.672     
      5.6250    -10.0000        1.919     
      5.6250     -8.7500        2.463     
      5.6250     -7.5000        3.588     
      5.6250     -6.2500        4.155     
      5.6250     -5.0000        4.353     
      5.6250     -3.7500        4.434     
      5.6250     -2.5000        4.468     
      5.6250     -1.2500        4.484     
      5.6250      0.0000        4.492     
      5.6250      1.2500        4.496     
      5.6250      2.5000        4.497     
      5.6250      3.7500        4.494     
      5.6250      5.0000        4.485     
      5.6250      6.2500        4.469     
      5.6250      7.5000        4.461     
      5.6250      8.7500        4.499     
      5.6250     10.0000        4.710     
      5.6250     11.2500        5.490     
      5.6250     12.5000        6.153     
      5.6250     13.7500       0.2729E-001
      5.6250     15.0000       0.5019E-001
      5.6250     16.2500       0.4363E-001
      5.6250     17.5000        0.000     
      5.6250     18.7500        0.000     

      6.5625    -20.0000        0.000     
      6.5625    -18.7500        0.000     
      6.5625    -17.5000        0.000     
      6.5625    -16.2500        6.072     
      6.5625    -15.0000        6.021     
      6.5625    -13.7500        5.903     
      6.5625    -12.5000        5.642     
      6.5625    -11.2500        5.201     
      6.5625    -10.0000        4.803     
      6.5625     -8.7500        4.605     
      6.5625     -7.5000        4.529     
      6.5625     -6.2500        4.508     
      6.5625     -5.0000        4.507     
      6.5625     -3.7500        4.506     
      6.5625     -2.5000        4.503     
      6.5625     -1.2500        4.499     
      6.5625      0.0000        4.492     
      6.5625      1.2500        4.481     
      6.5625      2.5000        4.460     
      6.5625      3.7500        4.412     
      6.5625      5.0000        4.296     
      6.5625      6.2500        3.974     
      6.5625      7.5000        3.056     
      6.5625      8.7500        2.202     
      6.5625     10.0000        1.882     
      6.5625     11.2500        1.706     
      6.5625     12.5000        1.561     
      6.5625     13.7500        1.422     
      6.5625     15.0000        1.291     
      6.5625     16.2500        1.186     
      6.5625     17.5000        0.000     
      6.5625     18.7500        0.000     

      7.5000    -20.0000        0.000     
      7.5000    -18.7500        0.000     
      7.5000    -17.5000        0.000     
      7.5000    -16.2500        5.397     
      7.5000    -15.0000        5.318     
      7.5000    -13.7500        5.219     
      7.5000    -12.5000        5.113     
      7.5000    -11.2500        5.006     
      7.5000    -10.0000        4.899     
      7.5000     -8.7500        4.795     
      7.5000     -7.5000        4.706     
      7.5000     -6.2500        4.641     
      7.5000     -5.0000        4.596     
      7.5000     -3.7500        4.562     
      7.5000     -2.5000        4.537     
      7.5000     -1.2500        4.515     
      7.5000      0.0000        4.492     
      7.5000      1.2500        4.456     
      7.5000      2.5000        4.377     
      7.5000      3.7500        4.130     
      7.5000      5.0000        3.078     
      7.5000      6.2500        2.186     
      7.5000      7.5000        1.968     
      7.5000      8.7500        1.879     
      7.5000     10.0000        1.823     
      7.5000     11.2500        1.772     
      7.5000     12.5000        1.721     
      7.5000     13.7500        1.669     
      7.5000     15.0000        1.623     
      7.5000     16.2500        1.587     
      7.5000     17.5000        0.000     
      7.5000     18.7500        0.000     

      8.4375    -20.0000        0.000     
      8.4375    -18.7500        0.000     
      8.4375    -17.5000        0.000     
      8.4375    -16.2500        5.139     
      8.4375    -15.0000        5.095     
      8.4375    -13.7500        5.050     
      8.4375    -12.5000        5.009     
      8.4375    -11.2500        4.969     
      8.4375    -10.0000        4.924     
      8.4375     -8.7500        4.867     
      8.4375     -7.5000        4.803     
      8.4375     -6.2500        4.741     
      8.4375     -5.0000        4.686     
      8.4375     -3.7500        4.637     
      8.4375     -2.5000        4.595     
      8.4375     -1.2500        4.553     
      8.4375      0.0000        4.492     
      8.4375      1.2500        4.296     
      8.4375      2.5000        2.503     
      8.4375      3.7500        1.833     
      8.4375      5.0000        1.763     
      8.4375      6.2500        1.762     
      8.4375      7.5000        1.778     
      8.4375      8.7500        1.794     
      8.4375     10.0000        1.802     
      8.4375     11.2500        1.799     
      8.4375     12.5000        1.792     
      8.4375     13.7500        1.785     
      8.4375     15.0000        1.784     
      8.4375     16.2500        1.789     
      8.4375     17.5000        0.000     
      8.4375     18.7500        0.000     

      9.3750    -20.0000        0.000     
      9.3750    -18.7500        0.000     
      9.3750    -17.5000        0.000     
      9.3750    -16.2500        4.964     
      9.3750    -15.0000        4.953     
      9.3750    -13.7500        4.946     
      9.3750    -12.5000        4.946     
      9.3750    -11.2500        4.946     
      9.3750    -10.0000        4.940     
      9.3750     -8.7500        4.923     
      9.3750     -7.5000        4.897     
      9.3750     -6.2500        4.868     
      9.3750     -5.0000        4.845     
      9.3750     -3.7500        4.849     
      9.3750     -2.5000        4.968     
      9.3750     -1.2500       0.7566     
      9.3750      0.0000        1.351     
      9.3750      1.2500        1.430     
      9.3750      2.5000        1.475     
      9.3750      3.7500        1.518     
      9.3750      5.0000        1.567     
      9.3750      6.2500        1.621     
      9.3750      7.5000        1.679     
      9.3750      8.7500        1.737     
      9.3750     10.0000        1.786     
      9.3750     11.2500        1.822     
      9.3750     12.5000        1.853     
      9.3750     13.7500        1.885     
      9.3750     15.0000        1.923     
      9.3750     16.2500        1.960     
      9.3750     17.5000        0.000     
      9.3750     18.7500        0.000     

     10.3125    -20.0000        0.000     
     10.3125    -18.7500        0.000     
     10.3125    -17.5000        0.000     
     10.3125    -16.2500        4.776     
     10.3125    -15.0000        4.802     
     10.3125    -13.7500        4.838     
     10.3125    -12.5000        4.879     
     10.3125    -11.2500        4.921     
     10.3125    -10.0000        4.959     
     10.3125     -8.7500        4.998     
     10.3125     -7.5000        5.053     
     10.3125     -6.2500        5.178     
     10.3125     -5.0000        5.675     
     10.3125     -3.7500       0.7825     
     10.3125     -2.5000        1.196     
     10.3125     -1.2500        1.305     
     10.3125      0.0000        1.351     
     10.3125      1.2500        1.378     
     10.3125      2.5000        1.404     
     10.3125      3.7500        1.433     
     10.3125      5.0000        1.471     
     10.3125      6.2500        1.520     
     10.3125      7.5000        1.587     
     10.3125      8.7500        1.671     
     10.3125     10.0000        1.764     
     10.3125     11.2500        1.854     
     10.3125     12.5000        1.943     
     10.3125     13.7500        2.031     
     10.3125     15.0000        2.117     
     10.3125     16.2500        2.189     
     10.3125     17.5000        0.000     
     10.3125     18.7500        0.000     

     11.2500    -20.0000        0.000     
     11.2500    -18.7500        0.000     
     11.2500    -17.5000        0.000     
     11.2500    -16.2500        4.443     
     11.2500    -15.0000        4.531     
     11.2500    -13.7500        4.639     
     11.2500    -12.5000        4.754     
     11.2500    -11.2500        4.870     
     11.2500    -10.0000        5.003     
     11.2500     -8.7500        5.214     
     11.2500     -7.5000        5.744     
     11.2500     -6.2500       0.5465     
     11.2500     -5.0000        1.077     
     11.2500     -3.7500        1.245     
     11.2500     -2.5000        1.308     
     11.2500     -1.2500        1.336     
     11.2500      0.0000        1.351     
     11.2500      1.2500        1.360     
     11.2500      2.5000        1.368     
     11.2500      3.7500        1.376     
     11.2500      5.0000        1.385     
     11.2500      6.2500        1.400     
     11.2500      7.5000        1.438     
     11.2500      8.7500        1.529     
     11.2500     10.0000        1.702     
     11.2500     11.2500        1.967     
     11.2500     12.5000        2.263     
     11.2500     13.7500        2.495     
     11.2500     15.0000        2.642     
     11.2500     16.2500        2.724     
     11.2500     17.5000        0.000     
     11.2500     18.7500        0.000     

     12.1875    -20.0000        0.000     
     12.1875    -18.7500        0.000     
     12.1875    -17.5000        0.000     
     12.1875    -16.2500        3.470     
     12.1875    -15.0000        3.545     
     12.1875    -13.7500        3.655     
     12.1875    -12.5000        3.784     
     12.1875    -11.2500        3.867     
     12.1875    -10.0000        1.138     
     12.1875     -8.7500        1.159     
     12.1875     -7.5000        1.224     
     12.1875     -6.2500        1.279     
     12.1875     -5.0000        1.318     
     12.1875     -3.7500        1.340     
     12.1875     -2.5000        1.349     
     12.1875     -1.2500        1.351     
     12.1875      0.0000        1.351     
     12.1875      1.2500        1.346     
     12.1875      2.5000        1.335     
     12.1875      3.7500        1.310     
     12.1875      5.0000        1.255     
     12.1875      6.2500        1.133     
     12.1875      7.5000       0.8412     
     12.1875      8.7500        6.192     
     12.1875     10.0000        5.141     
     12.1875     11.2500        4.751     
     12.1875     12.5000        4.506     
     12.1875     13.7500        4.297     
     12.1875     15.0000        4.119     
     12.1875     16.2500        3.988     
     12.1875     17.5000        0.000     
     12.1875     18.7500        0.000     

     13.1250    -20.0000        0.000     
     13.1250    -18.7500        0.000     
     13.1250    -17.5000        0.000     
     13.1250    -16.2500        2.436     
     13.1250    -15.0000        2.345     
     13.1250    -13.7500        2.216     
     13.1250    -12.5000        2.061     
     13.1250    -11.2500        1.896     
     13.1250    -10.0000        1.739     
     13.1250     -8.7500        1.607     
     13.1250     -7.5000        1.512     
     13.1250     -6.2500        1.454     
     13.1250     -5.0000        1.421     
     13.1250     -3.7500        1.398     
     13.1250     -2.5000        1.381     
     13.1250     -1.2500        1.366     
     13.1250      0.0000        1.351     
     13.1250      1.2500        1.327     
     13.1250      2.5000        1.281     
     13.1250      3.7500        1.165     
     13.1250      5.0000       0.7750     
     13.1250      6.2500        5.927     
     13.1250      7.5000        5.294     
     13.1250      8.7500        5.085     
     13.1250     10.0000        4.979     
     13.1250     11.2500        4.897     
     13.1250     12.5000        4.820     
     13.1250     13.7500        4.742     
     13.1250     15.0000        4.669     
     13.1250     16.2500        4.611     
     13.1250     17.5000        0.000     
     13.1250     18.7500        0.000     

     14.0625    -20.0000        0.000     
     14.0625    -18.7500        0.000     
     14.0625    -17.5000        0.000     
     14.0625    -16.2500        2.082     
     14.0625    -15.0000        2.025     
     14.0625    -13.7500        1.961     
     14.0625    -12.5000        1.899     
     14.0625    -11.2500        1.839     
     14.0625    -10.0000        1.774     
     14.0625     -8.7500        1.701     
     14.0625     -7.5000        1.626     
     14.0625     -6.2500        1.560     
     14.0625     -5.0000        1.505     
     14.0625     -3.7500        1.460     
     14.0625     -2.5000        1.424     
     14.0625     -1.2500        1.391     
     14.0625      0.0000        1.351     
     14.0625      1.2500        1.272     
     14.0625      2.5000       0.9993     
     14.0625      3.7500        5.788     
     14.0625      5.0000        5.114     
     14.0625      6.2500        5.004     
     14.0625      7.5000        4.975     
     14.0625      8.7500        4.963     
     14.0625     10.0000        4.951     
     14.0625     11.2500        4.932     
     14.0625     12.5000        4.908     
     14.0625     13.7500        4.885     
     14.0625     15.0000        4.868     
     14.0625     16.2500        4.859     
     14.0625     17.5000        0.000     
     14.0625     18.7500        0.000     

     15.0000    -20.0000        0.000     
     15.0000    -18.7500        0.000     
     15.0000    -17.5000        0.000     
     15.0000    -16.2500        1.890     
     15.0000    -15.0000        1.866     
     15.0000    -13.7500        1.844     
     15.0000    -12.5000        1.828     
     15.0000    -11.2500        1.813     
     15.0000    -10.0000        1.792     
     15.0000     -8.7500        1.759     
     15.0000     -7.5000        1.715     
     15.0000     -6.2500        1.668     
     15.0000     -5.0000        1.622     
     15.0000     -3.7500        1.582     
     15.0000     -2.5000        1.552     
     15.0000     -1.2500        1.532     
     15.0000      0.0000        0.000     
     15.0000      1.2500        4.674     
     15.0000      2.5000        4.694     
     15.0000      3.7500        4.723     
     15.0000      5.0000        4.764     
     15.0000      6.2500        4.809     
     15.0000      7.5000        4.857     
     15.0000      8.7500        4.900     
     15.0000     10.0000        4.934     
     15.0000     11.2500        4.954     
     15.0000     12.5000        4.970     
     15.0000     13.7500        4.985     
     15.0000     15.0000        5.007     
     15.0000     16.2500        5.032     
     15.0000     17.5000        0.000     
     15.0000     18.7500        0.000     

     15.9375    -20.0000        0.000     
     15.9375    -18.7500        0.000     
     15.9375    -17.5000        0.000     
     15.9375    -16.2500        1.717     
     15.9375    -15.0000        1.727     
     15.9375    -13.7500        1.744     
     15.9375    -12.5000        1.767     
     15.9375    -11.2500        1.790     
     15.9375    -10.0000        1.809     
     15.9375     -8.7500        1.821     
     15.9375     -7.5000        1.833     
     15.9375     -6.2500        1.862     
     15.9375     -5.0000        1.972     
     15.9375     -3.7500        2.648     
     15.9375     -2.5000        4.141     
     15.9375     -1.2500        4.414     
     15.9375      0.0000        4.492     
     15.9375      1.2500        4.532     
     15.9375      2.5000        4.566     
     15.9375      3.7500        4.602     
     15.9375      5.0000        4.647     
     15.9375      6.2500        4.701     
     15.9375      7.5000        4.767     
     15.9375      8.7500        4.842     
     15.9375     10.0000        4.916     
     15.9375     11.2500        4.980     
     15.9375     12.5000        5.041     
     15.9375     13.7500        5.102     
     15.9375     15.0000        5.167     
     15.9375     16.2500        5.224     
     15.9375     17.5000        0.000     
     15.9375     18.7500        0.000     

     16.8750    -20.0000        0.000     
     16.8750    -18.7500        0.000     
     16.8750    -17.5000        0.000     
     16.8750    -16.2500        1.469     
     16.8750    -15.0000        1.528     
     16.8750    -13.7500        1.600     
     16.8750    -12.5000        1.678     
     16.8750    -11.2500        1.755     
     16.8750    -10.0000        1.837     
     16.8750     -8.7500        1.944     
     16.8750     -7.5000        2.152     
     16.8750     -6.2500        2.786     
     16.8750     -5.0000        3.916     
     16.8750     -3.7500        4.307     
     16.8750     -2.5000        4.422     
     16.8750     -1.2500        4.469     
     16.8750      0.0000        4.492     
     16.8750      1.2500        4.508     
     16.8750      2.5000        4.523     
     16.8750      3.7500        4.540     
     16.8750      5.0000        4.563     
     16.8750      6.2500        4.596     
     16.8750      7.5000        4.654     
     16.8750      8.7500        4.748     
     16.8750     10.0000        4.881     
     16.8750     11.2500        5.038     
     16.8750     12.5000        5.203     
     16.8750     13.7500        5.357     
     16.8750     15.0000        5.486     
     16.8750     16.2500        5.578     
     16.8750     17.5000        0.000     
     16.8750     18.7500        0.000     

     17.8125    -20.0000        0.000     
     17.8125    -18.7500        0.000     
     17.8125    -17.5000        0.000     
     17.8125    -16.2500       0.8458     
     17.8125    -15.0000       0.9770     
     17.8125    -13.7500        1.156     
     17.8125    -12.5000        1.365     
     17.8125    -11.2500        1.610     
     17.8125    -10.0000        2.000     
     17.8125     -8.7500        3.051     
     17.8125     -7.5000        3.983     
     17.8125     -6.2500        4.274     
     17.8125     -5.0000        4.396     
     17.8125     -3.7500        4.452     
     17.8125     -2.5000        4.476     
     17.8125     -1.2500        4.487     
     17.8125      0.0000        4.492     
     17.8125      1.2500        4.493     
     17.8125      2.5000        4.490     
     17.8125      3.7500        4.481     
     17.8125      5.0000        4.460     
     17.8125      6.2500        4.420     
     17.8125      7.5000        4.365     
     17.8125      8.7500        4.301     
     17.8125     10.0000        4.279     
     17.8125     11.2500       0.7246     
     17.8125     12.5000       0.6423     
     17.8125     13.7500       0.5130     
     17.8125     15.0000       0.4033     
     17.8125     16.2500       0.3282     
     17.8125     17.5000        0.000     
     17.8125     18.7500        0.000     

     18.7500    -20.0000        0.000     
     18.7500    -18.7500        0.000     
     18.7500    -17.5000        0.000     
     18.7500    -16.2500        5.865     
     18.7500    -15.0000        5.783     
     18.7500    -13.7500        5.637     
     18.7500    -12.5000        5.404     
     18.7500    -11.2500        5.109     
     18.7500    -10.0000        4.843     
     18.7500     -8.7500        4.670     
     18.7500     -7.5000        4.580     
     18.7500     -6.2500        4.542     
     18.7500     -5.0000        4.527     
     18.7500     -3.7500        4.517     
     18.7500     -2.5000        4.510     
     18.7500     -1.2500        4.501     
     18.7500      0.0000        4.492     
     18.7500      1.2500        4.477     
     18.7500      2.5000        4.449     
     18.7500      3.7500        4.386     
     18.7500      5.0000        4.218     
     18.7500      6.2500        3.688     
     18.7500      7.5000        2.603     
     18.7500      8.7500        2.072     
     18.7500     10.0000        1.861     
     18.7500     11.2500        1.728     
     18.7500     12.5000        1.612     
     18.7500     13.7500        1.498     
     18.7500     15.0000        1.390     
     18.7500     16.2500        1.302     
     18.7500     17.5000        0.000     
     18.7500     18.7500        0.000     

     19.6875    -20.0000        0.000     
     19.6875    -18.7500        0.000     
     19.6875    -17.5000        0.000     
     19.6875    -16.2500        5.330     
     19.6875    -15.0000        5.259     
     19.6875    -13.7500        5.173     
     19.6875    -12.5000        5.084     
     19.6875    -11.2500        4.996     
     19.6875    -10.0000        4.906     
     19.6875     -8.7500        4.813     
     19.6875     -7.5000        4.728     
     19.6875     -6.2500        4.662     
     19.6875     -5.0000        4.612     
     19.6875     -3.7500        4.574     
     19.6875     -2.5000        4.545     
     19.6875     -1.2500        4.520     
     19.6875      0.0000        4.492     
     19.6875      1.2500        4.447     
     19.6875      2.5000        4.338     
     19.6875      3.7500        3.924     
     19.6875      5.0000        2.534     
     19.6875      6.2500        2.036     
     19.6875      7.5000        1.912     
     19.6875      8.7500        1.856     
     19.6875     10.0000        1.818     
     19.6875     11.2500        1.779     
     19.6875     12.5000        1.738     
     19.6875     13.7500        1.697     
     19.6875     15.0000        1.661     
     19.6875     16.2500        1.635     
     19.6875     17.5000        0.000     
     19.6875     18.7500        0.000     

     20.6250    -20.0000        0.000     
     20.6250    -18.7500        0.000     
     20.6250    -17.5000        0.000     
     20.6250    -16.2500        5.101     
     20.6250    -15.0000        5.064     
     20.6250    -13.7500        5.027     
     20.6250    -12.5000        4.995     
     20.6250    -11.2500        4.964     
     20.6250    -10.0000        4.927     
     20.6250     -8.7500        4.878     
     20.6250     -7.5000        4.821     
     20.6250     -6.2500        4.762     
     20.6250     -5.0000        4.708     
     20.6250     -3.7500        4.659     
     20.6250     -2.5000        4.617     
     20.6250     -1.2500        4.572     
     20.6250      0.0000        4.492     
     20.6250      1.2500        3.897     
     20.6250      2.5000        1.827     
     20.6250      3.7500        1.707     
     20.6250      5.0000        1.703     
     20.6250      6.2500        1.726     
     20.6250      7.5000        1.755     
     20.6250      8.7500        1.782     
     20.6250     10.0000        1.799     
     20.6250     11.2500        1.804     
     20.6250     12.5000        1.804     
     20.6250     13.7500        1.805     
     20.6250     15.0000        1.811     
     20.6250     16.2500        1.823     
     20.6250     17.5000        0.000     
     20.6250     18.7500        0.000     

     21.5625    -20.0000        0.000     
     21.5625    -18.7500        0.000     
     21.5625    -17.5000        0.000     
     21.5625    -16.2500        4.930     
     21.5625    -15.0000        4.926     
     21.5625    -13.7500        4.927     
     21.5625    -12.5000        4.934     
     21.5625    -11.2500        4.941     
     21.5625    -10.0000        4.943     
     21.5625     -8.7500        4.935     
     21.5625     -7.5000        4.920     
     21.5625     -6.2500        4.904     
     21.5625     -5.0000        4.905     
     21.5625     -3.7500        4.975     
     21.5625     -2.5000        5.643     
     21.5625     -1.2500        1.155     
     21.5625      0.0000        1.351     
     21.5625      1.2500        1.412     
     21.5625      2.5000        1.454     
     21.5625      3.7500        1.495     
     21.5625      5.0000        1.544     
     21.5625      6.2500        1.600     
     21.5625      7.5000        1.662     
     21.5625      8.7500        1.725     
     21.5625     10.0000        1.782     
     21.5625     11.2500        1.827     
     21.5625     12.5000        1.867     
     21.5625     13.7500        1.908     
     21.5625     15.0000        1.954     
     21.5625     16.2500        1.998     
     21.5625     17.5000        0.000     
     21.5625     18.7500        0.000     

     22.5000    -20.0000        0.000     
     22.5000    -18.7500        0.000     
     22.5000    -17.5000        0.000     
     22.5000    -16.2500        4.729     
     22.5000    -15.0000        4.764     
     22.5000    -13.7500        4.811     
     22.5000    -12.5000        4.862     
     22.5000    -11.2500        4.914     
     22.5000    -10.0000        4.964     
     22.5000     -8.7500        5.021     
     22.5000     -7.5000        5.109     
     22.5000     -6.2500        5.328     
     22.5000     -5.0000        6.219     
     22.5000     -3.7500       0.9886     
     22.5000     -2.5000        1.235     
     22.5000     -1.2500        1.314     
     22.5000      0.0000        1.351     
     22.5000      1.2500        1.374     
     22.5000      2.5000        1.396     
     22.5000      3.7500        1.421     
     22.5000      5.0000        1.454     
     22.5000      6.2500        1.499     
     22.5000      7.5000        1.565     
     22.5000      8.7500        1.654     
     22.5000     10.0000        1.758     
     22.5000     11.2500        1.865     
     22.5000     12.5000        1.972     
     22.5000     13.7500        2.077     
     22.5000     15.0000        2.177     
     22.5000     16.2500        2.256     
     22.5000     17.5000        0.000     
     22.5000     18.7500        0.000     

     23.4375    -20.0000        0.000     
     23.4375    -18.7500        0.000     
     23.4375    -17.5000        0.000     
     23.4375    -16.2500        4.327     
     23.4375    -15.0000        4.432     
     23.4375    -13.7500        4.563     
     23.4375    -12.5000        4.703     
     23.4375    -11.2500        4.848     
     23.4375    -10.0000        5.024     
     23.4375     -8.7500        5.344     
     23.4375     -7.5000        6.197     
     23.4375     -6.2500       0.8328     
     23.4375     -5.0000        1.155     
     23.4375     -3.7500        1.271     
     23.4375     -2.5000        1.318     
     23.4375     -1.2500        1.339     
     23.4375      0.0000        1.351     
     23.4375      1.2500        1.357     
     23.4375      2.5000        1.362     
     23.4375      3.7500        1.364     
     23.4375      5.0000        1.365     
     23.4375      6.2500        1.367     
     23.4375      7.5000        1.387     
     23.4375      8.7500        1.463     
     23.4375     10.0000        1.661     
     23.4375     11.2500        2.059     
     23.4375     12.5000        2.501     
     23.4375     13.7500        2.761     
     23.4375     15.0000        2.880     
     23.4375     16.2500        2.931     
     23.4375     17.5000        0.000     
     23.4375     18.7500        0.000     

     24.3750    -20.0000        0.000     
     24.3750    -18.7500        0.000     
     24.3750    -17.5000        0.000     
     24.3750    -16.2500        3.185     
     24.3750    -15.0000        3.191     
     24.3750    -13.7500        3.169     
     24.3750    -12.5000        3.011     
     24.3750    -11.2500        2.349     
     24.3750    -10.0000        1.568     
     24.3750     -8.7500        1.357     
     24.3750     -7.5000        1.319     
     24.3750     -6.2500        1.327     
     24.3750     -5.0000        1.343     
     24.3750     -3.7500        1.353     
     24.3750     -2.5000        1.355     
     24.3750     -1.2500        1.354     
     24.3750      0.0000        1.351     
     24.3750      1.2500        1.343     
     24.3750      2.5000        1.327     
     24.3750      3.7500        1.292     
     24.3750      5.0000        1.211     
     24.3750      6.2500        1.014     
     24.3750      7.5000       0.4464     
     24.3750      8.7500        5.604     
     24.3750     10.0000        5.061     
     24.3750     11.2500        4.814     
     24.3750     12.5000        4.628     
     24.3750     13.7500        4.457     
     24.3750     15.0000        4.300     
     24.3750     16.2500        4.179     
     24.3750     17.5000        0.000     
     24.3750     18.7500        0.000     

     25.3125    -20.0000        0.000     
     25.3125    -18.7500        0.000     
     25.3125    -17.5000        0.000     
     25.3125    -16.2500        2.336     
     25.3125    -15.0000        2.250     
     25.3125    -13.7500        2.137     
     25.3125    -12.5000        2.009     
     25.3125    -11.2500        1.878     
     25.3125    -10.0000        1.750     
     25.3125     -8.7500        1.633     
     25.3125     -7.5000        1.540     
     25.3125     -6.2500        1.478     
     25.3125     -5.0000        1.438     
     25.3125     -3.7500        1.409     
     25.3125     -2.5000        1.388     
     25.3125     -1.2500        1.370     
     25.3125      0.0000        1.351     
     25.3125      1.2500        1.321     
     25.3125      2.5000        1.261     
     25.3125      3.7500        1.098     
     25.3125      5.0000       0.4527     
     25.3125      6.2500        5.561     
     25.3125      7.5000        5.185     
     25.3125      8.7500        5.049     
     25.3125     10.0000        4.971     
     25.3125     11.2500        4.906     
     25.3125     12.5000        4.843     
     25.3125     13.7500        4.779     
     25.3125     15.0000        4.720     
     25.3125     16.2500        4.675     
     25.3125     17.5000        0.000     
     25.3125     18.7500        0.000     

     26.2500    -20.0000        0.000     
     26.2500    -18.7500        0.000     
     26.2500    -17.5000        0.000     
     26.2500    -16.2500        2.037     
     26.2500    -15.0000        1.988     
     26.2500    -13.7500        1.933     
     26.2500    -12.5000        1.882     
     26.2500    -11.2500        1.833     
     26.2500    -10.0000        1.778     
     26.2500     -8.7500        1.714     
     26.2500     -7.5000        1.644     
     26.2500     -6.2500        1.579     
     26.2500     -5.0000        1.524     
     26.2500     -3.7500        1.476     
     26.2500     -2.5000        1.437     
     26.2500     -1.2500        1.399     
     26.2500      0.0000        1.351     
     26.2500      1.2500        1.237     
     26.2500      2.5000       0.6122     
     26.2500      3.7500        5.224     
     26.2500      5.0000        4.988     
     26.2500      6.2500        4.948     
     26.2500      7.5000        4.945     
     26.2500      8.7500        4.948     
     26.2500     10.0000        4.947     
     26.2500     11.2500        4.936     
     26.2500     12.5000        4.921     
     26.2500     13.7500        4.906     
     26.2500     15.0000        4.898     
     26.2500     16.2500        4.896     
     26.2500     17.5000        0.000     
     26.2500     18.7500        0.000     

     27.1875    -20.0000        0.000     
     27.1875    -18.7500        0.000     
     27.1875    -17.5000        0.000     
     27.1875    -16.2500        1.856     
     27.1875    -15.0000        1.838     
     27.1875    -13.7500        1.824     
     27.1875    -12.5000        1.816     
     27.1875    -11.2500        1.808     
     27.1875    -10.0000        1.795     
     27.1875     -8.7500        1.770     
     27.1875     -7.5000        1.735     
     27.1875     -6.2500        1.695     
     27.1875     -5.0000        1.658     
     27.1875     -3.7500        1.632     
     27.1875     -2.5000        1.636     
     27.1875     -1.2500        1.816     
     27.1875      0.0000        4.492     
     27.1875      1.2500        4.603     
     27.1875      2.5000        4.647     
     27.1875      3.7500        4.687     
     27.1875      5.0000        4.734     
     27.1875      6.2500        4.785     
     27.1875      7.5000        4.839     
     27.1875      8.7500        4.889     
     27.1875     10.0000        4.930     
     27.1875     11.2500        4.959     
     27.1875     12.5000        4.982     
     27.1875     13.7500        5.006     
     27.1875     15.0000        5.035     
     27.1875     16.2500        5.066     
     27.1875     17.5000        0.000     
     27.1875     18.7500        0.000     

     28.1250    -20.0000        0.000     
     28.1250    -18.7500        0.000     
     28.1250    -17.5000        0.000     
     28.1250    -16.2500        1.678     
     28.1250    -15.0000        1.695     
     28.1250    -13.7500        1.721     
     28.1250    -12.5000        1.753     
     28.1250    -11.2500        1.785     
     28.1250    -10.0000        1.813     
     28.1250     -8.7500        1.838     
     28.1250     -7.5000        1.869     
     28.1250     -6.2500        1.935     
     28.1250     -5.0000        2.177     
     28.1250     -3.7500        3.464     
     28.1250     -2.5000        4.273     
     28.1250     -1.2500        4.434     
     28.1250      0.0000        4.492     
     28.1250      1.2500        4.525     
     28.1250      2.5000        4.555     
     28.1250      3.7500        4.588     
     28.1250      5.0000        4.629     
     28.1250      6.2500        4.681     
     28.1250      7.5000        4.748     
     28.1250      8.7500        4.829     
     28.1250     10.0000        4.911     
     28.1250     11.2500        4.987     
     28.1250     12.5000        5.061     
     28.1250     13.7500        5.135     
     28.1250     15.0000        5.209     
     28.1250     16.2500        5.274     
     28.1250     17.5000        0.000     
     28.1250     18.7500        0.000     

     29.0625    -20.0000        0.000     
     29.0625    -18.7500        0.000     
     29.0625    -17.5000        0.000     
     29.0625    -16.2500        1.394     
     29.0625    -15.0000        1.466     
     29.0625    -13.7500        1.555     
     29.0625    -12.5000        1.649     
     29.0625    -11.2500        1.744     
     29.0625    -10.0000        1.847     
     29.0625     -8.7500        1.995     
     29.0625     -7.5000        2.321     
     29.0625     -6.2500        3.262     
     29.0625     -5.0000        4.103     
     29.0625     -3.7500        4.352     
     29.0625     -2.5000        4.437     
     29.0625     -1.2500        4.473     
     29.0625      0.0000        4.492     
     29.0625      1.2500        4.504     
     29.0625      2.5000        4.516     
     29.0625      3.7500        4.529     
     29.0625      5.0000        4.545     
     29.0625      6.2500        4.570     
     29.0625      7.5000        4.620     
     29.0625      8.7500        4.715     
     29.0625     10.0000        4.866     
     29.0625     11.2500        5.064     
     29.0625     12.5000        5.279     
     29.0625     13.7500        5.468     
     29.0625     15.0000        5.612     
     29.0625     16.2500        5.703     
     29.0625     17.5000        0.000     
     29.0625     18.7500        0.000     

