    -30.0000    -20.0000        0.000     
    -30.0000    -18.7500        0.000     
    -30.0000    -17.5000        0.000     
    -30.0000    -16.2500       0.5634     
    -30.0000    -15.0000       0.5984     
    -30.0000    -13.7500       0.6541     
    -30.0000    -12.5000       0.7377     
    -30.0000    -11.2500       0.8756     
    -30.0000    -10.0000        0.000     
    -30.0000     -8.7500        3.837     
    -30.0000     -7.5000        3.993     
    -30.0000     -6.2500        4.094     
    -30.0000     -5.0000        4.165     
    -30.0000     -3.7500        4.207     
    -30.0000     -2.5000        4.231     
    -30.0000     -1.2500        4.243     
    -30.0000      0.0000        4.247     
    -30.0000      1.2500        4.243     
    -30.0000      2.5000        4.231     
    -30.0000      3.7500        4.207     
    -30.0000      5.0000        4.165     
    -30.0000      6.2500        4.094     
    -30.0000      7.5000        3.993     
    -30.0000      8.7500        3.837     
    -30.0000     10.0000        0.000     
    -30.0000     11.2500       0.8756     
    -30.0000     12.5000       0.7377     
    -30.0000     13.7500       0.6541     
    -30.0000     15.0000       0.5984     
    -30.0000     16.2500       0.5634     
    -30.0000     17.5000        0.000     
    -30.0000     18.7500        0.000     

    -29.0625    -20.0000        0.000     
    -29.0625    -18.7500        0.000     
    -29.0625    -17.5000        0.000     
    -29.0625    -16.2500       0.2394     
    -29.0625    -15.0000       0.2414     
    -29.0625    -13.7500       0.2366     
    -29.0625    -12.5000       0.2123     
    -29.0625    -11.2500       0.1490     
    -29.0625    -10.0000       0.1766E-001
    -29.0625     -8.7500        6.047     
    -29.0625     -7.5000        5.594     
    -29.0625     -6.2500        5.068     
    -29.0625     -5.0000        4.726     
    -29.0625     -3.7500        4.536     
    -29.0625     -2.5000        4.417     
    -29.0625     -1.2500        4.327     
    -29.0625      0.0000        4.247     
    -29.0625      1.2500        4.162     
    -29.0625      2.5000        4.059     
    -29.0625      3.7500        3.928     
    -29.0625      5.0000        3.762     
    -29.0625      6.2500        3.567     
    -29.0625      7.5000        3.376     
    -29.0625      8.7500        3.224     
    -29.0625     10.0000        3.106     
    -29.0625     11.2500        2.982     
    -29.0625     12.5000        2.809     
    -29.0625     13.7500        2.568     
    -29.0625     15.0000        2.282     
    -29.0625     16.2500        2.043     
    -29.0625     17.5000        0.000     
    -29.0625     18.7500        0.000     

    -28.1250    -20.0000        0.000     
    -28.1250    -18.7500        0.000     
    -28.1250    -17.5000        0.000     
    -28.1250    -16.2500       0.9789E-001
    -28.1250    -15.0000       0.1042     
    -28.1250    -13.7500       0.1077     
    -28.1250    -12.5000       0.9885E-001
    -28.1250    -11.2500       0.6675E-001
    -28.1250    -10.0000       0.9183E-004
    -28.1250     -8.7500        6.174     
    -28.1250     -7.5000        6.006     
    -28.1250     -6.2500        5.755     
    -28.1250     -5.0000        5.421     
    -28.1250     -3.7500        5.064     
    -28.1250     -2.5000        4.747     
    -28.1250     -1.2500        4.481     
    -28.1250      0.0000        4.247     
    -28.1250      1.2500        4.024     
    -28.1250      2.5000        3.803     
    -28.1250      3.7500        3.595     
    -28.1250      5.0000        3.418     
    -28.1250      6.2500        3.281     
    -28.1250      7.5000        3.191     
    -28.1250      8.7500        3.144     
    -28.1250     10.0000        3.123     
    -28.1250     11.2500        3.099     
    -28.1250     12.5000        3.055     
    -28.1250     13.7500        2.993     
    -28.1250     15.0000        2.923     
    -28.1250     16.2500        2.865     
    -28.1250     17.5000        0.000     
    -28.1250     18.7500        0.000     

    -27.1875    -20.0000        0.000     
    -27.1875    -18.7500        0.000     
    -27.1875    -17.5000        0.000     
    -27.1875    -16.2500        6.266     
    -27.1875    -15.0000        6.283     
    -27.1875    -13.7500       0.1840E-001
    -27.1875    -12.5000       0.2920E-001
    -27.1875    -11.2500       0.2261E-001
    -27.1875    -10.0000        6.275     
    -27.1875     -8.7500        6.224     
    -27.1875     -7.5000        6.164     
    -27.1875     -6.2500        6.093     
    -27.1875     -5.0000        6.002     
    -27.1875     -3.7500        5.888     
    -27.1875     -2.5000        5.725     
    -27.1875     -1.2500        5.388     
    -27.1875      0.0000        4.248     
    -27.1875      1.2500        3.355     
    -27.1875      2.5000        3.129     
    -27.1875      3.7500        3.058     
    -27.1875      5.0000        3.042     
    -27.1875      6.2500        3.050     
    -27.1875      7.5000        3.070     
    -27.1875      8.7500        3.099     
    -27.1875     10.0000        3.131     
    -27.1875     11.2500        3.148     
    -27.1875     12.5000        3.144     
    -27.1875     13.7500        3.123     
    -27.1875     15.0000        3.095     
    -27.1875     16.2500        3.072     
    -27.1875     17.5000        0.000     
    -27.1875     18.7500        0.000     

    -26.2500    -20.0000        0.000     
    -26.2500    -18.7500        0.000     
    -26.2500    -17.5000        0.000     
    -26.2500    -16.2500        6.110     
    -26.2500    -15.0000        6.150     
    -26.2500    -13.7500        6.197     
    -26.2500    -12.5000        6.238     
    -26.2500    -11.2500        6.263     
    -26.2500    -10.0000        6.268     
    -26.2500     -8.7500        6.266     
    -26.2500     -7.5000        6.281     
    -26.2500     -6.2500       0.4686E-001
    -26.2500     -5.0000       0.1348     
    -26.2500     -3.7500       0.2753     
    -26.2500     -2.5000       0.4829     
    -26.2500     -1.2500       0.7639     
    -26.2500      0.0000        1.105     
    -26.2500      1.2500        1.484     
    -26.2500      2.5000        1.869     
    -26.2500      3.7500        2.229     
    -26.2500      5.0000        2.535     
    -26.2500      6.2500        2.772     
    -26.2500      7.5000        2.938     
    -26.2500      8.7500        3.055     
    -26.2500     10.0000        3.138     
    -26.2500     11.2500        3.189     
    -26.2500     12.5000        3.211     
    -26.2500     13.7500        3.212     
    -26.2500     15.0000        3.203     
    -26.2500     16.2500        3.194     
    -26.2500     17.5000        0.000     
    -26.2500     18.7500        0.000     

    -25.3125    -20.0000        0.000     
    -25.3125    -18.7500        0.000     
    -25.3125    -17.5000        0.000     
    -25.3125    -16.2500        5.693     
    -25.3125    -15.0000        5.823     
    -25.3125    -13.7500        5.969     
    -25.3125    -12.5000        6.095     
    -25.3125    -11.2500        6.189     
    -25.3125    -10.0000        6.257     
    -25.3125     -8.7500       0.4079E-001
    -25.3125     -7.5000       0.1441     
    -25.3125     -6.2500       0.2967     
    -25.3125     -5.0000       0.4806     
    -25.3125     -3.7500       0.6664     
    -25.3125     -2.5000       0.8336     
    -25.3125     -1.2500       0.9778     
    -25.3125      0.0000        1.105     
    -25.3125      1.2500        1.232     
    -25.3125      2.5000        1.376     
    -25.3125      3.7500        1.570     
    -25.3125      5.0000        1.858     
    -25.3125      6.2500        2.267     
    -25.3125      7.5000        2.686     
    -25.3125      8.7500        2.978     
    -25.3125     10.0000        3.150     
    -25.3125     11.2500        3.248     
    -25.3125     12.5000        3.297     
    -25.3125     13.7500        3.316     
    -25.3125     15.0000        3.319     
    -25.3125     16.2500        3.317     
    -25.3125     17.5000        0.000     
    -25.3125     18.7500        0.000     

    -24.3750    -20.0000        0.000     
    -24.3750    -18.7500        0.000     
    -24.3750    -17.5000        0.000     
    -24.3750    -16.2500        4.062     
    -24.3750    -15.0000        4.194     
    -24.3750    -13.7500        4.473     
    -24.3750    -12.5000        5.030     
    -24.3750    -11.2500        5.731     
    -24.3750    -10.0000        6.206     
    -24.3750     -8.7500       0.2302     
    -24.3750     -7.5000       0.4809     
    -24.3750     -6.2500       0.6911     
    -24.3750     -5.0000       0.8484     
    -24.3750     -3.7500       0.9539     
    -24.3750     -2.5000        1.023     
    -24.3750     -1.2500        1.071     
    -24.3750      0.0000        1.105     
    -24.3750      1.2500        1.133     
    -24.3750      2.5000        1.158     
    -24.3750      3.7500        1.185     
    -24.3750      5.0000        1.224     
    -24.3750      6.2500        1.307     
    -24.3750      7.5000        1.573     
    -24.3750      8.7500        2.438     
    -24.3750     10.0000        3.207     
    -24.3750     11.2500        3.451     
    -24.3750     12.5000        3.527     
    -24.3750     13.7500        3.542     
    -24.3750     15.0000        3.537     
    -24.3750     16.2500        3.527     
    -24.3750     17.5000        0.000     
    -24.3750     18.7500        0.000     

    -23.4375    -20.0000        0.000     
    -23.4375    -18.7500        0.000     
    -23.4375    -17.5000        0.000     
    -23.4375    -16.2500        3.468     
    -23.4375    -15.0000        3.473     
    -23.4375    -13.7500        3.472     
    -23.4375    -12.5000        3.448     
    -23.4375    -11.2500        3.372     
    -23.4375    -10.0000        3.181     
    -23.4375     -8.7500        2.719     
    -23.4375     -7.5000        1.961     
    -23.4375     -6.2500        1.513     
    -23.4375     -5.0000        1.336     
    -23.4375     -3.7500        1.250     
    -23.4375     -2.5000        1.194     
    -23.4375     -1.2500        1.149     
    -23.4375      0.0000        1.105     
    -23.4375      1.2500        1.055     
    -23.4375      2.5000       0.9896     
    -23.4375      3.7500       0.8988     
    -23.4375      5.0000       0.7687     
    -23.4375      6.2500       0.5891     
    -23.4375      7.5000       0.3747     
    -23.4375      8.7500       0.1582     
    -23.4375     10.0000        6.228     
    -23.4375     11.2500        5.960     
    -23.4375     12.5000        5.548     
    -23.4375     13.7500        5.016     
    -23.4375     15.0000        4.598     
    -23.4375     16.2500        4.375     
    -23.4375     17.5000        0.000     
    -23.4375     18.7500        0.000     

    -22.5000    -20.0000        0.000     
    -22.5000    -18.7500        0.000     
    -22.5000    -17.5000        0.000     
    -22.5000    -16.2500        3.289     
    -22.5000    -15.0000        3.293     
    -22.5000    -13.7500        3.292     
    -22.5000    -12.5000        3.276     
    -22.5000    -11.2500        3.232     
    -22.5000    -10.0000        3.146     
    -22.5000     -8.7500        3.000     
    -22.5000     -7.5000        2.760     
    -22.5000     -6.2500        2.402     
    -22.5000     -5.0000        2.000     
    -22.5000     -3.7500        1.674     
    -22.5000     -2.5000        1.439     
    -22.5000     -1.2500        1.260     
    -22.5000      0.0000        1.105     
    -22.5000      1.2500       0.9517     
    -22.5000      2.5000       0.7845     
    -22.5000      3.7500       0.6010     
    -22.5000      5.0000       0.4126     
    -22.5000      6.2500       0.2408     
    -22.5000      7.5000       0.1087     
    -22.5000      8.7500       0.2583E-001
    -22.5000     10.0000        6.260     
    -22.5000     11.2500        6.210     
    -22.5000     12.5000        6.138     
    -22.5000     13.7500        6.040     
    -22.5000     15.0000        5.929     
    -22.5000     16.2500        5.834     
    -22.5000     17.5000        0.000     
    -22.5000     18.7500        0.000     

    -21.5625    -20.0000        0.000     
    -21.5625    -18.7500        0.000     
    -21.5625    -17.5000        0.000     
    -21.5625    -16.2500        3.171     
    -21.5625    -15.0000        3.183     
    -21.5625    -13.7500        3.195     
    -21.5625    -12.5000        3.197     
    -21.5625    -11.2500        3.180     
    -21.5625    -10.0000        3.136     
    -21.5625     -8.7500        3.065     
    -21.5625     -7.5000        2.969     
    -21.5625     -6.2500        2.837     
    -21.5625     -5.0000        2.652     
    -21.5625     -3.7500        2.400     
    -21.5625     -2.5000        2.061     
    -21.5625     -1.2500        1.615     
    -21.5625      0.0000        1.106     
    -21.5625      1.2500       0.6630     
    -21.5625      2.5000       0.3578     
    -21.5625      3.7500       0.1693     
    -21.5625      5.0000       0.6060E-001
    -21.5625      6.2500       0.1289E-002
    -21.5625      7.5000        6.258     
    -21.5625      8.7500        6.257     
    -21.5625     10.0000        6.269     
    -21.5625     11.2500        6.272     
    -21.5625     12.5000        6.255     
    -21.5625     13.7500        6.222     
    -21.5625     15.0000        6.182     
    -21.5625     16.2500        6.150     
    -21.5625     17.5000        0.000     
    -21.5625     18.7500        0.000     

    -20.6250    -20.0000        0.000     
    -20.6250    -18.7500        0.000     
    -20.6250    -17.5000        0.000     
    -20.6250    -16.2500        3.042     
    -20.6250    -15.0000        3.070     
    -20.6250    -13.7500        3.103     
    -20.6250    -12.5000        3.129     
    -20.6250    -11.2500        3.140     
    -20.6250    -10.0000        3.129     
    -20.6250     -8.7500        3.107     
    -20.6250     -7.5000        3.093     
    -20.6250     -6.2500        3.097     
    -20.6250     -5.0000        3.124     
    -20.6250     -3.7500        3.192     
    -20.6250     -2.5000        3.337     
    -20.6250     -1.2500        3.643     
    -20.6250      0.0000        4.247     
    -20.6250      1.2500        4.981     
    -20.6250      2.5000        5.444     
    -20.6250      3.7500        5.716     
    -20.6250      5.0000        5.902     
    -20.6250      6.2500        6.038     
    -20.6250      7.5000        6.138     
    -20.6250      8.7500        6.216     
    -20.6250     10.0000        6.277     
    -20.6250     11.2500       0.3066E-001
    -20.6250     12.5000       0.4236E-001
    -20.6250     13.7500       0.3597E-001
    -20.6250     15.0000       0.2061E-001
    -20.6250     16.2500       0.7036E-002
    -20.6250     17.5000        0.000     
    -20.6250     18.7500        0.000     

    -19.6875    -20.0000        0.000     
    -19.6875    -18.7500        0.000     
    -19.6875    -17.5000        0.000     
    -19.6875    -16.2500        2.790     
    -19.6875    -15.0000        2.865     
    -19.6875    -13.7500        2.952     
    -19.6875    -12.5000        3.029     
    -19.6875    -11.2500        3.085     
    -19.6875    -10.0000        3.121     
    -19.6875     -8.7500        3.155     
    -19.6875     -7.5000        3.219     
    -19.6875     -6.2500        3.331     
    -19.6875     -5.0000        3.486     
    -19.6875     -3.7500        3.672     
    -19.6875     -2.5000        3.870     
    -19.6875     -1.2500        4.062     
    -19.6875      0.0000        4.247     
    -19.6875      1.2500        4.437     
    -19.6875      2.5000        4.655     
    -19.6875      3.7500        4.932     
    -19.6875      5.0000        5.283     
    -19.6875      6.2500        5.658     
    -19.6875      7.5000        5.959     
    -19.6875      8.7500        6.159     
    -19.6875     10.0000       0.2295E-002
    -19.6875     11.2500       0.7797E-001
    -19.6875     12.5000       0.1155     
    -19.6875     13.7500       0.1279     
    -19.6875     15.0000       0.1267     
    -19.6875     16.2500       0.1224     
    -19.6875     17.5000        0.000     
    -19.6875     18.7500        0.000     

    -18.7500    -20.0000        0.000     
    -18.7500    -18.7500        0.000     
    -18.7500    -17.5000        0.000     
    -18.7500    -16.2500        1.641     
    -18.7500    -15.0000        1.916     
    -18.7500    -13.7500        2.306     
    -18.7500    -12.5000        2.668     
    -18.7500    -11.2500        2.923     
    -18.7500    -10.0000        3.099     
    -18.7500     -8.7500        3.255     
    -18.7500     -7.5000        3.437     
    -18.7500     -6.2500        3.643     
    -18.7500     -5.0000        3.834     
    -18.7500     -3.7500        3.985     
    -18.7500     -2.5000        4.096     
    -18.7500     -1.2500        4.180     
    -18.7500      0.0000        4.247     
    -18.7500      1.2500        4.308     
    -18.7500      2.5000        4.374     
    -18.7500      3.7500        4.461     
    -18.7500      5.0000        4.598     
    -18.7500      6.2500        4.866     
    -18.7500      7.5000        5.394     
    -18.7500      8.7500        5.981     
    -18.7500     10.0000       0.2574E-001
    -18.7500     11.2500       0.1818     
    -18.7500     12.5000       0.2524     
    -18.7500     13.7500       0.2776     
    -18.7500     15.0000       0.2819     
    -18.7500     16.2500       0.2795     
    -18.7500     17.5000        0.000     
    -18.7500     18.7500        0.000     

    -17.8125    -20.0000        0.000     
    -17.8125    -18.7500        0.000     
    -17.8125    -17.5000        0.000     
    -17.8125    -16.2500       0.4614     
    -17.8125    -15.0000       0.4794     
    -17.8125    -13.7500       0.5004     
    -17.8125    -12.5000       0.5109     
    -17.8125    -11.2500       0.4659     
    -17.8125    -10.0000       0.1500     
    -17.8125     -8.7500        4.762     
    -17.8125     -7.5000        4.312     
    -17.8125     -6.2500        4.259     
    -17.8125     -5.0000        4.261     
    -17.8125     -3.7500        4.266     
    -17.8125     -2.5000        4.265     
    -17.8125     -1.2500        4.259     
    -17.8125      0.0000        4.247     
    -17.8125      1.2500        4.228     
    -17.8125      2.5000        4.198     
    -17.8125      3.7500        4.151     
    -17.8125      5.0000        4.075     
    -17.8125      6.2500        3.952     
    -17.8125      7.5000        3.773     
    -17.8125      8.7500        3.507     
    -17.8125     10.0000        3.001     
    -17.8125     11.2500        1.918     
    -17.8125     12.5000        1.189     
    -17.8125     13.7500       0.9088     
    -17.8125     15.0000       0.7761     
    -17.8125     16.2500       0.7075     
    -17.8125     17.5000        0.000     
    -17.8125     18.7500        0.000     

    -16.8750    -20.0000        0.000     
    -16.8750    -18.7500        0.000     
    -16.8750    -17.5000        0.000     
    -16.8750    -16.2500       0.2051     
    -16.8750    -15.0000       0.2072     
    -16.8750    -13.7500       0.2030     
    -16.8750    -12.5000       0.1811     
    -16.8750    -11.2500       0.1249     
    -16.8750    -10.0000       0.1215E-001
    -16.8750     -8.7500        6.090     
    -16.8750     -7.5000        5.730     
    -16.8750     -6.2500        5.250     
    -16.8750     -5.0000        4.861     
    -16.8750     -3.7500        4.619     
    -16.8750     -2.5000        4.464     
    -16.8750     -1.2500        4.349     
    -16.8750      0.0000        4.247     
    -16.8750      1.2500        4.142     
    -16.8750      2.5000        4.019     
    -16.8750      3.7500        3.869     
    -16.8750      5.0000        3.691     
    -16.8750      6.2500        3.499     
    -16.8750      7.5000        3.327     
    -16.8750      8.7500        3.201     
    -16.8750     10.0000        3.111     
    -16.8750     11.2500        3.020     
    -16.8750     12.5000        2.895     
    -16.8750     13.7500        2.725     
    -16.8750     15.0000        2.524     
    -16.8750     16.2500        2.347     
    -16.8750     17.5000        0.000     
    -16.8750     18.7500        0.000     

    -15.9375    -20.0000        0.000     
    -15.9375    -18.7500        0.000     
    -15.9375    -17.5000        0.000     
    -15.9375    -16.2500       0.7478E-001
    -15.9375    -15.0000       0.8278E-001
    -15.9375    -13.7500       0.8878E-001
    -15.9375    -12.5000       0.8358E-001
    -15.9375    -11.2500       0.5671E-001
    -15.9375    -10.0000        6.281     
    -15.9375     -8.7500        6.186     
    -15.9375     -7.5000        6.046     
    -15.9375     -6.2500        5.840     
    -15.9375     -5.0000        5.552     
    -15.9375     -3.7500        5.210     
    -15.9375     -2.5000        4.863     
    -15.9375     -1.2500        4.541     
    -15.9375      0.0000        4.247     
    -15.9375      1.2500        3.974     
    -15.9375      2.5000        3.724     
    -15.9375      3.7500        3.511     
    -15.9375      5.0000        3.348     
    -15.9375      6.2500        3.234     
    -15.9375      7.5000        3.165     
    -15.9375      8.7500        3.134     
    -15.9375     10.0000        3.125     
    -15.9375     11.2500        3.111     
    -15.9375     12.5000        3.077     
    -15.9375     13.7500        3.027     
    -15.9375     15.0000        2.970     
    -15.9375     16.2500        2.923     
    -15.9375     17.5000        0.000     
    -15.9375     18.7500        0.000     

    -15.0000    -20.0000        0.000     
    -15.0000    -18.7500        0.000     
    -15.0000    -17.5000        0.000     
    -15.0000    -16.2500        6.240     
    -15.0000    -15.0000        6.261     
    -15.0000    -13.7500       0.3611E-003
    -15.0000    -12.5000       0.1587E-001
    -15.0000    -11.2500       0.1461E-001
    -15.0000    -10.0000        6.274     
    -15.0000     -8.7500        6.233     
    -15.0000     -7.5000        6.188     
    -15.0000     -6.2500        6.144     
    -15.0000     -5.0000        6.096     
    -15.0000     -3.7500        6.050     
    -15.0000     -2.5000        6.014     
    -15.0000     -1.2500        5.992     
    -15.0000      0.0000        0.000     
    -15.0000      1.2500        2.850     
    -15.0000      2.5000        2.872     
    -15.0000      3.7500        2.909     
    -15.0000      5.0000        2.955     
    -15.0000      6.2500        3.002     
    -15.0000      7.5000        3.046     
    -15.0000      8.7500        3.091     
    -15.0000     10.0000        3.132     
    -15.0000     11.2500        3.156     
    -15.0000     12.5000        3.157     
    -15.0000     13.7500        3.142     
    -15.0000     15.0000        3.119     
    -15.0000     16.2500        3.100     
    -15.0000     17.5000        0.000     
    -15.0000     18.7500        0.000     

    -14.0625    -20.0000        0.000     
    -14.0625    -18.7500        0.000     
    -14.0625    -17.5000        0.000     
    -14.0625    -16.2500        6.063     
    -14.0625    -15.0000        6.111     
    -14.0625    -13.7500        6.169     
    -14.0625    -12.5000        6.219     
    -14.0625    -11.2500        6.252     
    -14.0625    -10.0000        6.266     
    -14.0625     -8.7500        6.275     
    -14.0625     -7.5000       0.2292E-001
    -14.0625     -6.2500       0.9282E-001
    -14.0625     -5.0000       0.2065     
    -14.0625     -3.7500       0.3695     
    -14.0625     -2.5000       0.5818     
    -14.0625     -1.2500       0.8323     
    -14.0625      0.0000        1.105     
    -14.0625      1.2500        1.400     
    -14.0625      2.5000        1.721     
    -14.0625      3.7500        2.069     
    -14.0625      5.0000        2.411     
    -14.0625      6.2500        2.698     
    -14.0625      7.5000        2.904     
    -14.0625      8.7500        3.044     
    -14.0625     10.0000        3.140     
    -14.0625     11.2500        3.198     
    -14.0625     12.5000        3.225     
    -14.0625     13.7500        3.230     
    -14.0625     15.0000        3.224     
    -14.0625     16.2500        3.217     
    -14.0625     17.5000        0.000     
    -14.0625     18.7500        0.000     

    -13.1250    -20.0000        0.000     
    -13.1250    -18.7500        0.000     
    -13.1250    -17.5000        0.000     
    -13.1250    -16.2500        5.488     
    -13.1250    -15.0000        5.666     
    -13.1250    -13.7500        5.867     
    -13.1250    -12.5000        6.037     
    -13.1250    -11.2500        6.162     
    -13.1250    -10.0000        6.253     
    -13.1250     -8.7500       0.5900E-001
    -13.1250     -7.5000       0.1853     
    -13.1250     -6.2500       0.3576     
    -13.1250     -5.0000       0.5495     
    -13.1250     -3.7500       0.7279     
    -13.1250     -2.5000       0.8774     
    -13.1250     -1.2500        1.000     
    -13.1250      0.0000        1.105     
    -13.1250      1.2500        1.207     
    -13.1250      2.5000        1.322     
    -13.1250      3.7500        1.478     
    -13.1250      5.0000        1.719     
    -13.1250      6.2500        2.109     
    -13.1250      7.5000        2.588     
    -13.1250      8.7500        2.948     
    -13.1250     10.0000        3.154     
    -13.1250     11.2500        3.266     
    -13.1250     12.5000        3.323     
    -13.1250     13.7500        3.345     
    -13.1250     15.0000        3.349     
    -13.1250     16.2500        3.347     
    -13.1250     17.5000        0.000     
    -13.1250     18.7500        0.000     

    -12.1875    -20.0000        0.000     
    -12.1875    -18.7500        0.000     
    -12.1875    -17.5000        0.000     
    -12.1875    -16.2500        3.849     
    -12.1875    -15.0000        3.918     
    -12.1875    -13.7500        4.050     
    -12.1875    -12.5000        4.331     
    -12.1875    -11.2500        5.059     
    -12.1875    -10.0000        6.143     
    -12.1875     -8.7500       0.3655     
    -12.1875     -7.5000       0.6311     
    -12.1875     -6.2500       0.8109     
    -12.1875     -5.0000       0.9329     
    -12.1875     -3.7500        1.009     
    -12.1875     -2.5000        1.056     
    -12.1875     -1.2500        1.087     
    -12.1875      0.0000        1.105     
    -12.1875      1.2500        1.117     
    -12.1875      2.5000        1.123     
    -12.1875      3.7500        1.124     
    -12.1875      5.0000        1.120     
    -12.1875      6.2500        1.118     
    -12.1875      7.5000        1.170     
    -12.1875      8.7500        1.621     
    -12.1875     10.0000        3.292     
    -12.1875     11.2500        3.607     
    -12.1875     12.5000        3.653     
    -12.1875     13.7500        3.642     
    -12.1875     15.0000        3.621     
    -12.1875     16.2500        3.603     
    -12.1875     17.5000        0.000     
    -12.1875     18.7500        0.000     

    -11.2500    -20.0000        0.000     
    -11.2500    -18.7500        0.000     
    -11.2500    -17.5000        0.000     
    -11.2500    -16.2500        3.421     
    -11.2500    -15.0000        3.424     
    -11.2500    -13.7500        3.419     
    -11.2500    -12.5000        3.394     
    -11.2500    -11.2500        3.323     
    -11.2500    -10.0000        3.167     
    -11.2500     -8.7500        2.840     
    -11.2500     -7.5000        2.253     
    -11.2500     -6.2500        1.724     
    -11.2500     -5.0000        1.456     
    -11.2500     -3.7500        1.319     
    -11.2500     -2.5000        1.233     
    -11.2500     -1.2500        1.167     
    -11.2500      0.0000        1.105     
    -11.2500      1.2500        1.038     
    -11.2500      2.5000       0.9545     
    -11.2500      3.7500       0.8432     
    -11.2500      5.0000       0.6929     
    -11.2500      6.2500       0.5015     
    -11.2500      7.5000       0.2959     
    -11.2500      8.7500       0.1132     
    -11.2500     10.0000        6.240     
    -11.2500     11.2500        6.064     
    -11.2500     12.5000        5.810     
    -11.2500     13.7500        5.448     
    -11.2500     15.0000        5.057     
    -11.2500     16.2500        4.783     
    -11.2500     17.5000        0.000     
    -11.2500     18.7500        0.000     

    -10.3125    -20.0000        0.000     
    -10.3125    -18.7500        0.000     
    -10.3125    -17.5000        0.000     
    -10.3125    -16.2500        3.263     
    -10.3125    -15.0000        3.268     
    -10.3125    -13.7500        3.269     
    -10.3125    -12.5000        3.257     
    -10.3125    -11.2500        3.220     
    -10.3125    -10.0000        3.144     
    -10.3125     -8.7500        3.017     
    -10.3125     -7.5000        2.817     
    -10.3125     -6.2500        2.516     
    -10.3125     -5.0000        2.141     
    -10.3125     -3.7500        1.791     
    -10.3125     -2.5000        1.514     
    -10.3125     -1.2500        1.295     
    -10.3125      0.0000        1.105     
    -10.3125      1.2500       0.9206     
    -10.3125      2.5000       0.7281     
    -10.3125      3.7500       0.5306     
    -10.3125      5.0000       0.3447     
    -10.3125      6.2500       0.1889     
    -10.3125      7.5000       0.7738E-001
    -10.3125      8.7500       0.1313E-001
    -10.3125     10.0000        6.262     
    -10.3125     11.2500        6.227     
    -10.3125     12.5000        6.170     
    -10.3125     13.7500        6.093     
    -10.3125     15.0000        6.006     
    -10.3125     16.2500        5.933     
    -10.3125     17.5000        0.000     
    -10.3125     18.7500        0.000     

     -9.3750    -20.0000        0.000     
     -9.3750    -18.7500        0.000     
     -9.3750    -17.5000        0.000     
     -9.3750    -16.2500        3.148     
     -9.3750    -15.0000        3.162     
     -9.3750    -13.7500        3.178     
     -9.3750    -12.5000        3.184     
     -9.3750    -11.2500        3.172     
     -9.3750    -10.0000        3.135     
     -9.3750     -8.7500        3.074     
     -9.3750     -7.5000        2.996     
     -9.3750     -6.2500        2.896     
     -9.3750     -5.0000        2.760     
     -9.3750     -3.7500        2.575     
     -9.3750     -2.5000        2.303     
     -9.3750     -1.2500        1.839     
     -9.3750      0.0000        1.106     
     -9.3750      1.2500       0.5010     
     -9.3750      2.5000       0.1960     
     -9.3750      3.7500       0.5016E-001
     -9.3750      5.0000        6.266     
     -9.3750      6.2500        6.239     
     -9.3750      7.5000        6.235     
     -9.3750      8.7500        6.249     
     -9.3750     10.0000        6.271     
     -9.3750     11.2500        6.281     
     -9.3750     12.5000        6.271     
     -9.3750     13.7500        6.244     
     -9.3750     15.0000        6.211     
     -9.3750     16.2500        6.184     
     -9.3750     17.5000        0.000     
     -9.3750     18.7500        0.000     

     -8.4375    -20.0000        0.000     
     -8.4375    -18.7500        0.000     
     -8.4375    -17.5000        0.000     
     -8.4375    -16.2500        3.008     
     -8.4375    -15.0000        3.041     
     -8.4375    -13.7500        3.081     
     -8.4375    -12.5000        3.114     
     -8.4375    -11.2500        3.131     
     -8.4375    -10.0000        3.128     
     -8.4375     -8.7500        3.116     
     -8.4375     -7.5000        3.116     
     -8.4375     -6.2500        3.143     
     -8.4375     -5.0000        3.202     
     -8.4375     -3.7500        3.311     
     -8.4375     -2.5000        3.499     
     -8.4375     -1.2500        3.805     
     -8.4375      0.0000        4.247     
     -8.4375      1.2500        4.757     
     -8.4375      2.5000        5.202     
     -8.4375      3.7500        5.541     
     -8.4375      5.0000        5.793     
     -8.4375      6.2500        5.979     
     -8.4375      7.5000        6.110     
     -8.4375      8.7500        6.207     
     -8.4375     10.0000        6.278     
     -8.4375     11.2500       0.3890E-001
     -8.4375     12.5000       0.5564E-001
     -8.4375     13.7500       0.5332E-001
     -8.4375     15.0000       0.4130E-001
     -8.4375     16.2500       0.3007E-001
     -8.4375     17.5000        0.000     
     -8.4375     18.7500        0.000     

     -7.5000    -20.0000        0.000     
     -7.5000    -18.7500        0.000     
     -7.5000    -17.5000        0.000     
     -7.5000    -16.2500        2.691     
     -7.5000    -15.0000        2.788     
     -7.5000    -13.7500        2.899     
     -7.5000    -12.5000        2.996     
     -7.5000    -11.2500        3.068     
     -7.5000    -10.0000        3.118     
     -7.5000     -8.7500        3.167     
     -7.5000     -7.5000        3.250     
     -7.5000     -6.2500        3.382     
     -7.5000     -5.0000        3.554     
     -7.5000     -3.7500        3.743     
     -7.5000     -2.5000        3.926     
     -7.5000     -1.2500        4.093     
     -7.5000      0.0000        4.247     
     -7.5000      1.2500        4.402     
     -7.5000      2.5000        4.580     
     -7.5000      3.7500        4.816     
     -7.5000      5.0000        5.142     
     -7.5000      6.2500        5.544     
     -7.5000      7.5000        5.901     
     -7.5000      8.7500        6.141     
     -7.5000     10.0000       0.4897E-002
     -7.5000     11.2500       0.9086E-001
     -7.5000     12.5000       0.1342     
     -7.5000     13.7500       0.1499     
     -7.5000     15.0000       0.1509     
     -7.5000     16.2500       0.1478     
     -7.5000     17.5000        0.000     
     -7.5000     18.7500        0.000     

     -6.5625    -20.0000        0.000     
     -6.5625    -18.7500        0.000     
     -6.5625    -17.5000        0.000     
     -6.5625    -16.2500        1.234     
     -6.5625    -15.0000        1.457     
     -6.5625    -13.7500        1.874     
     -6.5625    -12.5000        2.406     
     -6.5625    -11.2500        2.819     
     -6.5625    -10.0000        3.087     
     -6.5625     -8.7500        3.300     
     -6.5625     -7.5000        3.516     
     -6.5625     -6.2500        3.731     
     -6.5625     -5.0000        3.910     
     -6.5625     -3.7500        4.040     
     -6.5625     -2.5000        4.131     
     -6.5625     -1.2500        4.197     
     -6.5625      0.0000        4.247     
     -6.5625      1.2500        4.291     
     -6.5625      2.5000        4.335     
     -6.5625      3.7500        4.391     
     -6.5625      5.0000        4.478     
     -6.5625      6.2500        4.655     
     -6.5625      7.5000        5.103     
     -6.5625      8.7500        5.860     
     -6.5625     10.0000       0.3903E-001
     -6.5625     11.2500       0.2301     
     -6.5625     12.5000       0.3066     
     -6.5625     13.7500       0.3300     
     -6.5625     15.0000       0.3316     
     -6.5625     16.2500       0.3271     
     -6.5625     17.5000        0.000     
     -6.5625     18.7500        0.000     

     -5.6250    -20.0000        0.000     
     -5.6250    -18.7500        0.000     
     -5.6250    -17.5000        0.000     
     -5.6250    -16.2500       0.3857     
     -5.6250    -15.0000       0.3949     
     -5.6250    -13.7500       0.4003     
     -5.6250    -12.5000       0.3852     
     -5.6250    -11.2500       0.3096     
     -5.6250    -10.0000       0.6575E-001
     -5.6250     -8.7500        5.579     
     -5.6250     -7.5000        4.715     
     -5.6250     -6.2500        4.448     
     -5.6250     -5.0000        4.366     
     -5.6250     -3.7500        4.327     
     -5.6250     -2.5000        4.299     
     -5.6250     -1.2500        4.274     
     -5.6250      0.0000        4.247     
     -5.6250      1.2500        4.213     
     -5.6250      2.5000        4.165     
     -5.6250      3.7500        4.095     
     -5.6250      5.0000        3.990     
     -5.6250      6.2500        3.833     
     -5.6250      7.5000        3.623     
     -5.6250      8.7500        3.372     
     -5.6250     10.0000        3.064     
     -5.6250     11.2500        2.590     
     -5.6250     12.5000        1.888     
     -5.6250     13.7500        1.331     
     -5.6250     15.0000        1.052     
     -5.6250     16.2500       0.9202     
     -5.6250     17.5000        0.000     
     -5.6250     18.7500        0.000     

     -4.6875    -20.0000        0.000     
     -4.6875    -18.7500        0.000     
     -4.6875    -17.5000        0.000     
     -4.6875    -16.2500       0.1748     
     -4.6875    -15.0000       0.1774     
     -4.6875    -13.7500       0.1746     
     -4.6875    -12.5000       0.1557     
     -4.6875    -11.2500       0.1061     
     -4.6875    -10.0000       0.8082E-002
     -4.6875     -8.7500        6.119     
     -4.6875     -7.5000        5.828     
     -4.6875     -6.2500        5.409     
     -4.6875     -5.0000        5.000     
     -4.6875     -3.7500        4.712     
     -4.6875     -2.5000        4.518     
     -4.6875     -1.2500        4.373     
     -4.6875      0.0000        4.247     
     -4.6875      1.2500        4.119     
     -4.6875      2.5000        3.975     
     -4.6875      3.7500        3.808     
     -4.6875      5.0000        3.622     
     -4.6875      6.2500        3.438     
     -4.6875      7.5000        3.286     
     -4.6875      8.7500        3.182     
     -4.6875     10.0000        3.115     
     -4.6875     11.2500        3.048     
     -4.6875     12.5000        2.953     
     -4.6875     13.7500        2.827     
     -4.6875     15.0000        2.681     
     -4.6875     16.2500        2.552     
     -4.6875     17.5000        0.000     
     -4.6875     18.7500        0.000     

     -3.7500    -20.0000        0.000     
     -3.7500    -18.7500        0.000     
     -3.7500    -17.5000        0.000     
     -3.7500    -16.2500       0.5211E-001
     -3.7500    -15.0000       0.6199E-001
     -3.7500    -13.7500       0.7078E-001
     -3.7500    -12.5000       0.6929E-001
     -3.7500    -11.2500       0.4751E-001
     -3.7500    -10.0000        6.280     
     -3.7500     -8.7500        6.197     
     -3.7500     -7.5000        6.080     
     -3.7500     -6.2500        5.913     
     -3.7500     -5.0000        5.677     
     -3.7500     -3.7500        5.371     
     -3.7500     -2.5000        5.011     
     -3.7500     -1.2500        4.626     
     -3.7500      0.0000        4.247     
     -3.7500      1.2500        3.905     
     -3.7500      2.5000        3.625     
     -3.7500      3.7500        3.417     
     -3.7500      5.0000        3.277     
     -3.7500      6.2500        3.188     
     -3.7500      7.5000        3.140     
     -3.7500      8.7500        3.124     
     -3.7500     10.0000        3.126     
     -3.7500     11.2500        3.121     
     -3.7500     12.5000        3.097     
     -3.7500     13.7500        3.056     
     -3.7500     15.0000        3.008     
     -3.7500     16.2500        2.969     
     -3.7500     17.5000        0.000     
     -3.7500     18.7500        0.000     

     -2.8125    -20.0000        0.000     
     -2.8125    -18.7500        0.000     
     -2.8125    -17.5000        0.000     
     -2.8125    -16.2500        6.213     
     -2.8125    -15.0000        6.237     
     -2.8125    -13.7500        6.265     
     -2.8125    -12.5000       0.2125E-002
     -2.8125    -11.2500       0.6496E-002
     -2.8125    -10.0000        6.272     
     -2.8125     -8.7500        6.241     
     -2.8125     -7.5000        6.211     
     -2.8125     -6.2500        6.192     
     -2.8125     -5.0000        6.184     
     -2.8125     -3.7500        6.199     
     -2.8125     -2.5000        6.271     
     -2.8125     -1.2500       0.2141     
     -2.8125      0.0000        1.105     
     -2.8125      1.2500        2.247     
     -2.8125      2.5000        2.584     
     -2.8125      3.7500        2.746     
     -2.8125      5.0000        2.861     
     -2.8125      6.2500        2.951     
     -2.8125      7.5000        3.022     
     -2.8125      8.7500        3.083     
     -2.8125     10.0000        3.134     
     -2.8125     11.2500        3.164     
     -2.8125     12.5000        3.171     
     -2.8125     13.7500        3.160     
     -2.8125     15.0000        3.141     
     -2.8125     16.2500        3.125     
     -2.8125     17.5000        0.000     
     -2.8125     18.7500        0.000     

     -1.8750    -20.0000        0.000     
     -1.8750    -18.7500        0.000     
     -1.8750    -17.5000        0.000     
     -1.8750    -16.2500        6.006     
     -1.8750    -15.0000        6.065     
     -1.8750    -13.7500        6.135     
     -1.8750    -12.5000        6.197     
     -1.8750    -11.2500        6.241     
     -1.8750    -10.0000        6.264     
     -1.8750     -8.7500       0.2026E-002
     -1.8750     -7.5000       0.4905E-001
     -1.8750     -6.2500       0.1399     
     -1.8750     -5.0000       0.2762     
     -1.8750     -3.7500       0.4540     
     -1.8750     -2.5000       0.6617     
     -1.8750     -1.2500       0.8822     
     -1.8750      0.0000        1.105     
     -1.8750      1.2500        1.340     
     -1.8750      2.5000        1.605     
     -1.8750      3.7500        1.922     
     -1.8750      5.0000        2.279     
     -1.8750      6.2500        2.614     
     -1.8750      7.5000        2.864     
     -1.8750      8.7500        3.032     
     -1.8750     10.0000        3.142     
     -1.8750     11.2500        3.208     
     -1.8750     12.5000        3.240     
     -1.8750     13.7500        3.249     
     -1.8750     15.0000        3.246     
     -1.8750     16.2500        3.240     
     -1.8750     17.5000        0.000     
     -1.8750     18.7500        0.000     

     -0.9375    -20.0000        0.000     
     -0.9375    -18.7500        0.000     
     -0.9375    -17.5000        0.000     
     -0.9375    -16.2500        5.185     
     -0.9375    -15.0000        5.425     
     -0.9375    -13.7500        5.709     
     -0.9375    -12.5000        5.951     
     -0.9375    -11.2500        6.123     
     -0.9375    -10.0000        6.248     
     -0.9375     -8.7500       0.8216E-001
     -0.9375     -7.5000       0.2346     
     -0.9375     -6.2500       0.4252     
     -0.9375     -5.0000       0.6200     
     -0.9375     -3.7500       0.7866     
     -0.9375     -2.5000       0.9174     
     -0.9375     -1.2500        1.020     
     -0.9375      0.0000        1.105     
     -0.9375      1.2500        1.186     
     -0.9375      2.5000        1.275     
     -0.9375      3.7500        1.395     
     -0.9375      5.0000        1.584     
     -0.9375      6.2500        1.926     
     -0.9375      7.5000        2.452     
     -0.9375      8.7500        2.906     
     -0.9375     10.0000        3.159     
     -0.9375     11.2500        3.291     
     -0.9375     12.5000        3.354     
     -0.9375     13.7500        3.378     
     -0.9375     15.0000        3.383     
     -0.9375     16.2500        3.381     
     -0.9375     17.5000        0.000     
     -0.9375     18.7500        0.000     

      0.0000    -20.0000        0.000     
      0.0000    -18.7500        0.000     
      0.0000    -17.5000        0.000     
      0.0000    -16.2500        3.705     
      0.0000    -15.0000        3.740     
      0.0000    -13.7500        3.796     
      0.0000    -12.5000        3.879     
      0.0000    -11.2500        4.017     
      0.0000    -10.0000        0.000     
      0.0000     -8.7500       0.6957     
      0.0000     -7.5000       0.8513     
      0.0000     -6.2500       0.9523     
      0.0000     -5.0000        1.023     
      0.0000     -3.7500        1.066     
      0.0000     -2.5000        1.089     
      0.0000     -1.2500        1.102     
      0.0000      0.0000        1.105     
      0.0000      1.2500        1.102     
      0.0000      2.5000        1.089     
      0.0000      3.7500        1.066     
      0.0000      5.0000        1.023     
      0.0000      6.2500       0.9523     
      0.0000      7.5000       0.8513     
      0.0000      8.7500       0.6957     
      0.0000     10.0000        0.000     
      0.0000     11.2500        4.017     
      0.0000     12.5000        3.879     
      0.0000     13.7500        3.796     
      0.0000     15.0000        3.740     
      0.0000     16.2500        3.705     
      0.0000     17.5000        0.000     
      0.0000     18.7500        0.000     

      0.9375    -20.0000        0.000     
      0.9375    -18.7500        0.000     
      0.9375    -17.5000        0.000     
      0.9375    -16.2500        3.381     
      0.9375    -15.0000        3.383     
      0.9375    -13.7500        3.378     
      0.9375    -12.5000        3.354     
      0.9375    -11.2500        3.291     
      0.9375    -10.0000        3.159     
      0.9375     -8.7500        2.906     
      0.9375     -7.5000        2.452     
      0.9375     -6.2500        1.926     
      0.9375     -5.0000        1.584     
      0.9375     -3.7500        1.395     
      0.9375     -2.5000        1.275     
      0.9375     -1.2500        1.186     
      0.9375      0.0000        1.105     
      0.9375      1.2500        1.020     
      0.9375      2.5000       0.9174     
      0.9375      3.7500       0.7865     
      0.9375      5.0000       0.6201     
      0.9375      6.2500       0.4251     
      0.9375      7.5000       0.2347     
      0.9375      8.7500       0.8213E-001
      0.9375     10.0000        6.248     
      0.9375     11.2500        6.123     
      0.9375     12.5000        5.950     
      0.9375     13.7500        5.709     
      0.9375     15.0000        5.424     
      0.9375     16.2500        5.185     
      0.9375     17.5000        0.000     
      0.9375     18.7500        0.000     

      1.8750    -20.0000        0.000     
      1.8750    -18.7500        0.000     
      1.8750    -17.5000        0.000     
      1.8750    -16.2500        3.239     
      1.8750    -15.0000        3.246     
      1.8750    -13.7500        3.249     
      1.8750    -12.5000        3.240     
      1.8750    -11.2500        3.208     
      1.8750    -10.0000        3.142     
      1.8750     -8.7500        3.032     
      1.8750     -7.5000        2.864     
      1.8750     -6.2500        2.614     
      1.8750     -5.0000        2.279     
      1.8750     -3.7500        1.922     
      1.8750     -2.5000        1.605     
      1.8750     -1.2500        1.340     
      1.8750      0.0000        1.105     
      1.8750      1.2500       0.8821     
      1.8750      2.5000       0.6618     
      1.8750      3.7500       0.4539     
      1.8750      5.0000       0.2763     
      1.8750      6.2500       0.1399     
      1.8750      7.5000       0.4909E-001
      1.8750      8.7500       0.2012E-002
      1.8750     10.0000        6.264     
      1.8750     11.2500        6.241     
      1.8750     12.5000        6.197     
      1.8750     13.7500        6.135     
      1.8750     15.0000        6.065     
      1.8750     16.2500        6.006     
      1.8750     17.5000        0.000     
      1.8750     18.7500        0.000     

      2.8125    -20.0000        0.000     
      2.8125    -18.7500        0.000     
      2.8125    -17.5000        0.000     
      2.8125    -16.2500        3.124     
      2.8125    -15.0000        3.141     
      2.8125    -13.7500        3.160     
      2.8125    -12.5000        3.171     
      2.8125    -11.2500        3.164     
      2.8125    -10.0000        3.134     
      2.8125     -8.7500        3.083     
      2.8125     -7.5000        3.022     
      2.8125     -6.2500        2.951     
      2.8125     -5.0000        2.861     
      2.8125     -3.7500        2.746     
      2.8125     -2.5000        2.584     
      2.8125     -1.2500        2.246     
      2.8125      0.0000        1.106     
      2.8125      1.2500       0.2138     
      2.8125      2.5000        6.271     
      2.8125      3.7500        6.199     
      2.8125      5.0000        6.184     
      2.8125      6.2500        6.192     
      2.8125      7.5000        6.211     
      2.8125      8.7500        6.241     
      2.8125     10.0000        6.272     
      2.8125     11.2500       0.6511E-002
      2.8125     12.5000       0.2094E-002
      2.8125     13.7500        6.265     
      2.8125     15.0000        6.237     
      2.8125     16.2500        6.214     
      2.8125     17.5000        0.000     
      2.8125     18.7500        0.000     

      3.7500    -20.0000        0.000     
      3.7500    -18.7500        0.000     
      3.7500    -17.5000        0.000     
      3.7500    -16.2500        2.969     
      3.7500    -15.0000        3.008     
      3.7500    -13.7500        3.056     
      3.7500    -12.5000        3.097     
      3.7500    -11.2500        3.121     
      3.7500    -10.0000        3.126     
      3.7500     -8.7500        3.124     
      3.7500     -7.5000        3.140     
      3.7500     -6.2500        3.188     
      3.7500     -5.0000        3.276     
      3.7500     -3.7500        3.417     
      3.7500     -2.5000        3.625     
      3.7500     -1.2500        3.906     
      3.7500      0.0000        4.247     
      3.7500      1.2500        4.626     
      3.7500      2.5000        5.011     
      3.7500      3.7500        5.371     
      3.7500      5.0000        5.677     
      3.7500      6.2500        5.913     
      3.7500      7.5000        6.080     
      3.7500      8.7500        6.197     
      3.7500     10.0000        6.280     
      3.7500     11.2500       0.4752E-001
      3.7500     12.5000       0.6928E-001
      3.7500     13.7500       0.7082E-001
      3.7500     15.0000       0.6186E-001
      3.7500     16.2500       0.5270E-001
      3.7500     17.5000        0.000     
      3.7500     18.7500        0.000     

      4.6875    -20.0000        0.000     
      4.6875    -18.7500        0.000     
      4.6875    -17.5000        0.000     
      4.6875    -16.2500        2.552     
      4.6875    -15.0000        2.681     
      4.6875    -13.7500        2.827     
      4.6875    -12.5000        2.954     
      4.6875    -11.2500        3.048     
      4.6875    -10.0000        3.115     
      4.6875     -8.7500        3.182     
      4.6875     -7.5000        3.286     
      4.6875     -6.2500        3.438     
      4.6875     -5.0000        3.622     
      4.6875     -3.7500        3.808     
      4.6875     -2.5000        3.975     
      4.6875     -1.2500        4.119     
      4.6875      0.0000        4.247     
      4.6875      1.2500        4.373     
      4.6875      2.5000        4.518     
      4.6875      3.7500        4.712     
      4.6875      5.0000        5.000     
      4.6875      6.2500        5.409     
      4.6875      7.5000        5.828     
      4.6875      8.7500        6.119     
      4.6875     10.0000       0.8081E-002
      4.6875     11.2500       0.1061     
      4.6875     12.5000       0.1557     
      4.6875     13.7500       0.1746     
      4.6875     15.0000       0.1774     
      4.6875     16.2500       0.1752     
      4.6875     17.5000        0.000     
      4.6875     18.7500        0.000     

      5.6250    -20.0000        0.000     
      5.6250    -18.7500        0.000     
      5.6250    -17.5000        0.000     
      5.6250    -16.2500       0.9206     
      5.6250    -15.0000        1.052     
      5.6250    -13.7500        1.331     
      5.6250    -12.5000        1.889     
      5.6250    -11.2500        2.590     
      5.6250    -10.0000        3.064     
      5.6250     -8.7500        3.372     
      5.6250     -7.5000        3.623     
      5.6250     -6.2500        3.833     
      5.6250     -5.0000        3.990     
      5.6250     -3.7500        4.095     
      5.6250     -2.5000        4.165     
      5.6250     -1.2500        4.213     
      5.6250      0.0000        4.247     
      5.6250      1.2500        4.274     
      5.6250      2.5000        4.299     
      5.6250      3.7500        4.327     
      5.6250      5.0000        4.366     
      5.6250      6.2500        4.448     
      5.6250      7.5000        4.715     
      5.6250      8.7500        5.579     
      5.6250     10.0000       0.6576E-001
      5.6250     11.2500       0.3095     
      5.6250     12.5000       0.3853     
      5.6250     13.7500       0.4003     
      5.6250     15.0000       0.3949     
      5.6250     16.2500       0.3859     
      5.6250     17.5000        0.000     
      5.6250     18.7500        0.000     

      6.5625    -20.0000        0.000     
      6.5625    -18.7500        0.000     
      6.5625    -17.5000        0.000     
      6.5625    -16.2500       0.3268     
      6.5625    -15.0000       0.3316     
      6.5625    -13.7500       0.3301     
      6.5625    -12.5000       0.3065     
      6.5625    -11.2500       0.2301     
      6.5625    -10.0000       0.3903E-001
      6.5625     -8.7500        5.860     
      6.5625     -7.5000        5.103     
      6.5625     -6.2500        4.654     
      6.5625     -5.0000        4.478     
      6.5625     -3.7500        4.391     
      6.5625     -2.5000        4.335     
      6.5625     -1.2500        4.291     
      6.5625      0.0000        4.247     
      6.5625      1.2500        4.197     
      6.5625      2.5000        4.131     
      6.5625      3.7500        4.040     
      6.5625      5.0000        3.910     
      6.5625      6.2500        3.731     
      6.5625      7.5000        3.516     
      6.5625      8.7500        3.300     
      6.5625     10.0000        3.087     
      6.5625     11.2500        2.819     
      6.5625     12.5000        2.406     
      6.5625     13.7500        1.874     
      6.5625     15.0000        1.456     
      6.5625     16.2500        1.234     
      6.5625     17.5000        0.000     
      6.5625     18.7500        0.000     

      7.5000    -20.0000        0.000     
      7.5000    -18.7500        0.000     
      7.5000    -17.5000        0.000     
      7.5000    -16.2500       0.1473     
      7.5000    -15.0000       0.1509     
      7.5000    -13.7500       0.1499     
      7.5000    -12.5000       0.1342     
      7.5000    -11.2500       0.9087E-001
      7.5000    -10.0000       0.4899E-002
      7.5000     -8.7500        6.141     
      7.5000     -7.5000        5.901     
      7.5000     -6.2500        5.544     
      7.5000     -5.0000        5.142     
      7.5000     -3.7500        4.816     
      7.5000     -2.5000        4.580     
      7.5000     -1.2500        4.402     
      7.5000      0.0000        4.247     
      7.5000      1.2500        4.093     
      7.5000      2.5000        3.926     
      7.5000      3.7500        3.743     
      7.5000      5.0000        3.554     
      7.5000      6.2500        3.382     
      7.5000      7.5000        3.250     
      7.5000      8.7500        3.167     
      7.5000     10.0000        3.118     
      7.5000     11.2500        3.068     
      7.5000     12.5000        2.996     
      7.5000     13.7500        2.899     
      7.5000     15.0000        2.787     
      7.5000     16.2500        2.692     
      7.5000     17.5000        0.000     
      7.5000     18.7500        0.000     

      8.4375    -20.0000        0.000     
      8.4375    -18.7500        0.000     
      8.4375    -17.5000        0.000     
      8.4375    -16.2500       0.2947E-001
      8.4375    -15.0000       0.4144E-001
      8.4375    -13.7500       0.5328E-001
      8.4375    -12.5000       0.5566E-001
      8.4375    -11.2500       0.3889E-001
      8.4375    -10.0000        6.278     
      8.4375     -8.7500        6.207     
      8.4375     -7.5000        6.110     
      8.4375     -6.2500        5.979     
      8.4375     -5.0000        5.793     
      8.4375     -3.7500        5.541     
      8.4375     -2.5000        5.203     
      8.4375     -1.2500        4.757     
      8.4375      0.0000        4.247     
      8.4375      1.2500        3.805     
      8.4375      2.5000        3.499     
      8.4375      3.7500        3.311     
      8.4375      5.0000        3.202     
      8.4375      6.2500        3.143     
      8.4375      7.5000        3.116     
      8.4375      8.7500        3.116     
      8.4375     10.0000        3.128     
      8.4375     11.2500        3.131     
      8.4375     12.5000        3.114     
      8.4375     13.7500        3.081     
      8.4375     15.0000        3.041     
      8.4375     16.2500        3.008     
      8.4375     17.5000        0.000     
      8.4375     18.7500        0.000     

      9.3750    -20.0000        0.000     
      9.3750    -18.7500        0.000     
      9.3750    -17.5000        0.000     
      9.3750    -16.2500        6.183     
      9.3750    -15.0000        6.211     
      9.3750    -13.7500        6.244     
      9.3750    -12.5000        6.271     
      9.3750    -11.2500        6.281     
      9.3750    -10.0000        6.271     
      9.3750     -8.7500        6.249     
      9.3750     -7.5000        6.235     
      9.3750     -6.2500        6.239     
      9.3750     -5.0000        6.266     
      9.3750     -3.7500       0.5029E-001
      9.3750     -2.5000       0.1958     
      9.3750     -1.2500       0.5014     
      9.3750      0.0000        1.105     
      9.3750      1.2500        1.840     
      9.3750      2.5000        2.302     
      9.3750      3.7500        2.575     
      9.3750      5.0000        2.760     
      9.3750      6.2500        2.896     
      9.3750      7.5000        2.996     
      9.3750      8.7500        3.074     
      9.3750     10.0000        3.135     
      9.3750     11.2500        3.172     
      9.3750     12.5000        3.184     
      9.3750     13.7500        3.178     
      9.3750     15.0000        3.162     
      9.3750     16.2500        3.149     
      9.3750     17.5000        0.000     
      9.3750     18.7500        0.000     

     10.3125    -20.0000        0.000     
     10.3125    -18.7500        0.000     
     10.3125    -17.5000        0.000     
     10.3125    -16.2500        5.932     
     10.3125    -15.0000        6.006     
     10.3125    -13.7500        6.093     
     10.3125    -12.5000        6.170     
     10.3125    -11.2500        6.227     
     10.3125    -10.0000        6.262     
     10.3125     -8.7500       0.1315E-001
     10.3125     -7.5000       0.7733E-001
     10.3125     -6.2500       0.1890     
     10.3125     -5.0000       0.3446     
     10.3125     -3.7500       0.5307     
     10.3125     -2.5000       0.7280     
     10.3125     -1.2500       0.9207     
     10.3125      0.0000        1.105     
     10.3125      1.2500        1.295     
     10.3125      2.5000        1.513     
     10.3125      3.7500        1.791     
     10.3125      5.0000        2.141     
     10.3125      6.2500        2.517     
     10.3125      7.5000        2.817     
     10.3125      8.7500        3.017     
     10.3125     10.0000        3.144     
     10.3125     11.2500        3.220     
     10.3125     12.5000        3.257     
     10.3125     13.7500        3.269     
     10.3125     15.0000        3.268     
     10.3125     16.2500        3.264     
     10.3125     17.5000        0.000     
     10.3125     18.7500        0.000     

     11.2500    -20.0000        0.000     
     11.2500    -18.7500        0.000     
     11.2500    -17.5000        0.000     
     11.2500    -16.2500        4.783     
     11.2500    -15.0000        5.058     
     11.2500    -13.7500        5.447     
     11.2500    -12.5000        5.810     
     11.2500    -11.2500        6.064     
     11.2500    -10.0000        6.240     
     11.2500     -8.7500       0.1133     
     11.2500     -7.5000       0.2958     
     11.2500     -6.2500       0.5016     
     11.2500     -5.0000       0.6928     
     11.2500     -3.7500       0.8433     
     11.2500     -2.5000       0.9545     
     11.2500     -1.2500        1.038     
     11.2500      0.0000        1.105     
     11.2500      1.2500        1.167     
     11.2500      2.5000        1.233     
     11.2500      3.7500        1.319     
     11.2500      5.0000        1.456     
     11.2500      6.2500        1.724     
     11.2500      7.5000        2.253     
     11.2500      8.7500        2.840     
     11.2500     10.0000        3.167     
     11.2500     11.2500        3.323     
     11.2500     12.5000        3.394     
     11.2500     13.7500        3.419     
     11.2500     15.0000        3.423     
     11.2500     16.2500        3.421     
     11.2500     17.5000        0.000     
     11.2500     18.7500        0.000     

     12.1875    -20.0000        0.000     
     12.1875    -18.7500        0.000     
     12.1875    -17.5000        0.000     
     12.1875    -16.2500        3.603     
     12.1875    -15.0000        3.621     
     12.1875    -13.7500        3.642     
     12.1875    -12.5000        3.652     
     12.1875    -11.2500        3.607     
     12.1875    -10.0000        3.292     
     12.1875     -8.7500        1.620     
     12.1875     -7.5000        1.170     
     12.1875     -6.2500        1.118     
     12.1875     -5.0000        1.120     
     12.1875     -3.7500        1.124     
     12.1875     -2.5000        1.123     
     12.1875     -1.2500        1.117     
     12.1875      0.0000        1.105     
     12.1875      1.2500        1.087     
     12.1875      2.5000        1.056     
     12.1875      3.7500        1.009     
     12.1875      5.0000       0.9329     
     12.1875      6.2500       0.8109     
     12.1875      7.5000       0.6311     
     12.1875      8.7500       0.3654     
     12.1875     10.0000        6.143     
     12.1875     11.2500        5.059     
     12.1875     12.5000        4.331     
     12.1875     13.7500        4.050     
     12.1875     15.0000        3.918     
     12.1875     16.2500        3.849     
     12.1875     17.5000        0.000     
     12.1875     18.7500        0.000     

     13.1250    -20.0000        0.000     
     13.1250    -18.7500        0.000     
     13.1250    -17.5000        0.000     
     13.1250    -16.2500        3.347     
     13.1250    -15.0000        3.349     
     13.1250    -13.7500        3.345     
     13.1250    -12.5000        3.323     
     13.1250    -11.2500        3.267     
     13.1250    -10.0000        3.154     
     13.1250     -8.7500        2.948     
     13.1250     -7.5000        2.588     
     13.1250     -6.2500        2.109     
     13.1250     -5.0000        1.719     
     13.1250     -3.7500        1.478     
     13.1250     -2.5000        1.322     
     13.1250     -1.2500        1.207     
     13.1250      0.0000        1.105     
     13.1250      1.2500        1.000     
     13.1250      2.5000       0.8775     
     13.1250      3.7500       0.7279     
     13.1250      5.0000       0.5496     
     13.1250      6.2500       0.3575     
     13.1250      7.5000       0.1853     
     13.1250      8.7500       0.5897E-001
     13.1250     10.0000        6.253     
     13.1250     11.2500        6.162     
     13.1250     12.5000        6.037     
     13.1250     13.7500        5.867     
     13.1250     15.0000        5.666     
     13.1250     16.2500        5.489     
     13.1250     17.5000        0.000     
     13.1250     18.7500        0.000     

     14.0625    -20.0000        0.000     
     14.0625    -18.7500        0.000     
     14.0625    -17.5000        0.000     
     14.0625    -16.2500        3.216     
     14.0625    -15.0000        3.224     
     14.0625    -13.7500        3.230     
     14.0625    -12.5000        3.225     
     14.0625    -11.2500        3.198     
     14.0625    -10.0000        3.140     
     14.0625     -8.7500        3.044     
     14.0625     -7.5000        2.904     
     14.0625     -6.2500        2.698     
     14.0625     -5.0000        2.411     
     14.0625     -3.7500        2.069     
     14.0625     -2.5000        1.721     
     14.0625     -1.2500        1.399     
     14.0625      0.0000        1.105     
     14.0625      1.2500       0.8321     
     14.0625      2.5000       0.5820     
     14.0625      3.7500       0.3693     
     14.0625      5.0000       0.2066     
     14.0625      6.2500       0.9275E-001
     14.0625      7.5000       0.2296E-001
     14.0625      8.7500        6.275     
     14.0625     10.0000        6.266     
     14.0625     11.2500        6.252     
     14.0625     12.5000        6.219     
     14.0625     13.7500        6.169     
     14.0625     15.0000        6.111     
     14.0625     16.2500        6.064     
     14.0625     17.5000        0.000     
     14.0625     18.7500        0.000     

     15.0000    -20.0000        0.000     
     15.0000    -18.7500        0.000     
     15.0000    -17.5000        0.000     
     15.0000    -16.2500        3.099     
     15.0000    -15.0000        3.119     
     15.0000    -13.7500        3.142     
     15.0000    -12.5000        3.157     
     15.0000    -11.2500        3.156     
     15.0000    -10.0000        3.132     
     15.0000     -8.7500        3.091     
     15.0000     -7.5000        3.046     
     15.0000     -6.2500        3.002     
     15.0000     -5.0000        2.955     
     15.0000     -3.7500        2.909     
     15.0000     -2.5000        2.872     
     15.0000     -1.2500        2.851     
     15.0000      0.0000        0.000     
     15.0000      1.2500        5.992     
     15.0000      2.5000        6.014     
     15.0000      3.7500        6.050     
     15.0000      5.0000        6.096     
     15.0000      6.2500        6.144     
     15.0000      7.5000        6.188     
     15.0000      8.7500        6.233     
     15.0000     10.0000        6.274     
     15.0000     11.2500       0.1462E-001
     15.0000     12.5000       0.1585E-001
     15.0000     13.7500       0.4251E-003
     15.0000     15.0000        6.260     
     15.0000     16.2500        6.241     
     15.0000     17.5000        0.000     
     15.0000     18.7500        0.000     

     15.9375    -20.0000        0.000     
     15.9375    -18.7500        0.000     
     15.9375    -17.5000        0.000     
     15.9375    -16.2500        2.922     
     15.9375    -15.0000        2.970     
     15.9375    -13.7500        3.027     
     15.9375    -12.5000        3.077     
     15.9375    -11.2500        3.111     
     15.9375    -10.0000        3.125     
     15.9375     -8.7500        3.134     
     15.9375     -7.5000        3.165     
     15.9375     -6.2500        3.234     
     15.9375     -5.0000        3.348     
     15.9375     -3.7500        3.511     
     15.9375     -2.5000        3.723     
     15.9375     -1.2500        3.974     
     15.9375      0.0000        4.247     
     15.9375      1.2500        4.541     
     15.9375      2.5000        4.862     
     15.9375      3.7500        5.210     
     15.9375      5.0000        5.552     
     15.9375      6.2500        5.840     
     15.9375      7.5000        6.046     
     15.9375      8.7500        6.186     
     15.9375     10.0000        6.281     
     15.9375     11.2500       0.5671E-001
     15.9375     12.5000       0.8357E-001
     15.9375     13.7500       0.8882E-001
     15.9375     15.0000       0.8266E-001
     15.9375     16.2500       0.7535E-001
     15.9375     17.5000        0.000     
     15.9375     18.7500        0.000     

     16.8750    -20.0000        0.000     
     16.8750    -18.7500        0.000     
     16.8750    -17.5000        0.000     
     16.8750    -16.2500        2.347     
     16.8750    -15.0000        2.525     
     16.8750    -13.7500        2.725     
     16.8750    -12.5000        2.895     
     16.8750    -11.2500        3.020     
     16.8750    -10.0000        3.111     
     16.8750     -8.7500        3.201     
     16.8750     -7.5000        3.327     
     16.8750     -6.2500        3.499     
     16.8750     -5.0000        3.691     
     16.8750     -3.7500        3.870     
     16.8750     -2.5000        4.019     
     16.8750     -1.2500        4.142     
     16.8750      0.0000        4.247     
     16.8750      1.2500        4.349     
     16.8750      2.5000        4.464     
     16.8750      3.7500        4.619     
     16.8750      5.0000        4.861     
     16.8750      6.2500        5.251     
     16.8750      7.5000        5.730     
     16.8750      8.7500        6.090     
     16.8750     10.0000       0.1215E-001
     16.8750     11.2500       0.1249     
     16.8750     12.5000       0.1811     
     16.8750     13.7500       0.2030     
     16.8750     15.0000       0.2071     
     16.8750     16.2500       0.2055     
     16.8750     17.5000        0.000     
     16.8750     18.7500        0.000     

     17.8125    -20.0000        0.000     
     17.8125    -18.7500        0.000     
     17.8125    -17.5000        0.000     
     17.8125    -16.2500       0.7077     
     17.8125    -15.0000       0.7761     
     17.8125    -13.7500       0.9087     
     17.8125    -12.5000        1.190     
     17.8125    -11.2500        1.918     
     17.8125    -10.0000        3.001     
     17.8125     -8.7500        3.507     
     17.8125     -7.5000        3.773     
     17.8125     -6.2500        3.952     
     17.8125     -5.0000        4.075     
     17.8125     -3.7500        4.151     
     17.8125     -2.5000        4.198     
     17.8125     -1.2500        4.228     
     17.8125      0.0000        4.247     
     17.8125      1.2500        4.259     
     17.8125      2.5000        4.265     
     17.8125      3.7500        4.266     
     17.8125      5.0000        4.261     
     17.8125      6.2500        4.259     
     17.8125      7.5000        4.312     
     17.8125      8.7500        4.762     
     17.8125     10.0000       0.1500     
     17.8125     11.2500       0.4658     
     17.8125     12.5000       0.5109     
     17.8125     13.7500       0.5004     
     17.8125     15.0000       0.4794     
     17.8125     16.2500       0.4615     
     17.8125     17.5000        0.000     
     17.8125     18.7500        0.000     

     18.7500    -20.0000        0.000     
     18.7500    -18.7500        0.000     
     18.7500    -17.5000        0.000     
     18.7500    -16.2500       0.2792     
     18.7500    -15.0000       0.2819     
     18.7500    -13.7500       0.2776     
     18.7500    -12.5000       0.2524     
     18.7500    -11.2500       0.1818     
     18.7500    -10.0000       0.2574E-001
     18.7500     -8.7500        5.981     
     18.7500     -7.5000        5.395     
     18.7500     -6.2500        4.866     
     18.7500     -5.0000        4.598     
     18.7500     -3.7500        4.461     
     18.7500     -2.5000        4.374     
     18.7500     -1.2500        4.308     
     18.7500      0.0000        4.247     
     18.7500      1.2500        4.180     
     18.7500      2.5000        4.096     
     18.7500      3.7500        3.985     
     18.7500      5.0000        3.834     
     18.7500      6.2500        3.643     
     18.7500      7.5000        3.437     
     18.7500      8.7500        3.255     
     18.7500     10.0000        3.099     
     18.7500     11.2500        2.923     
     18.7500     12.5000        2.668     
     18.7500     13.7500        2.306     
     18.7500     15.0000        1.916     
     18.7500     16.2500        1.641     
     18.7500     17.5000        0.000     
     18.7500     18.7500        0.000     

     19.6875    -20.0000        0.000     
     19.6875    -18.7500        0.000     
     19.6875    -17.5000        0.000     
     19.6875    -16.2500       0.1219     
     19.6875    -15.0000       0.1268     
     19.6875    -13.7500       0.1278     
     19.6875    -12.5000       0.1155     
     19.6875    -11.2500       0.7798E-001
     19.6875    -10.0000       0.2297E-002
     19.6875     -8.7500        6.159     
     19.6875     -7.5000        5.959     
     19.6875     -6.2500        5.658     
     19.6875     -5.0000        5.283     
     19.6875     -3.7500        4.932     
     19.6875     -2.5000        4.655     
     19.6875     -1.2500        4.437     
     19.6875      0.0000        4.247     
     19.6875      1.2500        4.062     
     19.6875      2.5000        3.870     
     19.6875      3.7500        3.672     
     19.6875      5.0000        3.486     
     19.6875      6.2500        3.331     
     19.6875      7.5000        3.219     
     19.6875      8.7500        3.155     
     19.6875     10.0000        3.121     
     19.6875     11.2500        3.085     
     19.6875     12.5000        3.029     
     19.6875     13.7500        2.952     
     19.6875     15.0000        2.864     
     19.6875     16.2500        2.791     
     19.6875     17.5000        0.000     
     19.6875     18.7500        0.000     

     20.6250    -20.0000        0.000     
     20.6250    -18.7500        0.000     
     20.6250    -17.5000        0.000     
     20.6250    -16.2500       0.6420E-002
     20.6250    -15.0000       0.2076E-001
     20.6250    -13.7500       0.3592E-001
     20.6250    -12.5000       0.4238E-001
     20.6250    -11.2500       0.3065E-001
     20.6250    -10.0000        6.277     
     20.6250     -8.7500        6.216     
     20.6250     -7.5000        6.138     
     20.6250     -6.2500        6.038     
     20.6250     -5.0000        5.902     
     20.6250     -3.7500        5.716     
     20.6250     -2.5000        5.444     
     20.6250     -1.2500        4.981     
     20.6250      0.0000        4.247     
     20.6250      1.2500        3.643     
     20.6250      2.5000        3.338     
     20.6250      3.7500        3.192     
     20.6250      5.0000        3.124     
     20.6250      6.2500        3.097     
     20.6250      7.5000        3.093     
     20.6250      8.7500        3.107     
     20.6250     10.0000        3.129     
     20.6250     11.2500        3.140     
     20.6250     12.5000        3.129     
     20.6250     13.7500        3.103     
     20.6250     15.0000        3.069     
     20.6250     16.2500        3.042     
     20.6250     17.5000        0.000     
     20.6250     18.7500        0.000     

     21.5625    -20.0000        0.000     
     21.5625    -18.7500        0.000     
     21.5625    -17.5000        0.000     
     21.5625    -16.2500        6.149     
     21.5625    -15.0000        6.183     
     21.5625    -13.7500        6.222     
     21.5625    -12.5000        6.255     
     21.5625    -11.2500        6.272     
     21.5625    -10.0000        6.269     
     21.5625     -8.7500        6.257     
     21.5625     -7.5000        6.258     
     21.5625     -6.2500       0.1348E-002
     21.5625     -5.0000       0.6051E-001
     21.5625     -3.7500       0.1695     
     21.5625     -2.5000       0.3576     
     21.5625     -1.2500       0.6633     
     21.5625      0.0000        1.105     
     21.5625      1.2500        1.616     
     21.5625      2.5000        2.061     
     21.5625      3.7500        2.400     
     21.5625      5.0000        2.652     
     21.5625      6.2500        2.837     
     21.5625      7.5000        2.969     
     21.5625      8.7500        3.065     
     21.5625     10.0000        3.136     
     21.5625     11.2500        3.180     
     21.5625     12.5000        3.197     
     21.5625     13.7500        3.195     
     21.5625     15.0000        3.183     
     21.5625     16.2500        3.172     
     21.5625     17.5000        0.000     
     21.5625     18.7500        0.000     

     22.5000    -20.0000        0.000     
     22.5000    -18.7500        0.000     
     22.5000    -17.5000        0.000     
     22.5000    -16.2500        5.833     
     22.5000    -15.0000        5.929     
     22.5000    -13.7500        6.040     
     22.5000    -12.5000        6.138     
     22.5000    -11.2500        6.210     
     22.5000    -10.0000        6.260     
     22.5000     -8.7500       0.2585E-001
     22.5000     -7.5000       0.1086     
     22.5000     -6.2500       0.2409     
     22.5000     -5.0000       0.4125     
     22.5000     -3.7500       0.6011     
     22.5000     -2.5000       0.7844     
     22.5000     -1.2500       0.9518     
     22.5000      0.0000        1.105     
     22.5000      1.2500        1.260     
     22.5000      2.5000        1.439     
     22.5000      3.7500        1.674     
     22.5000      5.0000        2.000     
     22.5000      6.2500        2.402     
     22.5000      7.5000        2.760     
     22.5000      8.7500        3.000     
     22.5000     10.0000        3.146     
     22.5000     11.2500        3.232     
     22.5000     12.5000        3.276     
     22.5000     13.7500        3.292     
     22.5000     15.0000        3.292     
     22.5000     16.2500        3.289     
     22.5000     17.5000        0.000     
     22.5000     18.7500        0.000     

     23.4375    -20.0000        0.000     
     23.4375    -18.7500        0.000     
     23.4375    -17.5000        0.000     
     23.4375    -16.2500        4.376     
     23.4375    -15.0000        4.598     
     23.4375    -13.7500        5.015     
     23.4375    -12.5000        5.548     
     23.4375    -11.2500        5.960     
     23.4375    -10.0000        6.228     
     23.4375     -8.7500       0.1582     
     23.4375     -7.5000       0.3747     
     23.4375     -6.2500       0.5892     
     23.4375     -5.0000       0.7686     
     23.4375     -3.7500       0.8988     
     23.4375     -2.5000       0.9895     
     23.4375     -1.2500        1.055     
     23.4375      0.0000        1.105     
     23.4375      1.2500        1.149     
     23.4375      2.5000        1.194     
     23.4375      3.7500        1.250     
     23.4375      5.0000        1.336     
     23.4375      6.2500        1.513     
     23.4375      7.5000        1.961     
     23.4375      8.7500        2.719     
     23.4375     10.0000        3.181     
     23.4375     11.2500        3.372     
     23.4375     12.5000        3.448     
     23.4375     13.7500        3.472     
     23.4375     15.0000        3.473     
     23.4375     16.2500        3.469     
     23.4375     17.5000        0.000     
     23.4375     18.7500        0.000     

     24.3750    -20.0000        0.000     
     24.3750    -18.7500        0.000     
     24.3750    -17.5000        0.000     
     24.3750    -16.2500        3.527     
     24.3750    -15.0000        3.537     
     24.3750    -13.7500        3.542     
     24.3750    -12.5000        3.527     
     24.3750    -11.2500        3.451     
     24.3750    -10.0000        3.207     
     24.3750     -8.7500        2.438     
     24.3750     -7.5000        1.574     
     24.3750     -6.2500        1.307     
     24.3750     -5.0000        1.224     
     24.3750     -3.7500        1.185     
     24.3750     -2.5000        1.158     
     24.3750     -1.2500        1.133     
     24.3750      0.0000        1.105     
     24.3750      1.2500        1.071     
     24.3750      2.5000        1.023     
     24.3750      3.7500       0.9539     
     24.3750      5.0000       0.8484     
     24.3750      6.2500       0.6910     
     24.3750      7.5000       0.4810     
     24.3750      8.7500       0.2301     
     24.3750     10.0000        6.206     
     24.3750     11.2500        5.732     
     24.3750     12.5000        5.030     
     24.3750     13.7500        4.473     
     24.3750     15.0000        4.194     
     24.3750     16.2500        4.062     
     24.3750     17.5000        0.000     
     24.3750     18.7500        0.000     

     25.3125    -20.0000        0.000     
     25.3125    -18.7500        0.000     
     25.3125    -17.5000        0.000     
     25.3125    -16.2500        3.316     
     25.3125    -15.0000        3.319     
     25.3125    -13.7500        3.316     
     25.3125    -12.5000        3.297     
     25.3125    -11.2500        3.248     
     25.3125    -10.0000        3.150     
     25.3125     -8.7500        2.978     
     25.3125     -7.5000        2.686     
     25.3125     -6.2500        2.267     
     25.3125     -5.0000        1.859     
     25.3125     -3.7500        1.570     
     25.3125     -2.5000        1.376     
     25.3125     -1.2500        1.232     
     25.3125      0.0000        1.105     
     25.3125      1.2500       0.9777     
     25.3125      2.5000       0.8337     
     25.3125      3.7500       0.6663     
     25.3125      5.0000       0.4807     
     25.3125      6.2500       0.2966     
     25.3125      7.5000       0.1441     
     25.3125      8.7500       0.4076E-001
     25.3125     10.0000        6.257     
     25.3125     11.2500        6.189     
     25.3125     12.5000        6.095     
     25.3125     13.7500        5.969     
     25.3125     15.0000        5.822     
     25.3125     16.2500        5.694     
     25.3125     17.5000        0.000     
     25.3125     18.7500        0.000     

     26.2500    -20.0000        0.000     
     26.2500    -18.7500        0.000     
     26.2500    -17.5000        0.000     
     26.2500    -16.2500        3.194     
     26.2500    -15.0000        3.204     
     26.2500    -13.7500        3.212     
     26.2500    -12.5000        3.211     
     26.2500    -11.2500        3.189     
     26.2500    -10.0000        3.138     
     26.2500     -8.7500        3.055     
     26.2500     -7.5000        2.938     
     26.2500     -6.2500        2.772     
     26.2500     -5.0000        2.535     
     26.2500     -3.7500        2.229     
     26.2500     -2.5000        1.869     
     26.2500     -1.2500        1.484     
     26.2500      0.0000        1.105     
     26.2500      1.2500       0.7637     
     26.2500      2.5000       0.4831     
     26.2500      3.7500       0.2751     
     26.2500      5.0000       0.1349     
     26.2500      6.2500       0.4680E-001
     26.2500      7.5000        6.281     
     26.2500      8.7500        6.266     
     26.2500     10.0000        6.268     
     26.2500     11.2500        6.263     
     26.2500     12.5000        6.238     
     26.2500     13.7500        6.197     
     26.2500     15.0000        6.150     
     26.2500     16.2500        6.111     
     26.2500     17.5000        0.000     
     26.2500     18.7500        0.000     

     27.1875    -20.0000        0.000     
     27.1875    -18.7500        0.000     
     27.1875    -17.5000        0.000     
     27.1875    -16.2500        3.072     
     27.1875    -15.0000        3.095     
     27.1875    -13.7500        3.123     
     27.1875    -12.5000        3.144     
     27.1875    -11.2500        3.148     
     27.1875    -10.0000        3.131     
     27.1875     -8.7500        3.099     
     27.1875     -7.5000        3.070     
     27.1875     -6.2500        3.050     
     27.1875     -5.0000        3.042     
     27.1875     -3.7500        3.058     
     27.1875     -2.5000        3.129     
     27.1875     -1.2500        3.356     
     27.1875      0.0000        4.246     
     27.1875      1.2500        5.388     
     27.1875      2.5000        5.725     
     27.1875      3.7500        5.888     
     27.1875      5.0000        6.003     
     27.1875      6.2500        6.093     
     27.1875      7.5000        6.164     
     27.1875      8.7500        6.224     
     27.1875     10.0000        6.275     
     27.1875     11.2500       0.2262E-001
     27.1875     12.5000       0.2918E-001
     27.1875     13.7500       0.1845E-001
     27.1875     15.0000        6.283     
     27.1875     16.2500        6.266     
     27.1875     17.5000        0.000     
     27.1875     18.7500        0.000     

     28.1250    -20.0000        0.000     
     28.1250    -18.7500        0.000     
     28.1250    -17.5000        0.000     
     28.1250    -16.2500        2.864     
     28.1250    -15.0000        2.923     
     28.1250    -13.7500        2.993     
     28.1250    -12.5000        3.055     
     28.1250    -11.2500        3.099     
     28.1250    -10.0000        3.123     
     28.1250     -8.7500        3.144     
     28.1250     -7.5000        3.191     
     28.1250     -6.2500        3.282     
     28.1250     -5.0000        3.418     
     28.1250     -3.7500        3.596     
     28.1250     -2.5000        3.803     
     28.1250     -1.2500        4.024     
     28.1250      0.0000        4.247     
     28.1250      1.2500        4.482     
     28.1250      2.5000        4.747     
     28.1250      3.7500        5.064     
     28.1250      5.0000        5.421     
     28.1250      6.2500        5.756     
     28.1250      7.5000        6.006     
     28.1250      8.7500        6.174     
     28.1250     10.0000       0.8900E-004
     28.1250     11.2500       0.6675E-001
     28.1250     12.5000       0.9884E-001
     28.1250     13.7500       0.1077     
     28.1250     15.0000       0.1041     
     28.1250     16.2500       0.9844E-001
     28.1250     17.5000        0.000     
     28.1250     18.7500        0.000     

     29.0625    -20.0000        0.000     
     29.0625    -18.7500        0.000     
     29.0625    -17.5000        0.000     
     29.0625    -16.2500        2.043     
     29.0625    -15.0000        2.283     
     29.0625    -13.7500        2.567     
     29.0625    -12.5000        2.809     
     29.0625    -11.2500        2.982     
     29.0625    -10.0000        3.106     
     29.0625     -8.7500        3.224     
     29.0625     -7.5000        3.376     
     29.0625     -6.2500        3.567     
     29.0625     -5.0000        3.762     
     29.0625     -3.7500        3.928     
     29.0625     -2.5000        4.059     
     29.0625     -1.2500        4.162     
     29.0625      0.0000        4.247     
     29.0625      1.2500        4.328     
     29.0625      2.5000        4.417     
     29.0625      3.7500        4.536     
     29.0625      5.0000        4.726     
     29.0625      6.2500        5.068     
     29.0625      7.5000        5.593     
     29.0625      8.7500        6.047     
     29.0625     10.0000       0.1767E-001
     29.0625     11.2500       0.1490     
     29.0625     12.5000       0.2124     
     29.0625     13.7500       0.2365     
     29.0625     15.0000       0.2413     
     29.0625     16.2500       0.2398     
     29.0625     17.5000        0.000     
     29.0625     18.7500        0.000     

