    -30.0000    -20.0000        0.000     
    -30.0000    -18.7500        0.000     
    -30.0000    -17.5000        0.000     
    -30.0000    -16.2500        5.323     
    -30.0000    -15.0000        5.266     
    -30.0000    -13.7500        5.181     
    -30.0000    -12.5000        5.078     
    -30.0000    -11.2500        4.937     
    -30.0000    -10.0000        4.647     
    -30.0000     -8.7500        3.980     
    -30.0000     -7.5000        3.331     
    -30.0000     -6.2500        3.042     
    -30.0000     -5.0000        2.915     
    -30.0000     -3.7500        2.851     
    -30.0000     -2.5000        2.819     
    -30.0000     -1.2500        2.807     
    -30.0000      0.0000        2.805     
    -30.0000      1.2500        2.807     
    -30.0000      2.5000        2.819     
    -30.0000      3.7500        2.851     
    -30.0000      5.0000        2.915     
    -30.0000      6.2500        3.042     
    -30.0000      7.5000        3.331     
    -30.0000      8.7500        3.980     
    -30.0000     10.0000        4.647     
    -30.0000     11.2500        4.937     
    -30.0000     12.5000        5.078     
    -30.0000     13.7500        5.181     
    -30.0000     15.0000        5.266     
    -30.0000     16.2500        5.323     
    -30.0000     17.5000        0.000     
    -30.0000     18.7500        0.000     

    -29.0625    -20.0000        0.000     
    -29.0625    -18.7500        0.000     
    -29.0625    -17.5000        0.000     
    -29.0625    -16.2500        3.851     
    -29.0625    -15.0000        3.784     
    -29.0625    -13.7500        3.729     
    -29.0625    -12.5000        3.686     
    -29.0625    -11.2500        3.634     
    -29.0625    -10.0000        3.542     
    -29.0625     -8.7500        3.402     
    -29.0625     -7.5000        3.243     
    -29.0625     -6.2500        3.103     
    -29.0625     -5.0000        2.998     
    -29.0625     -3.7500        2.919     
    -29.0625     -2.5000        2.863     
    -29.0625     -1.2500        2.828     
    -29.0625      0.0000        2.805     
    -29.0625      1.2500        2.782     
    -29.0625      2.5000        2.758     
    -29.0625      3.7500        2.731     
    -29.0625      5.0000        2.684     
    -29.0625      6.2500        2.299     
    -29.0625      7.5000        6.140     
    -29.0625      8.7500        6.061     
    -29.0625     10.0000        6.056     
    -29.0625     11.2500        6.077     
    -29.0625     12.5000        6.128     
    -29.0625     13.7500        6.187     
    -29.0625     15.0000        6.227     
    -29.0625     16.2500        6.242     
    -29.0625     17.5000        0.000     
    -29.0625     18.7500        0.000     

    -28.1250    -20.0000        0.000     
    -28.1250    -18.7500        0.000     
    -28.1250    -17.5000        0.000     
    -28.1250    -16.2500        3.577     
    -28.1250    -15.0000        3.533     
    -28.1250    -13.7500        3.488     
    -28.1250    -12.5000        3.445     
    -28.1250    -11.2500        3.405     
    -28.1250    -10.0000        3.357     
    -28.1250     -8.7500        3.294     
    -28.1250     -7.5000        3.215     
    -28.1250     -6.2500        3.136     
    -28.1250     -5.0000        3.061     
    -28.1250     -3.7500        2.988     
    -28.1250     -2.5000        2.920     
    -28.1250     -1.2500        2.861     
    -28.1250      0.0000        2.805     
    -28.1250      1.2500        2.727     
    -28.1250      2.5000        2.573     
    -28.1250      3.7500        2.038     
    -28.1250      5.0000       0.5621     
    -28.1250      6.2500       0.1204     
    -28.1250      7.5000       0.1307E-001
    -28.1250      8.7500        6.268     
    -28.1250     10.0000        6.269     
    -28.1250     11.2500       0.4720E-002
    -28.1250     12.5000       0.4560E-001
    -28.1250     13.7500       0.9498E-001
    -28.1250     15.0000       0.1351     
    -28.1250     16.2500       0.1581     
    -28.1250     17.5000        0.000     
    -28.1250     18.7500        0.000     

    -27.1875    -20.0000        0.000     
    -27.1875    -18.7500        0.000     
    -27.1875    -17.5000        0.000     
    -27.1875    -16.2500        3.453     
    -27.1875    -15.0000        3.419     
    -27.1875    -13.7500        3.377     
    -27.1875    -12.5000        3.332     
    -27.1875    -11.2500        3.293     
    -27.1875    -10.0000        3.261     
    -27.1875     -8.7500        3.230     
    -27.1875     -7.5000        3.195     
    -27.1875     -6.2500        3.166     
    -27.1875     -5.0000        3.142     
    -27.1875     -3.7500        3.112     
    -27.1875     -2.5000        3.066     
    -27.1875     -1.2500        2.997     
    -27.1875      0.0000        2.805     
    -27.1875      1.2500       0.6712     
    -27.1875      2.5000       0.1597     
    -27.1875      3.7500       0.8449E-001
    -27.1875      5.0000       0.5361E-001
    -27.1875      6.2500       0.4007E-001
    -27.1875      7.5000       0.4541E-001
    -27.1875      8.7500       0.6325E-001
    -27.1875     10.0000       0.8573E-001
    -27.1875     11.2500       0.1132     
    -27.1875     12.5000       0.1525     
    -27.1875     13.7500       0.1979     
    -27.1875     15.0000       0.2396     
    -27.1875     16.2500       0.2694     
    -27.1875     17.5000        0.000     
    -27.1875     18.7500        0.000     

    -26.2500    -20.0000        0.000     
    -26.2500    -18.7500        0.000     
    -26.2500    -17.5000        0.000     
    -26.2500    -16.2500        3.349     
    -26.2500    -15.0000        3.322     
    -26.2500    -13.7500        3.282     
    -26.2500    -12.5000        3.234     
    -26.2500    -11.2500        3.194     
    -26.2500    -10.0000        3.172     
    -26.2500     -8.7500        3.163     
    -26.2500     -7.5000        3.170     
    -26.2500     -6.2500        3.218     
    -26.2500     -5.0000        3.359     
    -26.2500     -3.7500        3.878     
    -26.2500     -2.5000        5.326     
    -26.2500     -1.2500        5.800     
    -26.2500      0.0000        5.946     
    -26.2500      1.2500        6.028     
    -26.2500      2.5000        6.098     
    -26.2500      3.7500        6.167     
    -26.2500      5.0000        6.230     
    -26.2500      6.2500       0.5341E-002
    -26.2500      7.5000       0.6584E-001
    -26.2500      8.7500       0.1244     
    -26.2500     10.0000       0.1736     
    -26.2500     11.2500       0.2131     
    -26.2500     12.5000       0.2532     
    -26.2500     13.7500       0.2960     
    -26.2500     15.0000       0.3401     
    -26.2500     16.2500       0.3778     
    -26.2500     17.5000        0.000     
    -26.2500     18.7500        0.000     

    -25.3125    -20.0000        0.000     
    -25.3125    -18.7500        0.000     
    -25.3125    -17.5000        0.000     
    -25.3125    -16.2500        3.204     
    -25.3125    -15.0000        3.184     
    -25.3125    -13.7500        3.145     
    -25.3125    -12.5000        3.090     
    -25.3125    -11.2500        3.047     
    -25.3125    -10.0000        3.029     
    -25.3125     -8.7500        3.040     
    -25.3125     -7.5000        3.106     
    -25.3125     -6.2500        3.522     
    -25.3125     -5.0000        5.438     
    -25.3125     -3.7500        5.764     
    -25.3125     -2.5000        5.857     
    -25.3125     -1.2500        5.909     
    -25.3125      0.0000        5.946     
    -25.3125      1.2500        5.980     
    -25.3125      2.5000        6.024     
    -25.3125      3.7500        6.086     
    -25.3125      5.0000        6.165     
    -25.3125      6.2500        6.259     
    -25.3125      7.5000       0.8838E-001
    -25.3125      8.7500       0.2055     
    -25.3125     10.0000       0.3037     
    -25.3125     11.2500       0.3697     
    -25.3125     12.5000       0.4150     
    -25.3125     13.7500       0.4560     
    -25.3125     15.0000       0.5061     
    -25.3125     16.2500       0.5585     
    -25.3125     17.5000        0.000     
    -25.3125     18.7500        0.000     

    -24.3750    -20.0000        0.000     
    -24.3750    -18.7500        0.000     
    -24.3750    -17.5000        0.000     
    -24.3750    -16.2500        2.774     
    -24.3750    -15.0000        2.757     
    -24.3750    -13.7500        2.707     
    -24.3750    -12.5000        2.626     
    -24.3750    -11.2500        2.544     
    -24.3750    -10.0000        2.448     
    -24.3750     -8.7500        2.155     
    -24.3750     -7.5000       0.4220     
    -24.3750     -6.2500        6.119     
    -24.3750     -5.0000        6.001     
    -24.3750     -3.7500        5.956     
    -24.3750     -2.5000        5.940     
    -24.3750     -1.2500        5.940     
    -24.3750      0.0000        5.946     
    -24.3750      1.2500        5.957     
    -24.3750      2.5000        5.978     
    -24.3750      3.7500        6.022     
    -24.3750      5.0000        6.095     
    -24.3750      6.2500        6.216     
    -24.3750      7.5000       0.1352     
    -24.3750      8.7500       0.4368     
    -24.3750     10.0000       0.7516     
    -24.3750     11.2500       0.9533     
    -24.3750     12.5000        1.051     
    -24.3750     13.7500        1.114     
    -24.3750     15.0000        1.200     
    -24.3750     16.2500        1.300     
    -24.3750     17.5000        0.000     
    -24.3750     18.7500        0.000     

    -23.4375    -20.0000        0.000     
    -23.4375    -18.7500        0.000     
    -23.4375    -17.5000        0.000     
    -23.4375    -16.2500        1.014     
    -23.4375    -15.0000       0.9249     
    -23.4375    -13.7500       0.8541     
    -23.4375    -12.5000       0.8036     
    -23.4375    -11.2500       0.7302     
    -23.4375    -10.0000       0.5824     
    -23.4375     -8.7500       0.3550     
    -23.4375     -7.5000       0.1207     
    -23.4375     -6.2500        6.227     
    -23.4375     -5.0000        6.111     
    -23.4375     -3.7500        6.035     
    -23.4375     -2.5000        5.987     
    -23.4375     -1.2500        5.961     
    -23.4375      0.0000        5.946     
    -23.4375      1.2500        5.935     
    -23.4375      2.5000        5.928     
    -23.4375      3.7500        5.934     
    -23.4375      5.0000        5.961     
    -23.4375      6.2500        6.054     
    -23.4375      7.5000        1.450     
    -23.4375      8.7500        2.596     
    -23.4375     10.0000        2.681     
    -23.4375     11.2500        2.730     
    -23.4375     12.5000        2.796     
    -23.4375     13.7500        2.866     
    -23.4375     15.0000        2.911     
    -23.4375     16.2500        2.924     
    -23.4375     17.5000        0.000     
    -23.4375     18.7500        0.000     

    -22.5000    -20.0000        0.000     
    -22.5000    -18.7500        0.000     
    -22.5000    -17.5000        0.000     
    -22.5000    -16.2500       0.5098     
    -22.5000    -15.0000       0.4598     
    -22.5000    -13.7500       0.4125     
    -22.5000    -12.5000       0.3706     
    -22.5000    -11.2500       0.3278     
    -22.5000    -10.0000       0.2692     
    -22.5000     -8.7500       0.1853     
    -22.5000     -7.5000       0.8294E-001
    -22.5000     -6.2500        6.265     
    -22.5000     -5.0000        6.177     
    -22.5000     -3.7500        6.100     
    -22.5000     -2.5000        6.035     
    -22.5000     -1.2500        5.987     
    -22.5000      0.0000        5.946     
    -22.5000      1.2500        5.899     
    -22.5000      2.5000        5.826     
    -22.5000      3.7500        5.668     
    -22.5000      5.0000        4.910     
    -22.5000      6.2500        3.370     
    -22.5000      7.5000        3.128     
    -22.5000      8.7500        3.076     
    -22.5000     10.0000        3.068     
    -22.5000     11.2500        3.085     
    -22.5000     12.5000        3.128     
    -22.5000     13.7500        3.180     
    -22.5000     15.0000        3.220     
    -22.5000     16.2500        3.240     
    -22.5000     17.5000        0.000     
    -22.5000     18.7500        0.000     

    -21.5625    -20.0000        0.000     
    -21.5625    -18.7500        0.000     
    -21.5625    -17.5000        0.000     
    -21.5625    -16.2500       0.3550     
    -21.5625    -15.0000       0.3174     
    -21.5625    -13.7500       0.2748     
    -21.5625    -12.5000       0.2308     
    -21.5625    -11.2500       0.1917     
    -21.5625    -10.0000       0.1546     
    -21.5625     -8.7500       0.1121     
    -21.5625     -7.5000       0.6173E-001
    -21.5625     -6.2500       0.1148E-001
    -21.5625     -5.0000        6.246     
    -21.5625     -3.7500        6.190     
    -21.5625     -2.5000        6.123     
    -21.5625     -1.2500        6.049     
    -21.5625      0.0000        5.946     
    -21.5625      1.2500        5.710     
    -21.5625      2.5000        4.600     
    -21.5625      3.7500        3.512     
    -21.5625      5.0000        3.284     
    -21.5625      6.2500        3.203     
    -21.5625      7.5000        3.177     
    -21.5625      8.7500        3.178     
    -21.5625     10.0000        3.191     
    -21.5625     11.2500        3.215     
    -21.5625     12.5000        3.255     
    -21.5625     13.7500        3.302     
    -21.5625     15.0000        3.343     
    -21.5625     16.2500        3.370     
    -21.5625     17.5000        0.000     
    -21.5625     18.7500        0.000     

    -20.6250    -20.0000        0.000     
    -20.6250    -18.7500        0.000     
    -20.6250    -17.5000        0.000     
    -20.6250    -16.2500       0.2503     
    -20.6250    -15.0000       0.2200     
    -20.6250    -13.7500       0.1797     
    -20.6250    -12.5000       0.1329     
    -20.6250    -11.2500       0.9404E-001
    -20.6250    -10.0000       0.6797E-001
    -20.6250     -8.7500       0.5053E-001
    -20.6250     -7.5000       0.4037E-001
    -20.6250     -6.2500       0.4996E-001
    -20.6250     -5.0000       0.9117E-001
    -20.6250     -3.7500       0.1890     
    -20.6250     -2.5000       0.5320     
    -20.6250     -1.2500        2.275     
    -20.6250      0.0000        2.804     
    -20.6250      1.2500        2.939     
    -20.6250      2.5000        3.016     
    -20.6250      3.7500        3.076     
    -20.6250      5.0000        3.122     
    -20.6250      6.2500        3.159     
    -20.6250      7.5000        3.200     
    -20.6250      8.7500        3.241     
    -20.6250     10.0000        3.279     
    -20.6250     11.2500        3.313     
    -20.6250     12.5000        3.352     
    -20.6250     13.7500        3.396     
    -20.6250     15.0000        3.439     
    -20.6250     16.2500        3.473     
    -20.6250     17.5000        0.000     
    -20.6250     18.7500        0.000     

    -19.6875    -20.0000        0.000     
    -19.6875    -18.7500        0.000     
    -19.6875    -17.5000        0.000     
    -19.6875    -16.2500       0.1314     
    -19.6875    -15.0000       0.1081     
    -19.6875    -13.7500       0.6903E-001
    -19.6875    -12.5000       0.1784E-001
    -19.6875    -11.2500        6.260     
    -19.6875    -10.0000        6.241     
    -19.6875     -8.7500        6.246     
    -19.6875     -7.5000       0.1542E-002
    -19.6875     -6.2500       0.1604     
    -19.6875     -5.0000        1.025     
    -19.6875     -3.7500        2.362     
    -19.6875     -2.5000        2.641     
    -19.6875     -1.2500        2.745     
    -19.6875      0.0000        2.805     
    -19.6875      1.2500        2.852     
    -19.6875      2.5000        2.906     
    -19.6875      3.7500        2.973     
    -19.6875      5.0000        3.048     
    -19.6875      6.2500        3.130     
    -19.6875      7.5000        3.220     
    -19.6875      8.7500        3.309     
    -19.6875     10.0000        3.382     
    -19.6875     11.2500        3.434     
    -19.6875     12.5000        3.476     
    -19.6875     13.7500        3.518     
    -19.6875     15.0000        3.565     
    -19.6875     16.2500        3.610     
    -19.6875     17.5000        0.000     
    -19.6875     18.7500        0.000     

    -18.7500    -20.0000        0.000     
    -18.7500    -18.7500        0.000     
    -18.7500    -17.5000        0.000     
    -18.7500    -16.2500        6.169     
    -18.7500    -15.0000        6.154     
    -18.7500    -13.7500        6.113     
    -18.7500    -12.5000        6.049     
    -18.7500    -11.2500        5.993     
    -18.7500    -10.0000        5.963     
    -18.7500     -8.7500        5.948     
    -18.7500     -7.5000        5.933     
    -18.7500     -6.2500        2.770     
    -18.7500     -5.0000        2.765     
    -18.7500     -3.7500        2.765     
    -18.7500     -2.5000        2.773     
    -18.7500     -1.2500        2.788     
    -18.7500      0.0000        2.805     
    -18.7500      1.2500        2.824     
    -18.7500      2.5000        2.854     
    -18.7500      3.7500        2.906     
    -18.7500      5.0000        2.984     
    -18.7500      6.2500        3.095     
    -18.7500      7.5000        3.252     
    -18.7500      8.7500        3.442     
    -18.7500     10.0000        3.617     
    -18.7500     11.2500        3.730     
    -18.7500     12.5000        3.790     
    -18.7500     13.7500        3.834     
    -18.7500     15.0000        3.897     
    -18.7500     16.2500        3.971     
    -18.7500     17.5000        0.000     
    -18.7500     18.7500        0.000     

    -17.8125    -20.0000        0.000     
    -17.8125    -18.7500        0.000     
    -17.8125    -17.5000        0.000     
    -17.8125    -16.2500        0.000     
    -17.8125    -15.0000        4.766     
    -17.8125    -13.7500        4.671     
    -17.8125    -12.5000        4.583     
    -17.8125    -11.2500        4.452     
    -17.8125    -10.0000        4.179     
    -17.8125     -8.7500        3.715     
    -17.8125     -7.5000        3.298     
    -17.8125     -6.2500        3.060     
    -17.8125     -5.0000        2.936     
    -17.8125     -3.7500        2.866     
    -17.8125     -2.5000        2.828     
    -17.8125     -1.2500        2.811     
    -17.8125      0.0000        2.805     
    -17.8125      1.2500        2.802     
    -17.8125      2.5000        2.809     
    -17.8125      3.7500        2.834     
    -17.8125      5.0000        2.890     
    -17.8125      6.2500        3.016     
    -17.8125      7.5000        3.394     
    -17.8125      8.7500        4.541     
    -17.8125     10.0000        5.195     
    -17.8125     11.2500        5.385     
    -17.8125     12.5000        5.497     
    -17.8125     13.7500        5.591     
    -17.8125     15.0000        5.654     
    -17.8125     16.2500        5.681     
    -17.8125     17.5000        0.000     
    -17.8125     18.7500        0.000     

    -16.8750    -20.0000        0.000     
    -16.8750    -18.7500        0.000     
    -16.8750    -17.5000        0.000     
    -16.8750    -16.2500        3.765     
    -16.8750    -15.0000        3.706     
    -16.8750    -13.7500        3.654     
    -16.8750    -12.5000        3.612     
    -16.8750    -11.2500        3.564     
    -16.8750    -10.0000        3.487     
    -16.8750     -8.7500        3.372     
    -16.8750     -7.5000        3.236     
    -16.8750     -6.2500        3.111     
    -16.8750     -5.0000        3.011     
    -16.8750     -3.7500        2.932     
    -16.8750     -2.5000        2.873     
    -16.8750     -1.2500        2.833     
    -16.8750      0.0000        2.805     
    -16.8750      1.2500        2.775     
    -16.8750      2.5000        2.739     
    -16.8750      3.7500        2.686     
    -16.8750      5.0000        2.550     
    -16.8750      6.2500       0.9019     
    -16.8750      7.5000        6.212     
    -16.8750      8.7500        6.132     
    -16.8750     10.0000        6.121     
    -16.8750     11.2500        6.140     
    -16.8750     12.5000        6.186     
    -16.8750     13.7500        6.242     
    -16.8750     15.0000        6.282     
    -16.8750     16.2500       0.1571E-001
    -16.8750     17.5000        0.000     
    -16.8750     18.7500        0.000     

    -15.9375    -20.0000        0.000     
    -15.9375    -18.7500        0.000     
    -15.9375    -17.5000        0.000     
    -15.9375    -16.2500        3.547     
    -15.9375    -15.0000        3.505     
    -15.9375    -13.7500        3.462     
    -15.9375    -12.5000        3.418     
    -15.9375    -11.2500        3.379     
    -15.9375    -10.0000        3.335     
    -15.9375     -8.7500        3.279     
    -15.9375     -7.5000        3.211     
    -15.9375     -6.2500        3.141     
    -15.9375     -5.0000        3.074     
    -15.9375     -3.7500        3.005     
    -15.9375     -2.5000        2.936     
    -15.9375     -1.2500        2.872     
    -15.9375      0.0000        2.805     
    -15.9375      1.2500        2.702     
    -15.9375      2.5000        2.452     
    -15.9375      3.7500        1.409     
    -15.9375      5.0000       0.3389     
    -15.9375      6.2500       0.9436E-001
    -15.9375      7.5000       0.2189E-001
    -15.9375      8.7500       0.4463E-002
    -15.9375     10.0000       0.9098E-002
    -15.9375     11.2500       0.2979E-001
    -15.9375     12.5000       0.7010E-001
    -15.9375     13.7500       0.1185     
    -15.9375     15.0000       0.1589     
    -15.9375     16.2500       0.1833     
    -15.9375     17.5000        0.000     
    -15.9375     18.7500        0.000     

    -15.0000    -20.0000        0.000     
    -15.0000    -18.7500        0.000     
    -15.0000    -17.5000        0.000     
    -15.0000    -16.2500        3.433     
    -15.0000    -15.0000        3.400     
    -15.0000    -13.7500        3.358     
    -15.0000    -12.5000        3.313     
    -15.0000    -11.2500        3.274     
    -15.0000    -10.0000        3.244     
    -15.0000     -8.7500        3.217     
    -15.0000     -7.5000        3.191     
    -15.0000     -6.2500        3.174     
    -15.0000     -5.0000        3.166     
    -15.0000     -3.7500        3.159     
    -15.0000     -2.5000        3.147     
    -15.0000     -1.2500        3.137     
    -15.0000      0.0000        0.000     
    -15.0000      1.2500        6.279     
    -15.0000      2.5000       0.6042E-002
    -15.0000      3.7500       0.1738E-001
    -15.0000      5.0000       0.2416E-001
    -15.0000      6.2500       0.3174E-001
    -15.0000      7.5000       0.4984E-001
    -15.0000      8.7500       0.7564E-001
    -15.0000     10.0000       0.1028     
    -15.0000     11.2500       0.1323     
    -15.0000     12.5000       0.1716     
    -15.0000     13.7500       0.2164     
    -15.0000     15.0000       0.2585     
    -15.0000     16.2500       0.2897     
    -15.0000     17.5000        0.000     
    -15.0000     18.7500        0.000     

    -14.0625    -20.0000        0.000     
    -14.0625    -18.7500        0.000     
    -14.0625    -17.5000        0.000     
    -14.0625    -16.2500        3.326     
    -14.0625    -15.0000        3.300     
    -14.0625    -13.7500        3.260     
    -14.0625    -12.5000        3.211     
    -14.0625    -11.2500        3.172     
    -14.0625    -10.0000        3.150     
    -14.0625     -8.7500        3.146     
    -14.0625     -7.5000        3.163     
    -14.0625     -6.2500        3.236     
    -14.0625     -5.0000        3.480     
    -14.0625     -3.7500        4.552     
    -14.0625     -2.5000        5.594     
    -14.0625     -1.2500        5.843     
    -14.0625      0.0000        5.946     
    -14.0625      1.2500        6.014     
    -14.0625      2.5000        6.078     
    -14.0625      3.7500        6.147     
    -14.0625      5.0000        6.216     
    -14.0625      6.2500        6.283     
    -14.0625      7.5000       0.6983E-001
    -14.0625      8.7500       0.1376     
    -14.0625     10.0000       0.1937     
    -14.0625     11.2500       0.2367     
    -14.0625     12.5000       0.2772     
    -14.0625     13.7500       0.3196     
    -14.0625     15.0000       0.3644     
    -14.0625     16.2500       0.4041     
    -14.0625     17.5000        0.000     
    -14.0625     18.7500        0.000     

    -13.1250    -20.0000        0.000     
    -13.1250    -18.7500        0.000     
    -13.1250    -17.5000        0.000     
    -13.1250    -16.2500        3.158     
    -13.1250    -15.0000        3.140     
    -13.1250    -13.7500        3.101     
    -13.1250    -12.5000        3.044     
    -13.1250    -11.2500        2.998     
    -13.1250    -10.0000        2.980     
    -13.1250     -8.7500        2.991     
    -13.1250     -7.5000        3.070     
    -13.1250     -6.2500        4.045     
    -13.1250     -5.0000        5.691     
    -13.1250     -3.7500        5.827     
    -13.1250     -2.5000        5.881     
    -13.1250     -1.2500        5.917     
    -13.1250      0.0000        5.946     
    -13.1250      1.2500        5.975     
    -13.1250      2.5000        6.014     
    -13.1250      3.7500        6.073     
    -13.1250      5.0000        6.152     
    -13.1250      6.2500        6.252     
    -13.1250      7.5000       0.9437E-001
    -13.1250      8.7500       0.2300     
    -13.1250     10.0000       0.3461     
    -13.1250     11.2500       0.4226     
    -13.1250     12.5000       0.4707     
    -13.1250     13.7500       0.5119     
    -13.1250     15.0000       0.5646     
    -13.1250     16.2500       0.6224     
    -13.1250     17.5000        0.000     
    -13.1250     18.7500        0.000     

    -12.1875    -20.0000        0.000     
    -12.1875    -18.7500        0.000     
    -12.1875    -17.5000        0.000     
    -12.1875    -16.2500        2.540     
    -12.1875    -15.0000        2.513     
    -12.1875    -13.7500        2.450     
    -12.1875    -12.5000        2.355     
    -12.1875    -11.2500        2.244     
    -12.1875    -10.0000        2.053     
    -12.1875     -8.7500        1.399     
    -12.1875     -7.5000       0.2526     
    -12.1875     -6.2500        6.158     
    -12.1875     -5.0000        6.032     
    -12.1875     -3.7500        5.975     
    -12.1875     -2.5000        5.950     
    -12.1875     -1.2500        5.944     
    -12.1875      0.0000        5.946     
    -12.1875      1.2500        5.953     
    -12.1875      2.5000        5.969     
    -12.1875      3.7500        6.008     
    -12.1875      5.0000        6.077     
    -12.1875      6.2500        6.202     
    -12.1875      7.5000       0.1560     
    -12.1875      8.7500       0.5738     
    -12.1875     10.0000        1.037     
    -12.1875     11.2500        1.311     
    -12.1875     12.5000        1.441     
    -12.1875     13.7500        1.529     
    -12.1875     15.0000        1.625     
    -12.1875     16.2500        0.000     
    -12.1875     17.5000        0.000     
    -12.1875     18.7500        0.000     

    -11.2500    -20.0000        0.000     
    -11.2500    -18.7500        0.000     
    -11.2500    -17.5000        0.000     
    -11.2500    -16.2500       0.8309     
    -11.2500    -15.0000       0.7545     
    -11.2500    -13.7500       0.6931     
    -11.2500    -12.5000       0.6482     
    -11.2500    -11.2500       0.5884     
    -11.2500    -10.0000       0.4747     
    -11.2500     -8.7500       0.3002     
    -11.2500     -7.5000       0.1098     
    -11.2500     -6.2500        6.237     
    -11.2500     -5.0000        6.126     
    -11.2500     -3.7500        6.048     
    -11.2500     -2.5000        5.996     
    -11.2500     -1.2500        5.965     
    -11.2500      0.0000        5.946     
    -11.2500      1.2500        5.930     
    -11.2500      2.5000        5.915     
    -11.2500      3.7500        5.906     
    -11.2500      5.0000        5.907     
    -11.2500      6.2500        5.912     
    -11.2500      7.5000        2.792     
    -11.2500      8.7500        2.806     
    -11.2500     10.0000        2.822     
    -11.2500     11.2500        2.852     
    -11.2500     12.5000        2.907     
    -11.2500     13.7500        2.971     
    -11.2500     15.0000        3.013     
    -11.2500     16.2500        3.026     
    -11.2500     17.5000        0.000     
    -11.2500     18.7500        0.000     

    -10.3125    -20.0000        0.000     
    -10.3125    -18.7500        0.000     
    -10.3125    -17.5000        0.000     
    -10.3125    -16.2500       0.4692     
    -10.3125    -15.0000       0.4226     
    -10.3125    -13.7500       0.3766     
    -10.3125    -12.5000       0.3344     
    -10.3125    -11.2500       0.2929     
    -10.3125    -10.0000       0.2404     
    -10.3125     -8.7500       0.1677     
    -10.3125     -7.5000       0.7818E-001
    -10.3125     -6.2500        6.271     
    -10.3125     -5.0000        6.189     
    -10.3125     -3.7500        6.114     
    -10.3125     -2.5000        6.047     
    -10.3125     -1.2500        5.994     
    -10.3125      0.0000        5.946     
    -10.3125      1.2500        5.886     
    -10.3125      2.5000        5.783     
    -10.3125      3.7500        5.503     
    -10.3125      5.0000        4.168     
    -10.3125      6.2500        3.302     
    -10.3125      7.5000        3.143     
    -10.3125      8.7500        3.104     
    -10.3125     10.0000        3.100     
    -10.3125     11.2500        3.118     
    -10.3125     12.5000        3.160     
    -10.3125     13.7500        3.210     
    -10.3125     15.0000        3.250     
    -10.3125     16.2500        3.272     
    -10.3125     17.5000        0.000     
    -10.3125     18.7500        0.000     

     -9.3750    -20.0000        0.000     
     -9.3750    -18.7500        0.000     
     -9.3750    -17.5000        0.000     
     -9.3750    -16.2500       0.3327     
     -9.3750    -15.0000       0.2967     
     -9.3750    -13.7500       0.2547     
     -9.3750    -12.5000       0.2102     
     -9.3750    -11.2500       0.1713     
     -9.3750    -10.0000       0.1368     
     -9.3750     -8.7500       0.9993E-001
     -9.3750     -7.5000       0.5781E-001
     -9.3750     -6.2500       0.1777E-001
     -9.3750     -5.0000        6.263     
     -9.3750     -3.7500        6.218     
     -9.3750     -2.5000        6.158     
     -9.3750     -1.2500        6.080     
     -9.3750      0.0000        5.946     
     -9.3750      1.2500        5.415     
     -9.3750      2.5000        3.675     
     -9.3750      3.7500        3.330     
     -9.3750      5.0000        3.233     
     -9.3750      6.2500        3.191     
     -9.3750      7.5000        3.182     
     -9.3750      8.7500        3.192     
     -9.3750     10.0000        3.210     
     -9.3750     11.2500        3.235     
     -9.3750     12.5000        3.275     
     -9.3750     13.7500        3.321     
     -9.3750     15.0000        3.362     
     -9.3750     16.2500        3.391     
     -9.3750     17.5000        0.000     
     -9.3750     18.7500        0.000     

     -8.4375    -20.0000        0.000     
     -8.4375    -18.7500        0.000     
     -8.4375    -17.5000        0.000     
     -8.4375    -16.2500       0.2295     
     -8.4375    -15.0000       0.2005     
     -8.4375    -13.7500       0.1605     
     -8.4375    -12.5000       0.1130     
     -8.4375    -11.2500       0.7398E-001
     -8.4375    -10.0000       0.4966E-001
     -8.4375     -8.7500       0.3669E-001
     -8.4375     -7.5000       0.3500E-001
     -8.4375     -6.2500       0.6153E-001
     -8.4375     -5.0000       0.1425     
     -8.4375     -3.7500       0.3714     
     -8.4375     -2.5000        1.457     
     -8.4375     -1.2500        2.569     
     -8.4375      0.0000        2.805     
     -8.4375      1.2500        2.907     
     -8.4375      2.5000        2.982     
     -8.4375      3.7500        3.048     
     -8.4375      5.0000        3.104     
     -8.4375      6.2500        3.153     
     -8.4375      7.5000        3.204     
     -8.4375      8.7500        3.253     
     -8.4375     10.0000        3.296     
     -8.4375     11.2500        3.333     
     -8.4375     12.5000        3.373     
     -8.4375     13.7500        3.416     
     -8.4375     15.0000        3.459     
     -8.4375     16.2500        3.495     
     -8.4375     17.5000        0.000     
     -8.4375     18.7500        0.000     

     -7.5000    -20.0000        0.000     
     -7.5000    -18.7500        0.000     
     -7.5000    -17.5000        0.000     
     -7.5000    -16.2500       0.9945E-001
     -7.5000    -15.0000       0.7784E-001
     -7.5000    -13.7500       0.3883E-001
     -7.5000    -12.5000        6.269     
     -7.5000    -11.2500        6.227     
     -7.5000    -10.0000        6.209     
     -7.5000     -8.7500        6.217     
     -7.5000     -7.5000        6.270     
     -7.5000     -6.2500       0.2293     
     -7.5000     -5.0000        1.768     
     -7.5000     -3.7500        2.527     
     -7.5000     -2.5000        2.685     
     -7.5000     -1.2500        2.758     
     -7.5000      0.0000        2.805     
     -7.5000      1.2500        2.845     
     -7.5000      2.5000        2.894     
     -7.5000      3.7500        2.958     
     -7.5000      5.0000        3.036     
     -7.5000      6.2500        3.124     
     -7.5000      7.5000        3.225     
     -7.5000      8.7500        3.327     
     -7.5000     10.0000        3.411     
     -7.5000     11.2500        3.469     
     -7.5000     12.5000        3.512     
     -7.5000     13.7500        3.554     
     -7.5000     15.0000        3.602     
     -7.5000     16.2500        3.650     
     -7.5000     17.5000        0.000     
     -7.5000     18.7500        0.000     

     -6.5625    -20.0000        0.000     
     -6.5625    -18.7500        0.000     
     -6.5625    -17.5000        0.000     
     -6.5625    -16.2500        6.066     
     -6.5625    -15.0000        6.052     
     -6.5625    -13.7500        6.008     
     -6.5625    -12.5000        5.937     
     -6.5625    -11.2500        5.872     
     -6.5625    -10.0000        5.822     
     -6.5625     -8.7500        5.738     
     -6.5625     -7.5000        4.593     
     -6.5625     -6.2500        2.912     
     -6.5625     -5.0000        2.820     
     -6.5625     -3.7500        2.792     
     -6.5625     -2.5000        2.787     
     -6.5625     -1.2500        2.793     
     -6.5625      0.0000        2.805     
     -6.5625      1.2500        2.819     
     -6.5625      2.5000        2.846     
     -6.5625      3.7500        2.894     
     -6.5625      5.0000        2.970     
     -6.5625      6.2500        3.086     
     -6.5625      7.5000        3.262     
     -6.5625      8.7500        3.496     
     -6.5625     10.0000        3.724     
     -6.5625     11.2500        3.872     
     -6.5625     12.5000        3.945     
     -6.5625     13.7500        3.995     
     -6.5625     15.0000        4.067     
     -6.5625     16.2500        4.155     
     -6.5625     17.5000        0.000     
     -6.5625     18.7500        0.000     

     -5.6250    -20.0000        0.000     
     -5.6250    -18.7500        0.000     
     -5.6250    -17.5000        0.000     
     -5.6250    -16.2500        4.442     
     -5.6250    -15.0000        4.341     
     -5.6250    -13.7500        4.256     
     -5.6250    -12.5000        4.193     
     -5.6250    -11.2500        4.095     
     -5.6250    -10.0000        3.893     
     -5.6250     -8.7500        3.579     
     -5.6250     -7.5000        3.277     
     -5.6250     -6.2500        3.074     
     -5.6250     -5.0000        2.954     
     -5.6250     -3.7500        2.880     
     -5.6250     -2.5000        2.837     
     -5.6250     -1.2500        2.815     
     -5.6250      0.0000        2.805     
     -5.6250      1.2500        2.798     
     -5.6250      2.5000        2.798     
     -5.6250      3.7500        2.814     
     -5.6250      5.0000        2.860     
     -5.6250      6.2500        2.978     
     -5.6250      7.5000        3.563     
     -5.6250      8.7500        5.296     
     -5.6250     10.0000        5.590     
     -5.6250     11.2500        5.685     
     -5.6250     12.5000        5.768     
     -5.6250     13.7500        5.849     
     -5.6250     15.0000        5.899     
     -5.6250     16.2500        5.914     
     -5.6250     17.5000        0.000     
     -5.6250     18.7500        0.000     

     -4.6875    -20.0000        0.000     
     -4.6875    -18.7500        0.000     
     -4.6875    -17.5000        0.000     
     -4.6875    -16.2500        3.701     
     -4.6875    -15.0000        3.647     
     -4.6875    -13.7500        3.598     
     -4.6875    -12.5000        3.556     
     -4.6875    -11.2500        3.512     
     -4.6875    -10.0000        3.445     
     -4.6875     -8.7500        3.347     
     -4.6875     -7.5000        3.230     
     -4.6875     -6.2500        3.118     
     -4.6875     -5.0000        3.023     
     -4.6875     -3.7500        2.945     
     -4.6875     -2.5000        2.883     
     -4.6875     -1.2500        2.839     
     -4.6875      0.0000        2.805     
     -4.6875      1.2500        2.767     
     -4.6875      2.5000        2.716     
     -4.6875      3.7500        2.623     
     -4.6875      5.0000        2.296     
     -4.6875      6.2500       0.3795     
     -4.6875      7.5000        6.248     
     -4.6875      8.7500        6.181     
     -4.6875     10.0000        6.171     
     -4.6875     11.2500        6.188     
     -4.6875     12.5000        6.232     
     -4.6875     13.7500       0.2798E-002
     -4.6875     15.0000       0.4264E-001
     -4.6875     16.2500       0.6090E-001
     -4.6875     17.5000        0.000     
     -4.6875     18.7500        0.000     

     -3.7500    -20.0000        0.000     
     -3.7500    -18.7500        0.000     
     -3.7500    -17.5000        0.000     
     -3.7500    -16.2500        3.521     
     -3.7500    -15.0000        3.481     
     -3.7500    -13.7500        3.438     
     -3.7500    -12.5000        3.394     
     -3.7500    -11.2500        3.355     
     -3.7500    -10.0000        3.315     
     -3.7500     -8.7500        3.266     
     -3.7500     -7.5000        3.207     
     -3.7500     -6.2500        3.147     
     -3.7500     -5.0000        3.088     
     -3.7500     -3.7500        3.025     
     -3.7500     -2.5000        2.956     
     -3.7500     -1.2500        2.886     
     -3.7500      0.0000        2.805     
     -3.7500      1.2500        2.658     
     -3.7500      2.5000        2.185     
     -3.7500      3.7500       0.7352     
     -3.7500      5.0000       0.2179     
     -3.7500      6.2500       0.7562E-001
     -3.7500      7.5000       0.2911E-001
     -3.7500      8.7500       0.2135E-001
     -3.7500     10.0000       0.3037E-001
     -3.7500     11.2500       0.5257E-001
     -3.7500     12.5000       0.9247E-001
     -3.7500     13.7500       0.1400     
     -3.7500     15.0000       0.1807     
     -3.7500     16.2500       0.2064     
     -3.7500     17.5000        0.000     
     -3.7500     18.7500        0.000     

     -2.8125    -20.0000        0.000     
     -2.8125    -18.7500        0.000     
     -2.8125    -17.5000        0.000     
     -2.8125    -16.2500        3.412     
     -2.8125    -15.0000        3.381     
     -2.8125    -13.7500        3.340     
     -2.8125    -12.5000        3.294     
     -2.8125    -11.2500        3.255     
     -2.8125    -10.0000        3.227     
     -2.8125     -8.7500        3.205     
     -2.8125     -7.5000        3.187     
     -2.8125     -6.2500        3.182     
     -2.8125     -5.0000        3.195     
     -2.8125     -3.7500        3.226     
     -2.8125     -2.5000        3.301     
     -2.8125     -1.2500        3.815     
     -2.8125      0.0000        5.946     
     -2.8125      1.2500        6.138     
     -2.8125      2.5000        6.208     
     -2.8125      3.7500        6.253     
     -2.8125      5.0000       0.2231E-003
     -2.8125      6.2500       0.2433E-001
     -2.8125      7.5000       0.5401E-001
     -2.8125      8.7500       0.8771E-001
     -2.8125     10.0000       0.1198     
     -2.8125     11.2500       0.1514     
     -2.8125     12.5000       0.1908     
     -2.8125     13.7500       0.2351     
     -2.8125     15.0000       0.2776     
     -2.8125     16.2500       0.3102     
     -2.8125     17.5000        0.000     
     -2.8125     18.7500        0.000     

     -1.8750    -20.0000        0.000     
     -1.8750    -18.7500        0.000     
     -1.8750    -17.5000        0.000     
     -1.8750    -16.2500        3.301     
     -1.8750    -15.0000        3.276     
     -1.8750    -13.7500        3.237     
     -1.8750    -12.5000        3.187     
     -1.8750    -11.2500        3.147     
     -1.8750    -10.0000        3.127     
     -1.8750     -8.7500        3.127     
     -1.8750     -7.5000        3.154     
     -1.8750     -6.2500        3.262     
     -1.8750     -5.0000        3.703     
     -1.8750     -3.7500        5.180     
     -1.8750     -2.5000        5.715     
     -1.8750     -1.2500        5.869     
     -1.8750      0.0000        5.946     
     -1.8750      1.2500        6.003     
     -1.8750      2.5000        6.061     
     -1.8750      3.7500        6.130     
     -1.8750      5.0000        6.202     
     -1.8750      6.2500        6.277     
     -1.8750      7.5000       0.7397E-001
     -1.8750      8.7500       0.1518     
     -1.8750     10.0000       0.2158     
     -1.8750     11.2500       0.2629     
     -1.8750     12.5000       0.3040     
     -1.8750     13.7500       0.3459     
     -1.8750     15.0000       0.3917     
     -1.8750     16.2500       0.4337     
     -1.8750     17.5000        0.000     
     -1.8750     18.7500        0.000     

     -0.9375    -20.0000        0.000     
     -0.9375    -18.7500        0.000     
     -0.9375    -17.5000        0.000     
     -0.9375    -16.2500        3.102     
     -0.9375    -15.0000        3.085     
     -0.9375    -13.7500        3.046     
     -0.9375    -12.5000        2.986     
     -0.9375    -11.2500        2.936     
     -0.9375    -10.0000        2.914     
     -0.9375     -8.7500        2.920     
     -0.9375     -7.5000        2.998     
     -0.9375     -6.2500        5.440     
     -0.9375     -5.0000        5.825     
     -0.9375     -3.7500        5.872     
     -0.9375     -2.5000        5.899     
     -0.9375     -1.2500        5.924     
     -0.9375      0.0000        5.946     
     -0.9375      1.2500        5.970     
     -0.9375      2.5000        6.005     
     -0.9375      3.7500        6.061     
     -0.9375      5.0000        6.139     
     -0.9375      6.2500        6.245     
     -0.9375      7.5000       0.1014     
     -0.9375      8.7500       0.2604     
     -0.9375     10.0000       0.4007     
     -0.9375     11.2500       0.4920     
     -0.9375     12.5000       0.5447     
     -0.9375     13.7500       0.5867     
     -0.9375     15.0000       0.6432     
     -0.9375     16.2500       0.7082     
     -0.9375     17.5000        0.000     
     -0.9375     18.7500        0.000     

      0.0000    -20.0000        0.000     
      0.0000    -18.7500        0.000     
      0.0000    -17.5000        0.000     
      0.0000    -16.2500        2.181     
      0.0000    -15.0000        2.124     
      0.0000    -13.7500        2.040     
      0.0000    -12.5000        1.936     
      0.0000    -11.2500        1.796     
      0.0000    -10.0000        1.506     
      0.0000     -8.7500       0.8389     
      0.0000     -7.5000       0.1893     
      0.0000     -6.2500        6.183     
      0.0000     -5.0000        6.057     
      0.0000     -3.7500        5.992     
      0.0000     -2.5000        5.960     
      0.0000     -1.2500        5.948     
      0.0000      0.0000        5.946     
      0.0000      1.2500        5.948     
      0.0000      2.5000        5.960     
      0.0000      3.7500        5.992     
      0.0000      5.0000        6.057     
      0.0000      6.2500        6.183     
      0.0000      7.5000       0.1893     
      0.0000      8.7500       0.8389     
      0.0000     10.0000        1.506     
      0.0000     11.2500        1.796     
      0.0000     12.5000        1.936     
      0.0000     13.7500        2.040     
      0.0000     15.0000        2.124     
      0.0000     16.2500        2.181     
      0.0000     17.5000        0.000     
      0.0000     18.7500        0.000     

      0.9375    -20.0000        0.000     
      0.9375    -18.7500        0.000     
      0.9375    -17.5000        0.000     
      0.9375    -16.2500       0.7093     
      0.9375    -15.0000       0.6427     
      0.9375    -13.7500       0.5870     
      0.9375    -12.5000       0.5444     
      0.9375    -11.2500       0.4922     
      0.9375    -10.0000       0.4005     
      0.9375     -8.7500       0.2606     
      0.9375     -7.5000       0.1013     
      0.9375     -6.2500        6.245     
      0.9375     -5.0000        6.139     
      0.9375     -3.7500        6.061     
      0.9375     -2.5000        6.005     
      0.9375     -1.2500        5.970     
      0.9375      0.0000        5.946     
      0.9375      1.2500        5.924     
      0.9375      2.5000        5.899     
      0.9375      3.7500        5.872     
      0.9375      5.0000        5.825     
      0.9375      6.2500        5.440     
      0.9375      7.5000        2.999     
      0.9375      8.7500        2.920     
      0.9375     10.0000        2.914     
      0.9375     11.2500        2.936     
      0.9375     12.5000        2.986     
      0.9375     13.7500        3.045     
      0.9375     15.0000        3.086     
      0.9375     16.2500        3.101     
      0.9375     17.5000        0.000     
      0.9375     18.7500        0.000     

      1.8750    -20.0000        0.000     
      1.8750    -18.7500        0.000     
      1.8750    -17.5000        0.000     
      1.8750    -16.2500       0.4350     
      1.8750    -15.0000       0.3911     
      1.8750    -13.7500       0.3463     
      1.8750    -12.5000       0.3037     
      1.8750    -11.2500       0.2631     
      1.8750    -10.0000       0.2155     
      1.8750     -8.7500       0.1520     
      1.8750     -7.5000       0.7379E-001
      1.8750     -6.2500        6.277     
      1.8750     -5.0000        6.202     
      1.8750     -3.7500        6.130     
      1.8750     -2.5000        6.061     
      1.8750     -1.2500        6.003     
      1.8750      0.0000        5.946     
      1.8750      1.2500        5.869     
      1.8750      2.5000        5.715     
      1.8750      3.7500        5.180     
      1.8750      5.0000        3.704     
      1.8750      6.2500        3.262     
      1.8750      7.5000        3.155     
      1.8750      8.7500        3.127     
      1.8750     10.0000        3.127     
      1.8750     11.2500        3.146     
      1.8750     12.5000        3.187     
      1.8750     13.7500        3.237     
      1.8750     15.0000        3.277     
      1.8750     16.2500        3.300     
      1.8750     17.5000        0.000     
      1.8750     18.7500        0.000     

      2.8125    -20.0000        0.000     
      2.8125    -18.7500        0.000     
      2.8125    -17.5000        0.000     
      2.8125    -16.2500       0.3115     
      2.8125    -15.0000       0.2770     
      2.8125    -13.7500       0.2355     
      2.8125    -12.5000       0.1905     
      2.8125    -11.2500       0.1517     
      2.8125    -10.0000       0.1196     
      2.8125     -8.7500       0.8794E-001
      2.8125     -7.5000       0.5380E-001
      2.8125     -6.2500       0.2453E-001
      2.8125     -5.0000       0.4526E-004
      2.8125     -3.7500        6.254     
      2.8125     -2.5000        6.208     
      2.8125     -1.2500        6.138     
      2.8125      0.0000        5.946     
      2.8125      1.2500        3.813     
      2.8125      2.5000        3.301     
      2.8125      3.7500        3.226     
      2.8125      5.0000        3.195     
      2.8125      6.2500        3.182     
      2.8125      7.5000        3.187     
      2.8125      8.7500        3.205     
      2.8125     10.0000        3.227     
      2.8125     11.2500        3.255     
      2.8125     12.5000        3.294     
      2.8125     13.7500        3.340     
      2.8125     15.0000        3.381     
      2.8125     16.2500        3.411     
      2.8125     17.5000        0.000     
      2.8125     18.7500        0.000     

      3.7500    -20.0000        0.000     
      3.7500    -18.7500        0.000     
      3.7500    -17.5000        0.000     
      3.7500    -16.2500       0.2077     
      3.7500    -15.0000       0.1801     
      3.7500    -13.7500       0.1404     
      3.7500    -12.5000       0.9218E-001
      3.7500    -11.2500       0.5282E-001
      3.7500    -10.0000       0.3013E-001
      3.7500     -8.7500       0.2159E-001
      3.7500     -7.5000       0.2887E-001
      3.7500     -6.2500       0.7591E-001
      3.7500     -5.0000       0.2175     
      3.7500     -3.7500       0.7363     
      3.7500     -2.5000        2.185     
      3.7500     -1.2500        2.658     
      3.7500      0.0000        2.805     
      3.7500      1.2500        2.886     
      3.7500      2.5000        2.956     
      3.7500      3.7500        3.025     
      3.7500      5.0000        3.088     
      3.7500      6.2500        3.147     
      3.7500      7.5000        3.207     
      3.7500      8.7500        3.266     
      3.7500     10.0000        3.315     
      3.7500     11.2500        3.355     
      3.7500     12.5000        3.395     
      3.7500     13.7500        3.438     
      3.7500     15.0000        3.482     
      3.7500     16.2500        3.519     
      3.7500     17.5000        0.000     
      3.7500     18.7500        0.000     

      4.6875    -20.0000        0.000     
      4.6875    -18.7500        0.000     
      4.6875    -17.5000        0.000     
      4.6875    -16.2500       0.6206E-001
      4.6875    -15.0000       0.4215E-001
      4.6875    -13.7500       0.3135E-002
      4.6875    -12.5000        6.232     
      4.6875    -11.2500        6.188     
      4.6875    -10.0000        6.170     
      4.6875     -8.7500        6.181     
      4.6875     -7.5000        6.247     
      4.6875     -6.2500       0.3804     
      4.6875     -5.0000        2.296     
      4.6875     -3.7500        2.623     
      4.6875     -2.5000        2.716     
      4.6875     -1.2500        2.767     
      4.6875      0.0000        2.805     
      4.6875      1.2500        2.839     
      4.6875      2.5000        2.883     
      4.6875      3.7500        2.945     
      4.6875      5.0000        3.023     
      4.6875      6.2500        3.117     
      4.6875      7.5000        3.230     
      4.6875      8.7500        3.347     
      4.6875     10.0000        3.445     
      4.6875     11.2500        3.511     
      4.6875     12.5000        3.557     
      4.6875     13.7500        3.598     
      4.6875     15.0000        3.648     
      4.6875     16.2500        3.700     
      4.6875     17.5000        0.000     
      4.6875     18.7500        0.000     

      5.6250    -20.0000        0.000     
      5.6250    -18.7500        0.000     
      5.6250    -17.5000        0.000     
      5.6250    -16.2500        5.915     
      5.6250    -15.0000        5.899     
      5.6250    -13.7500        5.849     
      5.6250    -12.5000        5.768     
      5.6250    -11.2500        5.685     
      5.6250    -10.0000        5.590     
      5.6250     -8.7500        5.296     
      5.6250     -7.5000        3.564     
      5.6250     -6.2500        2.978     
      5.6250     -5.0000        2.860     
      5.6250     -3.7500        2.814     
      5.6250     -2.5000        2.798     
      5.6250     -1.2500        2.798     
      5.6250      0.0000        2.805     
      5.6250      1.2500        2.815     
      5.6250      2.5000        2.837     
      5.6250      3.7500        2.880     
      5.6250      5.0000        2.954     
      5.6250      6.2500        3.074     
      5.6250      7.5000        3.277     
      5.6250      8.7500        3.578     
      5.6250     10.0000        3.893     
      5.6250     11.2500        4.095     
      5.6250     12.5000        4.193     
      5.6250     13.7500        4.256     
      5.6250     15.0000        4.341     
      5.6250     16.2500        4.441     
      5.6250     17.5000        0.000     
      5.6250     18.7500        0.000     

      6.5625    -20.0000        0.000     
      6.5625    -18.7500        0.000     
      6.5625    -17.5000        0.000     
      6.5625    -16.2500        4.156     
      6.5625    -15.0000        4.067     
      6.5625    -13.7500        3.996     
      6.5625    -12.5000        3.945     
      6.5625    -11.2500        3.872     
      6.5625    -10.0000        3.724     
      6.5625     -8.7500        3.497     
      6.5625     -7.5000        3.262     
      6.5625     -6.2500        3.086     
      6.5625     -5.0000        2.970     
      6.5625     -3.7500        2.894     
      6.5625     -2.5000        2.846     
      6.5625     -1.2500        2.819     
      6.5625      0.0000        2.805     
      6.5625      1.2500        2.793     
      6.5625      2.5000        2.787     
      6.5625      3.7500        2.792     
      6.5625      5.0000        2.820     
      6.5625      6.2500        2.912     
      6.5625      7.5000        4.592     
      6.5625      8.7500        5.738     
      6.5625     10.0000        5.822     
      6.5625     11.2500        5.872     
      6.5625     12.5000        5.937     
      6.5625     13.7500        6.008     
      6.5625     15.0000        6.052     
      6.5625     16.2500        6.065     
      6.5625     17.5000        0.000     
      6.5625     18.7500        0.000     

      7.5000    -20.0000        0.000     
      7.5000    -18.7500        0.000     
      7.5000    -17.5000        0.000     
      7.5000    -16.2500        3.651     
      7.5000    -15.0000        3.601     
      7.5000    -13.7500        3.554     
      7.5000    -12.5000        3.512     
      7.5000    -11.2500        3.469     
      7.5000    -10.0000        3.411     
      7.5000     -8.7500        3.327     
      7.5000     -7.5000        3.225     
      7.5000     -6.2500        3.124     
      7.5000     -5.0000        3.035     
      7.5000     -3.7500        2.958     
      7.5000     -2.5000        2.894     
      7.5000     -1.2500        2.845     
      7.5000      0.0000        2.805     
      7.5000      1.2500        2.757     
      7.5000      2.5000        2.685     
      7.5000      3.7500        2.527     
      7.5000      5.0000        1.769     
      7.5000      6.2500       0.2287     
      7.5000      7.5000        6.270     
      7.5000      8.7500        6.217     
      7.5000     10.0000        6.210     
      7.5000     11.2500        6.227     
      7.5000     12.5000        6.270     
      7.5000     13.7500       0.3849E-001
      7.5000     15.0000       0.7834E-001
      7.5000     16.2500       0.9826E-001
      7.5000     17.5000        0.000     
      7.5000     18.7500        0.000     

      8.4375    -20.0000        0.000     
      8.4375    -18.7500        0.000     
      8.4375    -17.5000        0.000     
      8.4375    -16.2500        3.497     
      8.4375    -15.0000        3.459     
      8.4375    -13.7500        3.416     
      8.4375    -12.5000        3.372     
      8.4375    -11.2500        3.333     
      8.4375    -10.0000        3.296     
      8.4375     -8.7500        3.254     
      8.4375     -7.5000        3.203     
      8.4375     -6.2500        3.153     
      8.4375     -5.0000        3.104     
      8.4375     -3.7500        3.048     
      8.4375     -2.5000        2.982     
      8.4375     -1.2500        2.907     
      8.4375      0.0000        2.805     
      8.4375      1.2500        2.569     
      8.4375      2.5000        1.459     
      8.4375      3.7500       0.3708     
      8.4375      5.0000       0.1428     
      8.4375      6.2500       0.6127E-001
      8.4375      7.5000       0.3523E-001
      8.4375      8.7500       0.3646E-001
      8.4375     10.0000       0.4989E-001
      8.4375     11.2500       0.7373E-001
      8.4375     12.5000       0.1133     
      8.4375     13.7500       0.1601     
      8.4375     15.0000       0.2011     
      8.4375     16.2500       0.2282     
      8.4375     17.5000        0.000     
      8.4375     18.7500        0.000     

      9.3750    -20.0000        0.000     
      9.3750    -18.7500        0.000     
      9.3750    -17.5000        0.000     
      9.3750    -16.2500        3.392     
      9.3750    -15.0000        3.362     
      9.3750    -13.7500        3.321     
      9.3750    -12.5000        3.274     
      9.3750    -11.2500        3.236     
      9.3750    -10.0000        3.210     
      9.3750     -8.7500        3.192     
      9.3750     -7.5000        3.182     
      9.3750     -6.2500        3.192     
      9.3750     -5.0000        3.233     
      9.3750     -3.7500        3.331     
      9.3750     -2.5000        3.674     
      9.3750     -1.2500        5.416     
      9.3750      0.0000        5.946     
      9.3750      1.2500        6.080     
      9.3750      2.5000        6.158     
      9.3750      3.7500        6.218     
      9.3750      5.0000        6.263     
      9.3750      6.2500       0.1759E-001
      9.3750      7.5000       0.5801E-001
      9.3750      8.7500       0.9970E-001
      9.3750     10.0000       0.1371     
      9.3750     11.2500       0.1710     
      9.3750     12.5000       0.2105     
      9.3750     13.7500       0.2543     
      9.3750     15.0000       0.2972     
      9.3750     16.2500       0.3314     
      9.3750     17.5000        0.000     
      9.3750     18.7500        0.000     

     10.3125    -20.0000        0.000     
     10.3125    -18.7500        0.000     
     10.3125    -17.5000        0.000     
     10.3125    -16.2500        3.273     
     10.3125    -15.0000        3.250     
     10.3125    -13.7500        3.211     
     10.3125    -12.5000        3.159     
     10.3125    -11.2500        3.118     
     10.3125    -10.0000        3.100     
     10.3125     -8.7500        3.104     
     10.3125     -7.5000        3.143     
     10.3125     -6.2500        3.302     
     10.3125     -5.0000        4.167     
     10.3125     -3.7500        5.504     
     10.3125     -2.5000        5.783     
     10.3125     -1.2500        5.886     
     10.3125      0.0000        5.946     
     10.3125      1.2500        5.994     
     10.3125      2.5000        6.047     
     10.3125      3.7500        6.114     
     10.3125      5.0000        6.190     
     10.3125      6.2500        6.271     
     10.3125      7.5000       0.7836E-001
     10.3125      8.7500       0.1674     
     10.3125     10.0000       0.2407     
     10.3125     11.2500       0.2927     
     10.3125     12.5000       0.3347     
     10.3125     13.7500       0.3763     
     10.3125     15.0000       0.4231     
     10.3125     16.2500       0.4679     
     10.3125     17.5000        0.000     
     10.3125     18.7500        0.000     

     11.2500    -20.0000        0.000     
     11.2500    -18.7500        0.000     
     11.2500    -17.5000        0.000     
     11.2500    -16.2500        3.027     
     11.2500    -15.0000        3.012     
     11.2500    -13.7500        2.971     
     11.2500    -12.5000        2.907     
     11.2500    -11.2500        2.852     
     11.2500    -10.0000        2.822     
     11.2500     -8.7500        2.806     
     11.2500     -7.5000        2.791     
     11.2500     -6.2500        5.912     
     11.2500     -5.0000        5.907     
     11.2500     -3.7500        5.906     
     11.2500     -2.5000        5.915     
     11.2500     -1.2500        5.930     
     11.2500      0.0000        5.946     
     11.2500      1.2500        5.965     
     11.2500      2.5000        5.996     
     11.2500      3.7500        6.048     
     11.2500      5.0000        6.126     
     11.2500      6.2500        6.237     
     11.2500      7.5000       0.1099     
     11.2500      8.7500       0.3000     
     11.2500     10.0000       0.4749     
     11.2500     11.2500       0.5881     
     11.2500     12.5000       0.6485     
     11.2500     13.7500       0.6927     
     11.2500     15.0000       0.7550     
     11.2500     16.2500       0.8299     
     11.2500     17.5000        0.000     
     11.2500     18.7500        0.000     

     12.1875    -20.0000        0.000     
     12.1875    -18.7500        0.000     
     12.1875    -17.5000        0.000     
     12.1875    -16.2500        0.000     
     12.1875    -15.0000        1.625     
     12.1875    -13.7500        1.529     
     12.1875    -12.5000        1.441     
     12.1875    -11.2500        1.311     
     12.1875    -10.0000        1.037     
     12.1875     -8.7500       0.5739     
     12.1875     -7.5000       0.1560     
     12.1875     -6.2500        6.202     
     12.1875     -5.0000        6.077     
     12.1875     -3.7500        6.008     
     12.1875     -2.5000        5.969     
     12.1875     -1.2500        5.953     
     12.1875      0.0000        5.946     
     12.1875      1.2500        5.944     
     12.1875      2.5000        5.950     
     12.1875      3.7500        5.975     
     12.1875      5.0000        6.032     
     12.1875      6.2500        6.158     
     12.1875      7.5000       0.2525     
     12.1875      8.7500        1.400     
     12.1875     10.0000        2.053     
     12.1875     11.2500        2.244     
     12.1875     12.5000        2.355     
     12.1875     13.7500        2.450     
     12.1875     15.0000        2.513     
     12.1875     16.2500        2.540     
     12.1875     17.5000        0.000     
     12.1875     18.7500        0.000     

     13.1250    -20.0000        0.000     
     13.1250    -18.7500        0.000     
     13.1250    -17.5000        0.000     
     13.1250    -16.2500       0.6236     
     13.1250    -15.0000       0.5641     
     13.1250    -13.7500       0.5123     
     13.1250    -12.5000       0.4704     
     13.1250    -11.2500       0.4228     
     13.1250    -10.0000       0.3459     
     13.1250     -8.7500       0.2302     
     13.1250     -7.5000       0.9422E-001
     13.1250     -6.2500        6.252     
     13.1250     -5.0000        6.152     
     13.1250     -3.7500        6.073     
     13.1250     -2.5000        6.014     
     13.1250     -1.2500        5.975     
     13.1250      0.0000        5.946     
     13.1250      1.2500        5.917     
     13.1250      2.5000        5.881     
     13.1250      3.7500        5.827     
     13.1250      5.0000        5.691     
     13.1250      6.2500        4.043     
     13.1250      7.5000        3.070     
     13.1250      8.7500        2.991     
     13.1250     10.0000        2.980     
     13.1250     11.2500        2.998     
     13.1250     12.5000        3.045     
     13.1250     13.7500        3.101     
     13.1250     15.0000        3.141     
     13.1250     16.2500        3.157     
     13.1250     17.5000        0.000     
     13.1250     18.7500        0.000     

     14.0625    -20.0000        0.000     
     14.0625    -18.7500        0.000     
     14.0625    -17.5000        0.000     
     14.0625    -16.2500       0.4054     
     14.0625    -15.0000       0.3639     
     14.0625    -13.7500       0.3199     
     14.0625    -12.5000       0.2769     
     14.0625    -11.2500       0.2370     
     14.0625    -10.0000       0.1934     
     14.0625     -8.7500       0.1378     
     14.0625     -7.5000       0.6964E-001
     14.0625     -6.2500        6.283     
     14.0625     -5.0000        6.216     
     14.0625     -3.7500        6.147     
     14.0625     -2.5000        6.078     
     14.0625     -1.2500        6.014     
     14.0625      0.0000        5.946     
     14.0625      1.2500        5.843     
     14.0625      2.5000        5.594     
     14.0625      3.7500        4.551     
     14.0625      5.0000        3.481     
     14.0625      6.2500        3.236     
     14.0625      7.5000        3.163     
     14.0625      8.7500        3.146     
     14.0625     10.0000        3.151     
     14.0625     11.2500        3.171     
     14.0625     12.5000        3.212     
     14.0625     13.7500        3.260     
     14.0625     15.0000        3.300     
     14.0625     16.2500        3.325     
     14.0625     17.5000        0.000     
     14.0625     18.7500        0.000     

     15.0000    -20.0000        0.000     
     15.0000    -18.7500        0.000     
     15.0000    -17.5000        0.000     
     15.0000    -16.2500       0.2909     
     15.0000    -15.0000       0.2579     
     15.0000    -13.7500       0.2168     
     15.0000    -12.5000       0.1712     
     15.0000    -11.2500       0.1325     
     15.0000    -10.0000       0.1026     
     15.0000     -8.7500       0.7587E-001
     15.0000     -7.5000       0.4963E-001
     15.0000     -6.2500       0.3194E-001
     15.0000     -5.0000       0.2396E-001
     15.0000     -3.7500       0.1759E-001
     15.0000     -2.5000       0.5820E-002
     15.0000     -1.2500        6.279     
     15.0000      0.0000        0.000     
     15.0000      1.2500        3.137     
     15.0000      2.5000        3.148     
     15.0000      3.7500        3.159     
     15.0000      5.0000        3.166     
     15.0000      6.2500        3.173     
     15.0000      7.5000        3.191     
     15.0000      8.7500        3.217     
     15.0000     10.0000        3.244     
     15.0000     11.2500        3.274     
     15.0000     12.5000        3.313     
     15.0000     13.7500        3.358     
     15.0000     15.0000        3.400     
     15.0000     16.2500        3.431     
     15.0000     17.5000        0.000     
     15.0000     18.7500        0.000     

     15.9375    -20.0000        0.000     
     15.9375    -18.7500        0.000     
     15.9375    -17.5000        0.000     
     15.9375    -16.2500       0.1845     
     15.9375    -15.0000       0.1584     
     15.9375    -13.7500       0.1189     
     15.9375    -12.5000       0.6981E-001
     15.9375    -11.2500       0.3004E-001
     15.9375    -10.0000       0.8863E-002
     15.9375     -8.7500       0.4698E-002
     15.9375     -7.5000       0.2164E-001
     15.9375     -6.2500       0.9468E-001
     15.9375     -5.0000       0.3383     
     15.9375     -3.7500        1.410     
     15.9375     -2.5000        2.452     
     15.9375     -1.2500        2.702     
     15.9375      0.0000        2.805     
     15.9375      1.2500        2.872     
     15.9375      2.5000        2.936     
     15.9375      3.7500        3.005     
     15.9375      5.0000        3.074     
     15.9375      6.2500        3.141     
     15.9375      7.5000        3.211     
     15.9375      8.7500        3.279     
     15.9375     10.0000        3.335     
     15.9375     11.2500        3.378     
     15.9375     12.5000        3.419     
     15.9375     13.7500        3.461     
     15.9375     15.0000        3.506     
     15.9375     16.2500        3.546     
     15.9375     17.5000        0.000     
     15.9375     18.7500        0.000     

     16.8750    -20.0000        0.000     
     16.8750    -18.7500        0.000     
     16.8750    -17.5000        0.000     
     16.8750    -16.2500       0.1683E-001
     16.8750    -15.0000        6.282     
     16.8750    -13.7500        6.243     
     16.8750    -12.5000        6.186     
     16.8750    -11.2500        6.140     
     16.8750    -10.0000        6.121     
     16.8750     -8.7500        6.132     
     16.8750     -7.5000        6.211     
     16.8750     -6.2500       0.9036     
     16.8750     -5.0000        2.550     
     16.8750     -3.7500        2.686     
     16.8750     -2.5000        2.739     
     16.8750     -1.2500        2.775     
     16.8750      0.0000        2.805     
     16.8750      1.2500        2.833     
     16.8750      2.5000        2.873     
     16.8750      3.7500        2.932     
     16.8750      5.0000        3.011     
     16.8750      6.2500        3.111     
     16.8750      7.5000        3.236     
     16.8750      8.7500        3.372     
     16.8750     10.0000        3.488     
     16.8750     11.2500        3.564     
     16.8750     12.5000        3.612     
     16.8750     13.7500        3.654     
     16.8750     15.0000        3.706     
     16.8750     16.2500        3.764     
     16.8750     17.5000        0.000     
     16.8750     18.7500        0.000     

     17.8125    -20.0000        0.000     
     17.8125    -18.7500        0.000     
     17.8125    -17.5000        0.000     
     17.8125    -16.2500        5.682     
     17.8125    -15.0000        5.654     
     17.8125    -13.7500        5.591     
     17.8125    -12.5000        5.497     
     17.8125    -11.2500        5.385     
     17.8125    -10.0000        5.195     
     17.8125     -8.7500        4.541     
     17.8125     -7.5000        3.394     
     17.8125     -6.2500        3.016     
     17.8125     -5.0000        2.890     
     17.8125     -3.7500        2.834     
     17.8125     -2.5000        2.809     
     17.8125     -1.2500        2.802     
     17.8125      0.0000        2.805     
     17.8125      1.2500        2.811     
     17.8125      2.5000        2.828     
     17.8125      3.7500        2.866     
     17.8125      5.0000        2.936     
     17.8125      6.2500        3.060     
     17.8125      7.5000        3.298     
     17.8125      8.7500        3.715     
     17.8125     10.0000        4.179     
     17.8125     11.2500        4.452     
     17.8125     12.5000        4.583     
     17.8125     13.7500        4.670     
     17.8125     15.0000        4.766     
     17.8125     16.2500        0.000     
     17.8125     17.5000        0.000     
     17.8125     18.7500        0.000     

     18.7500    -20.0000        0.000     
     18.7500    -18.7500        0.000     
     18.7500    -17.5000        0.000     
     18.7500    -16.2500        3.973     
     18.7500    -15.0000        3.896     
     18.7500    -13.7500        3.835     
     18.7500    -12.5000        3.790     
     18.7500    -11.2500        3.730     
     18.7500    -10.0000        3.616     
     18.7500     -8.7500        3.442     
     18.7500     -7.5000        3.251     
     18.7500     -6.2500        3.095     
     18.7500     -5.0000        2.984     
     18.7500     -3.7500        2.906     
     18.7500     -2.5000        2.854     
     18.7500     -1.2500        2.824     
     18.7500      0.0000        2.805     
     18.7500      1.2500        2.788     
     18.7500      2.5000        2.773     
     18.7500      3.7500        2.765     
     18.7500      5.0000        2.765     
     18.7500      6.2500        2.771     
     18.7500      7.5000        5.934     
     18.7500      8.7500        5.947     
     18.7500     10.0000        5.963     
     18.7500     11.2500        5.993     
     18.7500     12.5000        6.049     
     18.7500     13.7500        6.113     
     18.7500     15.0000        6.154     
     18.7500     16.2500        6.168     
     18.7500     17.5000        0.000     
     18.7500     18.7500        0.000     

     19.6875    -20.0000        0.000     
     19.6875    -18.7500        0.000     
     19.6875    -17.5000        0.000     
     19.6875    -16.2500        3.611     
     19.6875    -15.0000        3.564     
     19.6875    -13.7500        3.518     
     19.6875    -12.5000        3.476     
     19.6875    -11.2500        3.435     
     19.6875    -10.0000        3.382     
     19.6875     -8.7500        3.309     
     19.6875     -7.5000        3.220     
     19.6875     -6.2500        3.130     
     19.6875     -5.0000        3.048     
     19.6875     -3.7500        2.973     
     19.6875     -2.5000        2.906     
     19.6875     -1.2500        2.852     
     19.6875      0.0000        2.805     
     19.6875      1.2500        2.745     
     19.6875      2.5000        2.641     
     19.6875      3.7500        2.362     
     19.6875      5.0000        1.026     
     19.6875      6.2500       0.1600     
     19.6875      7.5000       0.1818E-002
     19.6875      8.7500        6.245     
     19.6875     10.0000        6.241     
     19.6875     11.2500        6.260     
     19.6875     12.5000       0.1812E-001
     19.6875     13.7500       0.6868E-001
     19.6875     15.0000       0.1087     
     19.6875     16.2500       0.1301     
     19.6875     17.5000        0.000     
     19.6875     18.7500        0.000     

     20.6250    -20.0000        0.000     
     20.6250    -18.7500        0.000     
     20.6250    -17.5000        0.000     
     20.6250    -16.2500        3.474     
     20.6250    -15.0000        3.438     
     20.6250    -13.7500        3.396     
     20.6250    -12.5000        3.352     
     20.6250    -11.2500        3.313     
     20.6250    -10.0000        3.278     
     20.6250     -8.7500        3.242     
     20.6250     -7.5000        3.199     
     20.6250     -6.2500        3.159     
     20.6250     -5.0000        3.121     
     20.6250     -3.7500        3.076     
     20.6250     -2.5000        3.016     
     20.6250     -1.2500        2.939     
     20.6250      0.0000        2.805     
     20.6250      1.2500        2.274     
     20.6250      2.5000       0.5330     
     20.6250      3.7500       0.1886     
     20.6250      5.0000       0.9145E-001
     20.6250      6.2500       0.4973E-001
     20.6250      7.5000       0.4059E-001
     20.6250      8.7500       0.5030E-001
     20.6250     10.0000       0.6821E-001
     20.6250     11.2500       0.9378E-001
     20.6250     12.5000       0.1332     
     20.6250     13.7500       0.1793     
     20.6250     15.0000       0.2206     
     20.6250     16.2500       0.2490     
     20.6250     17.5000        0.000     
     20.6250     18.7500        0.000     

     21.5625    -20.0000        0.000     
     21.5625    -18.7500        0.000     
     21.5625    -17.5000        0.000     
     21.5625    -16.2500        3.371     
     21.5625    -15.0000        3.342     
     21.5625    -13.7500        3.302     
     21.5625    -12.5000        3.255     
     21.5625    -11.2500        3.216     
     21.5625    -10.0000        3.191     
     21.5625     -8.7500        3.178     
     21.5625     -7.5000        3.177     
     21.5625     -6.2500        3.203     
     21.5625     -5.0000        3.284     
     21.5625     -3.7500        3.513     
     21.5625     -2.5000        4.599     
     21.5625     -1.2500        5.710     
     21.5625      0.0000        5.946     
     21.5625      1.2500        6.048     
     21.5625      2.5000        6.123     
     21.5625      3.7500        6.190     
     21.5625      5.0000        6.246     
     21.5625      6.2500       0.1131E-001
     21.5625      7.5000       0.6193E-001
     21.5625      8.7500       0.1118     
     21.5625     10.0000       0.1548     
     21.5625     11.2500       0.1914     
     21.5625     12.5000       0.2311     
     21.5625     13.7500       0.2744     
     21.5625     15.0000       0.3179     
     21.5625     16.2500       0.3538     
     21.5625     17.5000        0.000     
     21.5625     18.7500        0.000     

     22.5000    -20.0000        0.000     
     22.5000    -18.7500        0.000     
     22.5000    -17.5000        0.000     
     22.5000    -16.2500        3.241     
     22.5000    -15.0000        3.219     
     22.5000    -13.7500        3.180     
     22.5000    -12.5000        3.128     
     22.5000    -11.2500        3.086     
     22.5000    -10.0000        3.068     
     22.5000     -8.7500        3.076     
     22.5000     -7.5000        3.128     
     22.5000     -6.2500        3.371     
     22.5000     -5.0000        4.910     
     22.5000     -3.7500        5.668     
     22.5000     -2.5000        5.826     
     22.5000     -1.2500        5.899     
     22.5000      0.0000        5.946     
     22.5000      1.2500        5.987     
     22.5000      2.5000        6.035     
     22.5000      3.7500        6.100     
     22.5000      5.0000        6.177     
     22.5000      6.2500        6.265     
     22.5000      7.5000       0.8311E-001
     22.5000      8.7500       0.1851     
     22.5000     10.0000       0.2694     
     22.5000     11.2500       0.3275     
     22.5000     12.5000       0.3709     
     22.5000     13.7500       0.4121     
     22.5000     15.0000       0.4604     
     22.5000     16.2500       0.5086     
     22.5000     17.5000        0.000     
     22.5000     18.7500        0.000     

     23.4375    -20.0000        0.000     
     23.4375    -18.7500        0.000     
     23.4375    -17.5000        0.000     
     23.4375    -16.2500        2.924     
     23.4375    -15.0000        2.910     
     23.4375    -13.7500        2.866     
     23.4375    -12.5000        2.796     
     23.4375    -11.2500        2.730     
     23.4375    -10.0000        2.681     
     23.4375     -8.7500        2.597     
     23.4375     -7.5000        1.452     
     23.4375     -6.2500        6.054     
     23.4375     -5.0000        5.961     
     23.4375     -3.7500        5.934     
     23.4375     -2.5000        5.928     
     23.4375     -1.2500        5.935     
     23.4375      0.0000        5.946     
     23.4375      1.2500        5.961     
     23.4375      2.5000        5.987     
     23.4375      3.7500        6.035     
     23.4375      5.0000        6.111     
     23.4375      6.2500        6.227     
     23.4375      7.5000       0.1208     
     23.4375      8.7500       0.3548     
     23.4375     10.0000       0.5826     
     23.4375     11.2500       0.7300     
     23.4375     12.5000       0.8039     
     23.4375     13.7500       0.8538     
     23.4375     15.0000       0.9253     
     23.4375     16.2500        1.013     
     23.4375     17.5000        0.000     
     23.4375     18.7500        0.000     

     24.3750    -20.0000        0.000     
     24.3750    -18.7500        0.000     
     24.3750    -17.5000        0.000     
     24.3750    -16.2500        1.300     
     24.3750    -15.0000        1.199     
     24.3750    -13.7500        1.115     
     24.3750    -12.5000        1.051     
     24.3750    -11.2500       0.9535     
     24.3750    -10.0000       0.7515     
     24.3750     -8.7500       0.4369     
     24.3750     -7.5000       0.1351     
     24.3750     -6.2500        6.216     
     24.3750     -5.0000        6.095     
     24.3750     -3.7500        6.022     
     24.3750     -2.5000        5.978     
     24.3750     -1.2500        5.957     
     24.3750      0.0000        5.946     
     24.3750      1.2500        5.940     
     24.3750      2.5000        5.940     
     24.3750      3.7500        5.956     
     24.3750      5.0000        6.001     
     24.3750      6.2500        6.120     
     24.3750      7.5000       0.4215     
     24.3750      8.7500        2.155     
     24.3750     10.0000        2.449     
     24.3750     11.2500        2.544     
     24.3750     12.5000        2.626     
     24.3750     13.7500        2.707     
     24.3750     15.0000        2.757     
     24.3750     16.2500        2.773     
     24.3750     17.5000        0.000     
     24.3750     18.7500        0.000     

     25.3125    -20.0000        0.000     
     25.3125    -18.7500        0.000     
     25.3125    -17.5000        0.000     
     25.3125    -16.2500       0.5597     
     25.3125    -15.0000       0.5056     
     25.3125    -13.7500       0.4564     
     25.3125    -12.5000       0.4146     
     25.3125    -11.2500       0.3700     
     25.3125    -10.0000       0.3035     
     25.3125     -8.7500       0.2057     
     25.3125     -7.5000       0.8822E-001
     25.3125     -6.2500        6.259     
     25.3125     -5.0000        6.165     
     25.3125     -3.7500        6.086     
     25.3125     -2.5000        6.024     
     25.3125     -1.2500        5.980     
     25.3125      0.0000        5.946     
     25.3125      1.2500        5.909     
     25.3125      2.5000        5.857     
     25.3125      3.7500        5.764     
     25.3125      5.0000        5.438     
     25.3125      6.2500        3.521     
     25.3125      7.5000        3.106     
     25.3125      8.7500        3.039     
     25.3125     10.0000        3.029     
     25.3125     11.2500        3.046     
     25.3125     12.5000        3.091     
     25.3125     13.7500        3.144     
     25.3125     15.0000        3.184     
     25.3125     16.2500        3.203     
     25.3125     17.5000        0.000     
     25.3125     18.7500        0.000     

     26.2500    -20.0000        0.000     
     26.2500    -18.7500        0.000     
     26.2500    -17.5000        0.000     
     26.2500    -16.2500       0.3790     
     26.2500    -15.0000       0.3395     
     26.2500    -13.7500       0.2964     
     26.2500    -12.5000       0.2528     
     26.2500    -11.2500       0.2134     
     26.2500    -10.0000       0.1733     
     26.2500     -8.7500       0.1246     
     26.2500     -7.5000       0.6565E-001
     26.2500     -6.2500       0.5502E-002
     26.2500     -5.0000        6.230     
     26.2500     -3.7500        6.167     
     26.2500     -2.5000        6.098     
     26.2500     -1.2500        6.028     
     26.2500      0.0000        5.946     
     26.2500      1.2500        5.800     
     26.2500      2.5000        5.327     
     26.2500      3.7500        3.877     
     26.2500      5.0000        3.359     
     26.2500      6.2500        3.217     
     26.2500      7.5000        3.171     
     26.2500      8.7500        3.163     
     26.2500     10.0000        3.172     
     26.2500     11.2500        3.194     
     26.2500     12.5000        3.234     
     26.2500     13.7500        3.282     
     26.2500     15.0000        3.322     
     26.2500     16.2500        3.348     
     26.2500     17.5000        0.000     
     26.2500     18.7500        0.000     

     27.1875    -20.0000        0.000     
     27.1875    -18.7500        0.000     
     27.1875    -17.5000        0.000     
     27.1875    -16.2500       0.2707     
     27.1875    -15.0000       0.2390     
     27.1875    -13.7500       0.1983     
     27.1875    -12.5000       0.1522     
     27.1875    -11.2500       0.1134     
     27.1875    -10.0000       0.8549E-001
     27.1875     -8.7500       0.6348E-001
     27.1875     -7.5000       0.4519E-001
     27.1875     -6.2500       0.4029E-001
     27.1875     -5.0000       0.5338E-001
     27.1875     -3.7500       0.8476E-001
     27.1875     -2.5000       0.1593     
     27.1875     -1.2500       0.6736     
     27.1875      0.0000        2.804     
     27.1875      1.2500        2.997     
     27.1875      2.5000        3.067     
     27.1875      3.7500        3.112     
     27.1875      5.0000        3.142     
     27.1875      6.2500        3.166     
     27.1875      7.5000        3.196     
     27.1875      8.7500        3.229     
     27.1875     10.0000        3.261     
     27.1875     11.2500        3.293     
     27.1875     12.5000        3.332     
     27.1875     13.7500        3.377     
     27.1875     15.0000        3.419     
     27.1875     16.2500        3.452     
     27.1875     17.5000        0.000     
     27.1875     18.7500        0.000     

     28.1250    -20.0000        0.000     
     28.1250    -18.7500        0.000     
     28.1250    -17.5000        0.000     
     28.1250    -16.2500       0.1594     
     28.1250    -15.0000       0.1346     
     28.1250    -13.7500       0.9534E-001
     28.1250    -12.5000       0.4531E-001
     28.1250    -11.2500       0.4967E-002
     28.1250    -10.0000        6.268     
     28.1250     -8.7500        6.268     
     28.1250     -7.5000       0.1281E-001
     28.1250     -6.2500       0.1208     
     28.1250     -5.0000       0.5613     
     28.1250     -3.7500        2.039     
     28.1250     -2.5000        2.573     
     28.1250     -1.2500        2.727     
     28.1250      0.0000        2.805     
     28.1250      1.2500        2.861     
     28.1250      2.5000        2.920     
     28.1250      3.7500        2.988     
     28.1250      5.0000        3.061     
     28.1250      6.2500        3.135     
     28.1250      7.5000        3.216     
     28.1250      8.7500        3.293     
     28.1250     10.0000        3.357     
     28.1250     11.2500        3.404     
     28.1250     12.5000        3.446     
     28.1250     13.7500        3.488     
     28.1250     15.0000        3.533     
     28.1250     16.2500        3.575     
     28.1250     17.5000        0.000     
     28.1250     18.7500        0.000     

     29.0625    -20.0000        0.000     
     29.0625    -18.7500        0.000     
     29.0625    -17.5000        0.000     
     29.0625    -16.2500        6.243     
     29.0625    -15.0000        6.227     
     29.0625    -13.7500        6.187     
     29.0625    -12.5000        6.127     
     29.0625    -11.2500        6.078     
     29.0625    -10.0000        6.056     
     29.0625     -8.7500        6.061     
     29.0625     -7.5000        6.140     
     29.0625     -6.2500        2.299     
     29.0625     -5.0000        2.684     
     29.0625     -3.7500        2.731     
     29.0625     -2.5000        2.758     
     29.0625     -1.2500        2.782     
     29.0625      0.0000        2.805     
     29.0625      1.2500        2.828     
     29.0625      2.5000        2.863     
     29.0625      3.7500        2.919     
     29.0625      5.0000        2.998     
     29.0625      6.2500        3.103     
     29.0625      7.5000        3.243     
     29.0625      8.7500        3.402     
     29.0625     10.0000        3.542     
     29.0625     11.2500        3.634     
     29.0625     12.5000        3.686     
     29.0625     13.7500        3.728     
     29.0625     15.0000        3.785     
     29.0625     16.2500        3.850     
     29.0625     17.5000        0.000     
     29.0625     18.7500        0.000     

