    -30.0000    -20.0000        0.000     
    -30.0000    -18.7500        0.000     
    -30.0000    -17.5000        0.000     
    -30.0000    -16.2500        3.884     
    -30.0000    -15.0000        3.831     
    -30.0000    -13.7500        3.733     
    -30.0000    -12.5000        3.565     
    -30.0000    -11.2500        3.341     
    -30.0000    -10.0000        3.068     
    -30.0000     -8.7500        2.709     
    -30.0000     -7.5000        2.275     
    -30.0000     -6.2500        1.898     
    -30.0000     -5.0000        1.656     
    -30.0000     -3.7500        1.523     
    -30.0000     -2.5000        1.457     
    -30.0000     -1.2500        1.430     
    -30.0000      0.0000        1.424     
    -30.0000      1.2500        1.430     
    -30.0000      2.5000        1.457     
    -30.0000      3.7500        1.523     
    -30.0000      5.0000        1.656     
    -30.0000      6.2500        1.898     
    -30.0000      7.5000        2.275     
    -30.0000      8.7500        2.709     
    -30.0000     10.0000        3.068     
    -30.0000     11.2500        3.341     
    -30.0000     12.5000        3.565     
    -30.0000     13.7500        3.733     
    -30.0000     15.0000        3.831     
    -30.0000     16.2500        3.884     
    -30.0000     17.5000        0.000     
    -30.0000     18.7500        0.000     

    -29.0625    -20.0000        0.000     
    -29.0625    -18.7500        0.000     
    -29.0625    -17.5000        0.000     
    -29.0625    -16.2500        5.087     
    -29.0625    -15.0000        5.105     
    -29.0625    -13.7500        5.108     
    -29.0625    -12.5000        5.082     
    -29.0625    -11.2500        5.048     
    -29.0625    -10.0000        5.115     
    -29.0625     -8.7500        5.612     
    -29.0625     -7.5000       0.4226     
    -29.0625     -6.2500       0.8564     
    -29.0625     -5.0000        1.015     
    -29.0625     -3.7500        1.116     
    -29.0625     -2.5000        1.211     
    -29.0625     -1.2500        1.314     
    -29.0625      0.0000        1.424     
    -29.0625      1.2500        1.540     
    -29.0625      2.5000        1.672     
    -29.0625      3.7500        1.835     
    -29.0625      5.0000        2.037     
    -29.0625      6.2500        2.264     
    -29.0625      7.5000        2.486     
    -29.0625      8.7500        2.667     
    -29.0625     10.0000        2.802     
    -29.0625     11.2500        2.904     
    -29.0625     12.5000        2.999     
    -29.0625     13.7500        3.090     
    -29.0625     15.0000        3.166     
    -29.0625     16.2500        3.218     
    -29.0625     17.5000        0.000     
    -29.0625     18.7500        0.000     

    -28.1250    -20.0000        0.000     
    -28.1250    -18.7500        0.000     
    -28.1250    -17.5000        0.000     
    -28.1250    -16.2500        5.600     
    -28.1250    -15.0000        5.602     
    -28.1250    -13.7500        5.590     
    -28.1250    -12.5000        5.575     
    -28.1250    -11.2500        5.575     
    -28.1250    -10.0000        5.630     
    -28.1250     -8.7500        5.756     
    -28.1250     -7.5000        5.949     
    -28.1250     -6.2500        6.196     
    -28.1250     -5.0000       0.1911     
    -28.1250     -3.7500       0.4781     
    -28.1250     -2.5000       0.7782     
    -28.1250     -1.2500        1.099     
    -28.1250      0.0000        1.424     
    -28.1250      1.2500        1.717     
    -28.1250      2.5000        1.959     
    -28.1250      3.7500        2.159     
    -28.1250      5.0000        2.325     
    -28.1250      6.2500        2.462     
    -28.1250      7.5000        2.572     
    -28.1250      8.7500        2.652     
    -28.1250     10.0000        2.707     
    -28.1250     11.2500        2.752     
    -28.1250     12.5000        2.804     
    -28.1250     13.7500        2.862     
    -28.1250     15.0000        2.915     
    -28.1250     16.2500        2.950     
    -28.1250     17.5000        0.000     
    -28.1250     18.7500        0.000     

    -27.1875    -20.0000        0.000     
    -27.1875    -18.7500        0.000     
    -27.1875    -17.5000        0.000     
    -27.1875    -16.2500        5.834     
    -27.1875    -15.0000        5.819     
    -27.1875    -13.7500        5.790     
    -27.1875    -12.5000        5.758     
    -27.1875    -11.2500        5.739     
    -27.1875    -10.0000        5.747     
    -27.1875     -8.7500        5.777     
    -27.1875     -7.5000        5.817     
    -27.1875     -6.2500        5.863     
    -27.1875     -5.0000        5.922     
    -27.1875     -3.7500        5.996     
    -27.1875     -2.5000        6.106     
    -27.1875     -1.2500       0.7670E-001
    -27.1875      0.0000        1.423     
    -27.1875      1.2500        2.385     
    -27.1875      2.5000        2.553     
    -27.1875      3.7500        2.607     
    -27.1875      5.0000        2.629     
    -27.1875      6.2500        2.638     
    -27.1875      7.5000        2.643     
    -27.1875      8.7500        2.641     
    -27.1875     10.0000        2.637     
    -27.1875     11.2500        2.643     
    -27.1875     12.5000        2.671     
    -27.1875     13.7500        2.709     
    -27.1875     15.0000        2.745     
    -27.1875     16.2500        2.766     
    -27.1875     17.5000        0.000     
    -27.1875     18.7500        0.000     

    -26.2500    -20.0000        0.000     
    -26.2500    -18.7500        0.000     
    -26.2500    -17.5000        0.000     
    -26.2500    -16.2500        6.014     
    -26.2500    -15.0000        5.985     
    -26.2500    -13.7500        5.940     
    -26.2500    -12.5000        5.890     
    -26.2500    -11.2500        5.849     
    -26.2500    -10.0000        5.821     
    -26.2500     -8.7500        5.789     
    -26.2500     -7.5000        5.742     
    -26.2500     -6.2500        5.672     
    -26.2500     -5.0000        5.581     
    -26.2500     -3.7500        5.456     
    -26.2500     -2.5000        5.278     
    -26.2500     -1.2500        4.999     
    -26.2500      0.0000        4.566     
    -26.2500      1.2500        4.042     
    -26.2500      2.5000        3.611     
    -26.2500      3.7500        3.303     
    -26.2500      5.0000        3.074     
    -26.2500      6.2500        2.888     
    -26.2500      7.5000        2.739     
    -26.2500      8.7500        2.625     
    -26.2500     10.0000        2.547     
    -26.2500     11.2500        2.513     
    -26.2500     12.5000        2.519     
    -26.2500     13.7500        2.542     
    -26.2500     15.0000        2.560     
    -26.2500     16.2500        2.568     
    -26.2500     17.5000        0.000     
    -26.2500     18.7500        0.000     

    -25.3125    -20.0000        0.000     
    -25.3125    -18.7500        0.000     
    -25.3125    -17.5000        0.000     
    -25.3125    -16.2500        6.231     
    -25.3125    -15.0000        6.187     
    -25.3125    -13.7500        6.122     
    -25.3125    -12.5000        6.047     
    -25.3125    -11.2500        5.974     
    -25.3125    -10.0000        5.899     
    -25.3125     -8.7500        5.802     
    -25.3125     -7.5000        5.667     
    -25.3125     -6.2500        5.493     
    -25.3125     -5.0000        5.298     
    -25.3125     -3.7500        5.099     
    -25.3125     -2.5000        4.912     
    -25.3125     -1.2500        4.737     
    -25.3125      0.0000        4.565     
    -25.3125      1.2500        4.392     
    -25.3125      2.5000        4.218     
    -25.3125      3.7500        4.036     
    -25.3125      5.0000        3.818     
    -25.3125      6.2500        3.497     
    -25.3125      7.5000        3.034     
    -25.3125      8.7500        2.578     
    -25.3125     10.0000        2.314     
    -25.3125     11.2500        2.223     
    -25.3125     12.5000        2.220     
    -25.3125     13.7500        2.232     
    -25.3125     15.0000        2.229     
    -25.3125     16.2500        2.218     
    -25.3125     17.5000        0.000     
    -25.3125     18.7500        0.000     

    -24.3750    -20.0000        0.000     
    -24.3750    -18.7500        0.000     
    -24.3750    -17.5000        0.000     
    -24.3750    -16.2500       0.3836     
    -24.3750    -15.0000       0.3236     
    -24.3750    -13.7500       0.2279     
    -24.3750    -12.5000       0.9640E-001
    -24.3750    -11.2500        6.228     
    -24.3750    -10.0000        6.053     
    -24.3750     -8.7500        5.826     
    -24.3750     -7.5000        5.536     
    -24.3750     -6.2500        5.226     
    -24.3750     -5.0000        4.970     
    -24.3750     -3.7500        4.794     
    -24.3750     -2.5000        4.683     
    -24.3750     -1.2500        4.613     
    -24.3750      0.0000        4.565     
    -24.3750      1.2500        4.529     
    -24.3750      2.5000        4.509     
    -24.3750      3.7500        4.520     
    -24.3750      5.0000        4.583     
    -24.3750      6.2500        4.743     
    -24.3750      7.5000        5.132     
    -24.3750      8.7500        5.929     
    -24.3750     10.0000       0.3631     
    -24.3750     11.2500       0.7714     
    -24.3750     12.5000        1.034     
    -24.3750     13.7500        1.182     
    -24.3750     15.0000        1.236     
    -24.3750     16.2500        1.255     
    -24.3750     17.5000        0.000     
    -24.3750     18.7500        0.000     

    -23.4375    -20.0000        0.000     
    -23.4375    -18.7500        0.000     
    -23.4375    -17.5000        0.000     
    -23.4375    -16.2500        1.521     
    -23.4375    -15.0000        1.522     
    -23.4375    -13.7500        1.498     
    -23.4375    -12.5000        1.401     
    -23.4375    -11.2500        1.210     
    -23.4375    -10.0000       0.8966     
    -23.4375     -8.7500        6.132     
    -23.4375     -7.5000        4.790     
    -23.4375     -6.2500        4.532     
    -23.4375     -5.0000        4.455     
    -23.4375     -3.7500        4.440     
    -23.4375     -2.5000        4.461     
    -23.4375     -1.2500        4.506     
    -23.4375      0.0000        4.565     
    -23.4375      1.2500        4.635     
    -23.4375      2.5000        4.725     
    -23.4375      3.7500        4.856     
    -23.4375      5.0000        5.045     
    -23.4375      6.2500        5.295     
    -23.4375      7.5000        5.573     
    -23.4375      8.7500        5.819     
    -23.4375     10.0000        6.007     
    -23.4375     11.2500        6.151     
    -23.4375     12.5000        6.279     
    -23.4375     13.7500       0.1111     
    -23.4375     15.0000       0.2003     
    -23.4375     16.2500       0.2584     
    -23.4375     17.5000        0.000     
    -23.4375     18.7500        0.000     

    -22.5000    -20.0000        0.000     
    -22.5000    -18.7500        0.000     
    -22.5000    -17.5000        0.000     
    -22.5000    -16.2500        2.313     
    -22.5000    -15.0000        2.322     
    -22.5000    -13.7500        2.319     
    -22.5000    -12.5000        2.308     
    -22.5000    -11.2500        2.313     
    -22.5000    -10.0000        2.393     
    -22.5000     -8.7500        2.595     
    -22.5000     -7.5000        2.927     
    -22.5000     -6.2500        3.313     
    -22.5000     -5.0000        3.647     
    -22.5000     -3.7500        3.909     
    -22.5000     -2.5000        4.135     
    -22.5000     -1.2500        4.351     
    -22.5000      0.0000        4.565     
    -22.5000      1.2500        4.771     
    -22.5000      2.5000        4.968     
    -22.5000      3.7500        5.163     
    -22.5000      5.0000        5.354     
    -22.5000      6.2500        5.532     
    -22.5000      7.5000        5.684     
    -22.5000      8.7500        5.799     
    -22.5000     10.0000        5.881     
    -22.5000     11.2500        5.945     
    -22.5000     12.5000        6.010     
    -22.5000     13.7500        6.078     
    -22.5000     15.0000        6.139     
    -22.5000     16.2500        6.180     
    -22.5000     17.5000        0.000     
    -22.5000     18.7500        0.000     

    -21.5625    -20.0000        0.000     
    -21.5625    -18.7500        0.000     
    -21.5625    -17.5000        0.000     
    -21.5625    -16.2500        2.612     
    -21.5625    -15.0000        2.603     
    -21.5625    -13.7500        2.580     
    -21.5625    -12.5000        2.555     
    -21.5625    -11.2500        2.544     
    -21.5625    -10.0000        2.569     
    -21.5625     -8.7500        2.629     
    -21.5625     -7.5000        2.715     
    -21.5625     -6.2500        2.824     
    -21.5625     -5.0000        2.965     
    -21.5625     -3.7500        3.146     
    -21.5625     -2.5000        3.413     
    -21.5625     -1.2500        3.871     
    -21.5625      0.0000        4.565     
    -21.5625      1.2500        5.111     
    -21.5625      2.5000        5.392     
    -21.5625      3.7500        5.545     
    -21.5625      5.0000        5.640     
    -21.5625      6.2500        5.707     
    -21.5625      7.5000        5.756     
    -21.5625      8.7500        5.787     
    -21.5625     10.0000        5.807     
    -21.5625     11.2500        5.828     
    -21.5625     12.5000        5.864     
    -21.5625     13.7500        5.910     
    -21.5625     15.0000        5.952     
    -21.5625     16.2500        5.979     
    -21.5625     17.5000        0.000     
    -21.5625     18.7500        0.000     

    -20.6250    -20.0000        0.000     
    -20.6250    -18.7500        0.000     
    -20.6250    -17.5000        0.000     
    -20.6250    -16.2500        2.801     
    -20.6250    -15.0000        2.778     
    -20.6250    -13.7500        2.738     
    -20.6250    -12.5000        2.697     
    -20.6250    -11.2500        2.665     
    -20.6250    -10.0000        2.651     
    -20.6250     -8.7500        2.643     
    -20.6250     -7.5000        2.628     
    -20.6250     -6.2500        2.601     
    -20.6250     -5.0000        2.562     
    -20.6250     -3.7500        2.500     
    -20.6250     -2.5000        2.388     
    -20.6250     -1.2500        2.133     
    -20.6250      0.0000        1.424     
    -20.6250      1.2500       0.4660     
    -20.6250      2.5000       0.5115E-001
    -20.6250      3.7500        6.137     
    -20.6250      5.0000        6.009     
    -20.6250      6.2500        5.911     
    -20.6250      7.5000        5.835     
    -20.6250      8.7500        5.774     
    -20.6250     10.0000        5.730     
    -20.6250     11.2500        5.714     
    -20.6250     12.5000        5.728     
    -20.6250     13.7500        5.757     
    -20.6250     15.0000        5.783     
    -20.6250     16.2500        5.796     
    -20.6250     17.5000        0.000     
    -20.6250     18.7500        0.000     

    -19.6875    -20.0000        0.000     
    -19.6875    -18.7500        0.000     
    -19.6875    -17.5000        0.000     
    -19.6875    -16.2500        2.991     
    -19.6875    -15.0000        2.954     
    -19.6875    -13.7500        2.898     
    -19.6875    -12.5000        2.835     
    -19.6875    -11.2500        2.777     
    -19.6875    -10.0000        2.723     
    -19.6875     -8.7500        2.655     
    -19.6875     -7.5000        2.558     
    -19.6875     -6.2500        2.427     
    -19.6875     -5.0000        2.269     
    -19.6875     -3.7500        2.088     
    -19.6875     -2.5000        1.889     
    -19.6875     -1.2500        1.669     
    -19.6875      0.0000        1.424     
    -19.6875      1.2500        1.161     
    -19.6875      2.5000       0.8952     
    -19.6875      3.7500       0.6275     
    -19.6875      5.0000       0.3423     
    -19.6875      6.2500       0.2621E-001
    -19.6875      7.5000        5.999     
    -19.6875      8.7500        5.748     
    -19.6875     10.0000        5.589     
    -19.6875     11.2500        5.523     
    -19.6875     12.5000        5.519     
    -19.6875     13.7500        5.532     
    -19.6875     15.0000        5.538     
    -19.6875     16.2500        5.535     
    -19.6875     17.5000        0.000     
    -19.6875     18.7500        0.000     

    -18.7500    -20.0000        0.000     
    -18.7500    -18.7500        0.000     
    -18.7500    -17.5000        0.000     
    -18.7500    -16.2500        3.299     
    -18.7500    -15.0000        3.245     
    -18.7500    -13.7500        3.162     
    -18.7500    -12.5000        3.060     
    -18.7500    -11.2500        2.951     
    -18.7500    -10.0000        2.830     
    -18.7500     -8.7500        2.672     
    -18.7500     -7.5000        2.461     
    -18.7500     -6.2500        2.213     
    -18.7500     -5.0000        1.972     
    -18.7500     -3.7500        1.775     
    -18.7500     -2.5000        1.627     
    -18.7500     -1.2500        1.516     
    -18.7500      0.0000        1.424     
    -18.7500      1.2500        1.340     
    -18.7500      2.5000        1.268     
    -18.7500      3.7500        1.212     
    -18.7500      5.0000        1.172     
    -18.7500      6.2500        1.136     
    -18.7500      7.5000        1.039     
    -18.7500      8.7500        5.167     
    -18.7500     10.0000        4.696     
    -18.7500     11.2500        4.759     
    -18.7500     12.5000        4.853     
    -18.7500     13.7500        4.906     
    -18.7500     15.0000        4.909     
    -18.7500     16.2500        4.897     
    -18.7500     17.5000        0.000     
    -18.7500     18.7500        0.000     

    -17.8125    -20.0000        0.000     
    -17.8125    -18.7500        0.000     
    -17.8125    -17.5000        0.000     
    -17.8125    -16.2500        4.127     
    -17.8125    -15.0000        4.088     
    -17.8125    -13.7500        4.005     
    -17.8125    -12.5000        3.832     
    -17.8125    -11.2500        3.570     
    -17.8125    -10.0000        3.222     
    -17.8125     -8.7500        2.734     
    -17.8125     -7.5000        2.169     
    -17.8125     -6.2500        1.768     
    -17.8125     -5.0000        1.555     
    -17.8125     -3.7500        1.453     
    -17.8125     -2.5000        1.413     
    -17.8125     -1.2500        1.409     
    -17.8125      0.0000        1.424     
    -17.8125      1.2500        1.451     
    -17.8125      2.5000        1.499     
    -17.8125      3.7500        1.589     
    -17.8125      5.0000        1.747     
    -17.8125      6.2500        2.001     
    -17.8125      7.5000        2.345     
    -17.8125      8.7500        2.694     
    -17.8125     10.0000        2.974     
    -17.8125     11.2500        3.190     
    -17.8125     12.5000        3.374     
    -17.8125     13.7500        3.525     
    -17.8125     15.0000        3.625     
    -17.8125     16.2500        3.684     
    -17.8125     17.5000        0.000     
    -17.8125     18.7500        0.000     

    -16.8750    -20.0000        0.000     
    -16.8750    -18.7500        0.000     
    -16.8750    -17.5000        0.000     
    -16.8750    -16.2500        5.239     
    -16.8750    -15.0000        5.255     
    -16.8750    -13.7500        5.259     
    -16.8750    -12.5000        5.244     
    -16.8750    -11.2500        5.237     
    -16.8750    -10.0000        5.332     
    -16.8750     -8.7500        5.688     
    -16.8750     -7.5000       0.7506E-001
    -16.8750     -6.2500       0.5870     
    -16.8750     -5.0000       0.8486     
    -16.8750     -3.7500        1.011     
    -16.8750     -2.5000        1.148     
    -16.8750     -1.2500        1.284     
    -16.8750      0.0000        1.424     
    -16.8750      1.2500        1.566     
    -16.8750      2.5000        1.720     
    -16.8750      3.7500        1.896     
    -16.8750      5.0000        2.097     
    -16.8750      6.2500        2.310     
    -16.8750      7.5000        2.507     
    -16.8750      8.7500        2.664     
    -16.8750     10.0000        2.778     
    -16.8750     11.2500        2.866     
    -16.8750     12.5000        2.949     
    -16.8750     13.7500        3.031     
    -16.8750     15.0000        3.101     
    -16.8750     16.2500        3.149     
    -16.8750     17.5000        0.000     
    -16.8750     18.7500        0.000     

    -15.9375    -20.0000        0.000     
    -15.9375    -18.7500        0.000     
    -15.9375    -17.5000        0.000     
    -15.9375    -16.2500        5.658     
    -15.9375    -15.0000        5.655     
    -15.9375    -13.7500        5.640     
    -15.9375    -12.5000        5.621     
    -15.9375    -11.2500        5.618     
    -15.9375    -10.0000        5.662     
    -15.9375     -8.7500        5.762     
    -15.9375     -7.5000        5.911     
    -15.9375     -6.2500        6.104     
    -15.9375     -5.0000       0.5428E-001
    -15.9375     -3.7500       0.3213     
    -15.9375     -2.5000       0.6376     
    -15.9375     -1.2500        1.016     
    -15.9375      0.0000        1.424     
    -15.9375      1.2500        1.777     
    -15.9375      2.5000        2.041     
    -15.9375      3.7500        2.234     
    -15.9375      5.0000        2.381     
    -15.9375      6.2500        2.497     
    -15.9375      7.5000        2.586     
    -15.9375      8.7500        2.650     
    -15.9375     10.0000        2.693     
    -15.9375     11.2500        2.730     
    -15.9375     12.5000        2.776     
    -15.9375     13.7500        2.829     
    -15.9375     15.0000        2.878     
    -15.9375     16.2500        2.910     
    -15.9375     17.5000        0.000     
    -15.9375     18.7500        0.000     

    -15.0000    -20.0000        0.000     
    -15.0000    -18.7500        0.000     
    -15.0000    -17.5000        0.000     
    -15.0000    -16.2500        5.871     
    -15.0000    -15.0000        5.853     
    -15.0000    -13.7500        5.821     
    -15.0000    -12.5000        5.786     
    -15.0000    -11.2500        5.762     
    -15.0000    -10.0000        5.763     
    -15.0000     -8.7500        5.779     
    -15.0000     -7.5000        5.800     
    -15.0000     -6.2500        5.820     
    -15.0000     -5.0000        5.843     
    -15.0000     -3.7500        5.866     
    -15.0000     -2.5000        5.888     
    -15.0000     -1.2500        5.904     
    -15.0000      0.0000        0.000     
    -15.0000      1.2500        2.763     
    -15.0000      2.5000        2.747     
    -15.0000      3.7500        2.725     
    -15.0000      5.0000        2.701     
    -15.0000      6.2500        2.678     
    -15.0000      7.5000        2.658     
    -15.0000      8.7500        2.638     
    -15.0000     10.0000        2.622     
    -15.0000     11.2500        2.621     
    -15.0000     12.5000        2.644     
    -15.0000     13.7500        2.679     
    -15.0000     15.0000        2.711     
    -15.0000     16.2500        2.731     
    -15.0000     17.5000        0.000     
    -15.0000     18.7500        0.000     

    -14.0625    -20.0000        0.000     
    -14.0625    -18.7500        0.000     
    -14.0625    -17.5000        0.000     
    -14.0625    -16.2500        6.051     
    -14.0625    -15.0000        6.020     
    -14.0625    -13.7500        5.971     
    -14.0625    -12.5000        5.918     
    -14.0625    -11.2500        5.871     
    -14.0625    -10.0000        5.835     
    -14.0625     -8.7500        5.791     
    -14.0625     -7.5000        5.728     
    -14.0625     -6.2500        5.638     
    -14.0625     -5.0000        5.523     
    -14.0625     -3.7500        5.375     
    -14.0625     -2.5000        5.183     
    -14.0625     -1.2500        4.919     
    -14.0625      0.0000        4.566     
    -14.0625      1.2500        4.157     
    -14.0625      2.5000        3.779     
    -14.0625      3.7500        3.463     
    -14.0625      5.0000        3.196     
    -14.0625      6.2500        2.963     
    -14.0625      7.5000        2.769     
    -14.0625      8.7500        2.620     
    -14.0625     10.0000        2.520     
    -14.0625     11.2500        2.477     
    -14.0625     12.5000        2.479     
    -14.0625     13.7500        2.499     
    -14.0625     15.0000        2.513     
    -14.0625     16.2500        2.517     
    -14.0625     17.5000        0.000     
    -14.0625     18.7500        0.000     

    -13.1250    -20.0000        0.000     
    -13.1250    -18.7500        0.000     
    -13.1250    -17.5000        0.000     
    -13.1250    -16.2500       0.6310E-002
    -13.1250    -15.0000        6.243     
    -13.1250    -13.7500        6.172     
    -13.1250    -12.5000        6.090     
    -13.1250    -11.2500        6.007     
    -13.1250    -10.0000        5.920     
    -13.1250     -8.7500        5.805     
    -13.1250     -7.5000        5.649     
    -13.1250     -6.2500        5.452     
    -13.1250     -5.0000        5.239     
    -13.1250     -3.7500        5.038     
    -13.1250     -2.5000        4.861     
    -13.1250     -1.2500        4.708     
    -13.1250      0.0000        4.565     
    -13.1250      1.2500        4.426     
    -13.1250      2.5000        4.290     
    -13.1250      3.7500        4.152     
    -13.1250      5.0000        3.990     
    -13.1250      6.2500        3.728     
    -13.1250      7.5000        3.217     
    -13.1250      8.7500        2.547     
    -13.1250     10.0000        2.190     
    -13.1250     11.2500        2.096     
    -13.1250     12.5000        2.102     
    -13.1250     13.7500        2.118     
    -13.1250     15.0000        2.113     
    -13.1250     16.2500        2.098     
    -13.1250     17.5000        0.000     
    -13.1250     18.7500        0.000     

    -12.1875    -20.0000        0.000     
    -12.1875    -18.7500        0.000     
    -12.1875    -17.5000        0.000     
    -12.1875    -16.2500       0.5426     
    -12.1875    -15.0000       0.4831     
    -12.1875    -13.7500       0.3831     
    -12.1875    -12.5000       0.2327     
    -12.1875    -11.2500       0.4870E-001
    -12.1875    -10.0000        6.116     
    -12.1875     -8.7500        5.836     
    -12.1875     -7.5000        5.486     
    -12.1875     -6.2500        5.142     
    -12.1875     -5.0000        4.888     
    -12.1875     -3.7500        4.731     
    -12.1875     -2.5000        4.641     
    -12.1875     -1.2500        4.592     
    -12.1875      0.0000        4.565     
    -12.1875      1.2500        4.551     
    -12.1875      2.5000        4.555     
    -12.1875      3.7500        4.595     
    -12.1875      5.0000        4.697     
    -12.1875      6.2500        4.909     
    -12.1875      7.5000        5.311     
    -12.1875      8.7500        5.876     
    -12.1875     10.0000       0.8001E-001
    -12.1875     11.2500       0.4280     
    -12.1875     12.5000       0.6903     
    -12.1875     13.7500       0.8632     
    -12.1875     15.0000       0.9460     
    -12.1875     16.2500       0.9851     
    -12.1875     17.5000        0.000     
    -12.1875     18.7500        0.000     

    -11.2500    -20.0000        0.000     
    -11.2500    -18.7500        0.000     
    -11.2500    -17.5000        0.000     
    -11.2500    -16.2500        1.755     
    -11.2500    -15.0000        1.768     
    -11.2500    -13.7500        1.764     
    -11.2500    -12.5000        1.712     
    -11.2500    -11.2500        1.617     
    -11.2500    -10.0000        1.555     
    -11.2500     -8.7500        2.023     
    -11.2500     -7.5000        4.180     
    -11.2500     -6.2500        4.277     
    -11.2500     -5.0000        4.313     
    -11.2500     -3.7500        4.353     
    -11.2500     -2.5000        4.409     
    -11.2500     -1.2500        4.482     
    -11.2500      0.0000        4.565     
    -11.2500      1.2500        4.657     
    -11.2500      2.5000        4.768     
    -11.2500      3.7500        4.917     
    -11.2500      5.0000        5.114     
    -11.2500      6.2500        5.354     
    -11.2500      7.5000        5.603     
    -11.2500      8.7500        5.813     
    -11.2500     10.0000        5.972     
    -11.2500     11.2500        6.093     
    -11.2500     12.5000        6.202     
    -11.2500     13.7500       0.2072E-001
    -11.2500     15.0000       0.1031     
    -11.2500     16.2500       0.1580     
    -11.2500     17.5000        0.000     
    -11.2500     18.7500        0.000     

    -10.3125    -20.0000        0.000     
    -10.3125    -18.7500        0.000     
    -10.3125    -17.5000        0.000     
    -10.3125    -16.2500        2.392     
    -10.3125    -15.0000        2.397     
    -10.3125    -13.7500        2.390     
    -10.3125    -12.5000        2.377     
    -10.3125    -11.2500        2.381     
    -10.3125    -10.0000        2.448     
    -10.3125     -8.7500        2.606     
    -10.3125     -7.5000        2.857     
    -10.3125     -6.2500        3.168     
    -10.3125     -5.0000        3.484     
    -10.3125     -3.7500        3.769     
    -10.3125     -2.5000        4.037     
    -10.3125     -1.2500        4.302     
    -10.3125      0.0000        4.565     
    -10.3125      1.2500        4.810     
    -10.3125      2.5000        5.030     
    -10.3125      3.7500        5.230     
    -10.3125      5.0000        5.410     
    -10.3125      6.2500        5.569     
    -10.3125      7.5000        5.699     
    -10.3125      8.7500        5.796     
    -10.3125     10.0000        5.864     
    -10.3125     11.2500        5.918     
    -10.3125     12.5000        5.976     
    -10.3125     13.7500        6.039     
    -10.3125     15.0000        6.096     
    -10.3125     16.2500        6.134     
    -10.3125     17.5000        0.000     
    -10.3125     18.7500        0.000     

     -9.3750    -20.0000        0.000     
     -9.3750    -18.7500        0.000     
     -9.3750    -17.5000        0.000     
     -9.3750    -16.2500        2.654     
     -9.3750    -15.0000        2.641     
     -9.3750    -13.7500        2.615     
     -9.3750    -12.5000        2.587     
     -9.3750    -11.2500        2.572     
     -9.3750    -10.0000        2.588     
     -9.3750     -8.7500        2.632     
     -9.3750     -7.5000        2.694     
     -9.3750     -6.2500        2.770     
     -9.3750     -5.0000        2.868     
     -9.3750     -3.7500        2.995     
     -9.3750     -2.5000        3.193     
     -9.3750     -1.2500        3.608     
     -9.3750      0.0000        4.565     
     -9.3750      1.2500        5.275     
     -9.3750      2.5000        5.529     
     -9.3750      3.7500        5.642     
     -9.3750      5.0000        5.703     
     -9.3750      6.2500        5.743     
     -9.3750      7.5000        5.770     
     -9.3750      8.7500        5.785     
     -9.3750     10.0000        5.793     
     -9.3750     11.2500        5.807     
     -9.3750     12.5000        5.838     
     -9.3750     13.7500        5.880     
     -9.3750     15.0000        5.919     
     -9.3750     16.2500        5.943     
     -9.3750     17.5000        0.000     
     -9.3750     18.7500        0.000     

     -8.4375    -20.0000        0.000     
     -8.4375    -18.7500        0.000     
     -8.4375    -17.5000        0.000     
     -8.4375    -16.2500        2.836     
     -8.4375    -15.0000        2.810     
     -8.4375    -13.7500        2.768     
     -8.4375    -12.5000        2.723     
     -8.4375    -11.2500        2.686     
     -8.4375    -10.0000        2.665     
     -8.4375     -8.7500        2.645     
     -8.4375     -7.5000        2.614     
     -8.4375     -6.2500        2.565     
     -8.4375     -5.0000        2.499     
     -8.4375     -3.7500        2.403     
     -8.4375     -2.5000        2.251     
     -8.4375     -1.2500        1.969     
     -8.4375      0.0000        1.424     
     -8.4375      1.2500       0.7295     
     -8.4375      2.5000       0.2714     
     -8.4375      3.7500       0.4329E-002
     -8.4375      5.0000        6.106     
     -8.4375      6.2500        5.966     
     -8.4375      7.5000        5.856     
     -8.4375      8.7500        5.770     
     -8.4375     10.0000        5.710     
     -8.4375     11.2500        5.686     
     -8.4375     12.5000        5.696     
     -8.4375     13.7500        5.722     
     -8.4375     15.0000        5.744     
     -8.4375     16.2500        5.755     
     -8.4375     17.5000        0.000     
     -8.4375     18.7500        0.000     

     -7.5000    -20.0000        0.000     
     -7.5000    -18.7500        0.000     
     -7.5000    -17.5000        0.000     
     -7.5000    -16.2500        3.037     
     -7.5000    -15.0000        2.997     
     -7.5000    -13.7500        2.937     
     -7.5000    -12.5000        2.868     
     -7.5000    -11.2500        2.803     
     -7.5000    -10.0000        2.739     
     -7.5000     -8.7500        2.657     
     -7.5000     -7.5000        2.542     
     -7.5000     -6.2500        2.390     
     -7.5000     -5.0000        2.213     
     -7.5000     -3.7500        2.022     
     -7.5000     -2.5000        1.827     
     -7.5000     -1.2500        1.629     
     -7.5000      0.0000        1.424     
     -7.5000      1.2500        1.210     
     -7.5000      2.5000       0.9930     
     -7.5000      3.7500       0.7669     
     -7.5000      5.0000       0.5057     
     -7.5000      6.2500       0.1709     
     -7.5000      7.5000        6.069     
     -7.5000      8.7500        5.737     
     -7.5000     10.0000        5.534     
     -7.5000     11.2500        5.455     
     -7.5000     12.5000        5.450     
     -7.5000     13.7500        5.461     
     -7.5000     15.0000        5.463     
     -7.5000     16.2500        5.456     
     -7.5000     17.5000        0.000     
     -7.5000     18.7500        0.000     

     -6.5625    -20.0000        0.000     
     -6.5625    -18.7500        0.000     
     -6.5625    -17.5000        0.000     
     -6.5625    -16.2500        3.400     
     -6.5625    -15.0000        3.342     
     -6.5625    -13.7500        3.253     
     -6.5625    -12.5000        3.137     
     -6.5625    -11.2500        3.010     
     -6.5625    -10.0000        2.865     
     -6.5625     -8.7500        2.677     
     -6.5625     -7.5000        2.432     
     -6.5625     -6.2500        2.154     
     -6.5625     -5.0000        1.903     
     -6.5625     -3.7500        1.714     
     -6.5625     -2.5000        1.584     
     -6.5625     -1.2500        1.493     
     -6.5625      0.0000        1.424     
     -6.5625      1.2500        1.365     
     -6.5625      2.5000        1.320     
     -6.5625      3.7500        1.299     
     -6.5625      5.0000        1.314     
     -6.5625      6.2500        1.391     
     -6.5625      7.5000        1.649     
     -6.5625      8.7500        2.990     
     -6.5625     10.0000        4.038     
     -6.5625     11.2500        4.352     
     -6.5625     12.5000        4.542     
     -6.5625     13.7500        4.640     
     -6.5625     15.0000        4.663     
     -6.5625     16.2500        4.663     
     -6.5625     17.5000        0.000     
     -6.5625     18.7500        0.000     

     -5.6250    -20.0000        0.000     
     -5.6250    -18.7500        0.000     
     -5.6250    -17.5000        0.000     
     -5.6250    -16.2500        4.396     
     -5.6250    -15.0000        4.378     
     -5.6250    -13.7500        4.324     
     -5.6250    -12.5000        4.176     
     -5.6250    -11.2500        3.913     
     -5.6250    -10.0000        3.505     
     -5.6250     -8.7500        2.788     
     -5.6250     -7.5000        1.990     
     -5.6250     -6.2500        1.601     
     -5.6250     -5.0000        1.441     
     -5.6250     -3.7500        1.379     
     -5.6250     -2.5000        1.368     
     -5.6250     -1.2500        1.387     
     -5.6250      0.0000        1.424     
     -5.6250      1.2500        1.472     
     -5.6250      2.5000        1.541     
     -5.6250      3.7500        1.653     
     -5.6250      5.0000        1.829     
     -5.6250      6.2500        2.084     
     -5.6250      7.5000        2.394     
     -5.6250      8.7500        2.684     
     -5.6250     10.0000        2.911     
     -5.6250     11.2500        3.086     
     -5.6250     12.5000        3.238     
     -5.6250     13.7500        3.369     
     -5.6250     15.0000        3.465     
     -5.6250     16.2500        3.526     
     -5.6250     17.5000        0.000     
     -5.6250     18.7500        0.000     

     -4.6875    -20.0000        0.000     
     -4.6875    -18.7500        0.000     
     -4.6875    -17.5000        0.000     
     -4.6875    -16.2500        5.359     
     -4.6875    -15.0000        5.372     
     -4.6875    -13.7500        5.373     
     -4.6875    -12.5000        5.362     
     -4.6875    -11.2500        5.365     
     -4.6875    -10.0000        5.455     
     -4.6875     -8.7500        5.719     
     -4.6875     -7.5000        6.176     
     -4.6875     -6.2500       0.3560     
     -4.6875     -5.0000       0.6764     
     -4.6875     -3.7500       0.8949     
     -4.6875     -2.5000        1.076     
     -4.6875     -1.2500        1.250     
     -4.6875      0.0000        1.424     
     -4.6875      1.2500        1.596     
     -4.6875      2.5000        1.771     
     -4.6875      3.7500        1.958     
     -4.6875      5.0000        2.156     
     -4.6875      6.2500        2.352     
     -4.6875      7.5000        2.526     
     -4.6875      8.7500        2.660     
     -4.6875     10.0000        2.757     
     -4.6875     11.2500        2.832     
     -4.6875     12.5000        2.906     
     -4.6875     13.7500        2.980     
     -4.6875     15.0000        3.046     
     -4.6875     16.2500        3.090     
     -4.6875     17.5000        0.000     
     -4.6875     18.7500        0.000     

     -3.7500    -20.0000        0.000     
     -3.7500    -18.7500        0.000     
     -3.7500    -17.5000        0.000     
     -3.7500    -16.2500        5.708     
     -3.7500    -15.0000        5.702     
     -3.7500    -13.7500        5.683     
     -3.7500    -12.5000        5.661     
     -3.7500    -11.2500        5.654     
     -3.7500    -10.0000        5.688     
     -3.7500     -8.7500        5.766     
     -3.7500     -7.5000        5.881     
     -3.7500     -6.2500        6.029     
     -3.7500     -5.0000        6.215     
     -3.7500     -3.7500       0.1618     
     -3.7500     -2.5000       0.4689     
     -3.7500     -1.2500       0.9005     
     -3.7500      0.0000        1.424     
     -3.7500      1.2500        1.858     
     -3.7500      2.5000        2.136     
     -3.7500      3.7500        2.315     
     -3.7500      5.0000        2.439     
     -3.7500      6.2500        2.531     
     -3.7500      7.5000        2.600     
     -3.7500      8.7500        2.648     
     -3.7500     10.0000        2.679     
     -3.7500     11.2500        2.708     
     -3.7500     12.5000        2.749     
     -3.7500     13.7500        2.798     
     -3.7500     15.0000        2.843     
     -3.7500     16.2500        2.873     
     -3.7500     17.5000        0.000     
     -3.7500     18.7500        0.000     

     -2.8125    -20.0000        0.000     
     -2.8125    -18.7500        0.000     
     -2.8125    -17.5000        0.000     
     -2.8125    -16.2500        5.907     
     -2.8125    -15.0000        5.887     
     -2.8125    -13.7500        5.851     
     -2.8125    -12.5000        5.812     
     -2.8125    -11.2500        5.785     
     -2.8125    -10.0000        5.778     
     -2.8125     -8.7500        5.782     
     -2.8125     -7.5000        5.784     
     -2.8125     -6.2500        5.780     
     -2.8125     -5.0000        5.771     
     -2.8125     -3.7500        5.748     
     -2.8125     -2.5000        5.694     
     -2.8125     -1.2500        5.527     
     -2.8125      0.0000        4.566     
     -2.8125      1.2500        3.218     
     -2.8125      2.5000        2.964     
     -2.8125      3.7500        2.854     
     -2.8125      5.0000        2.780     
     -2.8125      6.2500        2.722     
     -2.8125      7.5000        2.675     
     -2.8125      8.7500        2.635     
     -2.8125     10.0000        2.606     
     -2.8125     11.2500        2.597     
     -2.8125     12.5000        2.616     
     -2.8125     13.7500        2.648     
     -2.8125     15.0000        2.677     
     -2.8125     16.2500        2.694     
     -2.8125     17.5000        0.000     
     -2.8125     18.7500        0.000     

     -1.8750    -20.0000        0.000     
     -1.8750    -18.7500        0.000     
     -1.8750    -17.5000        0.000     
     -1.8750    -16.2500        6.090     
     -1.8750    -15.0000        6.056     
     -1.8750    -13.7500        6.004     
     -1.8750    -12.5000        5.946     
     -1.8750    -11.2500        5.894     
     -1.8750    -10.0000        5.849     
     -1.8750     -8.7500        5.794     
     -1.8750     -7.5000        5.714     
     -1.8750     -6.2500        5.604     
     -1.8750     -5.0000        5.466     
     -1.8750     -3.7500        5.300     
     -1.8750     -2.5000        5.101     
     -1.8750     -1.2500        4.858     
     -1.8750      0.0000        4.566     
     -1.8750      1.2500        4.240     
     -1.8750      2.5000        3.920     
     -1.8750      3.7500        3.620     
     -1.8750      5.0000        3.333     
     -1.8750      6.2500        3.054     
     -1.8750      7.5000        2.807     
     -1.8750      8.7500        2.614     
     -1.8750     10.0000        2.488     
     -1.8750     11.2500        2.434     
     -1.8750     12.5000        2.433     
     -1.8750     13.7500        2.449     
     -1.8750     15.0000        2.459     
     -1.8750     16.2500        2.460     
     -1.8750     17.5000        0.000     
     -1.8750     18.7500        0.000     

     -0.9375    -20.0000        0.000     
     -0.9375    -18.7500        0.000     
     -0.9375    -17.5000        0.000     
     -0.9375    -16.2500       0.7514E-001
     -0.9375    -15.0000       0.2474E-001
     -0.9375    -13.7500        6.232     
     -0.9375    -12.5000        6.141     
     -0.9375    -11.2500        6.046     
     -0.9375    -10.0000        5.943     
     -0.9375     -8.7500        5.809     
     -0.9375     -7.5000        5.628     
     -0.9375     -6.2500        5.406     
     -0.9375     -5.0000        5.178     
     -0.9375     -3.7500        4.977     
     -0.9375     -2.5000        4.814     
     -0.9375     -1.2500        4.682     
     -0.9375      0.0000        4.565     
     -0.9375      1.2500        4.455     
     -0.9375      2.5000        4.353     
     -0.9375      3.7500        4.258     
     -0.9375      5.0000        4.157     
     -0.9375      6.2500        3.998     
     -0.9375      7.5000        3.564     
     -0.9375      8.7500        2.471     
     -0.9375     10.0000        1.973     
     -0.9375     11.2500        1.907     
     -0.9375     12.5000        1.940     
     -0.9375     13.7500        1.967     
     -0.9375     15.0000        1.962     
     -0.9375     16.2500        1.947     
     -0.9375     17.5000        0.000     
     -0.9375     18.7500        0.000     

      0.0000    -20.0000        0.000     
      0.0000    -18.7500        0.000     
      0.0000    -17.5000        0.000     
      0.0000    -16.2500       0.7428     
      0.0000    -15.0000       0.6893     
      0.0000    -13.7500       0.5915     
      0.0000    -12.5000       0.4235     
      0.0000    -11.2500       0.1995     
      0.0000    -10.0000        6.210     
      0.0000     -8.7500        5.851     
      0.0000     -7.5000        5.417     
      0.0000     -6.2500        5.039     
      0.0000     -5.0000        4.798     
      0.0000     -3.7500        4.664     
      0.0000     -2.5000        4.598     
      0.0000     -1.2500        4.572     
      0.0000      0.0000        4.565     
      0.0000      1.2500        4.572     
      0.0000      2.5000        4.598     
      0.0000      3.7500        4.664     
      0.0000      5.0000        4.798     
      0.0000      6.2500        5.039     
      0.0000      7.5000        5.417     
      0.0000      8.7500        5.851     
      0.0000     10.0000        6.210     
      0.0000     11.2500       0.1995     
      0.0000     12.5000       0.4235     
      0.0000     13.7500       0.5915     
      0.0000     15.0000       0.6893     
      0.0000     16.2500       0.7428     
      0.0000     17.5000        0.000     
      0.0000     18.7500        0.000     

      0.9375    -20.0000        0.000     
      0.9375    -18.7500        0.000     
      0.9375    -17.5000        0.000     
      0.9375    -16.2500        1.946     
      0.9375    -15.0000        1.963     
      0.9375    -13.7500        1.966     
      0.9375    -12.5000        1.940     
      0.9375    -11.2500        1.906     
      0.9375    -10.0000        1.973     
      0.9375     -8.7500        2.470     
      0.9375     -7.5000        3.564     
      0.9375     -6.2500        3.998     
      0.9375     -5.0000        4.157     
      0.9375     -3.7500        4.258     
      0.9375     -2.5000        4.353     
      0.9375     -1.2500        4.455     
      0.9375      0.0000        4.565     
      0.9375      1.2500        4.682     
      0.9375      2.5000        4.814     
      0.9375      3.7500        4.977     
      0.9375      5.0000        5.178     
      0.9375      6.2500        5.406     
      0.9375      7.5000        5.627     
      0.9375      8.7500        5.809     
      0.9375     10.0000        5.943     
      0.9375     11.2500        6.046     
      0.9375     12.5000        6.141     
      0.9375     13.7500        6.232     
      0.9375     15.0000       0.2461E-001
      0.9375     16.2500       0.7587E-001
      0.9375     17.5000        0.000     
      0.9375     18.7500        0.000     

      1.8750    -20.0000        0.000     
      1.8750    -18.7500        0.000     
      1.8750    -17.5000        0.000     
      1.8750    -16.2500        2.459     
      1.8750    -15.0000        2.460     
      1.8750    -13.7500        2.449     
      1.8750    -12.5000        2.433     
      1.8750    -11.2500        2.434     
      1.8750    -10.0000        2.488     
      1.8750     -8.7500        2.614     
      1.8750     -7.5000        2.807     
      1.8750     -6.2500        3.054     
      1.8750     -5.0000        3.333     
      1.8750     -3.7500        3.620     
      1.8750     -2.5000        3.920     
      1.8750     -1.2500        4.240     
      1.8750      0.0000        4.565     
      1.8750      1.2500        4.858     
      1.8750      2.5000        5.101     
      1.8750      3.7500        5.300     
      1.8750      5.0000        5.466     
      1.8750      6.2500        5.604     
      1.8750      7.5000        5.714     
      1.8750      8.7500        5.794     
      1.8750     10.0000        5.849     
      1.8750     11.2500        5.894     
      1.8750     12.5000        5.946     
      1.8750     13.7500        6.004     
      1.8750     15.0000        6.056     
      1.8750     16.2500        6.091     
      1.8750     17.5000        0.000     
      1.8750     18.7500        0.000     

      2.8125    -20.0000        0.000     
      2.8125    -18.7500        0.000     
      2.8125    -17.5000        0.000     
      2.8125    -16.2500        2.692     
      2.8125    -15.0000        2.678     
      2.8125    -13.7500        2.648     
      2.8125    -12.5000        2.616     
      2.8125    -11.2500        2.597     
      2.8125    -10.0000        2.606     
      2.8125     -8.7500        2.635     
      2.8125     -7.5000        2.675     
      2.8125     -6.2500        2.722     
      2.8125     -5.0000        2.780     
      2.8125     -3.7500        2.854     
      2.8125     -2.5000        2.965     
      2.8125     -1.2500        3.218     
      2.8125      0.0000        4.565     
      2.8125      1.2500        5.527     
      2.8125      2.5000        5.694     
      2.8125      3.7500        5.748     
      2.8125      5.0000        5.771     
      2.8125      6.2500        5.780     
      2.8125      7.5000        5.784     
      2.8125      8.7500        5.782     
      2.8125     10.0000        5.778     
      2.8125     11.2500        5.785     
      2.8125     12.5000        5.812     
      2.8125     13.7500        5.851     
      2.8125     15.0000        5.886     
      2.8125     16.2500        5.908     
      2.8125     17.5000        0.000     
      2.8125     18.7500        0.000     

      3.7500    -20.0000        0.000     
      3.7500    -18.7500        0.000     
      3.7500    -17.5000        0.000     
      3.7500    -16.2500        2.872     
      3.7500    -15.0000        2.844     
      3.7500    -13.7500        2.798     
      3.7500    -12.5000        2.749     
      3.7500    -11.2500        2.708     
      3.7500    -10.0000        2.679     
      3.7500     -8.7500        2.647     
      3.7500     -7.5000        2.600     
      3.7500     -6.2500        2.531     
      3.7500     -5.0000        2.439     
      3.7500     -3.7500        2.315     
      3.7500     -2.5000        2.137     
      3.7500     -1.2500        1.857     
      3.7500      0.0000        1.424     
      3.7500      1.2500       0.9004     
      3.7500      2.5000       0.4690     
      3.7500      3.7500       0.1617     
      3.7500      5.0000        6.215     
      3.7500      6.2500        6.029     
      3.7500      7.5000        5.881     
      3.7500      8.7500        5.766     
      3.7500     10.0000        5.688     
      3.7500     11.2500        5.655     
      3.7500     12.5000        5.661     
      3.7500     13.7500        5.683     
      3.7500     15.0000        5.702     
      3.7500     16.2500        5.709     
      3.7500     17.5000        0.000     
      3.7500     18.7500        0.000     

      4.6875    -20.0000        0.000     
      4.6875    -18.7500        0.000     
      4.6875    -17.5000        0.000     
      4.6875    -16.2500        3.089     
      4.6875    -15.0000        3.046     
      4.6875    -13.7500        2.980     
      4.6875    -12.5000        2.906     
      4.6875    -11.2500        2.832     
      4.6875    -10.0000        2.757     
      4.6875     -8.7500        2.660     
      4.6875     -7.5000        2.526     
      4.6875     -6.2500        2.352     
      4.6875     -5.0000        2.156     
      4.6875     -3.7500        1.958     
      4.6875     -2.5000        1.771     
      4.6875     -1.2500        1.596     
      4.6875      0.0000        1.424     
      4.6875      1.2500        1.250     
      4.6875      2.5000        1.076     
      4.6875      3.7500       0.8948     
      4.6875      5.0000       0.6766     
      4.6875      6.2500       0.3559     
      4.6875      7.5000        6.176     
      4.6875      8.7500        5.720     
      4.6875     10.0000        5.455     
      4.6875     11.2500        5.365     
      4.6875     12.5000        5.361     
      4.6875     13.7500        5.373     
      4.6875     15.0000        5.371     
      4.6875     16.2500        5.360     
      4.6875     17.5000        0.000     
      4.6875     18.7500        0.000     

      5.6250    -20.0000        0.000     
      5.6250    -18.7500        0.000     
      5.6250    -17.5000        0.000     
      5.6250    -16.2500        3.525     
      5.6250    -15.0000        3.465     
      5.6250    -13.7500        3.370     
      5.6250    -12.5000        3.238     
      5.6250    -11.2500        3.086     
      5.6250    -10.0000        2.911     
      5.6250     -8.7500        2.684     
      5.6250     -7.5000        2.394     
      5.6250     -6.2500        2.084     
      5.6250     -5.0000        1.829     
      5.6250     -3.7500        1.652     
      5.6250     -2.5000        1.541     
      5.6250     -1.2500        1.472     
      5.6250      0.0000        1.424     
      5.6250      1.2500        1.387     
      5.6250      2.5000        1.368     
      5.6250      3.7500        1.379     
      5.6250      5.0000        1.441     
      5.6250      6.2500        1.601     
      5.6250      7.5000        1.990     
      5.6250      8.7500        2.788     
      5.6250     10.0000        3.505     
      5.6250     11.2500        3.913     
      5.6250     12.5000        4.176     
      5.6250     13.7500        4.324     
      5.6250     15.0000        4.378     
      5.6250     16.2500        4.396     
      5.6250     17.5000        0.000     
      5.6250     18.7500        0.000     

      6.5625    -20.0000        0.000     
      6.5625    -18.7500        0.000     
      6.5625    -17.5000        0.000     
      6.5625    -16.2500        4.662     
      6.5625    -15.0000        4.664     
      6.5625    -13.7500        4.640     
      6.5625    -12.5000        4.543     
      6.5625    -11.2500        4.352     
      6.5625    -10.0000        4.038     
      6.5625     -8.7500        2.990     
      6.5625     -7.5000        1.649     
      6.5625     -6.2500        1.391     
      6.5625     -5.0000        1.314     
      6.5625     -3.7500        1.299     
      6.5625     -2.5000        1.320     
      6.5625     -1.2500        1.365     
      6.5625      0.0000        1.424     
      6.5625      1.2500        1.493     
      6.5625      2.5000        1.584     
      6.5625      3.7500        1.714     
      6.5625      5.0000        1.903     
      6.5625      6.2500        2.154     
      6.5625      7.5000        2.431     
      6.5625      8.7500        2.677     
      6.5625     10.0000        2.865     
      6.5625     11.2500        3.010     
      6.5625     12.5000        3.137     
      6.5625     13.7500        3.253     
      6.5625     15.0000        3.342     
      6.5625     16.2500        3.400     
      6.5625     17.5000        0.000     
      6.5625     18.7500        0.000     

      7.5000    -20.0000        0.000     
      7.5000    -18.7500        0.000     
      7.5000    -17.5000        0.000     
      7.5000    -16.2500        5.455     
      7.5000    -15.0000        5.464     
      7.5000    -13.7500        5.461     
      7.5000    -12.5000        5.450     
      7.5000    -11.2500        5.455     
      7.5000    -10.0000        5.534     
      7.5000     -8.7500        5.737     
      7.5000     -7.5000        6.069     
      7.5000     -6.2500       0.1710     
      7.5000     -5.0000       0.5055     
      7.5000     -3.7500       0.7670     
      7.5000     -2.5000       0.9930     
      7.5000     -1.2500        1.210     
      7.5000      0.0000        1.424     
      7.5000      1.2500        1.629     
      7.5000      2.5000        1.827     
      7.5000      3.7500        2.022     
      7.5000      5.0000        2.213     
      7.5000      6.2500        2.390     
      7.5000      7.5000        2.542     
      7.5000      8.7500        2.657     
      7.5000     10.0000        2.739     
      7.5000     11.2500        2.803     
      7.5000     12.5000        2.868     
      7.5000     13.7500        2.937     
      7.5000     15.0000        2.997     
      7.5000     16.2500        3.038     
      7.5000     17.5000        0.000     
      7.5000     18.7500        0.000     

      8.4375    -20.0000        0.000     
      8.4375    -18.7500        0.000     
      8.4375    -17.5000        0.000     
      8.4375    -16.2500        5.753     
      8.4375    -15.0000        5.744     
      8.4375    -13.7500        5.722     
      8.4375    -12.5000        5.697     
      8.4375    -11.2500        5.686     
      8.4375    -10.0000        5.711     
      8.4375     -8.7500        5.770     
      8.4375     -7.5000        5.856     
      8.4375     -6.2500        5.966     
      8.4375     -5.0000        6.106     
      8.4375     -3.7500       0.4303E-002
      8.4375     -2.5000       0.2714     
      8.4375     -1.2500       0.7297     
      8.4375      0.0000        1.424     
      8.4375      1.2500        1.969     
      8.4375      2.5000        2.251     
      8.4375      3.7500        2.403     
      8.4375      5.0000        2.499     
      8.4375      6.2500        2.565     
      8.4375      7.5000        2.614     
      8.4375      8.7500        2.645     
      8.4375     10.0000        2.665     
      8.4375     11.2500        2.686     
      8.4375     12.5000        2.722     
      8.4375     13.7500        2.768     
      8.4375     15.0000        2.810     
      8.4375     16.2500        2.837     
      8.4375     17.5000        0.000     
      8.4375     18.7500        0.000     

      9.3750    -20.0000        0.000     
      9.3750    -18.7500        0.000     
      9.3750    -17.5000        0.000     
      9.3750    -16.2500        5.942     
      9.3750    -15.0000        5.919     
      9.3750    -13.7500        5.880     
      9.3750    -12.5000        5.838     
      9.3750    -11.2500        5.806     
      9.3750    -10.0000        5.793     
      9.3750     -8.7500        5.784     
      9.3750     -7.5000        5.770     
      9.3750     -6.2500        5.743     
      9.3750     -5.0000        5.704     
      9.3750     -3.7500        5.641     
      9.3750     -2.5000        5.530     
      9.3750     -1.2500        5.274     
      9.3750      0.0000        4.566     
      9.3750      1.2500        3.608     
      9.3750      2.5000        3.193     
      9.3750      3.7500        2.995     
      9.3750      5.0000        2.868     
      9.3750      6.2500        2.770     
      9.3750      7.5000        2.694     
      9.3750      8.7500        2.632     
      9.3750     10.0000        2.588     
      9.3750     11.2500        2.572     
      9.3750     12.5000        2.587     
      9.3750     13.7500        2.615     
      9.3750     15.0000        2.641     
      9.3750     16.2500        2.655     
      9.3750     17.5000        0.000     
      9.3750     18.7500        0.000     

     10.3125    -20.0000        0.000     
     10.3125    -18.7500        0.000     
     10.3125    -17.5000        0.000     
     10.3125    -16.2500        6.133     
     10.3125    -15.0000        6.096     
     10.3125    -13.7500        6.039     
     10.3125    -12.5000        5.977     
     10.3125    -11.2500        5.918     
     10.3125    -10.0000        5.864     
     10.3125     -8.7500        5.796     
     10.3125     -7.5000        5.699     
     10.3125     -6.2500        5.568     
     10.3125     -5.0000        5.410     
     10.3125     -3.7500        5.230     
     10.3125     -2.5000        5.031     
     10.3125     -1.2500        4.810     
     10.3125      0.0000        4.566     
     10.3125      1.2500        4.302     
     10.3125      2.5000        4.037     
     10.3125      3.7500        3.769     
     10.3125      5.0000        3.484     
     10.3125      6.2500        3.168     
     10.3125      7.5000        2.857     
     10.3125      8.7500        2.606     
     10.3125     10.0000        2.447     
     10.3125     11.2500        2.381     
     10.3125     12.5000        2.377     
     10.3125     13.7500        2.391     
     10.3125     15.0000        2.397     
     10.3125     16.2500        2.394     
     10.3125     17.5000        0.000     
     10.3125     18.7500        0.000     

     11.2500    -20.0000        0.000     
     11.2500    -18.7500        0.000     
     11.2500    -17.5000        0.000     
     11.2500    -16.2500       0.1574     
     11.2500    -15.0000       0.1032     
     11.2500    -13.7500       0.2068E-001
     11.2500    -12.5000        6.202     
     11.2500    -11.2500        6.093     
     11.2500    -10.0000        5.972     
     11.2500     -8.7500        5.813     
     11.2500     -7.5000        5.603     
     11.2500     -6.2500        5.354     
     11.2500     -5.0000        5.114     
     11.2500     -3.7500        4.916     
     11.2500     -2.5000        4.769     
     11.2500     -1.2500        4.657     
     11.2500      0.0000        4.565     
     11.2500      1.2500        4.482     
     11.2500      2.5000        4.410     
     11.2500      3.7500        4.353     
     11.2500      5.0000        4.313     
     11.2500      6.2500        4.277     
     11.2500      7.5000        4.181     
     11.2500      8.7500        2.025     
     11.2500     10.0000        1.554     
     11.2500     11.2500        1.618     
     11.2500     12.5000        1.711     
     11.2500     13.7500        1.764     
     11.2500     15.0000        1.768     
     11.2500     16.2500        1.755     
     11.2500     17.5000        0.000     
     11.2500     18.7500        0.000     

     12.1875    -20.0000        0.000     
     12.1875    -18.7500        0.000     
     12.1875    -17.5000        0.000     
     12.1875    -16.2500       0.9851     
     12.1875    -15.0000       0.9461     
     12.1875    -13.7500       0.8631     
     12.1875    -12.5000       0.6904     
     12.1875    -11.2500       0.4280     
     12.1875    -10.0000       0.8002E-001
     12.1875     -8.7500        5.876     
     12.1875     -7.5000        5.311     
     12.1875     -6.2500        4.909     
     12.1875     -5.0000        4.697     
     12.1875     -3.7500        4.595     
     12.1875     -2.5000        4.555     
     12.1875     -1.2500        4.551     
     12.1875      0.0000        4.565     
     12.1875      1.2500        4.592     
     12.1875      2.5000        4.641     
     12.1875      3.7500        4.731     
     12.1875      5.0000        4.888     
     12.1875      6.2500        5.142     
     12.1875      7.5000        5.486     
     12.1875      8.7500        5.836     
     12.1875     10.0000        6.116     
     12.1875     11.2500       0.4870E-001
     12.1875     12.5000       0.2327     
     12.1875     13.7500       0.3831     
     12.1875     15.0000       0.4831     
     12.1875     16.2500       0.5427     
     12.1875     17.5000        0.000     
     12.1875     18.7500        0.000     

     13.1250    -20.0000        0.000     
     13.1250    -18.7500        0.000     
     13.1250    -17.5000        0.000     
     13.1250    -16.2500        2.097     
     13.1250    -15.0000        2.113     
     13.1250    -13.7500        2.117     
     13.1250    -12.5000        2.103     
     13.1250    -11.2500        2.096     
     13.1250    -10.0000        2.190     
     13.1250     -8.7500        2.546     
     13.1250     -7.5000        3.217     
     13.1250     -6.2500        3.729     
     13.1250     -5.0000        3.990     
     13.1250     -3.7500        4.153     
     13.1250     -2.5000        4.290     
     13.1250     -1.2500        4.426     
     13.1250      0.0000        4.565     
     13.1250      1.2500        4.708     
     13.1250      2.5000        4.861     
     13.1250      3.7500        5.038     
     13.1250      5.0000        5.239     
     13.1250      6.2500        5.452     
     13.1250      7.5000        5.649     
     13.1250      8.7500        5.805     
     13.1250     10.0000        5.919     
     13.1250     11.2500        6.007     
     13.1250     12.5000        6.090     
     13.1250     13.7500        6.172     
     13.1250     15.0000        6.243     
     13.1250     16.2500       0.7130E-002
     13.1250     17.5000        0.000     
     13.1250     18.7500        0.000     

     14.0625    -20.0000        0.000     
     14.0625    -18.7500        0.000     
     14.0625    -17.5000        0.000     
     14.0625    -16.2500        2.516     
     14.0625    -15.0000        2.514     
     14.0625    -13.7500        2.498     
     14.0625    -12.5000        2.480     
     14.0625    -11.2500        2.477     
     14.0625    -10.0000        2.521     
     14.0625     -8.7500        2.620     
     14.0625     -7.5000        2.770     
     14.0625     -6.2500        2.963     
     14.0625     -5.0000        3.196     
     14.0625     -3.7500        3.463     
     14.0625     -2.5000        3.779     
     14.0625     -1.2500        4.158     
     14.0625      0.0000        4.565     
     14.0625      1.2500        4.919     
     14.0625      2.5000        5.182     
     14.0625      3.7500        5.376     
     14.0625      5.0000        5.523     
     14.0625      6.2500        5.638     
     14.0625      7.5000        5.728     
     14.0625      8.7500        5.791     
     14.0625     10.0000        5.834     
     14.0625     11.2500        5.871     
     14.0625     12.5000        5.917     
     14.0625     13.7500        5.971     
     14.0625     15.0000        6.020     
     14.0625     16.2500        6.052     
     14.0625     17.5000        0.000     
     14.0625     18.7500        0.000     

     15.0000    -20.0000        0.000     
     15.0000    -18.7500        0.000     
     15.0000    -17.5000        0.000     
     15.0000    -16.2500        2.729     
     15.0000    -15.0000        2.712     
     15.0000    -13.7500        2.679     
     15.0000    -12.5000        2.644     
     15.0000    -11.2500        2.621     
     15.0000    -10.0000        2.622     
     15.0000     -8.7500        2.638     
     15.0000     -7.5000        2.658     
     15.0000     -6.2500        2.678     
     15.0000     -5.0000        2.701     
     15.0000     -3.7500        2.724     
     15.0000     -2.5000        2.747     
     15.0000     -1.2500        2.762     
     15.0000      0.0000        0.000     
     15.0000      1.2500        5.904     
     15.0000      2.5000        5.888     
     15.0000      3.7500        5.866     
     15.0000      5.0000        5.843     
     15.0000      6.2500        5.820     
     15.0000      7.5000        5.800     
     15.0000      8.7500        5.780     
     15.0000     10.0000        5.763     
     15.0000     11.2500        5.763     
     15.0000     12.5000        5.786     
     15.0000     13.7500        5.821     
     15.0000     15.0000        5.853     
     15.0000     16.2500        5.872     
     15.0000     17.5000        0.000     
     15.0000     18.7500        0.000     

     15.9375    -20.0000        0.000     
     15.9375    -18.7500        0.000     
     15.9375    -17.5000        0.000     
     15.9375    -16.2500        2.909     
     15.9375    -15.0000        2.878     
     15.9375    -13.7500        2.829     
     15.9375    -12.5000        2.776     
     15.9375    -11.2500        2.729     
     15.9375    -10.0000        2.693     
     15.9375     -8.7500        2.650     
     15.9375     -7.5000        2.586     
     15.9375     -6.2500        2.496     
     15.9375     -5.0000        2.381     
     15.9375     -3.7500        2.234     
     15.9375     -2.5000        2.041     
     15.9375     -1.2500        1.777     
     15.9375      0.0000        1.424     
     15.9375      1.2500        1.016     
     15.9375      2.5000       0.6377     
     15.9375      3.7500       0.3213     
     15.9375      5.0000       0.5429E-001
     15.9375      6.2500        6.104     
     15.9375      7.5000        5.911     
     15.9375      8.7500        5.762     
     15.9375     10.0000        5.662     
     15.9375     11.2500        5.618     
     15.9375     12.5000        5.621     
     15.9375     13.7500        5.640     
     15.9375     15.0000        5.655     
     15.9375     16.2500        5.659     
     15.9375     17.5000        0.000     
     15.9375     18.7500        0.000     

     16.8750    -20.0000        0.000     
     16.8750    -18.7500        0.000     
     16.8750    -17.5000        0.000     
     16.8750    -16.2500        3.148     
     16.8750    -15.0000        3.101     
     16.8750    -13.7500        3.031     
     16.8750    -12.5000        2.949     
     16.8750    -11.2500        2.865     
     16.8750    -10.0000        2.778     
     16.8750     -8.7500        2.663     
     16.8750     -7.5000        2.507     
     16.8750     -6.2500        2.310     
     16.8750     -5.0000        2.098     
     16.8750     -3.7500        1.896     
     16.8750     -2.5000        1.720     
     16.8750     -1.2500        1.566     
     16.8750      0.0000        1.424     
     16.8750      1.2500        1.284     
     16.8750      2.5000        1.148     
     16.8750      3.7500        1.011     
     16.8750      5.0000       0.8487     
     16.8750      6.2500       0.5869     
     16.8750      7.5000       0.7510E-001
     16.8750      8.7500        5.688     
     16.8750     10.0000        5.331     
     16.8750     11.2500        5.238     
     16.8750     12.5000        5.244     
     16.8750     13.7500        5.259     
     16.8750     15.0000        5.254     
     16.8750     16.2500        5.240     
     16.8750     17.5000        0.000     
     16.8750     18.7500        0.000     

     17.8125    -20.0000        0.000     
     17.8125    -18.7500        0.000     
     17.8125    -17.5000        0.000     
     17.8125    -16.2500        3.684     
     17.8125    -15.0000        3.625     
     17.8125    -13.7500        3.525     
     17.8125    -12.5000        3.374     
     17.8125    -11.2500        3.190     
     17.8125    -10.0000        2.974     
     17.8125     -8.7500        2.694     
     17.8125     -7.5000        2.345     
     17.8125     -6.2500        2.001     
     17.8125     -5.0000        1.747     
     17.8125     -3.7500        1.589     
     17.8125     -2.5000        1.499     
     17.8125     -1.2500        1.451     
     17.8125      0.0000        1.424     
     17.8125      1.2500        1.409     
     17.8125      2.5000        1.413     
     17.8125      3.7500        1.453     
     17.8125      5.0000        1.555     
     17.8125      6.2500        1.768     
     17.8125      7.5000        2.170     
     17.8125      8.7500        2.734     
     17.8125     10.0000        3.222     
     17.8125     11.2500        3.570     
     17.8125     12.5000        3.832     
     17.8125     13.7500        4.005     
     17.8125     15.0000        4.088     
     17.8125     16.2500        4.127     
     17.8125     17.5000        0.000     
     17.8125     18.7500        0.000     

     18.7500    -20.0000        0.000     
     18.7500    -18.7500        0.000     
     18.7500    -17.5000        0.000     
     18.7500    -16.2500        4.896     
     18.7500    -15.0000        4.910     
     18.7500    -13.7500        4.905     
     18.7500    -12.5000        4.853     
     18.7500    -11.2500        4.759     
     18.7500    -10.0000        4.697     
     18.7500     -8.7500        5.165     
     18.7500     -7.5000        1.039     
     18.7500     -6.2500        1.136     
     18.7500     -5.0000        1.171     
     18.7500     -3.7500        1.212     
     18.7500     -2.5000        1.268     
     18.7500     -1.2500        1.340     
     18.7500      0.0000        1.424     
     18.7500      1.2500        1.516     
     18.7500      2.5000        1.627     
     18.7500      3.7500        1.775     
     18.7500      5.0000        1.972     
     18.7500      6.2500        2.213     
     18.7500      7.5000        2.461     
     18.7500      8.7500        2.672     
     18.7500     10.0000        2.830     
     18.7500     11.2500        2.951     
     18.7500     12.5000        3.060     
     18.7500     13.7500        3.162     
     18.7500     15.0000        3.245     
     18.7500     16.2500        3.300     
     18.7500     17.5000        0.000     
     18.7500     18.7500        0.000     

     19.6875    -20.0000        0.000     
     19.6875    -18.7500        0.000     
     19.6875    -17.5000        0.000     
     19.6875    -16.2500        5.534     
     19.6875    -15.0000        5.539     
     19.6875    -13.7500        5.532     
     19.6875    -12.5000        5.519     
     19.6875    -11.2500        5.522     
     19.6875    -10.0000        5.589     
     19.6875     -8.7500        5.748     
     19.6875     -7.5000        5.999     
     19.6875     -6.2500       0.2623E-001
     19.6875     -5.0000       0.3423     
     19.6875     -3.7500       0.6276     
     19.6875     -2.5000       0.8951     
     19.6875     -1.2500        1.161     
     19.6875      0.0000        1.424     
     19.6875      1.2500        1.669     
     19.6875      2.5000        1.889     
     19.6875      3.7500        2.088     
     19.6875      5.0000        2.269     
     19.6875      6.2500        2.427     
     19.6875      7.5000        2.558     
     19.6875      8.7500        2.655     
     19.6875     10.0000        2.723     
     19.6875     11.2500        2.777     
     19.6875     12.5000        2.835     
     19.6875     13.7500        2.898     
     19.6875     15.0000        2.954     
     19.6875     16.2500        2.992     
     19.6875     17.5000        0.000     
     19.6875     18.7500        0.000     

     20.6250    -20.0000        0.000     
     20.6250    -18.7500        0.000     
     20.6250    -17.5000        0.000     
     20.6250    -16.2500        5.795     
     20.6250    -15.0000        5.783     
     20.6250    -13.7500        5.757     
     20.6250    -12.5000        5.729     
     20.6250    -11.2500        5.713     
     20.6250    -10.0000        5.730     
     20.6250     -8.7500        5.774     
     20.6250     -7.5000        5.835     
     20.6250     -6.2500        5.911     
     20.6250     -5.0000        6.009     
     20.6250     -3.7500        6.137     
     20.6250     -2.5000       0.5120E-001
     20.6250     -1.2500       0.4661     
     20.6250      0.0000        1.424     
     20.6250      1.2500        2.133     
     20.6250      2.5000        2.388     
     20.6250      3.7500        2.500     
     20.6250      5.0000        2.562     
     20.6250      6.2500        2.601     
     20.6250      7.5000        2.628     
     20.6250      8.7500        2.643     
     20.6250     10.0000        2.651     
     20.6250     11.2500        2.665     
     20.6250     12.5000        2.697     
     20.6250     13.7500        2.739     
     20.6250     15.0000        2.777     
     20.6250     16.2500        2.802     
     20.6250     17.5000        0.000     
     20.6250     18.7500        0.000     

     21.5625    -20.0000        0.000     
     21.5625    -18.7500        0.000     
     21.5625    -17.5000        0.000     
     21.5625    -16.2500        5.977     
     21.5625    -15.0000        5.952     
     21.5625    -13.7500        5.910     
     21.5625    -12.5000        5.864     
     21.5625    -11.2500        5.828     
     21.5625    -10.0000        5.807     
     21.5625     -8.7500        5.787     
     21.5625     -7.5000        5.756     
     21.5625     -6.2500        5.707     
     21.5625     -5.0000        5.641     
     21.5625     -3.7500        5.545     
     21.5625     -2.5000        5.392     
     21.5625     -1.2500        5.110     
     21.5625      0.0000        4.566     
     21.5625      1.2500        3.871     
     21.5625      2.5000        3.413     
     21.5625      3.7500        3.146     
     21.5625      5.0000        2.965     
     21.5625      6.2500        2.824     
     21.5625      7.5000        2.715     
     21.5625      8.7500        2.629     
     21.5625     10.0000        2.569     
     21.5625     11.2500        2.544     
     21.5625     12.5000        2.555     
     21.5625     13.7500        2.580     
     21.5625     15.0000        2.602     
     21.5625     16.2500        2.613     
     21.5625     17.5000        0.000     
     21.5625     18.7500        0.000     

     22.5000    -20.0000        0.000     
     22.5000    -18.7500        0.000     
     22.5000    -17.5000        0.000     
     22.5000    -16.2500        6.179     
     22.5000    -15.0000        6.139     
     22.5000    -13.7500        6.078     
     22.5000    -12.5000        6.010     
     22.5000    -11.2500        5.945     
     22.5000    -10.0000        5.881     
     22.5000     -8.7500        5.799     
     22.5000     -7.5000        5.684     
     22.5000     -6.2500        5.532     
     22.5000     -5.0000        5.355     
     22.5000     -3.7500        5.163     
     22.5000     -2.5000        4.968     
     22.5000     -1.2500        4.771     
     22.5000      0.0000        4.566     
     22.5000      1.2500        4.351     
     22.5000      2.5000        4.135     
     22.5000      3.7500        3.909     
     22.5000      5.0000        3.647     
     22.5000      6.2500        3.313     
     22.5000      7.5000        2.927     
     22.5000      8.7500        2.595     
     22.5000     10.0000        2.392     
     22.5000     11.2500        2.314     
     22.5000     12.5000        2.308     
     22.5000     13.7500        2.320     
     22.5000     15.0000        2.322     
     22.5000     16.2500        2.314     
     22.5000     17.5000        0.000     
     22.5000     18.7500        0.000     

     23.4375    -20.0000        0.000     
     23.4375    -18.7500        0.000     
     23.4375    -17.5000        0.000     
     23.4375    -16.2500       0.2579     
     23.4375    -15.0000       0.2003     
     23.4375    -13.7500       0.1111     
     23.4375    -12.5000        6.279     
     23.4375    -11.2500        6.151     
     23.4375    -10.0000        6.007     
     23.4375     -8.7500        5.819     
     23.4375     -7.5000        5.573     
     23.4375     -6.2500        5.295     
     23.4375     -5.0000        5.045     
     23.4375     -3.7500        4.856     
     23.4375     -2.5000        4.725     
     23.4375     -1.2500        4.635     
     23.4375      0.0000        4.565     
     23.4375      1.2500        4.506     
     23.4375      2.5000        4.461     
     23.4375      3.7500        4.440     
     23.4375      5.0000        4.455     
     23.4375      6.2500        4.532     
     23.4375      7.5000        4.791     
     23.4375      8.7500        6.131     
     23.4375     10.0000       0.8962     
     23.4375     11.2500        1.211     
     23.4375     12.5000        1.401     
     23.4375     13.7500        1.499     
     23.4375     15.0000        1.522     
     23.4375     16.2500        1.521     
     23.4375     17.5000        0.000     
     23.4375     18.7500        0.000     

     24.3750    -20.0000        0.000     
     24.3750    -18.7500        0.000     
     24.3750    -17.5000        0.000     
     24.3750    -16.2500        1.255     
     24.3750    -15.0000        1.237     
     24.3750    -13.7500        1.182     
     24.3750    -12.5000        1.035     
     24.3750    -11.2500       0.7712     
     24.3750    -10.0000       0.3631     
     24.3750     -8.7500        5.929     
     24.3750     -7.5000        5.132     
     24.3750     -6.2500        4.743     
     24.3750     -5.0000        4.583     
     24.3750     -3.7500        4.520     
     24.3750     -2.5000        4.509     
     24.3750     -1.2500        4.529     
     24.3750      0.0000        4.565     
     24.3750      1.2500        4.613     
     24.3750      2.5000        4.683     
     24.3750      3.7500        4.794     
     24.3750      5.0000        4.970     
     24.3750      6.2500        5.226     
     24.3750      7.5000        5.536     
     24.3750      8.7500        5.826     
     24.3750     10.0000        6.053     
     24.3750     11.2500        6.228     
     24.3750     12.5000       0.9641E-001
     24.3750     13.7500       0.2279     
     24.3750     15.0000       0.3236     
     24.3750     16.2500       0.3839     
     24.3750     17.5000        0.000     
     24.3750     18.7500        0.000     

     25.3125    -20.0000        0.000     
     25.3125    -18.7500        0.000     
     25.3125    -17.5000        0.000     
     25.3125    -16.2500        2.217     
     25.3125    -15.0000        2.230     
     25.3125    -13.7500        2.231     
     25.3125    -12.5000        2.220     
     25.3125    -11.2500        2.223     
     25.3125    -10.0000        2.314     
     25.3125     -8.7500        2.578     
     25.3125     -7.5000        3.034     
     25.3125     -6.2500        3.498     
     25.3125     -5.0000        3.818     
     25.3125     -3.7500        4.036     
     25.3125     -2.5000        4.218     
     25.3125     -1.2500        4.392     
     25.3125      0.0000        4.565     
     25.3125      1.2500        4.737     
     25.3125      2.5000        4.912     
     25.3125      3.7500        5.100     
     25.3125      5.0000        5.298     
     25.3125      6.2500        5.493     
     25.3125      7.5000        5.667     
     25.3125      8.7500        5.802     
     25.3125     10.0000        5.899     
     25.3125     11.2500        5.974     
     25.3125     12.5000        6.047     
     25.3125     13.7500        6.122     
     25.3125     15.0000        6.187     
     25.3125     16.2500        6.231     
     25.3125     17.5000        0.000     
     25.3125     18.7500        0.000     

     26.2500    -20.0000        0.000     
     26.2500    -18.7500        0.000     
     26.2500    -17.5000        0.000     
     26.2500    -16.2500        2.567     
     26.2500    -15.0000        2.561     
     26.2500    -13.7500        2.541     
     26.2500    -12.5000        2.520     
     26.2500    -11.2500        2.513     
     26.2500    -10.0000        2.547     
     26.2500     -8.7500        2.625     
     26.2500     -7.5000        2.740     
     26.2500     -6.2500        2.887     
     26.2500     -5.0000        3.074     
     26.2500     -3.7500        3.303     
     26.2500     -2.5000        3.611     
     26.2500     -1.2500        4.042     
     26.2500      0.0000        4.565     
     26.2500      1.2500        4.999     
     26.2500      2.5000        5.278     
     26.2500      3.7500        5.457     
     26.2500      5.0000        5.580     
     26.2500      6.2500        5.672     
     26.2500      7.5000        5.742     
     26.2500      8.7500        5.789     
     26.2500     10.0000        5.820     
     26.2500     11.2500        5.849     
     26.2500     12.5000        5.890     
     26.2500     13.7500        5.940     
     26.2500     15.0000        5.985     
     26.2500     16.2500        6.015     
     26.2500     17.5000        0.000     
     26.2500     18.7500        0.000     

     27.1875    -20.0000        0.000     
     27.1875    -18.7500        0.000     
     27.1875    -17.5000        0.000     
     27.1875    -16.2500        2.765     
     27.1875    -15.0000        2.745     
     27.1875    -13.7500        2.709     
     27.1875    -12.5000        2.671     
     27.1875    -11.2500        2.643     
     27.1875    -10.0000        2.637     
     27.1875     -8.7500        2.640     
     27.1875     -7.5000        2.643     
     27.1875     -6.2500        2.638     
     27.1875     -5.0000        2.629     
     27.1875     -3.7500        2.607     
     27.1875     -2.5000        2.553     
     27.1875     -1.2500        2.385     
     27.1875      0.0000        1.424     
     27.1875      1.2500       0.7682E-001
     27.1875      2.5000        6.106     
     27.1875      3.7500        5.996     
     27.1875      5.0000        5.922     
     27.1875      6.2500        5.863     
     27.1875      7.5000        5.816     
     27.1875      8.7500        5.777     
     27.1875     10.0000        5.747     
     27.1875     11.2500        5.739     
     27.1875     12.5000        5.758     
     27.1875     13.7500        5.790     
     27.1875     15.0000        5.819     
     27.1875     16.2500        5.835     
     27.1875     17.5000        0.000     
     27.1875     18.7500        0.000     

     28.1250    -20.0000        0.000     
     28.1250    -18.7500        0.000     
     28.1250    -17.5000        0.000     
     28.1250    -16.2500        2.949     
     28.1250    -15.0000        2.915     
     28.1250    -13.7500        2.862     
     28.1250    -12.5000        2.804     
     28.1250    -11.2500        2.752     
     28.1250    -10.0000        2.708     
     28.1250     -8.7500        2.652     
     28.1250     -7.5000        2.572     
     28.1250     -6.2500        2.462     
     28.1250     -5.0000        2.325     
     28.1250     -3.7500        2.159     
     28.1250     -2.5000        1.960     
     28.1250     -1.2500        1.717     
     28.1250      0.0000        1.424     
     28.1250      1.2500        1.098     
     28.1250      2.5000       0.7783     
     28.1250      3.7500       0.4780     
     28.1250      5.0000       0.1911     
     28.1250      6.2500        6.196     
     28.1250      7.5000        5.949     
     28.1250      8.7500        5.756     
     28.1250     10.0000        5.630     
     28.1250     11.2500        5.575     
     28.1250     12.5000        5.574     
     28.1250     13.7500        5.591     
     28.1250     15.0000        5.601     
     28.1250     16.2500        5.602     
     28.1250     17.5000        0.000     
     28.1250     18.7500        0.000     

     29.0625    -20.0000        0.000     
     29.0625    -18.7500        0.000     
     29.0625    -17.5000        0.000     
     29.0625    -16.2500        3.217     
     29.0625    -15.0000        3.166     
     29.0625    -13.7500        3.090     
     29.0625    -12.5000        2.999     
     29.0625    -11.2500        2.904     
     29.0625    -10.0000        2.802     
     29.0625     -8.7500        2.667     
     29.0625     -7.5000        2.486     
     29.0625     -6.2500        2.264     
     29.0625     -5.0000        2.037     
     29.0625     -3.7500        1.835     
     29.0625     -2.5000        1.672     
     29.0625     -1.2500        1.540     
     29.0625      0.0000        1.424     
     29.0625      1.2500        1.314     
     29.0625      2.5000        1.211     
     29.0625      3.7500        1.116     
     29.0625      5.0000        1.016     
     29.0625      6.2500       0.8562     
     29.0625      7.5000       0.4229     
     29.0625      8.7500        5.612     
     29.0625     10.0000        5.114     
     29.0625     11.2500        5.048     
     29.0625     12.5000        5.081     
     29.0625     13.7500        5.109     
     29.0625     15.0000        5.104     
     29.0625     16.2500        5.088     
     29.0625     17.5000        0.000     
     29.0625     18.7500        0.000     

