    -30.0000    -20.0000        0.000     
    -30.0000    -18.7500        0.000     
    -30.0000    -17.5000        0.000     
    -30.0000    -16.2500       0.8308E-001
    -30.0000    -15.0000       0.6210E-001
    -30.0000    -13.7500       0.2819E-001
    -30.0000    -12.5000        6.245     
    -30.0000    -11.2500        6.120     
    -30.0000    -10.0000        5.911     
    -30.0000     -8.7500        5.634     
    -30.0000     -7.5000        5.344     
    -30.0000     -6.2500        5.074     
    -30.0000     -5.0000        4.839     
    -30.0000     -3.7500        4.652     
    -30.0000     -2.5000        4.519     
    -30.0000     -1.2500        4.440     
    -30.0000      0.0000        4.414     
    -30.0000      1.2500        4.440     
    -30.0000      2.5000        4.519     
    -30.0000      3.7500        4.652     
    -30.0000      5.0000        4.839     
    -30.0000      6.2500        5.074     
    -30.0000      7.5000        5.344     
    -30.0000      8.7500        5.634     
    -30.0000     10.0000        5.911     
    -30.0000     11.2500        6.120     
    -30.0000     12.5000        6.245     
    -30.0000     13.7500       0.2819E-001
    -30.0000     15.0000       0.6210E-001
    -30.0000     16.2500       0.8309E-001
    -30.0000     17.5000        0.000     
    -30.0000     18.7500        0.000     

    -29.0625    -20.0000        0.000     
    -29.0625    -18.7500        0.000     
    -29.0625    -17.5000        0.000     
    -29.0625    -16.2500       0.5799     
    -29.0625    -15.0000       0.5694     
    -29.0625    -13.7500       0.5814     
    -29.0625    -12.5000       0.6012     
    -29.0625    -11.2500       0.5735     
    -29.0625    -10.0000       0.3181     
    -29.0625     -8.7500        5.419     
    -29.0625     -7.5000        4.618     
    -29.0625     -6.2500        4.388     
    -29.0625     -5.0000        4.277     
    -29.0625     -3.7500        4.227     
    -29.0625     -2.5000        4.234     
    -29.0625     -1.2500        4.300     
    -29.0625      0.0000        4.414     
    -29.0625      1.2500        4.560     
    -29.0625      2.5000        4.727     
    -29.0625      3.7500        4.908     
    -29.0625      5.0000        5.098     
    -29.0625      6.2500        5.292     
    -29.0625      7.5000        5.479     
    -29.0625      8.7500        5.655     
    -29.0625     10.0000        5.817     
    -29.0625     11.2500        5.949     
    -29.0625     12.5000        6.040     
    -29.0625     13.7500        6.094     
    -29.0625     15.0000        6.120     
    -29.0625     16.2500        6.131     
    -29.0625     17.5000        0.000     
    -29.0625     18.7500        0.000     

    -28.1250    -20.0000        0.000     
    -28.1250    -18.7500        0.000     
    -28.1250    -17.5000        0.000     
    -28.1250    -16.2500        1.740     
    -28.1250    -15.0000        1.814     
    -28.1250    -13.7500        1.941     
    -28.1250    -12.5000        2.096     
    -28.1250    -11.2500        2.248     
    -28.1250    -10.0000        2.404     
    -28.1250     -8.7500        2.573     
    -28.1250     -7.5000        2.760     
    -28.1250     -6.2500        2.949     
    -28.1250     -5.0000        3.136     
    -28.1250     -3.7500        3.342     
    -28.1250     -2.5000        3.620     
    -28.1250     -1.2500        4.008     
    -28.1250      0.0000        4.414     
    -28.1250      1.2500        4.732     
    -28.1250      2.5000        4.962     
    -28.1250      3.7500        5.139     
    -28.1250      5.0000        5.293     
    -28.1250      6.2500        5.433     
    -28.1250      7.5000        5.557     
    -28.1250      8.7500        5.666     
    -28.1250     10.0000        5.766     
    -28.1250     11.2500        5.848     
    -28.1250     12.5000        5.905     
    -28.1250     13.7500        5.938     
    -28.1250     15.0000        5.948     
    -28.1250     16.2500        5.945     
    -28.1250     17.5000        0.000     
    -28.1250     18.7500        0.000     

    -27.1875    -20.0000        0.000     
    -27.1875    -18.7500        0.000     
    -27.1875    -17.5000        0.000     
    -27.1875    -16.2500        2.439     
    -27.1875    -15.0000        2.476     
    -27.1875    -13.7500        2.511     
    -27.1875    -12.5000        2.536     
    -27.1875    -11.2500        2.546     
    -27.1875    -10.0000        2.547     
    -27.1875     -8.7500        2.542     
    -27.1875     -7.5000        2.535     
    -27.1875     -6.2500        2.523     
    -27.1875     -5.0000        2.509     
    -27.1875     -3.7500        2.503     
    -27.1875     -2.5000        2.531     
    -27.1875     -1.2500        2.696     
    -27.1875      0.0000        4.412     
    -27.1875      1.2500        5.233     
    -27.1875      2.5000        5.373     
    -27.1875      3.7500        5.453     
    -27.1875      5.0000        5.521     
    -27.1875      6.2500        5.583     
    -27.1875      7.5000        5.635     
    -27.1875      8.7500        5.677     
    -27.1875     10.0000        5.715     
    -27.1875     11.2500        5.744     
    -27.1875     12.5000        5.759     
    -27.1875     13.7500        5.757     
    -27.1875     15.0000        5.740     
    -27.1875     16.2500        5.717     
    -27.1875     17.5000        0.000     
    -27.1875     18.7500        0.000     

    -26.2500    -20.0000        0.000     
    -26.2500    -18.7500        0.000     
    -26.2500    -17.5000        0.000     
    -26.2500    -16.2500        2.723     
    -26.2500    -15.0000        2.733     
    -26.2500    -13.7500        2.732     
    -26.2500    -12.5000        2.710     
    -26.2500    -11.2500        2.668     
    -26.2500    -10.0000        2.605     
    -26.2500     -8.7500        2.529     
    -26.2500     -7.5000        2.444     
    -26.2500     -6.2500        2.346     
    -26.2500     -5.0000        2.234     
    -26.2500     -3.7500        2.105     
    -26.2500     -2.5000        1.948     
    -26.2500     -1.2500        1.711     
    -26.2500      0.0000        1.273     
    -26.2500      1.2500       0.5710     
    -26.2500      2.5000       0.4630E-001
    -26.2500      3.7500        6.080     
    -26.2500      5.0000        5.949     
    -26.2500      6.2500        5.855     
    -26.2500      7.5000        5.774     
    -26.2500      8.7500        5.697     
    -26.2500     10.0000        5.626     
    -26.2500     11.2500        5.557     
    -26.2500     12.5000        5.483     
    -26.2500     13.7500        5.399     
    -26.2500     15.0000        5.316     
    -26.2500     16.2500        5.255     
    -26.2500     17.5000        0.000     
    -26.2500     18.7500        0.000     

    -25.3125    -20.0000        0.000     
    -25.3125    -18.7500        0.000     
    -25.3125    -17.5000        0.000     
    -25.3125    -16.2500        2.914     
    -25.3125    -15.0000        2.909     
    -25.3125    -13.7500        2.888     
    -25.3125    -12.5000        2.842     
    -25.3125    -11.2500        2.764     
    -25.3125    -10.0000        2.654     
    -25.3125     -8.7500        2.518     
    -25.3125     -7.5000        2.371     
    -25.3125     -6.2500        2.210     
    -25.3125     -5.0000        2.036     
    -25.3125     -3.7500        1.856     
    -25.3125     -2.5000        1.671     
    -25.3125     -1.2500        1.475     
    -25.3125      0.0000        1.272     
    -25.3125      1.2500        1.076     
    -25.3125      2.5000       0.9126     
    -25.3125      3.7500       0.7961     
    -25.3125      5.0000       0.7063     
    -25.3125      6.2500       0.5808     
    -25.3125      7.5000       0.2914     
    -25.3125      8.7500        5.847     
    -25.3125     10.0000        5.052     
    -25.3125     11.2500        4.650     
    -25.3125     12.5000        4.407     
    -25.3125     13.7500        4.239     
    -25.3125     15.0000        4.148     
    -25.3125     16.2500        4.123     
    -25.3125     17.5000        0.000     
    -25.3125     18.7500        0.000     

    -24.3750    -20.0000        0.000     
    -24.3750    -18.7500        0.000     
    -24.3750    -17.5000        0.000     
    -24.3750    -16.2500        3.117     
    -24.3750    -15.0000        3.100     
    -24.3750    -13.7500        3.067     
    -24.3750    -12.5000        3.004     
    -24.3750    -11.2500        2.893     
    -24.3750    -10.0000        2.721     
    -24.3750     -8.7500        2.503     
    -24.3750     -7.5000        2.271     
    -24.3750     -6.2500        2.039     
    -24.3750     -5.0000        1.817     
    -24.3750     -3.7500        1.622     
    -24.3750     -2.5000        1.464     
    -24.3750     -1.2500        1.345     
    -24.3750      0.0000        1.272     
    -24.3750      1.2500        1.249     
    -24.3750      2.5000        1.280     
    -24.3750      3.7500        1.374     
    -24.3750      5.0000        1.535     
    -24.3750      6.2500        1.768     
    -24.3750      7.5000        2.083     
    -24.3750      8.7500        2.472     
    -24.3750     10.0000        2.858     
    -24.3750     11.2500        3.122     
    -24.3750     12.5000        3.256     
    -24.3750     13.7500        3.316     
    -24.3750     15.0000        3.346     
    -24.3750     16.2500        3.368     
    -24.3750     17.5000        0.000     
    -24.3750     18.7500        0.000     

    -23.4375    -20.0000        0.000     
    -23.4375    -18.7500        0.000     
    -23.4375    -17.5000        0.000     
    -23.4375    -16.2500        3.462     
    -23.4375    -15.0000        3.440     
    -23.4375    -13.7500        3.417     
    -23.4375    -12.5000        3.368     
    -23.4375    -11.2500        3.240     
    -23.4375    -10.0000        2.942     
    -23.4375     -8.7500        2.452     
    -23.4375     -7.5000        1.977     
    -23.4375     -6.2500        1.646     
    -23.4375     -5.0000        1.428     
    -23.4375     -3.7500        1.292     
    -23.4375     -2.5000        1.225     
    -23.4375     -1.2500        1.221     
    -23.4375      0.0000        1.272     
    -23.4375      1.2500        1.369     
    -23.4375      2.5000        1.504     
    -23.4375      3.7500        1.673     
    -23.4375      5.0000        1.868     
    -23.4375      6.2500        2.081     
    -23.4375      7.5000        2.297     
    -23.4375      8.7500        2.507     
    -23.4375     10.0000        2.704     
    -23.4375     11.2500        2.860     
    -23.4375     12.5000        2.965     
    -23.4375     13.7500        3.025     
    -23.4375     15.0000        3.056     
    -23.4375     16.2500        3.071     
    -23.4375     17.5000        0.000     
    -23.4375     18.7500        0.000     

    -22.5000    -20.0000        0.000     
    -22.5000    -18.7500        0.000     
    -22.5000    -17.5000        0.000     
    -22.5000    -16.2500        4.375     
    -22.5000    -15.0000        4.426     
    -22.5000    -13.7500        4.554     
    -22.5000    -12.5000        4.760     
    -22.5000    -11.2500        5.016     
    -22.5000    -10.0000        5.340     
    -22.5000     -8.7500        5.763     
    -22.5000     -7.5000        6.210     
    -22.5000     -6.2500       0.2509     
    -22.5000     -5.0000       0.4557     
    -22.5000     -3.7500       0.6154     
    -22.5000     -2.5000       0.7947     
    -22.5000     -1.2500        1.023     
    -22.5000      0.0000        1.272     
    -22.5000      1.2500        1.508     
    -22.5000      2.5000        1.717     
    -22.5000      3.7500        1.902     
    -22.5000      5.0000        2.075     
    -22.5000      6.2500        2.238     
    -22.5000      7.5000        2.386     
    -22.5000      8.7500        2.520     
    -22.5000     10.0000        2.644     
    -22.5000     11.2500        2.744     
    -22.5000     12.5000        2.815     
    -22.5000     13.7500        2.857     
    -22.5000     15.0000        2.875     
    -22.5000     16.2500        2.878     
    -22.5000     17.5000        0.000     
    -22.5000     18.7500        0.000     

    -21.5625    -20.0000        0.000     
    -21.5625    -18.7500        0.000     
    -21.5625    -17.5000        0.000     
    -21.5625    -16.2500        5.387     
    -21.5625    -15.0000        5.440     
    -21.5625    -13.7500        5.503     
    -21.5625    -12.5000        5.563     
    -21.5625    -11.2500        5.610     
    -21.5625    -10.0000        5.652     
    -21.5625     -8.7500        5.691     
    -21.5625     -7.5000        5.734     
    -21.5625     -6.2500        5.778     
    -21.5625     -5.0000        5.830     
    -21.5625     -3.7500        5.911     
    -21.5625     -2.5000        6.093     
    -21.5625     -1.2500       0.3172     
    -21.5625      0.0000        1.272     
    -21.5625      1.2500        1.799     
    -21.5625      2.5000        2.027     
    -21.5625      3.7500        2.166     
    -21.5625      5.0000        2.278     
    -21.5625      6.2500        2.376     
    -21.5625      7.5000        2.459     
    -21.5625      8.7500        2.531     
    -21.5625     10.0000        2.596     
    -21.5625     11.2500        2.647     
    -21.5625     12.5000        2.682     
    -21.5625     13.7500        2.696     
    -21.5625     15.0000        2.693     
    -21.5625     16.2500        2.679     
    -21.5625     17.5000        0.000     
    -21.5625     18.7500        0.000     

    -20.6250    -20.0000        0.000     
    -20.6250    -18.7500        0.000     
    -20.6250    -17.5000        0.000     
    -20.6250    -16.2500        5.771     
    -20.6250    -15.0000        5.790     
    -20.6250    -13.7500        5.800     
    -20.6250    -12.5000        5.793     
    -20.6250    -11.2500        5.767     
    -20.6250    -10.0000        5.727     
    -20.6250     -8.7500        5.675     
    -20.6250     -7.5000        5.617     
    -20.6250     -6.2500        5.549     
    -20.6250     -5.0000        5.468     
    -20.6250     -3.7500        5.376     
    -20.6250     -2.5000        5.262     
    -20.6250     -1.2500        5.060     
    -20.6250      0.0000        4.415     
    -20.6250      1.2500        3.103     
    -20.6250      2.5000        2.728     
    -20.6250      3.7500        2.625     
    -20.6250      5.0000        2.591     
    -20.6250      6.2500        2.574     
    -20.6250      7.5000        2.561     
    -20.6250      8.7500        2.545     
    -20.6250     10.0000        2.530     
    -20.6250     11.2500        2.511     
    -20.6250     12.5000        2.484     
    -20.6250     13.7500        2.444     
    -20.6250     15.0000        2.396     
    -20.6250     16.2500        2.353     
    -20.6250     17.5000        0.000     
    -20.6250     18.7500        0.000     

    -19.6875    -20.0000        0.000     
    -19.6875    -18.7500        0.000     
    -19.6875    -17.5000        0.000     
    -19.6875    -16.2500        5.982     
    -19.6875    -15.0000        5.983     
    -19.6875    -13.7500        5.969     
    -19.6875    -12.5000        5.931     
    -19.6875    -11.2500        5.867     
    -19.6875    -10.0000        5.775     
    -19.6875     -8.7500        5.664     
    -19.6875     -7.5000        5.542     
    -19.6875     -6.2500        5.406     
    -19.6875     -5.0000        5.255     
    -19.6875     -3.7500        5.090     
    -19.6875     -2.5000        4.908     
    -19.6875     -1.2500        4.687     
    -19.6875      0.0000        4.414     
    -19.6875      1.2500        4.096     
    -19.6875      2.5000        3.794     
    -19.6875      3.7500        3.554     
    -19.6875      5.0000        3.353     
    -19.6875      6.2500        3.135     
    -19.6875      7.5000        2.874     
    -19.6875      8.7500        2.590     
    -19.6875     10.0000        2.330     
    -19.6875     11.2500        2.103     
    -19.6875     12.5000        1.896     
    -19.6875     13.7500        1.704     
    -19.6875     15.0000        1.565     
    -19.6875     16.2500        1.497     
    -19.6875     17.5000        0.000     
    -19.6875     18.7500        0.000     

    -18.7500    -20.0000        0.000     
    -18.7500    -18.7500        0.000     
    -18.7500    -17.5000        0.000     
    -18.7500    -16.2500        6.170     
    -18.7500    -15.0000        6.158     
    -18.7500    -13.7500        6.129     
    -18.7500    -12.5000        6.071     
    -18.7500    -11.2500        5.974     
    -18.7500    -10.0000        5.830     
    -18.7500     -8.7500        5.652     
    -18.7500     -7.5000        5.460     
    -18.7500     -6.2500        5.259     
    -18.7500     -5.0000        5.055     
    -18.7500     -3.7500        4.862     
    -18.7500     -2.5000        4.687     
    -18.7500     -1.2500        4.535     
    -18.7500      0.0000        4.414     
    -18.7500      1.2500        4.333     
    -18.7500      2.5000        4.305     
    -18.7500      3.7500        4.338     
    -18.7500      5.0000        4.439     
    -18.7500      6.2500        4.620     
    -18.7500      7.5000        4.944     
    -18.7500      8.7500        5.553     
    -18.7500     10.0000        6.239     
    -18.7500     11.2500       0.2805     
    -18.7500     12.5000       0.3821     
    -18.7500     13.7500       0.4071     
    -18.7500     15.0000       0.4174     
    -18.7500     16.2500       0.4358     
    -18.7500     17.5000        0.000     
    -18.7500     18.7500        0.000     

    -17.8125    -20.0000        0.000     
    -17.8125    -18.7500        0.000     
    -17.8125    -17.5000        0.000     
    -17.8125    -16.2500       0.1490     
    -17.8125    -15.0000       0.1267     
    -17.8125    -13.7500       0.9378E-001
    -17.8125    -12.5000       0.2882E-001
    -17.8125    -11.2500        6.181     
    -17.8125    -10.0000        5.947     
    -17.8125     -8.7500        5.626     
    -17.8125     -7.5000        5.294     
    -17.8125     -6.2500        5.002     
    -17.8125     -5.0000        4.765     
    -17.8125     -3.7500        4.588     
    -17.8125     -2.5000        4.472     
    -17.8125     -1.2500        4.416     
    -17.8125      0.0000        4.414     
    -17.8125      1.2500        4.463     
    -17.8125      2.5000        4.563     
    -17.8125      3.7500        4.710     
    -17.8125      5.0000        4.903     
    -17.8125      6.2500        5.132     
    -17.8125      7.5000        5.382     
    -17.8125      8.7500        5.640     
    -17.8125     10.0000        5.884     
    -17.8125     11.2500        6.073     
    -17.8125     12.5000        6.191     
    -17.8125     13.7500        6.256     
    -17.8125     15.0000       0.6668E-002
    -17.8125     16.2500       0.2588E-001
    -17.8125     17.5000        0.000     
    -17.8125     18.7500        0.000     

    -16.8750    -20.0000        0.000     
    -16.8750    -18.7500        0.000     
    -16.8750    -17.5000        0.000     
    -16.8750    -16.2500       0.7602     
    -16.8750    -15.0000       0.7642     
    -16.8750    -13.7500       0.8112     
    -16.8750    -12.5000       0.9019     
    -16.8750    -11.2500        1.017     
    -16.8750    -10.0000        1.178     
    -16.8750     -8.7500        3.453     
    -16.8750     -7.5000        4.043     
    -16.8750     -6.2500        4.079     
    -16.8750     -5.0000        4.079     
    -16.8750     -3.7500        4.094     
    -16.8750     -2.5000        4.151     
    -16.8750     -1.2500        4.263     
    -16.8750      0.0000        4.414     
    -16.8750      1.2500        4.587     
    -16.8750      2.5000        4.769     
    -16.8750      3.7500        4.953     
    -16.8750      5.0000        5.139     
    -16.8750      6.2500        5.323     
    -16.8750      7.5000        5.496     
    -16.8750      8.7500        5.658     
    -16.8750     10.0000        5.806     
    -16.8750     11.2500        5.927     
    -16.8750     12.5000        6.011     
    -16.8750     13.7500        6.061     
    -16.8750     15.0000        6.085     
    -16.8750     16.2500        6.093     
    -16.8750     17.5000        0.000     
    -16.8750     18.7500        0.000     

    -15.9375    -20.0000        0.000     
    -15.9375    -18.7500        0.000     
    -15.9375    -17.5000        0.000     
    -15.9375    -16.2500        1.946     
    -15.9375    -15.0000        2.016     
    -15.9375    -13.7500        2.121     
    -15.9375    -12.5000        2.238     
    -15.9375    -11.2500        2.345     
    -15.9375    -10.0000        2.451     
    -15.9375     -8.7500        2.563     
    -15.9375     -7.5000        2.685     
    -15.9375     -6.2500        2.814     
    -15.9375     -5.0000        2.954     
    -15.9375     -3.7500        3.132     
    -15.9375     -2.5000        3.416     
    -15.9375     -1.2500        3.887     
    -15.9375      0.0000        4.414     
    -15.9375      1.2500        4.785     
    -15.9375      2.5000        5.022     
    -15.9375      3.7500        5.191     
    -15.9375      5.0000        5.333     
    -15.9375      6.2500        5.460     
    -15.9375      7.5000        5.571     
    -15.9375      8.7500        5.668     
    -15.9375     10.0000        5.757     
    -15.9375     11.2500        5.829     
    -15.9375     12.5000        5.879     
    -15.9375     13.7500        5.906     
    -15.9375     15.0000        5.913     
    -15.9375     16.2500        5.906     
    -15.9375     17.5000        0.000     
    -15.9375     18.7500        0.000     

    -15.0000    -20.0000        0.000     
    -15.0000    -18.7500        0.000     
    -15.0000    -17.5000        0.000     
    -15.0000    -16.2500        2.513     
    -15.0000    -15.0000        2.542     
    -15.0000    -13.7500        2.567     
    -15.0000    -12.5000        2.579     
    -15.0000    -11.2500        2.576     
    -15.0000    -10.0000        2.561     
    -15.0000     -8.7500        2.539     
    -15.0000     -7.5000        2.513     
    -15.0000     -6.2500        2.479     
    -15.0000     -5.0000        2.440     
    -15.0000     -3.7500        2.400     
    -15.0000     -2.5000        2.367     
    -15.0000     -1.2500        2.344     
    -15.0000      0.0000        0.000     
    -15.0000      1.2500        5.485     
    -15.0000      2.5000        5.509     
    -15.0000      3.7500        5.541     
    -15.0000      5.0000        5.582     
    -15.0000      6.2500        5.621     
    -15.0000      7.5000        5.654     
    -15.0000      8.7500        5.680     
    -15.0000     10.0000        5.703     
    -15.0000     11.2500        5.718     
    -15.0000     12.5000        5.721     
    -15.0000     13.7500        5.709     
    -15.0000     15.0000        5.684     
    -15.0000     16.2500        5.655     
    -15.0000     17.5000        0.000     
    -15.0000     18.7500        0.000     

    -14.0625    -20.0000        0.000     
    -14.0625    -18.7500        0.000     
    -14.0625    -17.5000        0.000     
    -14.0625    -16.2500        2.764     
    -14.0625    -15.0000        2.771     
    -14.0625    -13.7500        2.765     
    -14.0625    -12.5000        2.737     
    -14.0625    -11.2500        2.687     
    -14.0625    -10.0000        2.615     
    -14.0625     -8.7500        2.527     
    -14.0625     -7.5000        2.429     
    -14.0625     -6.2500        2.318     
    -14.0625     -5.0000        2.192     
    -14.0625     -3.7500        2.049     
    -14.0625     -2.5000        1.880     
    -14.0625     -1.2500        1.643     
    -14.0625      0.0000        1.273     
    -14.0625      1.2500       0.7448     
    -14.0625      2.5000       0.2751     
    -14.0625      3.7500        6.273     
    -14.0625      5.0000        6.096     
    -14.0625      6.2500        5.956     
    -14.0625      7.5000        5.827     
    -14.0625      8.7500        5.704     
    -14.0625     10.0000        5.593     
    -14.0625     11.2500        5.487     
    -14.0625     12.5000        5.379     
    -14.0625     13.7500        5.263     
    -14.0625     15.0000        5.158     
    -14.0625     16.2500        5.089     
    -14.0625     17.5000        0.000     
    -14.0625     18.7500        0.000     

    -13.1250    -20.0000        0.000     
    -13.1250    -18.7500        0.000     
    -13.1250    -17.5000        0.000     
    -13.1250    -16.2500        2.951     
    -13.1250    -15.0000        2.943     
    -13.1250    -13.7500        2.919     
    -13.1250    -12.5000        2.869     
    -13.1250    -11.2500        2.785     
    -13.1250    -10.0000        2.664     
    -13.1250     -8.7500        2.516     
    -13.1250     -7.5000        2.355     
    -13.1250     -6.2500        2.181     
    -13.1250     -5.0000        1.997     
    -13.1250     -3.7500        1.811     
    -13.1250     -2.5000        1.628     
    -13.1250     -1.2500        1.445     
    -13.1250      0.0000        1.272     
    -13.1250      1.2500        1.121     
    -13.1250      2.5000        1.010     
    -13.1250      3.7500       0.9524     
    -13.1250      5.0000       0.9377     
    -13.1250      6.2500       0.9367     
    -13.1250      7.5000       0.9024     
    -13.1250      8.7500       0.3086     
    -13.1250     10.0000        4.319     
    -13.1250     11.2500        4.159     
    -13.1250     12.5000        4.043     
    -13.1250     13.7500        3.953     
    -13.1250     15.0000        3.906     
    -13.1250     16.2500        3.902     
    -13.1250     17.5000        0.000     
    -13.1250     18.7500        0.000     

    -12.1875    -20.0000        0.000     
    -12.1875    -18.7500        0.000     
    -12.1875    -17.5000        0.000     
    -12.1875    -16.2500        3.167     
    -12.1875    -15.0000        3.148     
    -12.1875    -13.7500        3.115     
    -12.1875    -12.5000        3.049     
    -12.1875    -11.2500        2.931     
    -12.1875    -10.0000        2.742     
    -12.1875     -8.7500        2.499     
    -12.1875     -7.5000        2.241     
    -12.1875     -6.2500        1.990     
    -12.1875     -5.0000        1.761     
    -12.1875     -3.7500        1.569     
    -12.1875     -2.5000        1.421     
    -12.1875     -1.2500        1.322     
    -12.1875      0.0000        1.272     
    -12.1875      1.2500        1.274     
    -12.1875      2.5000        1.331     
    -12.1875      3.7500        1.447     
    -12.1875      5.0000        1.623     
    -12.1875      6.2500        1.860     
    -12.1875      7.5000        2.153     
    -12.1875      8.7500        2.484     
    -12.1875     10.0000        2.805     
    -12.1875     11.2500        3.039     
    -12.1875     12.5000        3.170     
    -12.1875     13.7500        3.235     
    -12.1875     15.0000        3.268     
    -12.1875     16.2500        3.291     
    -12.1875     17.5000        0.000     
    -12.1875     18.7500        0.000     

    -11.2500    -20.0000        0.000     
    -11.2500    -18.7500        0.000     
    -11.2500    -17.5000        0.000     
    -11.2500    -16.2500        3.577     
    -11.2500    -15.0000        3.559     
    -11.2500    -13.7500        3.549     
    -11.2500    -12.5000        3.524     
    -11.2500    -11.2500        3.422     
    -11.2500    -10.0000        3.097     
    -11.2500     -8.7500        2.411     
    -11.2500     -7.5000        1.802     
    -11.2500     -6.2500        1.479     
    -11.2500     -5.0000        1.297     
    -11.2500     -3.7500        1.197     
    -11.2500     -2.5000        1.163     
    -11.2500     -1.2500        1.192     
    -11.2500      0.0000        1.272     
    -11.2500      1.2500        1.393     
    -11.2500      2.5000        1.545     
    -11.2500      3.7500        1.720     
    -11.2500      5.0000        1.914     
    -11.2500      6.2500        2.117     
    -11.2500      7.5000        2.318     
    -11.2500      8.7500        2.511     
    -11.2500     10.0000        2.689     
    -11.2500     11.2500        2.832     
    -11.2500     12.5000        2.930     
    -11.2500     13.7500        2.987     
    -11.2500     15.0000        3.016     
    -11.2500     16.2500        3.029     
    -11.2500     17.5000        0.000     
    -11.2500     18.7500        0.000     

    -10.3125    -20.0000        0.000     
    -10.3125    -18.7500        0.000     
    -10.3125    -17.5000        0.000     
    -10.3125    -16.2500        4.638     
    -10.3125    -15.0000        4.706     
    -10.3125    -13.7500        4.846     
    -10.3125    -12.5000        5.038     
    -10.3125    -11.2500        5.245     
    -10.3125    -10.0000        5.471     
    -10.3125     -8.7500        5.732     
    -10.3125     -7.5000        6.016     
    -10.3125     -6.2500        6.277     
    -10.3125     -5.0000       0.2113     
    -10.3125     -3.7500       0.4131     
    -10.3125     -2.5000       0.6518     
    -10.3125     -1.2500       0.9552     
    -10.3125      0.0000        1.272     
    -10.3125      1.2500        1.546     
    -10.3125      2.5000        1.766     
    -10.3125      3.7500        1.949     
    -10.3125      5.0000        2.113     
    -10.3125      6.2500        2.265     
    -10.3125      7.5000        2.401     
    -10.3125      8.7500        2.523     
    -10.3125     10.0000        2.634     
    -10.3125     11.2500        2.725     
    -10.3125     12.5000        2.790     
    -10.3125     13.7500        2.827     
    -10.3125     15.0000        2.841     
    -10.3125     16.2500        2.841     
    -10.3125     17.5000        0.000     
    -10.3125     18.7500        0.000     

     -9.3750    -20.0000        0.000     
     -9.3750    -18.7500        0.000     
     -9.3750    -17.5000        0.000     
     -9.3750    -16.2500        5.494     
     -9.3750    -15.0000        5.538     
     -9.3750    -13.7500        5.586     
     -9.3750    -12.5000        5.626     
     -9.3750    -11.2500        5.653     
     -9.3750    -10.0000        5.672     
     -9.3750     -8.7500        5.687     
     -9.3750     -7.5000        5.703     
     -9.3750     -6.2500        5.716     
     -9.3750     -5.0000        5.732     
     -9.3750     -3.7500        5.767     
     -9.3750     -2.5000        5.869     
     -9.3750     -1.2500        6.245     
     -9.3750      0.0000        1.271     
     -9.3750      1.2500        1.919     
     -9.3750      2.5000        2.120     
     -9.3750      3.7500        2.234     
     -9.3750      5.0000        2.326     
     -9.3750      6.2500        2.407     
     -9.3750      7.5000        2.476     
     -9.3750      8.7500        2.533     
     -9.3750     10.0000        2.585     
     -9.3750     11.2500        2.626     
     -9.3750     12.5000        2.651     
     -9.3750     13.7500        2.658     
     -9.3750     15.0000        2.649     
     -9.3750     16.2500        2.630     
     -9.3750     17.5000        0.000     
     -9.3750     18.7500        0.000     

     -8.4375    -20.0000        0.000     
     -8.4375    -18.7500        0.000     
     -8.4375    -17.5000        0.000     
     -8.4375    -16.2500        5.820     
     -8.4375    -15.0000        5.834     
     -8.4375    -13.7500        5.838     
     -8.4375    -12.5000        5.823     
     -8.4375    -11.2500        5.789     
     -8.4375    -10.0000        5.737     
     -8.4375     -8.7500        5.673     
     -8.4375     -7.5000        5.601     
     -8.4375     -6.2500        5.517     
     -8.4375     -5.0000        5.420     
     -8.4375     -3.7500        5.308     
     -8.4375     -2.5000        5.169     
     -8.4375     -1.2500        4.940     
     -8.4375      0.0000        4.414     
     -8.4375      1.2500        3.458     
     -8.4375      2.5000        2.951     
     -8.4375      3.7500        2.770     
     -8.4375      5.0000        2.688     
     -8.4375      6.2500        2.636     
     -8.4375      7.5000        2.593     
     -8.4375      8.7500        2.550     
     -8.4375     10.0000        2.510     
     -8.4375     11.2500        2.469     
     -8.4375     12.5000        2.421     
     -8.4375     13.7500        2.361     
     -8.4375     15.0000        2.298     
     -8.4375     16.2500        2.246     
     -8.4375     17.5000        0.000     
     -8.4375     18.7500        0.000     

     -7.5000    -20.0000        0.000     
     -7.5000    -18.7500        0.000     
     -7.5000    -17.5000        0.000     
     -7.5000    -16.2500        6.019     
     -7.5000    -15.0000        6.017     
     -7.5000    -13.7500        5.999     
     -7.5000    -12.5000        5.957     
     -7.5000    -11.2500        5.886     
     -7.5000    -10.0000        5.785     
     -7.5000     -8.7500        5.662     
     -7.5000     -7.5000        5.528     
     -7.5000     -6.2500        5.379     
     -7.5000     -5.0000        5.216     
     -7.5000     -3.7500        5.044     
     -7.5000     -2.5000        4.859     
     -7.5000     -1.2500        4.650     
     -7.5000      0.0000        4.414     
     -7.5000      1.2500        4.164     
     -7.5000      2.5000        3.937     
     -7.5000      3.7500        3.757     
     -7.5000      5.0000        3.598     
     -7.5000      6.2500        3.392     
     -7.5000      7.5000        3.069     
     -7.5000      8.7500        2.622     
     -7.5000     10.0000        2.199     
     -7.5000     11.2500        1.875     
     -7.5000     12.5000        1.618     
     -7.5000     13.7500        1.412     
     -7.5000     15.0000        1.284     
     -7.5000     16.2500        1.235     
     -7.5000     17.5000        0.000     
     -7.5000     18.7500        0.000     

     -6.5625    -20.0000        0.000     
     -6.5625    -18.7500        0.000     
     -6.5625    -17.5000        0.000     
     -6.5625    -16.2500        6.212     
     -6.5625    -15.0000        6.198     
     -6.5625    -13.7500        6.167     
     -6.5625    -12.5000        6.106     
     -6.5625    -11.2500        6.002     
     -6.5625    -10.0000        5.845     
     -6.5625     -8.7500        5.649     
     -6.5625     -7.5000        5.438     
     -6.5625     -6.2500        5.222     
     -6.5625     -5.0000        5.009     
     -6.5625     -3.7500        4.814     
     -6.5625     -2.5000        4.646     
     -6.5625     -1.2500        4.510     
     -6.5625      0.0000        4.414     
     -6.5625      1.2500        4.363     
     -6.5625      2.5000        4.367     
     -6.5625      3.7500        4.434     
     -6.5625      5.0000        4.570     
     -6.5625      6.2500        4.788     
     -6.5625      7.5000        5.119     
     -6.5625      8.7500        5.594     
     -6.5625     10.0000        6.083     
     -6.5625     11.2500       0.9870E-001
     -6.5625     12.5000       0.2268     
     -6.5625     13.7500       0.2755     
     -6.5625     15.0000       0.2986     
     -6.5625     16.2500       0.3205     
     -6.5625     17.5000        0.000     
     -6.5625     18.7500        0.000     

     -5.6250    -20.0000        0.000     
     -5.6250    -18.7500        0.000     
     -5.6250    -17.5000        0.000     
     -5.6250    -16.2500       0.2268     
     -5.6250    -15.0000       0.2040     
     -5.6250    -13.7500       0.1741     
     -5.6250    -12.5000       0.1140     
     -5.6250    -11.2500        6.263     
     -5.6250    -10.0000        5.999     
     -5.6250     -8.7500        5.614     
     -5.6250     -7.5000        5.224     
     -5.6250     -6.2500        4.910     
     -5.6250     -5.0000        4.676     
     -5.6250     -3.7500        4.516     
     -5.6250     -2.5000        4.422     
     -5.6250     -1.2500        4.390     
     -5.6250      0.0000        4.414     
     -5.6250      1.2500        4.487     
     -5.6250      2.5000        4.605     
     -5.6250      3.7500        4.764     
     -5.6250      5.0000        4.959     
     -5.6250      6.2500        5.180     
     -5.6250      7.5000        5.413     
     -5.6250      8.7500        5.645     
     -5.6250     10.0000        5.863     
     -5.6250     11.2500        6.034     
     -5.6250     12.5000        6.145     
     -5.6250     13.7500        6.209     
     -5.6250     15.0000        6.241     
     -5.6250     16.2500        6.258     
     -5.6250     17.5000        0.000     
     -5.6250     18.7500        0.000     

     -4.6875    -20.0000        0.000     
     -4.6875    -18.7500        0.000     
     -4.6875    -17.5000        0.000     
     -4.6875    -16.2500       0.9807     
     -4.6875    -15.0000        1.006     
     -4.6875    -13.7500        1.098     
     -4.6875    -12.5000        1.266     
     -4.6875    -11.2500        1.508     
     -4.6875    -10.0000        1.910     
     -4.6875     -8.7500        2.706     
     -4.6875     -7.5000        3.432     
     -4.6875     -6.2500        3.723     
     -4.6875     -5.0000        3.848     
     -4.6875     -3.7500        3.938     
     -4.6875     -2.5000        4.054     
     -4.6875     -1.2500        4.218     
     -4.6875      0.0000        4.414     
     -4.6875      1.2500        4.617     
     -4.6875      2.5000        4.813     
     -4.6875      3.7500        4.998     
     -4.6875      5.0000        5.178     
     -4.6875      6.2500        5.352     
     -4.6875      7.5000        5.512     
     -4.6875      8.7500        5.660     
     -4.6875     10.0000        5.795     
     -4.6875     11.2500        5.906     
     -4.6875     12.5000        5.983     
     -4.6875     13.7500        6.030     
     -4.6875     15.0000        6.050     
     -4.6875     16.2500        6.056     
     -4.6875     17.5000        0.000     
     -4.6875     18.7500        0.000     

     -3.7500    -20.0000        0.000     
     -3.7500    -18.7500        0.000     
     -3.7500    -17.5000        0.000     
     -3.7500    -16.2500        2.112     
     -3.7500    -15.0000        2.175     
     -3.7500    -13.7500        2.257     
     -3.7500    -12.5000        2.342     
     -3.7500    -11.2500        2.416     
     -3.7500    -10.0000        2.485     
     -3.7500     -8.7500        2.555     
     -3.7500     -7.5000        2.632     
     -3.7500     -6.2500        2.714     
     -3.7500     -5.0000        2.807     
     -3.7500     -3.7500        2.939     
     -3.7500     -2.5000        3.187     
     -3.7500     -1.2500        3.714     
     -3.7500      0.0000        4.413     
     -3.7500      1.2500        4.853     
     -3.7500      2.5000        5.090     
     -3.7500      3.7500        5.247     
     -3.7500      5.0000        5.375     
     -3.7500      6.2500        5.488     
     -3.7500      7.5000        5.586     
     -3.7500      8.7500        5.670     
     -3.7500     10.0000        5.747     
     -3.7500     11.2500        5.809     
     -3.7500     12.5000        5.852     
     -3.7500     13.7500        5.873     
     -3.7500     15.0000        5.875     
     -3.7500     16.2500        5.865     
     -3.7500     17.5000        0.000     
     -3.7500     18.7500        0.000     

     -2.8125    -20.0000        0.000     
     -2.8125    -18.7500        0.000     
     -2.8125    -17.5000        0.000     
     -2.8125    -16.2500        2.575     
     -2.8125    -15.0000        2.599     
     -2.8125    -13.7500        2.615     
     -2.8125    -12.5000        2.617     
     -2.8125    -11.2500        2.602     
     -2.8125    -10.0000        2.574     
     -2.8125     -8.7500        2.536     
     -2.8125     -7.5000        2.493     
     -2.8125     -6.2500        2.441     
     -2.8125     -5.0000        2.380     
     -2.8125     -3.7500        2.311     
     -2.8125     -2.5000        2.232     
     -2.8125     -1.2500        2.091     
     -2.8125      0.0000        1.274     
     -2.8125      1.2500        5.837     
     -2.8125      2.5000        5.673     
     -2.8125      3.7500        5.645     
     -2.8125      5.0000        5.651     
     -2.8125      6.2500        5.665     
     -2.8125      7.5000        5.677     
     -2.8125      8.7500        5.683     
     -2.8125     10.0000        5.689     
     -2.8125     11.2500        5.688     
     -2.8125     12.5000        5.677     
     -2.8125     13.7500        5.653     
     -2.8125     15.0000        5.617     
     -2.8125     16.2500        5.582     
     -2.8125     17.5000        0.000     
     -2.8125     18.7500        0.000     

     -1.8750    -20.0000        0.000     
     -1.8750    -18.7500        0.000     
     -1.8750    -17.5000        0.000     
     -1.8750    -16.2500        2.803     
     -1.8750    -15.0000        2.807     
     -1.8750    -13.7500        2.796     
     -1.8750    -12.5000        2.764     
     -1.8750    -11.2500        2.706     
     -1.8750    -10.0000        2.624     
     -1.8750     -8.7500        2.525     
     -1.8750     -7.5000        2.415     
     -1.8750     -6.2500        2.291     
     -1.8750     -5.0000        2.152     
     -1.8750     -3.7500        1.998     
     -1.8750     -2.5000        1.820     
     -1.8750     -1.2500        1.590     
     -1.8750      0.0000        1.272     
     -1.8750      1.2500       0.8661     
     -1.8750      2.5000       0.4794     
     -1.8750      3.7500       0.1995     
     -1.8750      5.0000        6.278     
     -1.8750      6.2500        6.090     
     -1.8750      7.5000        5.902     
     -1.8750      8.7500        5.715     
     -1.8750     10.0000        5.545     
     -1.8750     11.2500        5.389     
     -1.8750     12.5000        5.237     
     -1.8750     13.7500        5.083     
     -1.8750     15.0000        4.955     
     -1.8750     16.2500        4.882     
     -1.8750     17.5000        0.000     
     -1.8750     18.7500        0.000     

     -0.9375    -20.0000        0.000     
     -0.9375    -18.7500        0.000     
     -0.9375    -17.5000        0.000     
     -0.9375    -16.2500        2.989     
     -0.9375    -15.0000        2.979     
     -0.9375    -13.7500        2.952     
     -0.9375    -12.5000        2.898     
     -0.9375    -11.2500        2.808     
     -0.9375    -10.0000        2.676     
     -0.9375     -8.7500        2.513     
     -0.9375     -7.5000        2.337     
     -0.9375     -6.2500        2.151     
     -0.9375     -5.0000        1.957     
     -0.9375     -3.7500        1.766     
     -0.9375     -2.5000        1.586     
     -0.9375     -1.2500        1.418     
     -0.9375      0.0000        1.272     
     -0.9375      1.2500        1.159     
     -0.9375      2.5000        1.092     
     -0.9375      3.7500        1.085     
     -0.9375      5.0000        1.135     
     -0.9375      6.2500        1.246     
     -0.9375      7.5000        1.477     
     -0.9375      8.7500        2.278     
     -0.9375     10.0000        3.459     
     -0.9375     11.2500        3.715     
     -0.9375     12.5000        3.743     
     -0.9375     13.7500        3.723     
     -0.9375     15.0000        3.711     
     -0.9375     16.2500        3.722     
     -0.9375     17.5000        0.000     
     -0.9375     18.7500        0.000     

      0.0000    -20.0000        0.000     
      0.0000    -18.7500        0.000     
      0.0000    -17.5000        0.000     
      0.0000    -16.2500        3.225     
      0.0000    -15.0000        3.204     
      0.0000    -13.7500        3.170     
      0.0000    -12.5000        3.104     
      0.0000    -11.2500        2.978     
      0.0000    -10.0000        2.769     
      0.0000     -8.7500        2.493     
      0.0000     -7.5000        2.203     
      0.0000     -6.2500        1.932     
      0.0000     -5.0000        1.697     
      0.0000     -3.7500        1.511     
      0.0000     -2.5000        1.377     
      0.0000     -1.2500        1.298     
      0.0000      0.0000        1.272     
      0.0000      1.2500        1.298     
      0.0000      2.5000        1.377     
      0.0000      3.7500        1.511     
      0.0000      5.0000        1.697     
      0.0000      6.2500        1.932     
      0.0000      7.5000        2.203     
      0.0000      8.7500        2.493     
      0.0000     10.0000        2.769     
      0.0000     11.2500        2.978     
      0.0000     12.5000        3.104     
      0.0000     13.7500        3.170     
      0.0000     15.0000        3.204     
      0.0000     16.2500        3.225     
      0.0000     17.5000        0.000     
      0.0000     18.7500        0.000     

      0.9375    -20.0000        0.000     
      0.9375    -18.7500        0.000     
      0.9375    -17.5000        0.000     
      0.9375    -16.2500        3.721     
      0.9375    -15.0000        3.711     
      0.9375    -13.7500        3.723     
      0.9375    -12.5000        3.743     
      0.9375    -11.2500        3.715     
      0.9375    -10.0000        3.460     
      0.9375     -8.7500        2.278     
      0.9375     -7.5000        1.477     
      0.9375     -6.2500        1.246     
      0.9375     -5.0000        1.135     
      0.9375     -3.7500        1.085     
      0.9375     -2.5000        1.092     
      0.9375     -1.2500        1.159     
      0.9375      0.0000        1.272     
      0.9375      1.2500        1.419     
      0.9375      2.5000        1.586     
      0.9375      3.7500        1.766     
      0.9375      5.0000        1.957     
      0.9375      6.2500        2.151     
      0.9375      7.5000        2.337     
      0.9375      8.7500        2.513     
      0.9375     10.0000        2.676     
      0.9375     11.2500        2.808     
      0.9375     12.5000        2.898     
      0.9375     13.7500        2.952     
      0.9375     15.0000        2.979     
      0.9375     16.2500        2.989     
      0.9375     17.5000        0.000     
      0.9375     18.7500        0.000     

      1.8750    -20.0000        0.000     
      1.8750    -18.7500        0.000     
      1.8750    -17.5000        0.000     
      1.8750    -16.2500        4.881     
      1.8750    -15.0000        4.956     
      1.8750    -13.7500        5.083     
      1.8750    -12.5000        5.237     
      1.8750    -11.2500        5.390     
      1.8750    -10.0000        5.545     
      1.8750     -8.7500        5.715     
      1.8750     -7.5000        5.901     
      1.8750     -6.2500        6.091     
      1.8750     -5.0000        6.277     
      1.8750     -3.7500       0.2000     
      1.8750     -2.5000       0.4788     
      1.8750     -1.2500       0.8667     
      1.8750      0.0000        1.272     
      1.8750      1.2500        1.590     
      1.8750      2.5000        1.820     
      1.8750      3.7500        1.998     
      1.8750      5.0000        2.152     
      1.8750      6.2500        2.291     
      1.8750      7.5000        2.415     
      1.8750      8.7500        2.525     
      1.8750     10.0000        2.624     
      1.8750     11.2500        2.706     
      1.8750     12.5000        2.764     
      1.8750     13.7500        2.796     
      1.8750     15.0000        2.807     
      1.8750     16.2500        2.804     
      1.8750     17.5000        0.000     
      1.8750     18.7500        0.000     

      2.8125    -20.0000        0.000     
      2.8125    -18.7500        0.000     
      2.8125    -17.5000        0.000     
      2.8125    -16.2500        5.581     
      2.8125    -15.0000        5.617     
      2.8125    -13.7500        5.653     
      2.8125    -12.5000        5.677     
      2.8125    -11.2500        5.688     
      2.8125    -10.0000        5.688     
      2.8125     -8.7500        5.683     
      2.8125     -7.5000        5.676     
      2.8125     -6.2500        5.665     
      2.8125     -5.0000        5.651     
      2.8125     -3.7500        5.645     
      2.8125     -2.5000        5.673     
      2.8125     -1.2500        5.838     
      2.8125      0.0000        1.271     
      2.8125      1.2500        2.091     
      2.8125      2.5000        2.232     
      2.8125      3.7500        2.311     
      2.8125      5.0000        2.380     
      2.8125      6.2500        2.441     
      2.8125      7.5000        2.493     
      2.8125      8.7500        2.536     
      2.8125     10.0000        2.574     
      2.8125     11.2500        2.602     
      2.8125     12.5000        2.617     
      2.8125     13.7500        2.615     
      2.8125     15.0000        2.599     
      2.8125     16.2500        2.576     
      2.8125     17.5000        0.000     
      2.8125     18.7500        0.000     

      3.7500    -20.0000        0.000     
      3.7500    -18.7500        0.000     
      3.7500    -17.5000        0.000     
      3.7500    -16.2500        5.865     
      3.7500    -15.0000        5.875     
      3.7500    -13.7500        5.873     
      3.7500    -12.5000        5.852     
      3.7500    -11.2500        5.809     
      3.7500    -10.0000        5.747     
      3.7500     -8.7500        5.670     
      3.7500     -7.5000        5.586     
      3.7500     -6.2500        5.488     
      3.7500     -5.0000        5.375     
      3.7500     -3.7500        5.247     
      3.7500     -2.5000        5.090     
      3.7500     -1.2500        4.852     
      3.7500      0.0000        4.414     
      3.7500      1.2500        3.713     
      3.7500      2.5000        3.188     
      3.7500      3.7500        2.939     
      3.7500      5.0000        2.807     
      3.7500      6.2500        2.714     
      3.7500      7.5000        2.633     
      3.7500      8.7500        2.555     
      3.7500     10.0000        2.485     
      3.7500     11.2500        2.415     
      3.7500     12.5000        2.342     
      3.7500     13.7500        2.257     
      3.7500     15.0000        2.174     
      3.7500     16.2500        2.114     
      3.7500     17.5000        0.000     
      3.7500     18.7500        0.000     

      4.6875    -20.0000        0.000     
      4.6875    -18.7500        0.000     
      4.6875    -17.5000        0.000     
      4.6875    -16.2500        6.056     
      4.6875    -15.0000        6.050     
      4.6875    -13.7500        6.030     
      4.6875    -12.5000        5.983     
      4.6875    -11.2500        5.906     
      4.6875    -10.0000        5.795     
      4.6875     -8.7500        5.660     
      4.6875     -7.5000        5.512     
      4.6875     -6.2500        5.352     
      4.6875     -5.0000        5.178     
      4.6875     -3.7500        4.998     
      4.6875     -2.5000        4.813     
      4.6875     -1.2500        4.617     
      4.6875      0.0000        4.414     
      4.6875      1.2500        4.218     
      4.6875      2.5000        4.054     
      4.6875      3.7500        3.938     
      4.6875      5.0000        3.848     
      4.6875      6.2500        3.722     
      4.6875      7.5000        3.433     
      4.6875      8.7500        2.705     
      4.6875     10.0000        1.910     
      4.6875     11.2500        1.508     
      4.6875     12.5000        1.266     
      4.6875     13.7500        1.098     
      4.6875     15.0000        1.006     
      4.6875     16.2500       0.9813     
      4.6875     17.5000        0.000     
      4.6875     18.7500        0.000     

      5.6250    -20.0000        0.000     
      5.6250    -18.7500        0.000     
      5.6250    -17.5000        0.000     
      5.6250    -16.2500        6.258     
      5.6250    -15.0000        6.241     
      5.6250    -13.7500        6.209     
      5.6250    -12.5000        6.145     
      5.6250    -11.2500        6.034     
      5.6250    -10.0000        5.863     
      5.6250     -8.7500        5.645     
      5.6250     -7.5000        5.413     
      5.6250     -6.2500        5.180     
      5.6250     -5.0000        4.959     
      5.6250     -3.7500        4.764     
      5.6250     -2.5000        4.605     
      5.6250     -1.2500        4.487     
      5.6250      0.0000        4.414     
      5.6250      1.2500        4.390     
      5.6250      2.5000        4.422     
      5.6250      3.7500        4.516     
      5.6250      5.0000        4.677     
      5.6250      6.2500        4.910     
      5.6250      7.5000        5.224     
      5.6250      8.7500        5.614     
      5.6250     10.0000        5.999     
      5.6250     11.2500        6.264     
      5.6250     12.5000       0.1139     
      5.6250     13.7500       0.1741     
      5.6250     15.0000       0.2039     
      5.6250     16.2500       0.2268     
      5.6250     17.5000        0.000     
      5.6250     18.7500        0.000     

      6.5625    -20.0000        0.000     
      6.5625    -18.7500        0.000     
      6.5625    -17.5000        0.000     
      6.5625    -16.2500       0.3205     
      6.5625    -15.0000       0.2986     
      6.5625    -13.7500       0.2755     
      6.5625    -12.5000       0.2268     
      6.5625    -11.2500       0.9864E-001
      6.5625    -10.0000        6.083     
      6.5625     -8.7500        5.594     
      6.5625     -7.5000        5.119     
      6.5625     -6.2500        4.788     
      6.5625     -5.0000        4.570     
      6.5625     -3.7500        4.434     
      6.5625     -2.5000        4.367     
      6.5625     -1.2500        4.363     
      6.5625      0.0000        4.414     
      6.5625      1.2500        4.510     
      6.5625      2.5000        4.646     
      6.5625      3.7500        4.814     
      6.5625      5.0000        5.009     
      6.5625      6.2500        5.222     
      6.5625      7.5000        5.438     
      6.5625      8.7500        5.649     
      6.5625     10.0000        5.845     
      6.5625     11.2500        6.002     
      6.5625     12.5000        6.106     
      6.5625     13.7500        6.167     
      6.5625     15.0000        6.198     
      6.5625     16.2500        6.213     
      6.5625     17.5000        0.000     
      6.5625     18.7500        0.000     

      7.5000    -20.0000        0.000     
      7.5000    -18.7500        0.000     
      7.5000    -17.5000        0.000     
      7.5000    -16.2500        1.234     
      7.5000    -15.0000        1.284     
      7.5000    -13.7500        1.412     
      7.5000    -12.5000        1.618     
      7.5000    -11.2500        1.875     
      7.5000    -10.0000        2.198     
      7.5000     -8.7500        2.622     
      7.5000     -7.5000        3.068     
      7.5000     -6.2500        3.393     
      7.5000     -5.0000        3.597     
      7.5000     -3.7500        3.757     
      7.5000     -2.5000        3.936     
      7.5000     -1.2500        4.164     
      7.5000      0.0000        4.414     
      7.5000      1.2500        4.650     
      7.5000      2.5000        4.858     
      7.5000      3.7500        5.044     
      7.5000      5.0000        5.216     
      7.5000      6.2500        5.379     
      7.5000      7.5000        5.528     
      7.5000      8.7500        5.662     
      7.5000     10.0000        5.785     
      7.5000     11.2500        5.886     
      7.5000     12.5000        5.957     
      7.5000     13.7500        5.999     
      7.5000     15.0000        6.017     
      7.5000     16.2500        6.019     
      7.5000     17.5000        0.000     
      7.5000     18.7500        0.000     

      8.4375    -20.0000        0.000     
      8.4375    -18.7500        0.000     
      8.4375    -17.5000        0.000     
      8.4375    -16.2500        2.245     
      8.4375    -15.0000        2.298     
      8.4375    -13.7500        2.362     
      8.4375    -12.5000        2.421     
      8.4375    -11.2500        2.469     
      8.4375    -10.0000        2.510     
      8.4375     -8.7500        2.550     
      8.4375     -7.5000        2.593     
      8.4375     -6.2500        2.636     
      8.4375     -5.0000        2.688     
      8.4375     -3.7500        2.770     
      8.4375     -2.5000        2.951     
      8.4375     -1.2500        3.459     
      8.4375      0.0000        4.413     
      8.4375      1.2500        4.940     
      8.4375      2.5000        5.169     
      8.4375      3.7500        5.308     
      8.4375      5.0000        5.420     
      8.4375      6.2500        5.517     
      8.4375      7.5000        5.601     
      8.4375      8.7500        5.673     
      8.4375     10.0000        5.737     
      8.4375     11.2500        5.789     
      8.4375     12.5000        5.823     
      8.4375     13.7500        5.838     
      8.4375     15.0000        5.834     
      8.4375     16.2500        5.821     
      8.4375     17.5000        0.000     
      8.4375     18.7500        0.000     

      9.3750    -20.0000        0.000     
      9.3750    -18.7500        0.000     
      9.3750    -17.5000        0.000     
      9.3750    -16.2500        2.630     
      9.3750    -15.0000        2.649     
      9.3750    -13.7500        2.658     
      9.3750    -12.5000        2.651     
      9.3750    -11.2500        2.626     
      9.3750    -10.0000        2.585     
      9.3750     -8.7500        2.533     
      9.3750     -7.5000        2.475     
      9.3750     -6.2500        2.407     
      9.3750     -5.0000        2.326     
      9.3750     -3.7500        2.234     
      9.3750     -2.5000        2.120     
      9.3750     -1.2500        1.919     
      9.3750      0.0000        1.273     
      9.3750      1.2500        6.244     
      9.3750      2.5000        5.869     
      9.3750      3.7500        5.767     
      9.3750      5.0000        5.732     
      9.3750      6.2500        5.716     
      9.3750      7.5000        5.703     
      9.3750      8.7500        5.687     
      9.3750     10.0000        5.672     
      9.3750     11.2500        5.653     
      9.3750     12.5000        5.626     
      9.3750     13.7500        5.585     
      9.3750     15.0000        5.538     
      9.3750     16.2500        5.495     
      9.3750     17.5000        0.000     
      9.3750     18.7500        0.000     

     10.3125    -20.0000        0.000     
     10.3125    -18.7500        0.000     
     10.3125    -17.5000        0.000     
     10.3125    -16.2500        2.841     
     10.3125    -15.0000        2.841     
     10.3125    -13.7500        2.827     
     10.3125    -12.5000        2.789     
     10.3125    -11.2500        2.725     
     10.3125    -10.0000        2.634     
     10.3125     -8.7500        2.523     
     10.3125     -7.5000        2.401     
     10.3125     -6.2500        2.265     
     10.3125     -5.0000        2.113     
     10.3125     -3.7500        1.949     
     10.3125     -2.5000        1.766     
     10.3125     -1.2500        1.546     
     10.3125      0.0000        1.272     
     10.3125      1.2500       0.9547     
     10.3125      2.5000       0.6523     
     10.3125      3.7500       0.4126     
     10.3125      5.0000       0.2117     
     10.3125      6.2500        6.276     
     10.3125      7.5000        6.016     
     10.3125      8.7500        5.732     
     10.3125     10.0000        5.472     
     10.3125     11.2500        5.245     
     10.3125     12.5000        5.038     
     10.3125     13.7500        4.846     
     10.3125     15.0000        4.706     
     10.3125     16.2500        4.639     
     10.3125     17.5000        0.000     
     10.3125     18.7500        0.000     

     11.2500    -20.0000        0.000     
     11.2500    -18.7500        0.000     
     11.2500    -17.5000        0.000     
     11.2500    -16.2500        3.029     
     11.2500    -15.0000        3.016     
     11.2500    -13.7500        2.987     
     11.2500    -12.5000        2.930     
     11.2500    -11.2500        2.833     
     11.2500    -10.0000        2.689     
     11.2500     -8.7500        2.511     
     11.2500     -7.5000        2.318     
     11.2500     -6.2500        2.117     
     11.2500     -5.0000        1.914     
     11.2500     -3.7500        1.720     
     11.2500     -2.5000        1.545     
     11.2500     -1.2500        1.393     
     11.2500      0.0000        1.272     
     11.2500      1.2500        1.192     
     11.2500      2.5000        1.163     
     11.2500      3.7500        1.197     
     11.2500      5.0000        1.297     
     11.2500      6.2500        1.479     
     11.2500      7.5000        1.802     
     11.2500      8.7500        2.411     
     11.2500     10.0000        3.097     
     11.2500     11.2500        3.422     
     11.2500     12.5000        3.524     
     11.2500     13.7500        3.549     
     11.2500     15.0000        3.559     
     11.2500     16.2500        3.577     
     11.2500     17.5000        0.000     
     11.2500     18.7500        0.000     

     12.1875    -20.0000        0.000     
     12.1875    -18.7500        0.000     
     12.1875    -17.5000        0.000     
     12.1875    -16.2500        3.291     
     12.1875    -15.0000        3.268     
     12.1875    -13.7500        3.235     
     12.1875    -12.5000        3.170     
     12.1875    -11.2500        3.039     
     12.1875    -10.0000        2.805     
     12.1875     -8.7500        2.484     
     12.1875     -7.5000        2.153     
     12.1875     -6.2500        1.860     
     12.1875     -5.0000        1.623     
     12.1875     -3.7500        1.447     
     12.1875     -2.5000        1.331     
     12.1875     -1.2500        1.274     
     12.1875      0.0000        1.272     
     12.1875      1.2500        1.322     
     12.1875      2.5000        1.421     
     12.1875      3.7500        1.569     
     12.1875      5.0000        1.761     
     12.1875      6.2500        1.990     
     12.1875      7.5000        2.241     
     12.1875      8.7500        2.499     
     12.1875     10.0000        2.742     
     12.1875     11.2500        2.931     
     12.1875     12.5000        3.049     
     12.1875     13.7500        3.115     
     12.1875     15.0000        3.148     
     12.1875     16.2500        3.167     
     12.1875     17.5000        0.000     
     12.1875     18.7500        0.000     

     13.1250    -20.0000        0.000     
     13.1250    -18.7500        0.000     
     13.1250    -17.5000        0.000     
     13.1250    -16.2500        3.902     
     13.1250    -15.0000        3.906     
     13.1250    -13.7500        3.953     
     13.1250    -12.5000        4.043     
     13.1250    -11.2500        4.158     
     13.1250    -10.0000        4.319     
     13.1250     -8.7500       0.3110     
     13.1250     -7.5000       0.9019     
     13.1250     -6.2500       0.9371     
     13.1250     -5.0000       0.9374     
     13.1250     -3.7500       0.9526     
     13.1250     -2.5000        1.010     
     13.1250     -1.2500        1.121     
     13.1250      0.0000        1.272     
     13.1250      1.2500        1.446     
     13.1250      2.5000        1.628     
     13.1250      3.7500        1.811     
     13.1250      5.0000        1.997     
     13.1250      6.2500        2.181     
     13.1250      7.5000        2.355     
     13.1250      8.7500        2.516     
     13.1250     10.0000        2.664     
     13.1250     11.2500        2.785     
     13.1250     12.5000        2.869     
     13.1250     13.7500        2.919     
     13.1250     15.0000        2.943     
     13.1250     16.2500        2.951     
     13.1250     17.5000        0.000     
     13.1250     18.7500        0.000     

     14.0625    -20.0000        0.000     
     14.0625    -18.7500        0.000     
     14.0625    -17.5000        0.000     
     14.0625    -16.2500        5.087     
     14.0625    -15.0000        5.158     
     14.0625    -13.7500        5.263     
     14.0625    -12.5000        5.379     
     14.0625    -11.2500        5.487     
     14.0625    -10.0000        5.593     
     14.0625     -8.7500        5.704     
     14.0625     -7.5000        5.827     
     14.0625     -6.2500        5.956     
     14.0625     -5.0000        6.096     
     14.0625     -3.7500        6.274     
     14.0625     -2.5000       0.2745     
     14.0625     -1.2500       0.7455     
     14.0625      0.0000        1.272     
     14.0625      1.2500        1.644     
     14.0625      2.5000        1.880     
     14.0625      3.7500        2.049     
     14.0625      5.0000        2.192     
     14.0625      6.2500        2.318     
     14.0625      7.5000        2.429     
     14.0625      8.7500        2.527     
     14.0625     10.0000        2.615     
     14.0625     11.2500        2.687     
     14.0625     12.5000        2.737     
     14.0625     13.7500        2.765     
     14.0625     15.0000        2.771     
     14.0625     16.2500        2.765     
     14.0625     17.5000        0.000     
     14.0625     18.7500        0.000     

     15.0000    -20.0000        0.000     
     15.0000    -18.7500        0.000     
     15.0000    -17.5000        0.000     
     15.0000    -16.2500        5.654     
     15.0000    -15.0000        5.684     
     15.0000    -13.7500        5.709     
     15.0000    -12.5000        5.721     
     15.0000    -11.2500        5.718     
     15.0000    -10.0000        5.703     
     15.0000     -8.7500        5.680     
     15.0000     -7.5000        5.654     
     15.0000     -6.2500        5.621     
     15.0000     -5.0000        5.581     
     15.0000     -3.7500        5.542     
     15.0000     -2.5000        5.509     
     15.0000     -1.2500        5.485     
     15.0000      0.0000        0.000     
     15.0000      1.2500        2.343     
     15.0000      2.5000        2.367     
     15.0000      3.7500        2.400     
     15.0000      5.0000        2.440     
     15.0000      6.2500        2.479     
     15.0000      7.5000        2.513     
     15.0000      8.7500        2.538     
     15.0000     10.0000        2.561     
     15.0000     11.2500        2.576     
     15.0000     12.5000        2.579     
     15.0000     13.7500        2.567     
     15.0000     15.0000        2.542     
     15.0000     16.2500        2.513     
     15.0000     17.5000        0.000     
     15.0000     18.7500        0.000     

     15.9375    -20.0000        0.000     
     15.9375    -18.7500        0.000     
     15.9375    -17.5000        0.000     
     15.9375    -16.2500        5.906     
     15.9375    -15.0000        5.913     
     15.9375    -13.7500        5.906     
     15.9375    -12.5000        5.879     
     15.9375    -11.2500        5.829     
     15.9375    -10.0000        5.757     
     15.9375     -8.7500        5.668     
     15.9375     -7.5000        5.571     
     15.9375     -6.2500        5.460     
     15.9375     -5.0000        5.333     
     15.9375     -3.7500        5.191     
     15.9375     -2.5000        5.022     
     15.9375     -1.2500        4.785     
     15.9375      0.0000        4.414     
     15.9375      1.2500        3.886     
     15.9375      2.5000        3.417     
     15.9375      3.7500        3.132     
     15.9375      5.0000        2.955     
     15.9375      6.2500        2.814     
     15.9375      7.5000        2.685     
     15.9375      8.7500        2.563     
     15.9375     10.0000        2.451     
     15.9375     11.2500        2.345     
     15.9375     12.5000        2.238     
     15.9375     13.7500        2.121     
     15.9375     15.0000        2.016     
     15.9375     16.2500        1.947     
     15.9375     17.5000        0.000     
     15.9375     18.7500        0.000     

     16.8750    -20.0000        0.000     
     16.8750    -18.7500        0.000     
     16.8750    -17.5000        0.000     
     16.8750    -16.2500        6.092     
     16.8750    -15.0000        6.085     
     16.8750    -13.7500        6.061     
     16.8750    -12.5000        6.011     
     16.8750    -11.2500        5.927     
     16.8750    -10.0000        5.806     
     16.8750     -8.7500        5.658     
     16.8750     -7.5000        5.496     
     16.8750     -6.2500        5.323     
     16.8750     -5.0000        5.139     
     16.8750     -3.7500        4.953     
     16.8750     -2.5000        4.769     
     16.8750     -1.2500        4.587     
     16.8750      0.0000        4.414     
     16.8750      1.2500        4.262     
     16.8750      2.5000        4.152     
     16.8750      3.7500        4.094     
     16.8750      5.0000        4.079     
     16.8750      6.2500        4.078     
     16.8750      7.5000        4.044     
     16.8750      8.7500        3.450     
     16.8750     10.0000        1.177     
     16.8750     11.2500        1.017     
     16.8750     12.5000       0.9018     
     16.8750     13.7500       0.8114     
     16.8750     15.0000       0.7640     
     16.8750     16.2500       0.7606     
     16.8750     17.5000        0.000     
     16.8750     18.7500        0.000     

     17.8125    -20.0000        0.000     
     17.8125    -18.7500        0.000     
     17.8125    -17.5000        0.000     
     17.8125    -16.2500       0.2585E-001
     17.8125    -15.0000       0.6663E-002
     17.8125    -13.7500        6.256     
     17.8125    -12.5000        6.191     
     17.8125    -11.2500        6.073     
     17.8125    -10.0000        5.884     
     17.8125     -8.7500        5.640     
     17.8125     -7.5000        5.382     
     17.8125     -6.2500        5.132     
     17.8125     -5.0000        4.903     
     17.8125     -3.7500        4.710     
     17.8125     -2.5000        4.563     
     17.8125     -1.2500        4.463     
     17.8125      0.0000        4.414     
     17.8125      1.2500        4.416     
     17.8125      2.5000        4.472     
     17.8125      3.7500        4.588     
     17.8125      5.0000        4.765     
     17.8125      6.2500        5.002     
     17.8125      7.5000        5.294     
     17.8125      8.7500        5.626     
     17.8125     10.0000        5.947     
     17.8125     11.2500        6.181     
     17.8125     12.5000       0.2880E-001
     17.8125     13.7500       0.9380E-001
     17.8125     15.0000       0.1267     
     17.8125     16.2500       0.1490     
     17.8125     17.5000        0.000     
     17.8125     18.7500        0.000     

     18.7500    -20.0000        0.000     
     18.7500    -18.7500        0.000     
     18.7500    -17.5000        0.000     
     18.7500    -16.2500       0.4358     
     18.7500    -15.0000       0.4174     
     18.7500    -13.7500       0.4071     
     18.7500    -12.5000       0.3822     
     18.7500    -11.2500       0.2804     
     18.7500    -10.0000        6.239     
     18.7500     -8.7500        5.553     
     18.7500     -7.5000        4.944     
     18.7500     -6.2500        4.621     
     18.7500     -5.0000        4.439     
     18.7500     -3.7500        4.339     
     18.7500     -2.5000        4.305     
     18.7500     -1.2500        4.333     
     18.7500      0.0000        4.414     
     18.7500      1.2500        4.535     
     18.7500      2.5000        4.687     
     18.7500      3.7500        4.862     
     18.7500      5.0000        5.055     
     18.7500      6.2500        5.259     
     18.7500      7.5000        5.460     
     18.7500      8.7500        5.652     
     18.7500     10.0000        5.830     
     18.7500     11.2500        5.974     
     18.7500     12.5000        6.071     
     18.7500     13.7500        6.129     
     18.7500     15.0000        6.158     
     18.7500     16.2500        6.170     
     18.7500     17.5000        0.000     
     18.7500     18.7500        0.000     

     19.6875    -20.0000        0.000     
     19.6875    -18.7500        0.000     
     19.6875    -17.5000        0.000     
     19.6875    -16.2500        1.496     
     19.6875    -15.0000        1.565     
     19.6875    -13.7500        1.704     
     19.6875    -12.5000        1.896     
     19.6875    -11.2500        2.103     
     19.6875    -10.0000        2.330     
     19.6875     -8.7500        2.590     
     19.6875     -7.5000        2.874     
     19.6875     -6.2500        3.135     
     19.6875     -5.0000        3.353     
     19.6875     -3.7500        3.555     
     19.6875     -2.5000        3.793     
     19.6875     -1.2500        4.097     
     19.6875      0.0000        4.414     
     19.6875      1.2500        4.687     
     19.6875      2.5000        4.908     
     19.6875      3.7500        5.090     
     19.6875      5.0000        5.255     
     19.6875      6.2500        5.406     
     19.6875      7.5000        5.542     
     19.6875      8.7500        5.664     
     19.6875     10.0000        5.775     
     19.6875     11.2500        5.867     
     19.6875     12.5000        5.931     
     19.6875     13.7500        5.968     
     19.6875     15.0000        5.983     
     19.6875     16.2500        5.983     
     19.6875     17.5000        0.000     
     19.6875     18.7500        0.000     

     20.6250    -20.0000        0.000     
     20.6250    -18.7500        0.000     
     20.6250    -17.5000        0.000     
     20.6250    -16.2500        2.352     
     20.6250    -15.0000        2.396     
     20.6250    -13.7500        2.444     
     20.6250    -12.5000        2.484     
     20.6250    -11.2500        2.511     
     20.6250    -10.0000        2.530     
     20.6250     -8.7500        2.545     
     20.6250     -7.5000        2.561     
     20.6250     -6.2500        2.574     
     20.6250     -5.0000        2.590     
     20.6250     -3.7500        2.625     
     20.6250     -2.5000        2.728     
     20.6250     -1.2500        3.104     
     20.6250      0.0000        4.413     
     20.6250      1.2500        5.061     
     20.6250      2.5000        5.262     
     20.6250      3.7500        5.376     
     20.6250      5.0000        5.468     
     20.6250      6.2500        5.548     
     20.6250      7.5000        5.617     
     20.6250      8.7500        5.675     
     20.6250     10.0000        5.727     
     20.6250     11.2500        5.767     
     20.6250     12.5000        5.793     
     20.6250     13.7500        5.800     
     20.6250     15.0000        5.790     
     20.6250     16.2500        5.772     
     20.6250     17.5000        0.000     
     20.6250     18.7500        0.000     

     21.5625    -20.0000        0.000     
     21.5625    -18.7500        0.000     
     21.5625    -17.5000        0.000     
     21.5625    -16.2500        2.679     
     21.5625    -15.0000        2.693     
     21.5625    -13.7500        2.696     
     21.5625    -12.5000        2.682     
     21.5625    -11.2500        2.647     
     21.5625    -10.0000        2.596     
     21.5625     -8.7500        2.531     
     21.5625     -7.5000        2.459     
     21.5625     -6.2500        2.376     
     21.5625     -5.0000        2.278     
     21.5625     -3.7500        2.166     
     21.5625     -2.5000        2.027     
     21.5625     -1.2500        1.799     
     21.5625      0.0000        1.273     
     21.5625      1.2500       0.3161     
     21.5625      2.5000        6.093     
     21.5625      3.7500        5.911     
     21.5625      5.0000        5.830     
     21.5625      6.2500        5.778     
     21.5625      7.5000        5.734     
     21.5625      8.7500        5.691     
     21.5625     10.0000        5.652     
     21.5625     11.2500        5.610     
     21.5625     12.5000        5.563     
     21.5625     13.7500        5.503     
     21.5625     15.0000        5.440     
     21.5625     16.2500        5.388     
     21.5625     17.5000        0.000     
     21.5625     18.7500        0.000     

     22.5000    -20.0000        0.000     
     22.5000    -18.7500        0.000     
     22.5000    -17.5000        0.000     
     22.5000    -16.2500        2.877     
     22.5000    -15.0000        2.875     
     22.5000    -13.7500        2.857     
     22.5000    -12.5000        2.815     
     22.5000    -11.2500        2.744     
     22.5000    -10.0000        2.643     
     22.5000     -8.7500        2.521     
     22.5000     -7.5000        2.386     
     22.5000     -6.2500        2.238     
     22.5000     -5.0000        2.075     
     22.5000     -3.7500        1.902     
     22.5000     -2.5000        1.717     
     22.5000     -1.2500        1.508     
     22.5000      0.0000        1.272     
     22.5000      1.2500        1.022     
     22.5000      2.5000       0.7951     
     22.5000      3.7500       0.6149     
     22.5000      5.0000       0.4561     
     22.5000      6.2500       0.2505     
     22.5000      7.5000        6.210     
     22.5000      8.7500        5.763     
     22.5000     10.0000        5.340     
     22.5000     11.2500        5.016     
     22.5000     12.5000        4.760     
     22.5000     13.7500        4.554     
     22.5000     15.0000        4.425     
     22.5000     16.2500        4.376     
     22.5000     17.5000        0.000     
     22.5000     18.7500        0.000     

     23.4375    -20.0000        0.000     
     23.4375    -18.7500        0.000     
     23.4375    -17.5000        0.000     
     23.4375    -16.2500        3.071     
     23.4375    -15.0000        3.056     
     23.4375    -13.7500        3.025     
     23.4375    -12.5000        2.965     
     23.4375    -11.2500        2.860     
     23.4375    -10.0000        2.704     
     23.4375     -8.7500        2.507     
     23.4375     -7.5000        2.297     
     23.4375     -6.2500        2.081     
     23.4375     -5.0000        1.868     
     23.4375     -3.7500        1.672     
     23.4375     -2.5000        1.505     
     23.4375     -1.2500        1.369     
     23.4375      0.0000        1.272     
     23.4375      1.2500        1.221     
     23.4375      2.5000        1.225     
     23.4375      3.7500        1.292     
     23.4375      5.0000        1.428     
     23.4375      6.2500        1.646     
     23.4375      7.5000        1.977     
     23.4375      8.7500        2.452     
     23.4375     10.0000        2.942     
     23.4375     11.2500        3.240     
     23.4375     12.5000        3.368     
     23.4375     13.7500        3.417     
     23.4375     15.0000        3.440     
     23.4375     16.2500        3.462     
     23.4375     17.5000        0.000     
     23.4375     18.7500        0.000     

     24.3750    -20.0000        0.000     
     24.3750    -18.7500        0.000     
     24.3750    -17.5000        0.000     
     24.3750    -16.2500        3.368     
     24.3750    -15.0000        3.346     
     24.3750    -13.7500        3.316     
     24.3750    -12.5000        3.256     
     24.3750    -11.2500        3.122     
     24.3750    -10.0000        2.858     
     24.3750     -8.7500        2.472     
     24.3750     -7.5000        2.083     
     24.3750     -6.2500        1.768     
     24.3750     -5.0000        1.535     
     24.3750     -3.7500        1.374     
     24.3750     -2.5000        1.280     
     24.3750     -1.2500        1.249     
     24.3750      0.0000        1.272     
     24.3750      1.2500        1.345     
     24.3750      2.5000        1.463     
     24.3750      3.7500        1.622     
     24.3750      5.0000        1.817     
     24.3750      6.2500        2.039     
     24.3750      7.5000        2.271     
     24.3750      8.7500        2.503     
     24.3750     10.0000        2.721     
     24.3750     11.2500        2.893     
     24.3750     12.5000        3.004     
     24.3750     13.7500        3.067     
     24.3750     15.0000        3.100     
     24.3750     16.2500        3.117     
     24.3750     17.5000        0.000     
     24.3750     18.7500        0.000     

     25.3125    -20.0000        0.000     
     25.3125    -18.7500        0.000     
     25.3125    -17.5000        0.000     
     25.3125    -16.2500        4.122     
     25.3125    -15.0000        4.148     
     25.3125    -13.7500        4.239     
     25.3125    -12.5000        4.407     
     25.3125    -11.2500        4.650     
     25.3125    -10.0000        5.052     
     25.3125     -8.7500        5.847     
     25.3125     -7.5000       0.2908     
     25.3125     -6.2500       0.5812     
     25.3125     -5.0000       0.7059     
     25.3125     -3.7500       0.7965     
     25.3125     -2.5000       0.9122     
     25.3125     -1.2500        1.077     
     25.3125      0.0000        1.272     
     25.3125      1.2500        1.475     
     25.3125      2.5000        1.671     
     25.3125      3.7500        1.857     
     25.3125      5.0000        2.036     
     25.3125      6.2500        2.210     
     25.3125      7.5000        2.371     
     25.3125      8.7500        2.518     
     25.3125     10.0000        2.654     
     25.3125     11.2500        2.764     
     25.3125     12.5000        2.842     
     25.3125     13.7500        2.888     
     25.3125     15.0000        2.909     
     25.3125     16.2500        2.914     
     25.3125     17.5000        0.000     
     25.3125     18.7500        0.000     

     26.2500    -20.0000        0.000     
     26.2500    -18.7500        0.000     
     26.2500    -17.5000        0.000     
     26.2500    -16.2500        5.254     
     26.2500    -15.0000        5.316     
     26.2500    -13.7500        5.399     
     26.2500    -12.5000        5.483     
     26.2500    -11.2500        5.557     
     26.2500    -10.0000        5.626     
     26.2500     -8.7500        5.697     
     26.2500     -7.5000        5.774     
     26.2500     -6.2500        5.856     
     26.2500     -5.0000        5.949     
     26.2500     -3.7500        6.081     
     26.2500     -2.5000       0.4570E-001
     26.2500     -1.2500       0.5720     
     26.2500      0.0000        1.272     
     26.2500      1.2500        1.711     
     26.2500      2.5000        1.948     
     26.2500      3.7500        2.105     
     26.2500      5.0000        2.234     
     26.2500      6.2500        2.346     
     26.2500      7.5000        2.444     
     26.2500      8.7500        2.529     
     26.2500     10.0000        2.605     
     26.2500     11.2500        2.668     
     26.2500     12.5000        2.710     
     26.2500     13.7500        2.731     
     26.2500     15.0000        2.733     
     26.2500     16.2500        2.723     
     26.2500     17.5000        0.000     
     26.2500     18.7500        0.000     

     27.1875    -20.0000        0.000     
     27.1875    -18.7500        0.000     
     27.1875    -17.5000        0.000     
     27.1875    -16.2500        5.717     
     27.1875    -15.0000        5.740     
     27.1875    -13.7500        5.757     
     27.1875    -12.5000        5.759     
     27.1875    -11.2500        5.744     
     27.1875    -10.0000        5.715     
     27.1875     -8.7500        5.677     
     27.1875     -7.5000        5.635     
     27.1875     -6.2500        5.583     
     27.1875     -5.0000        5.521     
     27.1875     -3.7500        5.453     
     27.1875     -2.5000        5.373     
     27.1875     -1.2500        5.233     
     27.1875      0.0000        4.415     
     27.1875      1.2500        2.696     
     27.1875      2.5000        2.532     
     27.1875      3.7500        2.503     
     27.1875      5.0000        2.509     
     27.1875      6.2500        2.523     
     27.1875      7.5000        2.535     
     27.1875      8.7500        2.542     
     27.1875     10.0000        2.547     
     27.1875     11.2500        2.546     
     27.1875     12.5000        2.536     
     27.1875     13.7500        2.511     
     27.1875     15.0000        2.476     
     27.1875     16.2500        2.440     
     27.1875     17.5000        0.000     
     27.1875     18.7500        0.000     

     28.1250    -20.0000        0.000     
     28.1250    -18.7500        0.000     
     28.1250    -17.5000        0.000     
     28.1250    -16.2500        5.945     
     28.1250    -15.0000        5.948     
     28.1250    -13.7500        5.938     
     28.1250    -12.5000        5.905     
     28.1250    -11.2500        5.848     
     28.1250    -10.0000        5.766     
     28.1250     -8.7500        5.666     
     28.1250     -7.5000        5.556     
     28.1250     -6.2500        5.433     
     28.1250     -5.0000        5.293     
     28.1250     -3.7500        5.139     
     28.1250     -2.5000        4.962     
     28.1250     -1.2500        4.731     
     28.1250      0.0000        4.414     
     28.1250      1.2500        4.008     
     28.1250      2.5000        3.621     
     28.1250      3.7500        3.341     
     28.1250      5.0000        3.136     
     28.1250      6.2500        2.949     
     28.1250      7.5000        2.760     
     28.1250      8.7500        2.573     
     28.1250     10.0000        2.404     
     28.1250     11.2500        2.248     
     28.1250     12.5000        2.096     
     28.1250     13.7500        1.941     
     28.1250     15.0000        1.814     
     28.1250     16.2500        1.741     
     28.1250     17.5000        0.000     
     28.1250     18.7500        0.000     

     29.0625    -20.0000        0.000     
     29.0625    -18.7500        0.000     
     29.0625    -17.5000        0.000     
     29.0625    -16.2500        6.130     
     29.0625    -15.0000        6.120     
     29.0625    -13.7500        6.094     
     29.0625    -12.5000        6.040     
     29.0625    -11.2500        5.949     
     29.0625    -10.0000        5.817     
     29.0625     -8.7500        5.655     
     29.0625     -7.5000        5.479     
     29.0625     -6.2500        5.292     
     29.0625     -5.0000        5.098     
     29.0625     -3.7500        4.908     
     29.0625     -2.5000        4.728     
     29.0625     -1.2500        4.560     
     29.0625      0.0000        4.414     
     29.0625      1.2500        4.300     
     29.0625      2.5000        4.234     
     29.0625      3.7500        4.226     
     29.0625      5.0000        4.277     
     29.0625      6.2500        4.388     
     29.0625      7.5000        4.619     
     29.0625      8.7500        5.419     
     29.0625     10.0000       0.3178     
     29.0625     11.2500       0.5737     
     29.0625     12.5000       0.6011     
     29.0625     13.7500       0.5815     
     29.0625     15.0000       0.5693     
     29.0625     16.2500       0.5800     
     29.0625     17.5000        0.000     
     29.0625     18.7500        0.000     

