    -30.0000    -20.0000        0.000     
    -30.0000    -18.7500        0.000     
    -30.0000    -17.5000        0.000     
    -30.0000    -16.2500        5.417     
    -30.0000    -15.0000        5.412     
    -30.0000    -13.7500        5.390     
    -30.0000    -12.5000        5.335     
    -30.0000    -11.2500        5.232     
    -30.0000    -10.0000        5.064     
    -30.0000     -8.7500        4.820     
    -30.0000     -7.5000        4.521     
    -30.0000     -6.2500        4.242     
    -30.0000     -5.0000        4.027     
    -30.0000     -3.7500        3.867     
    -30.0000     -2.5000        3.748     
    -30.0000     -1.2500        3.674     
    -30.0000      0.0000        3.649     
    -30.0000      1.2500        3.674     
    -30.0000      2.5000        3.748     
    -30.0000      3.7500        3.867     
    -30.0000      5.0000        4.027     
    -30.0000      6.2500        4.242     
    -30.0000      7.5000        4.521     
    -30.0000      8.7500        4.820     
    -30.0000     10.0000        5.064     
    -30.0000     11.2500        5.232     
    -30.0000     12.5000        5.335     
    -30.0000     13.7500        5.390     
    -30.0000     15.0000        5.412     
    -30.0000     16.2500        5.417     
    -30.0000     17.5000        0.000     
    -30.0000     18.7500        0.000     

    -29.0625    -20.0000        0.000     
    -29.0625    -18.7500        0.000     
    -29.0625    -17.5000        0.000     
    -29.0625    -16.2500        5.741     
    -29.0625    -15.0000        5.780     
    -29.0625    -13.7500        5.810     
    -29.0625    -12.5000        5.803     
    -29.0625    -11.2500        5.722     
    -29.0625    -10.0000        5.477     
    -29.0625     -8.7500        4.715     
    -29.0625     -7.5000        3.811     
    -29.0625     -6.2500        3.526     
    -29.0625     -5.0000        3.450     
    -29.0625     -3.7500        3.444     
    -29.0625     -2.5000        3.478     
    -29.0625     -1.2500        3.548     
    -29.0625      0.0000        3.649     
    -29.0625      1.2500        3.780     
    -29.0625      2.5000        3.939     
    -29.0625      3.7500        4.109     
    -29.0625      5.0000        4.283     
    -29.0625      6.2500        4.465     
    -29.0625      7.5000        4.653     
    -29.0625      8.7500        4.834     
    -29.0625     10.0000        4.985     
    -29.0625     11.2500        5.100     
    -29.0625     12.5000        5.180     
    -29.0625     13.7500        5.234     
    -29.0625     15.0000        5.268     
    -29.0625     16.2500        5.288     
    -29.0625     17.5000        0.000     
    -29.0625     18.7500        0.000     

    -28.1250    -20.0000        0.000     
    -28.1250    -18.7500        0.000     
    -28.1250    -17.5000        0.000     
    -28.1250    -16.2500        1.140     
    -28.1250    -15.0000        1.129     
    -28.1250    -13.7500        1.163     
    -28.1250    -12.5000        1.248     
    -28.1250    -11.2500        1.378     
    -28.1250    -10.0000        1.544     
    -28.1250     -8.7500        1.739     
    -28.1250     -7.5000        1.929     
    -28.1250     -6.2500        2.100     
    -28.1250     -5.0000        2.273     
    -28.1250     -3.7500        2.501     
    -28.1250     -2.5000        2.843     
    -28.1250     -1.2500        3.272     
    -28.1250      0.0000        3.649     
    -28.1250      1.2500        3.931     
    -28.1250      2.5000        4.150     
    -28.1250      3.7500        4.324     
    -28.1250      5.0000        4.472     
    -28.1250      6.2500        4.605     
    -28.1250      7.5000        4.729     
    -28.1250      8.7500        4.842     
    -28.1250     10.0000        4.938     
    -28.1250     11.2500        5.015     
    -28.1250     12.5000        5.072     
    -28.1250     13.7500        5.119     
    -28.1250     15.0000        5.158     
    -28.1250     16.2500        5.188     
    -28.1250     17.5000        0.000     
    -28.1250     18.7500        0.000     

    -27.1875    -20.0000        0.000     
    -27.1875    -18.7500        0.000     
    -27.1875    -17.5000        0.000     
    -27.1875    -16.2500        1.830     
    -27.1875    -15.0000        1.787     
    -27.1875    -13.7500        1.750     
    -27.1875    -12.5000        1.730     
    -27.1875    -11.2500        1.722     
    -27.1875    -10.0000        1.717     
    -27.1875     -8.7500        1.713     
    -27.1875     -7.5000        1.706     
    -27.1875     -6.2500        1.691     
    -27.1875     -5.0000        1.670     
    -27.1875     -3.7500        1.655     
    -27.1875     -2.5000        1.671     
    -27.1875     -1.2500        1.840     
    -27.1875      0.0000        3.649     
    -27.1875      1.2500        4.378     
    -27.1875      2.5000        4.525     
    -27.1875      3.7500        4.616     
    -27.1875      5.0000        4.689     
    -27.1875      6.2500        4.753     
    -27.1875      7.5000        4.806     
    -27.1875      8.7500        4.850     
    -27.1875     10.0000        4.887     
    -27.1875     11.2500        4.919     
    -27.1875     12.5000        4.946     
    -27.1875     13.7500        4.979     
    -27.1875     15.0000        5.018     
    -27.1875     16.2500        5.057     
    -27.1875     17.5000        0.000     
    -27.1875     18.7500        0.000     

    -26.2500    -20.0000        0.000     
    -26.2500    -18.7500        0.000     
    -26.2500    -17.5000        0.000     
    -26.2500    -16.2500        2.002     
    -26.2500    -15.0000        1.968     
    -26.2500    -13.7500        1.928     
    -26.2500    -12.5000        1.886     
    -26.2500    -11.2500        1.838     
    -26.2500    -10.0000        1.778     
    -26.2500     -8.7500        1.703     
    -26.2500     -7.5000        1.616     
    -26.2500     -6.2500        1.518     
    -26.2500     -5.0000        1.408     
    -26.2500     -3.7500        1.282     
    -26.2500     -2.5000        1.124     
    -26.2500     -1.2500       0.8955     
    -26.2500      0.0000       0.5069     
    -26.2500      1.2500        6.114     
    -26.2500      2.5000        5.504     
    -26.2500      3.7500        5.224     
    -26.2500      5.0000        5.095     
    -26.2500      6.2500        5.017     
    -26.2500      7.5000        4.944     
    -26.2500      8.7500        4.865     
    -26.2500     10.0000        4.788     
    -26.2500     11.2500        4.725     
    -26.2500     12.5000        4.676     
    -26.2500     13.7500        4.658     
    -26.2500     15.0000        4.675     
    -26.2500     16.2500        4.718     
    -26.2500     17.5000        0.000     
    -26.2500     18.7500        0.000     

    -25.3125    -20.0000        0.000     
    -25.3125    -18.7500        0.000     
    -25.3125    -17.5000        0.000     
    -25.3125    -16.2500        2.107     
    -25.3125    -15.0000        2.082     
    -25.3125    -13.7500        2.046     
    -25.3125    -12.5000        1.994     
    -25.3125    -11.2500        1.923     
    -25.3125    -10.0000        1.824     
    -25.3125     -8.7500        1.696     
    -25.3125     -7.5000        1.544     
    -25.3125     -6.2500        1.383     
    -25.3125     -5.0000        1.219     
    -25.3125     -3.7500        1.052     
    -25.3125     -2.5000       0.8742     
    -25.3125     -1.2500       0.6887     
    -25.3125      0.0000       0.5069     
    -25.3125      1.2500       0.3302     
    -25.3125      2.5000       0.1582     
    -25.3125      3.7500       0.1055E-002
    -25.3125      5.0000        6.140     
    -25.3125      6.2500        5.989     
    -25.3125      7.5000        5.751     
    -25.3125      8.7500        5.033     
    -25.3125     10.0000        3.803     
    -25.3125     11.2500        3.436     
    -25.3125     12.5000        3.291     
    -25.3125     13.7500        3.183     
    -25.3125     15.0000        3.088     
    -25.3125     16.2500        3.009     
    -25.3125     17.5000        0.000     
    -25.3125     18.7500        0.000     

    -24.3750    -20.0000        0.000     
    -24.3750    -18.7500        0.000     
    -24.3750    -17.5000        0.000     
    -24.3750    -16.2500        2.216     
    -24.3750    -15.0000        2.204     
    -24.3750    -13.7500        2.175     
    -24.3750    -12.5000        2.119     
    -24.3750    -11.2500        2.026     
    -24.3750    -10.0000        1.883     
    -24.3750     -8.7500        1.685     
    -24.3750     -7.5000        1.447     
    -24.3750     -6.2500        1.210     
    -24.3750     -5.0000        1.005     
    -24.3750     -3.7500       0.8319     
    -24.3750     -2.5000       0.6860     
    -24.3750     -1.2500       0.5739     
    -24.3750      0.0000       0.5070     
    -24.3750      1.2500       0.4875     
    -24.3750      2.5000       0.5164     
    -24.3750      3.7500       0.5928     
    -24.3750      5.0000       0.7220     
    -24.3750      6.2500       0.9316     
    -24.3750      7.5000        1.263     
    -24.3750      8.7500        1.665     
    -24.3750     10.0000        1.990     
    -24.3750     11.2500        2.192     
    -24.3750     12.5000        2.303     
    -24.3750     13.7500        2.353     
    -24.3750     15.0000        2.365     
    -24.3750     16.2500        2.359     
    -24.3750     17.5000        0.000     
    -24.3750     18.7500        0.000     

    -23.4375    -20.0000        0.000     
    -23.4375    -18.7500        0.000     
    -23.4375    -17.5000        0.000     
    -23.4375    -16.2500        2.416     
    -23.4375    -15.0000        2.430     
    -23.4375    -13.7500        2.428     
    -23.4375    -12.5000        2.384     
    -23.4375    -11.2500        2.271     
    -23.4375    -10.0000        2.048     
    -23.4375     -8.7500        1.654     
    -23.4375     -7.5000        1.160     
    -23.4375     -6.2500       0.8044     
    -23.4375     -5.0000       0.6132     
    -23.4375     -3.7500       0.5116     
    -23.4375     -2.5000       0.4642     
    -23.4375     -1.2500       0.4629     
    -23.4375      0.0000       0.5070     
    -23.4375      1.2500       0.5949     
    -23.4375      2.5000       0.7235     
    -23.4375      3.7500       0.8794     
    -23.4375      5.0000        1.055     
    -23.4375      6.2500        1.252     
    -23.4375      7.5000        1.472     
    -23.4375      8.7500        1.688     
    -23.4375     10.0000        1.868     
    -23.4375     11.2500        2.001     
    -23.4375     12.5000        2.090     
    -23.4375     13.7500        2.145     
    -23.4375     15.0000        2.176     
    -23.4375     16.2500        2.191     
    -23.4375     17.5000        0.000     
    -23.4375     18.7500        0.000     

    -22.5000    -20.0000        0.000     
    -22.5000    -18.7500        0.000     
    -22.5000    -17.5000        0.000     
    -22.5000    -16.2500        3.394     
    -22.5000    -15.0000        3.475     
    -22.5000    -13.7500        3.588     
    -22.5000    -12.5000        3.742     
    -22.5000    -11.2500        3.973     
    -22.5000    -10.0000        4.366     
    -22.5000     -8.7500        4.926     
    -22.5000     -7.5000        5.381     
    -22.5000     -6.2500        5.666     
    -22.5000     -5.0000        5.880     
    -22.5000     -3.7500        6.090     
    -22.5000     -2.5000       0.3812E-001
    -22.5000     -1.2500       0.2798     
    -22.5000      0.0000       0.5070     
    -22.5000      1.2500       0.7176     
    -22.5000      2.5000       0.9155     
    -22.5000      3.7500        1.094     
    -22.5000      5.0000        1.256     
    -22.5000      6.2500        1.410     
    -22.5000      7.5000        1.559     
    -22.5000      8.7500        1.697     
    -22.5000     10.0000        1.814     
    -22.5000     11.2500        1.906     
    -22.5000     12.5000        1.973     
    -22.5000     13.7500        2.023     
    -22.5000     15.0000        2.061     
    -22.5000     16.2500        2.087     
    -22.5000     17.5000        0.000     
    -22.5000     18.7500        0.000     

    -21.5625    -20.0000        0.000     
    -21.5625    -18.7500        0.000     
    -21.5625    -17.5000        0.000     
    -21.5625    -16.2500        4.832     
    -21.5625    -15.0000        4.786     
    -21.5625    -13.7500        4.758     
    -21.5625    -12.5000        4.759     
    -21.5625    -11.2500        4.783     
    -21.5625    -10.0000        4.818     
    -21.5625     -8.7500        4.861     
    -21.5625     -7.5000        4.905     
    -21.5625     -6.2500        4.943     
    -21.5625     -5.0000        4.982     
    -21.5625     -3.7500        5.055     
    -21.5625     -2.5000        5.247     
    -21.5625     -1.2500        5.837     
    -21.5625      0.0000       0.5070     
    -21.5625      1.2500       0.9730     
    -21.5625      2.5000        1.195     
    -21.5625      3.7500        1.339     
    -21.5625      5.0000        1.451     
    -21.5625      6.2500        1.547     
    -21.5625      7.5000        1.631     
    -21.5625      8.7500        1.705     
    -21.5625     10.0000        1.768     
    -21.5625     11.2500        1.820     
    -21.5625     12.5000        1.861     
    -21.5625     13.7500        1.901     
    -21.5625     15.0000        1.941     
    -21.5625     16.2500        1.976     
    -21.5625     17.5000        0.000     
    -21.5625     18.7500        0.000     

    -20.6250    -20.0000        0.000     
    -20.6250    -18.7500        0.000     
    -20.6250    -17.5000        0.000     
    -20.6250    -16.2500        5.090     
    -20.6250    -15.0000        5.052     
    -20.6250    -13.7500        5.013     
    -20.6250    -12.5000        4.976     
    -20.6250    -11.2500        4.941     
    -20.6250    -10.0000        4.899     
    -20.6250     -8.7500        4.848     
    -20.6250     -7.5000        4.789     
    -20.6250     -6.2500        4.719     
    -20.6250     -5.0000        4.638     
    -20.6250     -3.7500        4.544     
    -20.6250     -2.5000        4.422     
    -20.6250     -1.2500        4.222     
    -20.6250      0.0000        3.648     
    -20.6250      1.2500        2.294     
    -20.6250      2.5000        1.869     
    -20.6250      3.7500        1.772     
    -20.6250      5.0000        1.747     
    -20.6250      6.2500        1.741     
    -20.6250      7.5000        1.732     
    -20.6250      8.7500        1.716     
    -20.6250     10.0000        1.699     
    -20.6250     11.2500        1.687     
    -20.6250     12.5000        1.680     
    -20.6250     13.7500        1.692     
    -20.6250     15.0000        1.725     
    -20.6250     16.2500        1.770     
    -20.6250     17.5000        0.000     
    -20.6250     18.7500        0.000     

    -19.6875    -20.0000        0.000     
    -19.6875    -18.7500        0.000     
    -19.6875    -17.5000        0.000     
    -19.6875    -16.2500        5.209     
    -19.6875    -15.0000        5.181     
    -19.6875    -13.7500        5.142     
    -19.6875    -12.5000        5.094     
    -19.6875    -11.2500        5.031     
    -19.6875    -10.0000        4.947     
    -19.6875     -8.7500        4.840     
    -19.6875     -7.5000        4.715     
    -19.6875     -6.2500        4.579     
    -19.6875     -5.0000        4.434     
    -19.6875     -3.7500        4.279     
    -19.6875     -2.5000        4.101     
    -19.6875     -1.2500        3.892     
    -19.6875      0.0000        3.649     
    -19.6875      1.2500        3.357     
    -19.6875      2.5000        3.029     
    -19.6875      3.7500        2.731     
    -19.6875      5.0000        2.489     
    -19.6875      6.2500        2.278     
    -19.6875      7.5000        2.043     
    -19.6875      8.7500        1.754     
    -19.6875     10.0000        1.440     
    -19.6875     11.2500        1.178     
    -19.6875     12.5000       0.9858     
    -19.6875     13.7500       0.8527     
    -19.6875     15.0000       0.7706     
    -19.6875     16.2500       0.7325     
    -19.6875     17.5000        0.000     
    -19.6875     18.7500        0.000     

    -18.7500    -20.0000        0.000     
    -18.7500    -18.7500        0.000     
    -18.7500    -17.5000        0.000     
    -18.7500    -16.2500        5.310     
    -18.7500    -15.0000        5.292     
    -18.7500    -13.7500        5.260     
    -18.7500    -12.5000        5.205     
    -18.7500    -11.2500        5.120     
    -18.7500    -10.0000        4.997     
    -18.7500     -8.7500        4.832     
    -18.7500     -7.5000        4.635     
    -18.7500     -6.2500        4.431     
    -18.7500     -5.0000        4.241     
    -18.7500     -3.7500        4.066     
    -18.7500     -2.5000        3.902     
    -18.7500     -1.2500        3.758     
    -18.7500      0.0000        3.649     
    -18.7500      1.2500        3.578     
    -18.7500      2.5000        3.547     
    -18.7500      3.7500        3.558     
    -18.7500      5.0000        3.619     
    -18.7500      6.2500        3.771     
    -18.7500      7.5000        4.130     
    -18.7500      8.7500        4.773     
    -18.7500     10.0000        5.286     
    -18.7500     11.2500        5.531     
    -18.7500     12.5000        5.639     
    -18.7500     13.7500        5.669     
    -18.7500     15.0000        5.659     
    -18.7500     16.2500        5.634     
    -18.7500     17.5000        0.000     
    -18.7500     18.7500        0.000     

    -17.8125    -20.0000        0.000     
    -17.8125    -18.7500        0.000     
    -17.8125    -17.5000        0.000     
    -17.8125    -16.2500        5.455     
    -17.8125    -15.0000        5.455     
    -17.8125    -13.7500        5.437     
    -17.8125    -12.5000        5.384     
    -17.8125    -11.2500        5.276     
    -17.8125    -10.0000        5.093     
    -17.8125     -8.7500        4.815     
    -17.8125     -7.5000        4.472     
    -17.8125     -6.2500        4.168     
    -17.8125     -5.0000        3.953     
    -17.8125     -3.7500        3.805     
    -17.8125     -2.5000        3.705     
    -17.8125     -1.2500        3.652     
    -17.8125      0.0000        3.649     
    -17.8125      1.2500        3.695     
    -17.8125      2.5000        3.789     
    -17.8125      3.7500        3.923     
    -17.8125      5.0000        4.091     
    -17.8125      6.2500        4.302     
    -17.8125      7.5000        4.559     
    -17.8125      8.7500        4.824     
    -17.8125     10.0000        5.043     
    -17.8125     11.2500        5.197     
    -17.8125     12.5000        5.295     
    -17.8125     13.7500        5.351     
    -17.8125     15.0000        5.377     
    -17.8125     16.2500        5.385     
    -17.8125     17.5000        0.000     
    -17.8125     18.7500        0.000     

    -16.8750    -20.0000        0.000     
    -16.8750    -18.7500        0.000     
    -16.8750    -17.5000        0.000     
    -16.8750    -16.2500        5.900     
    -16.8750    -15.0000        5.959     
    -16.8750    -13.7500        6.018     
    -16.8750    -12.5000        6.057     
    -16.8750    -11.2500        6.054     
    -16.8750    -10.0000        5.966     
    -16.8750     -8.7500        4.194     
    -16.8750     -7.5000        3.235     
    -16.8750     -6.2500        3.206     
    -16.8750     -5.0000        3.242     
    -16.8750     -3.7500        3.307     
    -16.8750     -2.5000        3.398     
    -16.8750     -1.2500        3.513     
    -16.8750      0.0000        3.649     
    -16.8750      1.2500        3.804     
    -16.8750      2.5000        3.977     
    -16.8750      3.7500        4.151     
    -16.8750      5.0000        4.323     
    -16.8750      6.2500        4.495     
    -16.8750      7.5000        4.670     
    -16.8750      8.7500        4.836     
    -16.8750     10.0000        4.975     
    -16.8750     11.2500        5.082     
    -16.8750     12.5000        5.157     
    -16.8750     13.7500        5.211     
    -16.8750     15.0000        5.246     
    -16.8750     16.2500        5.268     
    -16.8750     17.5000        0.000     
    -16.8750     18.7500        0.000     

    -15.9375    -20.0000        0.000     
    -15.9375    -18.7500        0.000     
    -15.9375    -17.5000        0.000     
    -15.9375    -16.2500        1.408     
    -15.9375    -15.0000        1.373     
    -15.9375    -13.7500        1.373     
    -15.9375    -12.5000        1.419     
    -15.9375    -11.2500        1.501     
    -15.9375    -10.0000        1.606     
    -15.9375     -8.7500        1.730     
    -15.9375     -7.5000        1.855     
    -15.9375     -6.2500        1.972     
    -15.9375     -5.0000        2.096     
    -15.9375     -3.7500        2.280     
    -15.9375     -2.5000        2.617     
    -15.9375     -1.2500        3.151     
    -15.9375      0.0000        3.649     
    -15.9375      1.2500        3.978     
    -15.9375      2.5000        4.204     
    -15.9375      3.7500        4.372     
    -15.9375      5.0000        4.510     
    -15.9375      6.2500        4.632     
    -15.9375      7.5000        4.743     
    -15.9375      8.7500        4.843     
    -15.9375     10.0000        4.928     
    -15.9375     11.2500        4.998     
    -15.9375     12.5000        5.050     
    -15.9375     13.7500        5.096     
    -15.9375     15.0000        5.135     
    -15.9375     16.2500        5.166     
    -15.9375     17.5000        0.000     
    -15.9375     18.7500        0.000     

    -15.0000    -20.0000        0.000     
    -15.0000    -18.7500        0.000     
    -15.0000    -17.5000        0.000     
    -15.0000    -16.2500        1.877     
    -15.0000    -15.0000        1.836     
    -15.0000    -13.7500        1.797     
    -15.0000    -12.5000        1.770     
    -15.0000    -11.2500        1.752     
    -15.0000    -10.0000        1.732     
    -15.0000     -8.7500        1.711     
    -15.0000     -7.5000        1.684     
    -15.0000     -6.2500        1.649     
    -15.0000     -5.0000        1.605     
    -15.0000     -3.7500        1.557     
    -15.0000     -2.5000        1.512     
    -15.0000     -1.2500        1.477     
    -15.0000      0.0000        0.000     
    -15.0000      1.2500        4.619     
    -15.0000      2.5000        4.653     
    -15.0000      3.7500        4.699     
    -15.0000      5.0000        4.746     
    -15.0000      6.2500        4.790     
    -15.0000      7.5000        4.825     
    -15.0000      8.7500        4.852     
    -15.0000     10.0000        4.874     
    -15.0000     11.2500        4.894     
    -15.0000     12.5000        4.912     
    -15.0000     13.7500        4.939     
    -15.0000     15.0000        4.977     
    -15.0000     16.2500        5.019     
    -15.0000     17.5000        0.000     
    -15.0000     18.7500        0.000     

    -14.0625    -20.0000        0.000     
    -14.0625    -18.7500        0.000     
    -14.0625    -17.5000        0.000     
    -14.0625    -16.2500        2.025     
    -14.0625    -15.0000        1.993     
    -14.0625    -13.7500        1.954     
    -14.0625    -12.5000        1.909     
    -14.0625    -11.2500        1.856     
    -14.0625    -10.0000        1.787     
    -14.0625     -8.7500        1.702     
    -14.0625     -7.5000        1.602     
    -14.0625     -6.2500        1.490     
    -14.0625     -5.0000        1.368     
    -14.0625     -3.7500        1.231     
    -14.0625     -2.5000        1.062     
    -14.0625     -1.2500       0.8365     
    -14.0625      0.0000       0.5069     
    -14.0625      1.2500       0.1002E-001
    -14.0625      2.5000        5.759     
    -14.0625      3.7500        5.422     
    -14.0625      5.0000        5.237     
    -14.0625      6.2500        5.114     
    -14.0625      7.5000        4.996     
    -14.0625      8.7500        4.871     
    -14.0625     10.0000        4.747     
    -14.0625     11.2500        4.643     
    -14.0625     12.5000        4.560     
    -14.0625     13.7500        4.515     
    -14.0625     15.0000        4.514     
    -14.0625     16.2500        4.549     
    -14.0625     17.5000        0.000     
    -14.0625     18.7500        0.000     

    -13.1250    -20.0000        0.000     
    -13.1250    -18.7500        0.000     
    -13.1250    -17.5000        0.000     
    -13.1250    -16.2500        2.127     
    -13.1250    -15.0000        2.104     
    -13.1250    -13.7500        2.069     
    -13.1250    -12.5000        2.016     
    -13.1250    -11.2500        1.940     
    -13.1250    -10.0000        1.833     
    -13.1250     -8.7500        1.694     
    -13.1250     -7.5000        1.529     
    -13.1250     -6.2500        1.354     
    -13.1250     -5.0000        1.181     
    -13.1250     -3.7500        1.010     
    -13.1250     -2.5000       0.8351     
    -13.1250     -1.2500       0.6627     
    -13.1250      0.0000       0.5069     
    -13.1250      1.2500       0.3713     
    -13.1250      2.5000       0.2558     
    -13.1250      3.7500       0.1656     
    -13.1250      5.0000       0.1005     
    -13.1250      6.2500       0.6447E-001
    -13.1250      7.5000       0.9281E-001
    -13.1250      8.7500        1.052     
    -13.1250     10.0000        2.826     
    -13.1250     11.2500        2.912     
    -13.1250     12.5000        2.916     
    -13.1250     13.7500        2.876     
    -13.1250     15.0000        2.818     
    -13.1250     16.2500        2.759     
    -13.1250     17.5000        0.000     
    -13.1250     18.7500        0.000     

    -12.1875    -20.0000        0.000     
    -12.1875    -18.7500        0.000     
    -12.1875    -17.5000        0.000     
    -12.1875    -16.2500        2.244     
    -12.1875    -15.0000        2.235     
    -12.1875    -13.7500        2.209     
    -12.1875    -12.5000        2.153     
    -12.1875    -11.2500        2.055     
    -12.1875    -10.0000        1.901     
    -12.1875     -8.7500        1.682     
    -12.1875     -7.5000        1.417     
    -12.1875     -6.2500        1.160     
    -12.1875     -5.0000       0.9493     
    -12.1875     -3.7500       0.7809     
    -12.1875     -2.5000       0.6474     
    -12.1875     -1.2500       0.5531     
    -12.1875      0.0000       0.5070     
    -12.1875      1.2500       0.5103     
    -12.1875      2.5000       0.5635     
    -12.1875      3.7500       0.6632     
    -12.1875      5.0000       0.8111     
    -12.1875      6.2500        1.027     
    -12.1875      7.5000        1.331     
    -12.1875      8.7500        1.673     
    -12.1875     10.0000        1.951     
    -12.1875     11.2500        2.134     
    -12.1875     12.5000        2.242     
    -12.1875     13.7500        2.295     
    -12.1875     15.0000        2.313     
    -12.1875     16.2500        2.313     
    -12.1875     17.5000        0.000     
    -12.1875     18.7500        0.000     

    -11.2500    -20.0000        0.000     
    -11.2500    -18.7500        0.000     
    -11.2500    -17.5000        0.000     
    -11.2500    -16.2500        2.493     
    -11.2500    -15.0000        2.517     
    -11.2500    -13.7500        2.528     
    -11.2500    -12.5000        2.497     
    -11.2500    -11.2500        2.390     
    -11.2500    -10.0000        2.144     
    -11.2500     -8.7500        1.631     
    -11.2500     -7.5000       0.9887     
    -11.2500     -6.2500       0.6288     
    -11.2500     -5.0000       0.4779     
    -11.2500     -3.7500       0.4163     
    -11.2500     -2.5000       0.4050     
    -11.2500     -1.2500       0.4361     
    -11.2500      0.0000       0.5070     
    -11.2500      1.2500       0.6163     
    -11.2500      2.5000       0.7604     
    -11.2500      3.7500       0.9243     
    -11.2500      5.0000        1.100     
    -11.2500      6.2500        1.290     
    -11.2500      7.5000        1.493     
    -11.2500      8.7500        1.690     
    -11.2500     10.0000        1.855     
    -11.2500     11.2500        1.979     
    -11.2500     12.5000        2.063     
    -11.2500     13.7500        2.118     
    -11.2500     15.0000        2.150     
    -11.2500     16.2500        2.168     
    -11.2500     17.5000        0.000     
    -11.2500     18.7500        0.000     

    -10.3125    -20.0000        0.000     
    -10.3125    -18.7500        0.000     
    -10.3125    -17.5000        0.000     
    -10.3125    -16.2500        3.874     
    -10.3125    -15.0000        3.912     
    -10.3125    -13.7500        3.994     
    -10.3125    -12.5000        4.127     
    -10.3125    -11.2500        4.320     
    -10.3125    -10.0000        4.581     
    -10.3125     -8.7500        4.895     
    -10.3125     -7.5000        5.185     
    -10.3125     -6.2500        5.419     
    -10.3125     -5.0000        5.631     
    -10.3125     -3.7500        5.872     
    -10.3125     -2.5000        6.171     
    -10.3125     -1.2500       0.2156     
    -10.3125      0.0000       0.5070     
    -10.3125      1.2500       0.7507     
    -10.3125      2.5000       0.9597     
    -10.3125      3.7500        1.138     
    -10.3125      5.0000        1.293     
    -10.3125      6.2500        1.437     
    -10.3125      7.5000        1.574     
    -10.3125      8.7500        1.699     
    -10.3125     10.0000        1.805     
    -10.3125     11.2500        1.889     
    -10.3125     12.5000        1.952     
    -10.3125     13.7500        2.001     
    -10.3125     15.0000        2.039     
    -10.3125     16.2500        2.067     
    -10.3125     17.5000        0.000     
    -10.3125     18.7500        0.000     

     -9.3750    -20.0000        0.000     
     -9.3750    -18.7500        0.000     
     -9.3750    -17.5000        0.000     
     -9.3750    -16.2500        4.912     
     -9.3750    -15.0000        4.867     
     -9.3750    -13.7500        4.833     
     -9.3750    -12.5000        4.822     
     -9.3750    -11.2500        4.828     
     -9.3750    -10.0000        4.840     
     -9.3750     -8.7500        4.857     
     -9.3750     -7.5000        4.873     
     -9.3750     -6.2500        4.883     
     -9.3750     -5.0000        4.889     
     -9.3750     -3.7500        4.914     
     -9.3750     -2.5000        5.011     
     -9.3750     -1.2500        5.435     
     -9.3750      0.0000       0.5071     
     -9.3750      1.2500        1.080     
     -9.3750      2.5000        1.280     
     -9.3750      3.7500        1.402     
     -9.3750      5.0000        1.497     
     -9.3750      6.2500        1.578     
     -9.3750      7.5000        1.647     
     -9.3750      8.7500        1.707     
     -9.3750     10.0000        1.757     
     -9.3750     11.2500        1.800     
     -9.3750     12.5000        1.834     
     -9.3750     13.7500        1.871     
     -9.3750     15.0000        1.911     
     -9.3750     16.2500        1.948     
     -9.3750     17.5000        0.000     
     -9.3750     18.7500        0.000     

     -8.4375    -20.0000        0.000     
     -8.4375    -18.7500        0.000     
     -8.4375    -17.5000        0.000     
     -8.4375    -16.2500        5.118     
     -8.4375    -15.0000        5.083     
     -8.4375    -13.7500        5.043     
     -8.4375    -12.5000        5.003     
     -8.4375    -11.2500        4.961     
     -8.4375    -10.0000        4.909     
     -8.4375     -8.7500        4.846     
     -8.4375     -7.5000        4.773     
     -8.4375     -6.2500        4.689     
     -8.4375     -5.0000        4.592     
     -8.4375     -3.7500        4.481     
     -8.4375     -2.5000        4.337     
     -8.4375     -1.2500        4.115     
     -8.4375      0.0000        3.648     
     -8.4375      1.2500        2.696     
     -8.4375      2.5000        2.105     
     -8.4375      3.7500        1.913     
     -8.4375      5.0000        1.840     
     -8.4375      6.2500        1.801     
     -8.4375      7.5000        1.763     
     -8.4375      8.7500        1.719     
     -8.4375     10.0000        1.676     
     -8.4375     11.2500        1.642     
     -8.4375     12.5000        1.617     
     -8.4375     13.7500        1.617     
     -8.4375     15.0000        1.644     
     -8.4375     16.2500        1.690     
     -8.4375     17.5000        0.000     
     -8.4375     18.7500        0.000     

     -7.5000    -20.0000        0.000     
     -7.5000    -18.7500        0.000     
     -7.5000    -17.5000        0.000     
     -7.5000    -16.2500        5.229     
     -7.5000    -15.0000        5.202     
     -7.5000    -13.7500        5.165     
     -7.5000    -12.5000        5.115     
     -7.5000    -11.2500        5.047     
     -7.5000    -10.0000        4.956     
     -7.5000     -8.7500        4.839     
     -7.5000     -7.5000        4.701     
     -7.5000     -6.2500        4.552     
     -7.5000     -5.0000        4.398     
     -7.5000     -3.7500        4.236     
     -7.5000     -2.5000        4.057     
     -7.5000     -1.2500        3.859     
     -7.5000      0.0000        3.649     
     -7.5000      1.2500        3.421     
     -7.5000      2.5000        3.180     
     -7.5000      3.7500        2.949     
     -7.5000      5.0000        2.738     
     -7.5000      6.2500        2.525     
     -7.5000      7.5000        2.239     
     -7.5000      8.7500        1.785     
     -7.5000     10.0000        1.224     
     -7.5000     11.2500       0.8310     
     -7.5000     12.5000       0.6007     
     -7.5000     13.7500       0.4460     
     -7.5000     15.0000       0.3336     
     -7.5000     16.2500       0.2530     
     -7.5000     17.5000        0.000     
     -7.5000     18.7500        0.000     

     -6.5625    -20.0000        0.000     
     -6.5625    -18.7500        0.000     
     -6.5625    -17.5000        0.000     
     -6.5625    -16.2500        5.333     
     -6.5625    -15.0000        5.318     
     -6.5625    -13.7500        5.287     
     -6.5625    -12.5000        5.231     
     -6.5625    -11.2500        5.142     
     -6.5625    -10.0000        5.010     
     -6.5625     -8.7500        4.830     
     -6.5625     -7.5000        4.613     
     -6.5625     -6.2500        4.394     
     -6.5625     -5.0000        4.196     
     -6.5625     -3.7500        4.021     
     -6.5625     -2.5000        3.865     
     -6.5625     -1.2500        3.736     
     -6.5625      0.0000        3.649     
     -6.5625      1.2500        3.605     
     -6.5625      2.5000        3.606     
     -6.5625      3.7500        3.653     
     -6.5625      5.0000        3.755     
     -6.5625      6.2500        3.946     
     -6.5625      7.5000        4.302     
     -6.5625      8.7500        4.795     
     -6.5625     10.0000        5.189     
     -6.5625     11.2500        5.413     
     -6.5625     12.5000        5.526     
     -6.5625     13.7500        5.569     
     -6.5625     15.0000        5.572     
     -6.5625     16.2500        5.558     
     -6.5625     17.5000        0.000     
     -6.5625     18.7500        0.000     

     -5.6250    -20.0000        0.000     
     -5.6250    -18.7500        0.000     
     -5.6250    -17.5000        0.000     
     -5.6250    -16.2500        5.500     
     -5.6250    -15.0000        5.506     
     -5.6250    -13.7500        5.495     
     -5.6250    -12.5000        5.445     
     -5.6250    -11.2500        5.333     
     -5.6250    -10.0000        5.132     
     -5.6250     -8.7500        4.807     
     -5.6250     -7.5000        4.404     
     -5.6250     -6.2500        4.073     
     -5.6250     -5.0000        3.864     
     -5.6250     -3.7500        3.734     
     -5.6250     -2.5000        3.658     
     -5.6250     -1.2500        3.629     
     -5.6250      0.0000        3.649     
     -5.6250      1.2500        3.716     
     -5.6250      2.5000        3.828     
     -5.6250      3.7500        3.974     
     -5.6250      5.0000        4.147     
     -5.6250      6.2500        4.352     
     -5.6250      7.5000        4.589     
     -5.6250      8.7500        4.827     
     -5.6250     10.0000        5.025     
     -5.6250     11.2500        5.168     
     -5.6250     12.5000        5.261     
     -5.6250     13.7500        5.317     
     -5.6250     15.0000        5.345     
     -5.6250     16.2500        5.358     
     -5.6250     17.5000        0.000     
     -5.6250     18.7500        0.000     

     -4.6875    -20.0000        0.000     
     -4.6875    -18.7500        0.000     
     -4.6875    -17.5000        0.000     
     -4.6875    -16.2500        6.150     
     -4.6875    -15.0000        6.229     
     -4.6875    -13.7500       0.4189E-001
     -4.6875    -12.5000       0.1491     
     -4.6875    -11.2500       0.2949     
     -4.6875    -10.0000       0.6609     
     -4.6875     -8.7500        1.890     
     -4.6875     -7.5000        2.610     
     -4.6875     -6.2500        2.847     
     -4.6875     -5.0000        2.999     
     -4.6875     -3.7500        3.142     
     -4.6875     -2.5000        3.300     
     -4.6875     -1.2500        3.472     
     -4.6875      0.0000        3.649     
     -4.6875      1.2500        3.830     
     -4.6875      2.5000        4.016     
     -4.6875      3.7500        4.193     
     -4.6875      5.0000        4.361     
     -4.6875      6.2500        4.524     
     -4.6875      7.5000        4.686     
     -4.6875      8.7500        4.837     
     -4.6875     10.0000        4.965     
     -4.6875     11.2500        5.064     
     -4.6875     12.5000        5.136     
     -4.6875     13.7500        5.188     
     -4.6875     15.0000        5.224     
     -4.6875     16.2500        5.248     
     -4.6875     17.5000        0.000     
     -4.6875     18.7500        0.000     

     -3.7500    -20.0000        0.000     
     -3.7500    -18.7500        0.000     
     -3.7500    -17.5000        0.000     
     -3.7500    -16.2500        1.577     
     -3.7500    -15.0000        1.534     
     -3.7500    -13.7500        1.516     
     -3.7500    -12.5000        1.535     
     -3.7500    -11.2500        1.583     
     -3.7500    -10.0000        1.647     
     -3.7500     -8.7500        1.724     
     -3.7500     -7.5000        1.802     
     -3.7500     -6.2500        1.876     
     -3.7500     -5.0000        1.954     
     -3.7500     -3.7500        2.082     
     -3.7500     -2.5000        2.363     
     -3.7500     -1.2500        2.972     
     -3.7500      0.0000        3.649     
     -3.7500      1.2500        4.037     
     -3.7500      2.5000        4.265     
     -3.7500      3.7500        4.424     
     -3.7500      5.0000        4.550     
     -3.7500      6.2500        4.660     
     -3.7500      7.5000        4.758     
     -3.7500      8.7500        4.845     
     -3.7500     10.0000        4.919     
     -3.7500     11.2500        4.980     
     -3.7500     12.5000        5.027     
     -3.7500     13.7500        5.070     
     -3.7500     15.0000        5.110     
     -3.7500     16.2500        5.143     
     -3.7500     17.5000        0.000     
     -3.7500     18.7500        0.000     

     -2.8125    -20.0000        0.000     
     -2.8125    -18.7500        0.000     
     -2.8125    -17.5000        0.000     
     -2.8125    -16.2500        1.916     
     -2.8125    -15.0000        1.876     
     -2.8125    -13.7500        1.837     
     -2.8125    -12.5000        1.805     
     -2.8125    -11.2500        1.777     
     -2.8125    -10.0000        1.745     
     -2.8125     -8.7500        1.708     
     -2.8125     -7.5000        1.665     
     -2.8125     -6.2500        1.611     
     -2.8125     -5.0000        1.547     
     -2.8125     -3.7500        1.474     
     -2.8125     -2.5000        1.384     
     -2.8125     -1.2500        1.237     
     -2.8125      0.0000       0.5066     
     -2.8125      1.2500        4.982     
     -2.8125      2.5000        4.813     
     -2.8125      3.7500        4.797     
     -2.8125      5.0000        4.812     
     -2.8125      6.2500        4.833     
     -2.8125      7.5000        4.847     
     -2.8125      8.7500        4.855     
     -2.8125     10.0000        4.858     
     -2.8125     11.2500        4.864     
     -2.8125     12.5000        4.871     
     -2.8125     13.7500        4.892     
     -2.8125     15.0000        4.928     
     -2.8125     16.2500        4.972     
     -2.8125     17.5000        0.000     
     -2.8125     18.7500        0.000     

     -1.8750    -20.0000        0.000     
     -1.8750    -18.7500        0.000     
     -1.8750    -17.5000        0.000     
     -1.8750    -16.2500        2.047     
     -1.8750    -15.0000        2.017     
     -1.8750    -13.7500        1.978     
     -1.8750    -12.5000        1.931     
     -1.8750    -11.2500        1.873     
     -1.8750    -10.0000        1.796     
     -1.8750     -8.7500        1.700     
     -1.8750     -7.5000        1.588     
     -1.8750     -6.2500        1.464     
     -1.8750     -5.0000        1.330     
     -1.8750     -3.7500        1.183     
     -1.8750     -2.5000        1.008     
     -1.8750     -1.2500       0.7895     
     -1.8750      0.0000       0.5069     
     -1.8750      1.2500       0.1303     
     -1.8750      2.5000        5.984     
     -1.8750      3.7500        5.643     
     -1.8750      5.0000        5.414     
     -1.8750      6.2500        5.242     
     -1.8750      7.5000        5.071     
     -1.8750      8.7500        4.880     
     -1.8750     10.0000        4.686     
     -1.8750     11.2500        4.520     
     -1.8750     12.5000        4.389     
     -1.8750     13.7500        4.305     
     -1.8750     15.0000        4.271     
     -1.8750     16.2500        4.281     
     -1.8750     17.5000        0.000     
     -1.8750     18.7500        0.000     

     -0.9375    -20.0000        0.000     
     -0.9375    -18.7500        0.000     
     -0.9375    -17.5000        0.000     
     -0.9375    -16.2500        2.147     
     -0.9375    -15.0000        2.127     
     -0.9375    -13.7500        2.093     
     -0.9375    -12.5000        2.039     
     -0.9375    -11.2500        1.959     
     -0.9375    -10.0000        1.844     
     -0.9375     -8.7500        1.692     
     -0.9375     -7.5000        1.512     
     -0.9375     -6.2500        1.323     
     -0.9375     -5.0000        1.142     
     -0.9375     -3.7500       0.9675     
     -0.9375     -2.5000       0.7974     
     -0.9375     -1.2500       0.6388     
     -0.9375      0.0000       0.5070     
     -0.9375      1.2500       0.4060     
     -0.9375      2.5000       0.3366     
     -0.9375      3.7500       0.3026     
     -0.9375      5.0000       0.3087     
     -0.9375      6.2500       0.3849     
     -0.9375      7.5000       0.6691     
     -0.9375      8.7500        1.573     
     -0.9375     10.0000        2.336     
     -0.9375     11.2500        2.580     
     -0.9375     12.5000        2.662     
     -0.9375     13.7500        2.668     
     -0.9375     15.0000        2.639     
     -0.9375     16.2500        2.600     
     -0.9375     17.5000        0.000     
     -0.9375     18.7500        0.000     

      0.0000    -20.0000        0.000     
      0.0000    -18.7500        0.000     
      0.0000    -17.5000        0.000     
      0.0000    -16.2500        2.276     
      0.0000    -15.0000        2.271     
      0.0000    -13.7500        2.248     
      0.0000    -12.5000        2.193     
      0.0000    -11.2500        2.090     
      0.0000    -10.0000        1.923     
      0.0000     -8.7500        1.678     
      0.0000     -7.5000        1.380     
      0.0000     -6.2500        1.101     
      0.0000     -5.0000       0.8856     
      0.0000     -3.7500       0.7252     
      0.0000     -2.5000       0.6068     
      0.0000     -1.2500       0.5320     
      0.0000      0.0000       0.5070     
      0.0000      1.2500       0.5320     
      0.0000      2.5000       0.6068     
      0.0000      3.7500       0.7252     
      0.0000      5.0000       0.8856     
      0.0000      6.2500        1.101     
      0.0000      7.5000        1.380     
      0.0000      8.7500        1.678     
      0.0000     10.0000        1.923     
      0.0000     11.2500        2.090     
      0.0000     12.5000        2.193     
      0.0000     13.7500        2.248     
      0.0000     15.0000        2.271     
      0.0000     16.2500        2.276     
      0.0000     17.5000        0.000     
      0.0000     18.7500        0.000     

      0.9375    -20.0000        0.000     
      0.9375    -18.7500        0.000     
      0.9375    -17.5000        0.000     
      0.9375    -16.2500        2.599     
      0.9375    -15.0000        2.639     
      0.9375    -13.7500        2.669     
      0.9375    -12.5000        2.662     
      0.9375    -11.2500        2.581     
      0.9375    -10.0000        2.335     
      0.9375     -8.7500        1.573     
      0.9375     -7.5000       0.6693     
      0.9375     -6.2500       0.3847     
      0.9375     -5.0000       0.3088     
      0.9375     -3.7500       0.3025     
      0.9375     -2.5000       0.3367     
      0.9375     -1.2500       0.4059     
      0.9375      0.0000       0.5070     
      0.9375      1.2500       0.6388     
      0.9375      2.5000       0.7974     
      0.9375      3.7500       0.9675     
      0.9375      5.0000        1.141     
      0.9375      6.2500        1.323     
      0.9375      7.5000        1.512     
      0.9375      8.7500        1.692     
      0.9375     10.0000        1.844     
      0.9375     11.2500        1.959     
      0.9375     12.5000        2.039     
      0.9375     13.7500        2.093     
      0.9375     15.0000        2.127     
      0.9375     16.2500        2.147     
      0.9375     17.5000        0.000     
      0.9375     18.7500        0.000     

      1.8750    -20.0000        0.000     
      1.8750    -18.7500        0.000     
      1.8750    -17.5000        0.000     
      1.8750    -16.2500        4.281     
      1.8750    -15.0000        4.271     
      1.8750    -13.7500        4.305     
      1.8750    -12.5000        4.390     
      1.8750    -11.2500        4.520     
      1.8750    -10.0000        4.686     
      1.8750     -8.7500        4.880     
      1.8750     -7.5000        5.071     
      1.8750     -6.2500        5.242     
      1.8750     -5.0000        5.415     
      1.8750     -3.7500        5.643     
      1.8750     -2.5000        5.985     
      1.8750     -1.2500       0.1301     
      1.8750      0.0000       0.5070     
      1.8750      1.2500       0.7895     
      1.8750      2.5000        1.008     
      1.8750      3.7500        1.183     
      1.8750      5.0000        1.330     
      1.8750      6.2500        1.464     
      1.8750      7.5000        1.588     
      1.8750      8.7500        1.700     
      1.8750     10.0000        1.796     
      1.8750     11.2500        1.873     
      1.8750     12.5000        1.931     
      1.8750     13.7500        1.978     
      1.8750     15.0000        2.016     
      1.8750     16.2500        2.046     
      1.8750     17.5000        0.000     
      1.8750     18.7500        0.000     

      2.8125    -20.0000        0.000     
      2.8125    -18.7500        0.000     
      2.8125    -17.5000        0.000     
      2.8125    -16.2500        4.972     
      2.8125    -15.0000        4.929     
      2.8125    -13.7500        4.892     
      2.8125    -12.5000        4.871     
      2.8125    -11.2500        4.864     
      2.8125    -10.0000        4.859     
      2.8125     -8.7500        4.854     
      2.8125     -7.5000        4.848     
      2.8125     -6.2500        4.833     
      2.8125     -5.0000        4.812     
      2.8125     -3.7500        4.797     
      2.8125     -2.5000        4.813     
      2.8125     -1.2500        4.981     
      2.8125      0.0000       0.5072     
      2.8125      1.2500        1.237     
      2.8125      2.5000        1.384     
      2.8125      3.7500        1.474     
      2.8125      5.0000        1.547     
      2.8125      6.2500        1.611     
      2.8125      7.5000        1.665     
      2.8125      8.7500        1.709     
      2.8125     10.0000        1.745     
      2.8125     11.2500        1.777     
      2.8125     12.5000        1.804     
      2.8125     13.7500        1.837     
      2.8125     15.0000        1.876     
      2.8125     16.2500        1.916     
      2.8125     17.5000        0.000     
      2.8125     18.7500        0.000     

      3.7500    -20.0000        0.000     
      3.7500    -18.7500        0.000     
      3.7500    -17.5000        0.000     
      3.7500    -16.2500        5.144     
      3.7500    -15.0000        5.110     
      3.7500    -13.7500        5.070     
      3.7500    -12.5000        5.028     
      3.7500    -11.2500        4.980     
      3.7500    -10.0000        4.919     
      3.7500     -8.7500        4.845     
      3.7500     -7.5000        4.758     
      3.7500     -6.2500        4.660     
      3.7500     -5.0000        4.550     
      3.7500     -3.7500        4.424     
      3.7500     -2.5000        4.265     
      3.7500     -1.2500        4.037     
      3.7500      0.0000        3.648     
      3.7500      1.2500        2.973     
      3.7500      2.5000        2.363     
      3.7500      3.7500        2.082     
      3.7500      5.0000        1.954     
      3.7500      6.2500        1.876     
      3.7500      7.5000        1.802     
      3.7500      8.7500        1.724     
      3.7500     10.0000        1.646     
      3.7500     11.2500        1.583     
      3.7500     12.5000        1.534     
      3.7500     13.7500        1.516     
      3.7500     15.0000        1.533     
      3.7500     16.2500        1.577     
      3.7500     17.5000        0.000     
      3.7500     18.7500        0.000     

      4.6875    -20.0000        0.000     
      4.6875    -18.7500        0.000     
      4.6875    -17.5000        0.000     
      4.6875    -16.2500        5.248     
      4.6875    -15.0000        5.224     
      4.6875    -13.7500        5.187     
      4.6875    -12.5000        5.136     
      4.6875    -11.2500        5.064     
      4.6875    -10.0000        4.965     
      4.6875     -8.7500        4.837     
      4.6875     -7.5000        4.686     
      4.6875     -6.2500        4.524     
      4.6875     -5.0000        4.361     
      4.6875     -3.7500        4.193     
      4.6875     -2.5000        4.016     
      4.6875     -1.2500        3.830     
      4.6875      0.0000        3.649     
      4.6875      1.2500        3.472     
      4.6875      2.5000        3.300     
      4.6875      3.7500        3.143     
      4.6875      5.0000        2.999     
      4.6875      6.2500        2.847     
      4.6875      7.5000        2.610     
      4.6875      8.7500        1.891     
      4.6875     10.0000       0.6613     
      4.6875     11.2500       0.2944     
      4.6875     12.5000       0.1496     
      4.6875     13.7500       0.4133E-001
      4.6875     15.0000        6.230     
      4.6875     16.2500        6.150     
      4.6875     17.5000        0.000     
      4.6875     18.7500        0.000     

      5.6250    -20.0000        0.000     
      5.6250    -18.7500        0.000     
      5.6250    -17.5000        0.000     
      5.6250    -16.2500        5.358     
      5.6250    -15.0000        5.345     
      5.6250    -13.7500        5.317     
      5.6250    -12.5000        5.261     
      5.6250    -11.2500        5.167     
      5.6250    -10.0000        5.025     
      5.6250     -8.7500        4.827     
      5.6250     -7.5000        4.589     
      5.6250     -6.2500        4.352     
      5.6250     -5.0000        4.147     
      5.6250     -3.7500        3.974     
      5.6250     -2.5000        3.828     
      5.6250     -1.2500        3.716     
      5.6250      0.0000        3.649     
      5.6250      1.2500        3.629     
      5.6250      2.5000        3.658     
      5.6250      3.7500        3.734     
      5.6250      5.0000        3.864     
      5.6250      6.2500        4.073     
      5.6250      7.5000        4.404     
      5.6250      8.7500        4.807     
      5.6250     10.0000        5.132     
      5.6250     11.2500        5.333     
      5.6250     12.5000        5.445     
      5.6250     13.7500        5.495     
      5.6250     15.0000        5.507     
      5.6250     16.2500        5.500     
      5.6250     17.5000        0.000     
      5.6250     18.7500        0.000     

      6.5625    -20.0000        0.000     
      6.5625    -18.7500        0.000     
      6.5625    -17.5000        0.000     
      6.5625    -16.2500        5.558     
      6.5625    -15.0000        5.572     
      6.5625    -13.7500        5.569     
      6.5625    -12.5000        5.526     
      6.5625    -11.2500        5.413     
      6.5625    -10.0000        5.189     
      6.5625     -8.7500        4.795     
      6.5625     -7.5000        4.302     
      6.5625     -6.2500        3.946     
      6.5625     -5.0000        3.755     
      6.5625     -3.7500        3.653     
      6.5625     -2.5000        3.606     
      6.5625     -1.2500        3.605     
      6.5625      0.0000        3.649     
      6.5625      1.2500        3.736     
      6.5625      2.5000        3.865     
      6.5625      3.7500        4.021     
      6.5625      5.0000        4.196     
      6.5625      6.2500        4.394     
      6.5625      7.5000        4.613     
      6.5625      8.7500        4.830     
      6.5625     10.0000        5.010     
      6.5625     11.2500        5.142     
      6.5625     12.5000        5.231     
      6.5625     13.7500        5.287     
      6.5625     15.0000        5.318     
      6.5625     16.2500        5.333     
      6.5625     17.5000        0.000     
      6.5625     18.7500        0.000     

      7.5000    -20.0000        0.000     
      7.5000    -18.7500        0.000     
      7.5000    -17.5000        0.000     
      7.5000    -16.2500       0.2529     
      7.5000    -15.0000       0.3330     
      7.5000    -13.7500       0.4464     
      7.5000    -12.5000       0.6004     
      7.5000    -11.2500       0.8312     
      7.5000    -10.0000        1.224     
      7.5000     -8.7500        1.784     
      7.5000     -7.5000        2.239     
      7.5000     -6.2500        2.524     
      7.5000     -5.0000        2.738     
      7.5000     -3.7500        2.949     
      7.5000     -2.5000        3.180     
      7.5000     -1.2500        3.421     
      7.5000      0.0000        3.649     
      7.5000      1.2500        3.859     
      7.5000      2.5000        4.057     
      7.5000      3.7500        4.236     
      7.5000      5.0000        4.398     
      7.5000      6.2500        4.552     
      7.5000      7.5000        4.701     
      7.5000      8.7500        4.839     
      7.5000     10.0000        4.956     
      7.5000     11.2500        5.048     
      7.5000     12.5000        5.114     
      7.5000     13.7500        5.165     
      7.5000     15.0000        5.202     
      7.5000     16.2500        5.228     
      7.5000     17.5000        0.000     
      7.5000     18.7500        0.000     

      8.4375    -20.0000        0.000     
      8.4375    -18.7500        0.000     
      8.4375    -17.5000        0.000     
      8.4375    -16.2500        1.690     
      8.4375    -15.0000        1.645     
      8.4375    -13.7500        1.617     
      8.4375    -12.5000        1.618     
      8.4375    -11.2500        1.642     
      8.4375    -10.0000        1.676     
      8.4375     -8.7500        1.719     
      8.4375     -7.5000        1.763     
      8.4375     -6.2500        1.801     
      8.4375     -5.0000        1.840     
      8.4375     -3.7500        1.913     
      8.4375     -2.5000        2.105     
      8.4375     -1.2500        2.696     
      8.4375      0.0000        3.649     
      8.4375      1.2500        4.115     
      8.4375      2.5000        4.337     
      8.4375      3.7500        4.481     
      8.4375      5.0000        4.592     
      8.4375      6.2500        4.689     
      8.4375      7.5000        4.773     
      8.4375      8.7500        4.847     
      8.4375     10.0000        4.909     
      8.4375     11.2500        4.962     
      8.4375     12.5000        5.003     
      8.4375     13.7500        5.043     
      8.4375     15.0000        5.082     
      8.4375     16.2500        5.118     
      8.4375     17.5000        0.000     
      8.4375     18.7500        0.000     

      9.3750    -20.0000        0.000     
      9.3750    -18.7500        0.000     
      9.3750    -17.5000        0.000     
      9.3750    -16.2500        1.948     
      9.3750    -15.0000        1.911     
      9.3750    -13.7500        1.871     
      9.3750    -12.5000        1.835     
      9.3750    -11.2500        1.800     
      9.3750    -10.0000        1.757     
      9.3750     -8.7500        1.707     
      9.3750     -7.5000        1.647     
      9.3750     -6.2500        1.578     
      9.3750     -5.0000        1.497     
      9.3750     -3.7500        1.402     
      9.3750     -2.5000        1.280     
      9.3750     -1.2500        1.080     
      9.3750      0.0000       0.5068     
      9.3750      1.2500        5.436     
      9.3750      2.5000        5.011     
      9.3750      3.7500        4.914     
      9.3750      5.0000        4.889     
      9.3750      6.2500        4.883     
      9.3750      7.5000        4.873     
      9.3750      8.7500        4.857     
      9.3750     10.0000        4.840     
      9.3750     11.2500        4.828     
      9.3750     12.5000        4.822     
      9.3750     13.7500        4.834     
      9.3750     15.0000        4.867     
      9.3750     16.2500        4.912     
      9.3750     17.5000        0.000     
      9.3750     18.7500        0.000     

     10.3125    -20.0000        0.000     
     10.3125    -18.7500        0.000     
     10.3125    -17.5000        0.000     
     10.3125    -16.2500        2.067     
     10.3125    -15.0000        2.039     
     10.3125    -13.7500        2.001     
     10.3125    -12.5000        1.952     
     10.3125    -11.2500        1.889     
     10.3125    -10.0000        1.805     
     10.3125     -8.7500        1.699     
     10.3125     -7.5000        1.574     
     10.3125     -6.2500        1.437     
     10.3125     -5.0000        1.293     
     10.3125     -3.7500        1.138     
     10.3125     -2.5000       0.9597     
     10.3125     -1.2500       0.7507     
     10.3125      0.0000       0.5069     
     10.3125      1.2500       0.2158     
     10.3125      2.5000        6.171     
     10.3125      3.7500        5.872     
     10.3125      5.0000        5.631     
     10.3125      6.2500        5.420     
     10.3125      7.5000        5.185     
     10.3125      8.7500        4.895     
     10.3125     10.0000        4.581     
     10.3125     11.2500        4.320     
     10.3125     12.5000        4.127     
     10.3125     13.7500        3.994     
     10.3125     15.0000        3.912     
     10.3125     16.2500        3.874     
     10.3125     17.5000        0.000     
     10.3125     18.7500        0.000     

     11.2500    -20.0000        0.000     
     11.2500    -18.7500        0.000     
     11.2500    -17.5000        0.000     
     11.2500    -16.2500        2.168     
     11.2500    -15.0000        2.151     
     11.2500    -13.7500        2.118     
     11.2500    -12.5000        2.063     
     11.2500    -11.2500        1.979     
     11.2500    -10.0000        1.855     
     11.2500     -8.7500        1.690     
     11.2500     -7.5000        1.493     
     11.2500     -6.2500        1.290     
     11.2500     -5.0000        1.100     
     11.2500     -3.7500       0.9243     
     11.2500     -2.5000       0.7604     
     11.2500     -1.2500       0.6164     
     11.2500      0.0000       0.5070     
     11.2500      1.2500       0.4361     
     11.2500      2.5000       0.4050     
     11.2500      3.7500       0.4163     
     11.2500      5.0000       0.4778     
     11.2500      6.2500       0.6289     
     11.2500      7.5000       0.9887     
     11.2500      8.7500        1.631     
     11.2500     10.0000        2.144     
     11.2500     11.2500        2.389     
     11.2500     12.5000        2.497     
     11.2500     13.7500        2.527     
     11.2500     15.0000        2.518     
     11.2500     16.2500        2.493     
     11.2500     17.5000        0.000     
     11.2500     18.7500        0.000     

     12.1875    -20.0000        0.000     
     12.1875    -18.7500        0.000     
     12.1875    -17.5000        0.000     
     12.1875    -16.2500        2.313     
     12.1875    -15.0000        2.313     
     12.1875    -13.7500        2.295     
     12.1875    -12.5000        2.242     
     12.1875    -11.2500        2.134     
     12.1875    -10.0000        1.951     
     12.1875     -8.7500        1.673     
     12.1875     -7.5000        1.331     
     12.1875     -6.2500        1.027     
     12.1875     -5.0000       0.8111     
     12.1875     -3.7500       0.6631     
     12.1875     -2.5000       0.5635     
     12.1875     -1.2500       0.5103     
     12.1875      0.0000       0.5070     
     12.1875      1.2500       0.5531     
     12.1875      2.5000       0.6474     
     12.1875      3.7500       0.7809     
     12.1875      5.0000       0.9493     
     12.1875      6.2500        1.160     
     12.1875      7.5000        1.417     
     12.1875      8.7500        1.682     
     12.1875     10.0000        1.901     
     12.1875     11.2500        2.055     
     12.1875     12.5000        2.153     
     12.1875     13.7500        2.209     
     12.1875     15.0000        2.235     
     12.1875     16.2500        2.244     
     12.1875     17.5000        0.000     
     12.1875     18.7500        0.000     

     13.1250    -20.0000        0.000     
     13.1250    -18.7500        0.000     
     13.1250    -17.5000        0.000     
     13.1250    -16.2500        2.759     
     13.1250    -15.0000        2.817     
     13.1250    -13.7500        2.876     
     13.1250    -12.5000        2.915     
     13.1250    -11.2500        2.912     
     13.1250    -10.0000        2.825     
     13.1250     -8.7500        1.052     
     13.1250     -7.5000       0.9340E-001
     13.1250     -6.2500       0.6417E-001
     13.1250     -5.0000       0.1007     
     13.1250     -3.7500       0.1655     
     13.1250     -2.5000       0.2559     
     13.1250     -1.2500       0.3712     
     13.1250      0.0000       0.5070     
     13.1250      1.2500       0.6627     
     13.1250      2.5000       0.8351     
     13.1250      3.7500        1.010     
     13.1250      5.0000        1.181     
     13.1250      6.2500        1.354     
     13.1250      7.5000        1.529     
     13.1250      8.7500        1.694     
     13.1250     10.0000        1.833     
     13.1250     11.2500        1.940     
     13.1250     12.5000        2.016     
     13.1250     13.7500        2.069     
     13.1250     15.0000        2.104     
     13.1250     16.2500        2.126     
     13.1250     17.5000        0.000     
     13.1250     18.7500        0.000     

     14.0625    -20.0000        0.000     
     14.0625    -18.7500        0.000     
     14.0625    -17.5000        0.000     
     14.0625    -16.2500        4.549     
     14.0625    -15.0000        4.514     
     14.0625    -13.7500        4.515     
     14.0625    -12.5000        4.560     
     14.0625    -11.2500        4.642     
     14.0625    -10.0000        4.747     
     14.0625     -8.7500        4.871     
     14.0625     -7.5000        4.997     
     14.0625     -6.2500        5.113     
     14.0625     -5.0000        5.237     
     14.0625     -3.7500        5.422     
     14.0625     -2.5000        5.759     
     14.0625     -1.2500       0.9752E-002
     14.0625      0.0000       0.5070     
     14.0625      1.2500       0.8364     
     14.0625      2.5000        1.062     
     14.0625      3.7500        1.231     
     14.0625      5.0000        1.368     
     14.0625      6.2500        1.491     
     14.0625      7.5000        1.602     
     14.0625      8.7500        1.702     
     14.0625     10.0000        1.787     
     14.0625     11.2500        1.856     
     14.0625     12.5000        1.909     
     14.0625     13.7500        1.954     
     14.0625     15.0000        1.993     
     14.0625     16.2500        2.025     
     14.0625     17.5000        0.000     
     14.0625     18.7500        0.000     

     15.0000    -20.0000        0.000     
     15.0000    -18.7500        0.000     
     15.0000    -17.5000        0.000     
     15.0000    -16.2500        5.019     
     15.0000    -15.0000        4.978     
     15.0000    -13.7500        4.939     
     15.0000    -12.5000        4.912     
     15.0000    -11.2500        4.894     
     15.0000    -10.0000        4.874     
     15.0000     -8.7500        4.852     
     15.0000     -7.5000        4.826     
     15.0000     -6.2500        4.790     
     15.0000     -5.0000        4.746     
     15.0000     -3.7500        4.699     
     15.0000     -2.5000        4.653     
     15.0000     -1.2500        4.619     
     15.0000      0.0000        0.000     
     15.0000      1.2500        1.477     
     15.0000      2.5000        1.511     
     15.0000      3.7500        1.557     
     15.0000      5.0000        1.604     
     15.0000      6.2500        1.649     
     15.0000      7.5000        1.684     
     15.0000      8.7500        1.711     
     15.0000     10.0000        1.732     
     15.0000     11.2500        1.752     
     15.0000     12.5000        1.770     
     15.0000     13.7500        1.798     
     15.0000     15.0000        1.836     
     15.0000     16.2500        1.877     
     15.0000     17.5000        0.000     
     15.0000     18.7500        0.000     

     15.9375    -20.0000        0.000     
     15.9375    -18.7500        0.000     
     15.9375    -17.5000        0.000     
     15.9375    -16.2500        5.167     
     15.9375    -15.0000        5.135     
     15.9375    -13.7500        5.095     
     15.9375    -12.5000        5.051     
     15.9375    -11.2500        4.998     
     15.9375    -10.0000        4.929     
     15.9375     -8.7500        4.843     
     15.9375     -7.5000        4.744     
     15.9375     -6.2500        4.632     
     15.9375     -5.0000        4.510     
     15.9375     -3.7500        4.372     
     15.9375     -2.5000        4.204     
     15.9375     -1.2500        3.978     
     15.9375      0.0000        3.648     
     15.9375      1.2500        3.152     
     15.9375      2.5000        2.617     
     15.9375      3.7500        2.281     
     15.9375      5.0000        2.096     
     15.9375      6.2500        1.972     
     15.9375      7.5000        1.855     
     15.9375      8.7500        1.730     
     15.9375     10.0000        1.606     
     15.9375     11.2500        1.501     
     15.9375     12.5000        1.419     
     15.9375     13.7500        1.374     
     15.9375     15.0000        1.372     
     15.9375     16.2500        1.407     
     15.9375     17.5000        0.000     
     15.9375     18.7500        0.000     

     16.8750    -20.0000        0.000     
     16.8750    -18.7500        0.000     
     16.8750    -17.5000        0.000     
     16.8750    -16.2500        5.268     
     16.8750    -15.0000        5.246     
     16.8750    -13.7500        5.210     
     16.8750    -12.5000        5.158     
     16.8750    -11.2500        5.082     
     16.8750    -10.0000        4.975     
     16.8750     -8.7500        4.836     
     16.8750     -7.5000        4.670     
     16.8750     -6.2500        4.495     
     16.8750     -5.0000        4.323     
     16.8750     -3.7500        4.151     
     16.8750     -2.5000        3.977     
     16.8750     -1.2500        3.804     
     16.8750      0.0000        3.649     
     16.8750      1.2500        3.513     
     16.8750      2.5000        3.397     
     16.8750      3.7500        3.307     
     16.8750      5.0000        3.242     
     16.8750      6.2500        3.206     
     16.8750      7.5000        3.234     
     16.8750      8.7500        4.194     
     16.8750     10.0000        5.967     
     16.8750     11.2500        6.053     
     16.8750     12.5000        6.057     
     16.8750     13.7500        6.017     
     16.8750     15.0000        5.959     
     16.8750     16.2500        5.900     
     16.8750     17.5000        0.000     
     16.8750     18.7500        0.000     

     17.8125    -20.0000        0.000     
     17.8125    -18.7500        0.000     
     17.8125    -17.5000        0.000     
     17.8125    -16.2500        5.385     
     17.8125    -15.0000        5.377     
     17.8125    -13.7500        5.351     
     17.8125    -12.5000        5.295     
     17.8125    -11.2500        5.197     
     17.8125    -10.0000        5.043     
     17.8125     -8.7500        4.824     
     17.8125     -7.5000        4.559     
     17.8125     -6.2500        4.302     
     17.8125     -5.0000        4.091     
     17.8125     -3.7500        3.923     
     17.8125     -2.5000        3.789     
     17.8125     -1.2500        3.695     
     17.8125      0.0000        3.649     
     17.8125      1.2500        3.652     
     17.8125      2.5000        3.705     
     17.8125      3.7500        3.805     
     17.8125      5.0000        3.953     
     17.8125      6.2500        4.168     
     17.8125      7.5000        4.472     
     17.8125      8.7500        4.815     
     17.8125     10.0000        5.093     
     17.8125     11.2500        5.276     
     17.8125     12.5000        5.384     
     17.8125     13.7500        5.437     
     17.8125     15.0000        5.455     
     17.8125     16.2500        5.455     
     17.8125     17.5000        0.000     
     17.8125     18.7500        0.000     

     18.7500    -20.0000        0.000     
     18.7500    -18.7500        0.000     
     18.7500    -17.5000        0.000     
     18.7500    -16.2500        5.634     
     18.7500    -15.0000        5.659     
     18.7500    -13.7500        5.669     
     18.7500    -12.5000        5.638     
     18.7500    -11.2500        5.531     
     18.7500    -10.0000        5.285     
     18.7500     -8.7500        4.773     
     18.7500     -7.5000        4.130     
     18.7500     -6.2500        3.770     
     18.7500     -5.0000        3.619     
     18.7500     -3.7500        3.558     
     18.7500     -2.5000        3.547     
     18.7500     -1.2500        3.578     
     18.7500      0.0000        3.649     
     18.7500      1.2500        3.758     
     18.7500      2.5000        3.902     
     18.7500      3.7500        4.066     
     18.7500      5.0000        4.241     
     18.7500      6.2500        4.431     
     18.7500      7.5000        4.635     
     18.7500      8.7500        4.832     
     18.7500     10.0000        4.997     
     18.7500     11.2500        5.120     
     18.7500     12.5000        5.205     
     18.7500     13.7500        5.260     
     18.7500     15.0000        5.292     
     18.7500     16.2500        5.310     
     18.7500     17.5000        0.000     
     18.7500     18.7500        0.000     

     19.6875    -20.0000        0.000     
     19.6875    -18.7500        0.000     
     19.6875    -17.5000        0.000     
     19.6875    -16.2500       0.7327     
     19.6875    -15.0000       0.7704     
     19.6875    -13.7500       0.8528     
     19.6875    -12.5000       0.9858     
     19.6875    -11.2500        1.178     
     19.6875    -10.0000        1.440     
     19.6875     -8.7500        1.754     
     19.6875     -7.5000        2.044     
     19.6875     -6.2500        2.278     
     19.6875     -5.0000        2.489     
     19.6875     -3.7500        2.730     
     19.6875     -2.5000        3.030     
     19.6875     -1.2500        3.357     
     19.6875      0.0000        3.649     
     19.6875      1.2500        3.892     
     19.6875      2.5000        4.101     
     19.6875      3.7500        4.279     
     19.6875      5.0000        4.434     
     19.6875      6.2500        4.579     
     19.6875      7.5000        4.715     
     19.6875      8.7500        4.840     
     19.6875     10.0000        4.947     
     19.6875     11.2500        5.031     
     19.6875     12.5000        5.093     
     19.6875     13.7500        5.142     
     19.6875     15.0000        5.180     
     19.6875     16.2500        5.209     
     19.6875     17.5000        0.000     
     19.6875     18.7500        0.000     

     20.6250    -20.0000        0.000     
     20.6250    -18.7500        0.000     
     20.6250    -17.5000        0.000     
     20.6250    -16.2500        1.770     
     20.6250    -15.0000        1.725     
     20.6250    -13.7500        1.692     
     20.6250    -12.5000        1.680     
     20.6250    -11.2500        1.687     
     20.6250    -10.0000        1.699     
     20.6250     -8.7500        1.716     
     20.6250     -7.5000        1.732     
     20.6250     -6.2500        1.741     
     20.6250     -5.0000        1.747     
     20.6250     -3.7500        1.772     
     20.6250     -2.5000        1.870     
     20.6250     -1.2500        2.293     
     20.6250      0.0000        3.649     
     20.6250      1.2500        4.222     
     20.6250      2.5000        4.422     
     20.6250      3.7500        4.544     
     20.6250      5.0000        4.638     
     20.6250      6.2500        4.719     
     20.6250      7.5000        4.789     
     20.6250      8.7500        4.848     
     20.6250     10.0000        4.898     
     20.6250     11.2500        4.941     
     20.6250     12.5000        4.976     
     20.6250     13.7500        5.013     
     20.6250     15.0000        5.052     
     20.6250     16.2500        5.090     
     20.6250     17.5000        0.000     
     20.6250     18.7500        0.000     

     21.5625    -20.0000        0.000     
     21.5625    -18.7500        0.000     
     21.5625    -17.5000        0.000     
     21.5625    -16.2500        1.977     
     21.5625    -15.0000        1.941     
     21.5625    -13.7500        1.901     
     21.5625    -12.5000        1.861     
     21.5625    -11.2500        1.820     
     21.5625    -10.0000        1.768     
     21.5625     -8.7500        1.705     
     21.5625     -7.5000        1.631     
     21.5625     -6.2500        1.547     
     21.5625     -5.0000        1.451     
     21.5625     -3.7500        1.339     
     21.5625     -2.5000        1.195     
     21.5625     -1.2500       0.9730     
     21.5625      0.0000       0.5068     
     21.5625      1.2500        5.838     
     21.5625      2.5000        5.246     
     21.5625      3.7500        5.055     
     21.5625      5.0000        4.982     
     21.5625      6.2500        4.943     
     21.5625      7.5000        4.904     
     21.5625      8.7500        4.861     
     21.5625     10.0000        4.818     
     21.5625     11.2500        4.783     
     21.5625     12.5000        4.759     
     21.5625     13.7500        4.759     
     21.5625     15.0000        4.786     
     21.5625     16.2500        4.831     
     21.5625     17.5000        0.000     
     21.5625     18.7500        0.000     

     22.5000    -20.0000        0.000     
     22.5000    -18.7500        0.000     
     22.5000    -17.5000        0.000     
     22.5000    -16.2500        2.087     
     22.5000    -15.0000        2.061     
     22.5000    -13.7500        2.023     
     22.5000    -12.5000        1.973     
     22.5000    -11.2500        1.906     
     22.5000    -10.0000        1.814     
     22.5000     -8.7500        1.697     
     22.5000     -7.5000        1.559     
     22.5000     -6.2500        1.410     
     22.5000     -5.0000        1.256     
     22.5000     -3.7500        1.094     
     22.5000     -2.5000       0.9155     
     22.5000     -1.2500       0.7177     
     22.5000      0.0000       0.5069     
     22.5000      1.2500       0.2799     
     22.5000      2.5000       0.3795E-001
     22.5000      3.7500        6.090     
     22.5000      5.0000        5.880     
     22.5000      6.2500        5.666     
     22.5000      7.5000        5.380     
     22.5000      8.7500        4.927     
     22.5000     10.0000        4.366     
     22.5000     11.2500        3.973     
     22.5000     12.5000        3.742     
     22.5000     13.7500        3.588     
     22.5000     15.0000        3.475     
     22.5000     16.2500        3.395     
     22.5000     17.5000        0.000     
     22.5000     18.7500        0.000     

     23.4375    -20.0000        0.000     
     23.4375    -18.7500        0.000     
     23.4375    -17.5000        0.000     
     23.4375    -16.2500        2.191     
     23.4375    -15.0000        2.176     
     23.4375    -13.7500        2.145     
     23.4375    -12.5000        2.090     
     23.4375    -11.2500        2.001     
     23.4375    -10.0000        1.868     
     23.4375     -8.7500        1.688     
     23.4375     -7.5000        1.472     
     23.4375     -6.2500        1.252     
     23.4375     -5.0000        1.055     
     23.4375     -3.7500       0.8794     
     23.4375     -2.5000       0.7235     
     23.4375     -1.2500       0.5949     
     23.4375      0.0000       0.5070     
     23.4375      1.2500       0.4630     
     23.4375      2.5000       0.4641     
     23.4375      3.7500       0.5117     
     23.4375      5.0000       0.6131     
     23.4375      6.2500       0.8044     
     23.4375      7.5000        1.160     
     23.4375      8.7500        1.654     
     23.4375     10.0000        2.048     
     23.4375     11.2500        2.271     
     23.4375     12.5000        2.384     
     23.4375     13.7500        2.428     
     23.4375     15.0000        2.431     
     23.4375     16.2500        2.416     
     23.4375     17.5000        0.000     
     23.4375     18.7500        0.000     

     24.3750    -20.0000        0.000     
     24.3750    -18.7500        0.000     
     24.3750    -17.5000        0.000     
     24.3750    -16.2500        2.359     
     24.3750    -15.0000        2.365     
     24.3750    -13.7500        2.353     
     24.3750    -12.5000        2.303     
     24.3750    -11.2500        2.192     
     24.3750    -10.0000        1.990     
     24.3750     -8.7500        1.666     
     24.3750     -7.5000        1.263     
     24.3750     -6.2500       0.9316     
     24.3750     -5.0000       0.7220     
     24.3750     -3.7500       0.5928     
     24.3750     -2.5000       0.5164     
     24.3750     -1.2500       0.4875     
     24.3750      0.0000       0.5070     
     24.3750      1.2500       0.5739     
     24.3750      2.5000       0.6860     
     24.3750      3.7500       0.8319     
     24.3750      5.0000        1.005     
     24.3750      6.2500        1.210     
     24.3750      7.5000        1.447     
     24.3750      8.7500        1.685     
     24.3750     10.0000        1.883     
     24.3750     11.2500        2.026     
     24.3750     12.5000        2.119     
     24.3750     13.7500        2.175     
     24.3750     15.0000        2.204     
     24.3750     16.2500        2.216     
     24.3750     17.5000        0.000     
     24.3750     18.7500        0.000     

     25.3125    -20.0000        0.000     
     25.3125    -18.7500        0.000     
     25.3125    -17.5000        0.000     
     25.3125    -16.2500        3.008     
     25.3125    -15.0000        3.088     
     25.3125    -13.7500        3.183     
     25.3125    -12.5000        3.291     
     25.3125    -11.2500        3.437     
     25.3125    -10.0000        3.802     
     25.3125     -8.7500        5.032     
     25.3125     -7.5000        5.752     
     25.3125     -6.2500        5.988     
     25.3125     -5.0000        6.140     
     25.3125     -3.7500       0.8730E-003
     25.3125     -2.5000       0.1583     
     25.3125     -1.2500       0.3301     
     25.3125      0.0000       0.5070     
     25.3125      1.2500       0.6887     
     25.3125      2.5000       0.8742     
     25.3125      3.7500        1.052     
     25.3125      5.0000        1.219     
     25.3125      6.2500        1.383     
     25.3125      7.5000        1.544     
     25.3125      8.7500        1.696     
     25.3125     10.0000        1.824     
     25.3125     11.2500        1.923     
     25.3125     12.5000        1.994     
     25.3125     13.7500        2.046     
     25.3125     15.0000        2.082     
     25.3125     16.2500        2.107     
     25.3125     17.5000        0.000     
     25.3125     18.7500        0.000     

     26.2500    -20.0000        0.000     
     26.2500    -18.7500        0.000     
     26.2500    -17.5000        0.000     
     26.2500    -16.2500        4.719     
     26.2500    -15.0000        4.675     
     26.2500    -13.7500        4.658     
     26.2500    -12.5000        4.676     
     26.2500    -11.2500        4.724     
     26.2500    -10.0000        4.788     
     26.2500     -8.7500        4.865     
     26.2500     -7.5000        4.944     
     26.2500     -6.2500        5.017     
     26.2500     -5.0000        5.096     
     26.2500     -3.7500        5.224     
     26.2500     -2.5000        5.505     
     26.2500     -1.2500        6.114     
     26.2500      0.0000       0.5070     
     26.2500      1.2500       0.8955     
     26.2500      2.5000        1.124     
     26.2500      3.7500        1.282     
     26.2500      5.0000        1.408     
     26.2500      6.2500        1.518     
     26.2500      7.5000        1.616     
     26.2500      8.7500        1.703     
     26.2500     10.0000        1.777     
     26.2500     11.2500        1.839     
     26.2500     12.5000        1.886     
     26.2500     13.7500        1.929     
     26.2500     15.0000        1.968     
     26.2500     16.2500        2.002     
     26.2500     17.5000        0.000     
     26.2500     18.7500        0.000     

     27.1875    -20.0000        0.000     
     27.1875    -18.7500        0.000     
     27.1875    -17.5000        0.000     
     27.1875    -16.2500        5.057     
     27.1875    -15.0000        5.018     
     27.1875    -13.7500        4.979     
     27.1875    -12.5000        4.946     
     27.1875    -11.2500        4.919     
     27.1875    -10.0000        4.887     
     27.1875     -8.7500        4.850     
     27.1875     -7.5000        4.806     
     27.1875     -6.2500        4.753     
     27.1875     -5.0000        4.689     
     27.1875     -3.7500        4.616     
     27.1875     -2.5000        4.525     
     27.1875     -1.2500        4.378     
     27.1875      0.0000        3.648     
     27.1875      1.2500        1.840     
     27.1875      2.5000        1.671     
     27.1875      3.7500        1.655     
     27.1875      5.0000        1.670     
     27.1875      6.2500        1.691     
     27.1875      7.5000        1.706     
     27.1875      8.7500        1.713     
     27.1875     10.0000        1.717     
     27.1875     11.2500        1.723     
     27.1875     12.5000        1.730     
     27.1875     13.7500        1.750     
     27.1875     15.0000        1.787     
     27.1875     16.2500        1.830     
     27.1875     17.5000        0.000     
     27.1875     18.7500        0.000     

     28.1250    -20.0000        0.000     
     28.1250    -18.7500        0.000     
     28.1250    -17.5000        0.000     
     28.1250    -16.2500        5.188     
     28.1250    -15.0000        5.158     
     28.1250    -13.7500        5.119     
     28.1250    -12.5000        5.072     
     28.1250    -11.2500        5.014     
     28.1250    -10.0000        4.938     
     28.1250     -8.7500        4.842     
     28.1250     -7.5000        4.729     
     28.1250     -6.2500        4.605     
     28.1250     -5.0000        4.472     
     28.1250     -3.7500        4.324     
     28.1250     -2.5000        4.150     
     28.1250     -1.2500        3.931     
     28.1250      0.0000        3.648     
     28.1250      1.2500        3.272     
     28.1250      2.5000        2.843     
     28.1250      3.7500        2.502     
     28.1250      5.0000        2.273     
     28.1250      6.2500        2.100     
     28.1250      7.5000        1.929     
     28.1250      8.7500        1.739     
     28.1250     10.0000        1.544     
     28.1250     11.2500        1.378     
     28.1250     12.5000        1.248     
     28.1250     13.7500        1.163     
     28.1250     15.0000        1.129     
     28.1250     16.2500        1.139     
     28.1250     17.5000        0.000     
     28.1250     18.7500        0.000     

     29.0625    -20.0000        0.000     
     29.0625    -18.7500        0.000     
     29.0625    -17.5000        0.000     
     29.0625    -16.2500        5.289     
     29.0625    -15.0000        5.268     
     29.0625    -13.7500        5.234     
     29.0625    -12.5000        5.180     
     29.0625    -11.2500        5.100     
     29.0625    -10.0000        4.986     
     29.0625     -8.7500        4.834     
     29.0625     -7.5000        4.653     
     29.0625     -6.2500        4.465     
     29.0625     -5.0000        4.283     
     29.0625     -3.7500        4.109     
     29.0625     -2.5000        3.939     
     29.0625     -1.2500        3.780     
     29.0625      0.0000        3.649     
     29.0625      1.2500        3.548     
     29.0625      2.5000        3.478     
     29.0625      3.7500        3.444     
     29.0625      5.0000        3.450     
     29.0625      6.2500        3.527     
     29.0625      7.5000        3.811     
     29.0625      8.7500        4.715     
     29.0625     10.0000        5.478     
     29.0625     11.2500        5.722     
     29.0625     12.5000        5.804     
     29.0625     13.7500        5.810     
     29.0625     15.0000        5.781     
     29.0625     16.2500        5.741     
     29.0625     17.5000        0.000     
     29.0625     18.7500        0.000     

