    -30.0000    -20.0000        0.000     
    -30.0000    -18.7500        0.000     
    -30.0000    -17.5000        0.000     
    -30.0000    -16.2500        2.218     
    -30.0000    -15.0000        2.129     
    -30.0000    -13.7500        1.980     
    -30.0000    -12.5000        1.773     
    -30.0000    -11.2500        1.533     
    -30.0000    -10.0000        1.274     
    -30.0000     -8.7500       0.9843     
    -30.0000     -7.5000       0.6813     
    -30.0000     -6.2500       0.4037     
    -30.0000     -5.0000       0.1665     
    -30.0000     -3.7500        6.258     
    -30.0000     -2.5000        6.117     
    -30.0000     -1.2500        6.032     
    -30.0000      0.0000        6.003     
    -30.0000      1.2500        6.032     
    -30.0000      2.5000        6.117     
    -30.0000      3.7500        6.258     
    -30.0000      5.0000       0.1665     
    -30.0000      6.2500       0.4037     
    -30.0000      7.5000       0.6813     
    -30.0000      8.7500       0.9843     
    -30.0000     10.0000        1.274     
    -30.0000     11.2500        1.533     
    -30.0000     12.5000        1.773     
    -30.0000     13.7500        1.980     
    -30.0000     15.0000        2.129     
    -30.0000     16.2500        2.218     
    -30.0000     17.5000        0.000     
    -30.0000     18.7500        0.000     

    -29.0625    -20.0000        0.000     
    -29.0625    -18.7500        0.000     
    -29.0625    -17.5000        0.000     
    -29.0625    -16.2500        3.020     
    -29.0625    -15.0000        2.993     
    -29.0625    -13.7500        2.946     
    -29.0625    -12.5000        2.874     
    -29.0625    -11.2500        2.777     
    -29.0625    -10.0000        2.657     
    -29.0625     -8.7500        0.000     
    -29.0625     -7.5000        5.858     
    -29.0625     -6.2500        5.823     
    -29.0625     -5.0000        5.811     
    -29.0625     -3.7500        5.819     
    -29.0625     -2.5000        5.849     
    -29.0625     -1.2500        5.908     
    -29.0625      0.0000        6.003     
    -29.0625      1.2500        6.147     
    -29.0625      2.5000       0.5137E-001
    -29.0625      3.7500       0.2623     
    -29.0625      5.0000       0.4703     
    -29.0625      6.2500       0.6625     
    -29.0625      7.5000       0.8386     
    -29.0625      8.7500        1.004     
    -29.0625     10.0000        1.155     
    -29.0625     11.2500        1.292     
    -29.0625     12.5000        1.422     
    -29.0625     13.7500        1.543     
    -29.0625     15.0000        1.639     
    -29.0625     16.2500        1.697     
    -29.0625     17.5000        0.000     
    -29.0625     18.7500        0.000     

    -28.1250    -20.0000        0.000     
    -28.1250    -18.7500        0.000     
    -28.1250    -17.5000        0.000     
    -28.1250    -16.2500        3.694     
    -28.1250    -15.0000        3.722     
    -28.1250    -13.7500        3.768     
    -28.1250    -12.5000        3.833     
    -28.1250    -11.2500        3.927     
    -28.1250    -10.0000        4.043     
    -28.1250     -8.7500        4.188     
    -28.1250     -7.5000        4.358     
    -28.1250     -6.2500        4.550     
    -28.1250     -5.0000        4.768     
    -28.1250     -3.7500        5.031     
    -28.1250     -2.5000        5.340     
    -28.1250     -1.2500        5.670     
    -28.1250      0.0000        6.003     
    -28.1250      1.2500       0.4202E-001
    -28.1250      2.5000       0.3177     
    -28.1250      3.7500       0.5305     
    -28.1250      5.0000       0.6902     
    -28.1250      6.2500       0.8156     
    -28.1250      7.5000       0.9195     
    -28.1250      8.7500        1.013     
    -28.1250     10.0000        1.098     
    -28.1250     11.2500        1.173     
    -28.1250     12.5000        1.239     
    -28.1250     13.7500        1.298     
    -28.1250     15.0000        1.342     
    -28.1250     16.2500        1.364     
    -28.1250     17.5000        0.000     
    -28.1250     18.7500        0.000     

    -27.1875    -20.0000        0.000     
    -27.1875    -18.7500        0.000     
    -27.1875    -17.5000        0.000     
    -27.1875    -16.2500        4.096     
    -27.1875    -15.0000        4.112     
    -27.1875    -13.7500        4.128     
    -27.1875    -12.5000        4.142     
    -27.1875    -11.2500        4.156     
    -27.1875    -10.0000        4.162     
    -27.1875     -8.7500        4.167     
    -27.1875     -7.5000        4.175     
    -27.1875     -6.2500        4.186     
    -27.1875     -5.0000        4.203     
    -27.1875     -3.7500        4.239     
    -27.1875     -2.5000        4.321     
    -27.1875     -1.2500        4.565     
    -27.1875      0.0000        6.002     
    -27.1875      1.2500       0.6612     
    -27.1875      2.5000       0.8219     
    -27.1875      3.7500       0.8886     
    -27.1875      5.0000       0.9319     
    -27.1875      6.2500       0.9668     
    -27.1875      7.5000       0.9951     
    -27.1875      8.7500        1.021     
    -27.1875     10.0000        1.046     
    -27.1875     11.2500        1.066     
    -27.1875     12.5000        1.077     
    -27.1875     13.7500        1.084     
    -27.1875     15.0000        1.085     
    -27.1875     16.2500        1.077     
    -27.1875     17.5000        0.000     
    -27.1875     18.7500        0.000     

    -26.2500    -20.0000        0.000     
    -26.2500    -18.7500        0.000     
    -26.2500    -17.5000        0.000     
    -26.2500    -16.2500        4.392     
    -26.2500    -15.0000        4.381     
    -26.2500    -13.7500        4.356     
    -26.2500    -12.5000        4.317     
    -26.2500    -11.2500        4.273     
    -26.2500    -10.0000        4.219     
    -26.2500     -8.7500        4.158     
    -26.2500     -7.5000        4.090     
    -26.2500     -6.2500        4.014     
    -26.2500     -5.0000        3.921     
    -26.2500     -3.7500        3.796     
    -26.2500     -2.5000        3.614     
    -26.2500     -1.2500        3.320     
    -26.2500      0.0000        2.862     
    -26.2500      1.2500        2.305     
    -26.2500      2.5000        1.837     
    -26.2500      3.7500        1.529     
    -26.2500      5.0000        1.340     
    -26.2500      6.2500        1.215     
    -26.2500      7.5000        1.117     
    -26.2500      8.7500        1.035     
    -26.2500     10.0000       0.9656     
    -26.2500     11.2500       0.9053     
    -26.2500     12.5000       0.8477     
    -26.2500     13.7500       0.8002     
    -26.2500     15.0000       0.7631     
    -26.2500     16.2500       0.7343     
    -26.2500     17.5000        0.000     
    -26.2500     18.7500        0.000     

    -25.3125    -20.0000        0.000     
    -25.3125    -18.7500        0.000     
    -25.3125    -17.5000        0.000     
    -25.3125    -16.2500        4.694     
    -25.3125    -15.0000        4.649     
    -25.3125    -13.7500        4.577     
    -25.3125    -12.5000        4.482     
    -25.3125    -11.2500        4.381     
    -25.3125    -10.0000        4.271     
    -25.3125     -8.7500        4.149     
    -25.3125     -7.5000        4.016     
    -25.3125     -6.2500        3.870     
    -25.3125     -5.0000        3.703     
    -25.3125     -3.7500        3.508     
    -25.3125     -2.5000        3.287     
    -25.3125     -1.2500        3.062     
    -25.3125      0.0000        2.861     
    -25.3125      1.2500        2.696     
    -25.3125      2.5000        2.552     
    -25.3125      3.7500        2.408     
    -25.3125      5.0000        2.245     
    -25.3125      6.2500        2.020     
    -25.3125      7.5000        1.651     
    -25.3125      8.7500        1.101     
    -25.3125     10.0000       0.6186     
    -25.3125     11.2500       0.3685     
    -25.3125     12.5000       0.2589     
    -25.3125     13.7500       0.2150     
    -25.3125     15.0000       0.1962     
    -25.3125     16.2500       0.1872     
    -25.3125     17.5000        0.000     
    -25.3125     18.7500        0.000     

    -24.3750    -20.0000        0.000     
    -24.3750    -18.7500        0.000     
    -24.3750    -17.5000        0.000     
    -24.3750    -16.2500        5.117     
    -24.3750    -15.0000        5.035     
    -24.3750    -13.7500        4.905     
    -24.3750    -12.5000        4.734     
    -24.3750    -11.2500        4.547     
    -24.3750    -10.0000        4.351     
    -24.3750     -8.7500        4.136     
    -24.3750     -7.5000        3.906     
    -24.3750     -6.2500        3.675     
    -24.3750     -5.0000        3.450     
    -24.3750     -3.7500        3.240     
    -24.3750     -2.5000        3.063     
    -24.3750     -1.2500        2.934     
    -24.3750      0.0000        2.861     
    -24.3750      1.2500        2.845     
    -24.3750      2.5000        2.881     
    -24.3750      3.7500        2.970     
    -24.3750      5.0000        3.117     
    -24.3750      6.2500        3.338     
    -24.3750      7.5000        3.664     
    -24.3750      8.7500        4.103     
    -24.3750     10.0000        4.550     
    -24.3750     11.2500        4.917     
    -24.3750     12.5000        5.214     
    -24.3750     13.7500        5.436     
    -24.3750     15.0000        5.577     
    -24.3750     16.2500        5.657     
    -24.3750     17.5000        0.000     
    -24.3750     18.7500        0.000     

    -23.4375    -20.0000        0.000     
    -23.4375    -18.7500        0.000     
    -23.4375    -17.5000        0.000     
    -23.4375    -16.2500        5.823     
    -23.4375    -15.0000        5.757     
    -23.4375    -13.7500        5.636     
    -23.4375    -12.5000        5.436     
    -23.4375    -11.2500        5.135     
    -23.4375    -10.0000        4.698     
    -23.4375     -8.7500        4.077     
    -23.4375     -7.5000        3.510     
    -23.4375     -6.2500        3.180     
    -23.4375     -5.0000        2.994     
    -23.4375     -3.7500        2.884     
    -23.4375     -2.5000        2.829     
    -23.4375     -1.2500        2.821     
    -23.4375      0.0000        2.861     
    -23.4375      1.2500        2.957     
    -23.4375      2.5000        3.106     
    -23.4375      3.7500        3.297     
    -23.4375      5.0000        3.509     
    -23.4375      6.2500        3.724     
    -23.4375      7.5000        3.935     
    -23.4375      8.7500        4.140     
    -23.4375     10.0000        4.330     
    -23.4375     11.2500        4.503     
    -23.4375     12.5000        4.668     
    -23.4375     13.7500        4.821     
    -23.4375     15.0000        4.940     
    -23.4375     16.2500        5.014     
    -23.4375     17.5000        0.000     
    -23.4375     18.7500        0.000     

    -22.5000    -20.0000        0.000     
    -22.5000    -18.7500        0.000     
    -22.5000    -17.5000        0.000     
    -22.5000    -16.2500       0.3229     
    -22.5000    -15.0000       0.3420     
    -22.5000    -13.7500       0.3781     
    -22.5000    -12.5000       0.4433     
    -22.5000    -11.2500       0.5647     
    -22.5000    -10.0000       0.7669     
    -22.5000     -8.7500        1.071     
    -22.5000     -7.5000        1.427     
    -22.5000     -6.2500        1.754     
    -22.5000     -5.0000        2.020     
    -22.5000     -3.7500        2.248     
    -22.5000     -2.5000        2.454     
    -22.5000     -1.2500        2.652     
    -22.5000      0.0000        2.861     
    -22.5000      1.2500        3.096     
    -22.5000      2.5000        3.339     
    -22.5000      3.7500        3.561     
    -22.5000      5.0000        3.746     
    -22.5000      6.2500        3.900     
    -22.5000      7.5000        4.032     
    -22.5000      8.7500        4.151     
    -22.5000     10.0000        4.260     
    -22.5000     11.2500        4.357     
    -22.5000     12.5000        4.447     
    -22.5000     13.7500        4.528     
    -22.5000     15.0000        4.592     
    -22.5000     16.2500        4.627     
    -22.5000     17.5000        0.000     
    -22.5000     18.7500        0.000     

    -21.5625    -20.0000        0.000     
    -21.5625    -18.7500        0.000     
    -21.5625    -17.5000        0.000     
    -21.5625    -16.2500       0.8148     
    -21.5625    -15.0000       0.8387     
    -21.5625    -13.7500       0.8701     
    -21.5625    -12.5000       0.9060     
    -21.5625    -11.2500       0.9478     
    -21.5625    -10.0000       0.9872     
    -21.5625     -8.7500        1.031     
    -21.5625     -7.5000        1.083     
    -21.5625     -6.2500        1.148     
    -21.5625     -5.0000        1.232     
    -21.5625     -3.7500        1.368     
    -21.5625     -2.5000        1.620     
    -21.5625     -1.2500        2.114     
    -21.5625      0.0000        2.861     
    -21.5625      1.2500        3.426     
    -21.5625      2.5000        3.710     
    -21.5625      3.7500        3.867     
    -21.5625      5.0000        3.968     
    -21.5625      6.2500        4.044     
    -21.5625      7.5000        4.105     
    -21.5625      8.7500        4.159     
    -21.5625     10.0000        4.209     
    -21.5625     11.2500        4.252     
    -21.5625     12.5000        4.286     
    -21.5625     13.7500        4.313     
    -21.5625     15.0000        4.331     
    -21.5625     16.2500        4.335     
    -21.5625     17.5000        0.000     
    -21.5625     18.7500        0.000     

    -20.6250    -20.0000        0.000     
    -20.6250    -18.7500        0.000     
    -20.6250    -17.5000        0.000     
    -20.6250    -16.2500        1.137     
    -20.6250    -15.0000        1.138     
    -20.6250    -13.7500        1.129     
    -20.6250    -12.5000        1.111     
    -20.6250    -11.2500        1.089     
    -20.6250    -10.0000        1.057     
    -20.6250     -8.7500        1.020     
    -20.6250     -7.5000       0.9785     
    -20.6250     -6.2500       0.9333     
    -20.6250     -5.0000       0.8769     
    -20.6250     -3.7500       0.8021     
    -20.6250     -2.5000       0.6841     
    -20.6250     -1.2500       0.4345     
    -20.6250      0.0000        6.003     
    -20.6250      1.2500        4.965     
    -20.6250      2.5000        4.537     
    -20.6250      3.7500        4.365     
    -20.6250      5.0000        4.282     
    -20.6250      6.2500        4.233     
    -20.6250      7.5000        4.198     
    -20.6250      8.7500        4.170     
    -20.6250     10.0000        4.147     
    -20.6250     11.2500        4.125     
    -20.6250     12.5000        4.098     
    -20.6250     13.7500        4.073     
    -20.6250     15.0000        4.050     
    -20.6250     16.2500        4.028     
    -20.6250     17.5000        0.000     
    -20.6250     18.7500        0.000     

    -19.6875    -20.0000        0.000     
    -19.6875    -18.7500        0.000     
    -19.6875    -17.5000        0.000     
    -19.6875    -16.2500        1.425     
    -19.6875    -15.0000        1.395     
    -19.6875    -13.7500        1.342     
    -19.6875    -12.5000        1.271     
    -19.6875    -11.2500        1.194     
    -19.6875    -10.0000        1.108     
    -19.6875     -8.7500        1.011     
    -19.6875     -7.5000       0.9050     
    -19.6875     -6.2500       0.7872     
    -19.6875     -5.0000       0.6475     
    -19.6875     -3.7500       0.4736     
    -19.6875     -2.5000       0.2546     
    -19.6875     -1.2500        6.277     
    -19.6875      0.0000        6.003     
    -19.6875      1.2500        5.739     
    -19.6875      2.5000        5.479     
    -19.6875      3.7500        5.214     
    -19.6875      5.0000        4.953     
    -19.6875      6.2500        4.696     
    -19.6875      7.5000        4.440     
    -19.6875      8.7500        4.197     
    -19.6875     10.0000        3.991     
    -19.6875     11.2500        3.836     
    -19.6875     12.5000        3.725     
    -19.6875     13.7500        3.655     
    -19.6875     15.0000        3.611     
    -19.6875     16.2500        3.585     
    -19.6875     17.5000        0.000     
    -19.6875     18.7500        0.000     

    -18.7500    -20.0000        0.000     
    -18.7500    -18.7500        0.000     
    -18.7500    -17.5000        0.000     
    -18.7500    -16.2500        1.781     
    -18.7500    -15.0000        1.714     
    -18.7500    -13.7500        1.607     
    -18.7500    -12.5000        1.470     
    -18.7500    -11.2500        1.324     
    -18.7500    -10.0000        1.170     
    -18.7500     -8.7500        1.001     
    -18.7500     -7.5000       0.8175     
    -18.7500     -6.2500       0.6247     
    -18.7500     -5.0000       0.4207     
    -18.7500     -3.7500       0.2094     
    -18.7500     -2.5000       0.7392E-002
    -18.7500     -1.2500        6.122     
    -18.7500      0.0000        6.003     
    -18.7500      1.2500        5.936     
    -18.7500      2.5000        5.913     
    -18.7500      3.7500        5.929     
    -18.7500      5.0000        5.987     
    -18.7500      6.2500        6.107     
    -18.7500      7.5000       0.9027E-001
    -18.7500      8.7500       0.8627     
    -18.7500     10.0000        1.883     
    -18.7500     11.2500        2.330     
    -18.7500     12.5000        2.570     
    -18.7500     13.7500        2.717     
    -18.7500     15.0000        2.804     
    -18.7500     16.2500        2.851     
    -18.7500     17.5000        0.000     
    -18.7500     18.7500        0.000     

    -17.8125    -20.0000        0.000     
    -17.8125    -18.7500        0.000     
    -17.8125    -17.5000        0.000     
    -17.8125    -16.2500        2.360     
    -17.8125    -15.0000        2.273     
    -17.8125    -13.7500        2.123     
    -17.8125    -12.5000        1.903     
    -17.8125    -11.2500        1.632     
    -17.8125    -10.0000        1.326     
    -17.8125     -8.7500       0.9757     
    -17.8125     -7.5000       0.6172     
    -17.8125     -6.2500       0.3139     
    -17.8125     -5.0000       0.7888E-001
    -17.8125     -3.7500        6.188     
    -17.8125     -2.5000        6.071     
    -17.8125     -1.2500        6.010     
    -17.8125      0.0000        6.003     
    -17.8125      1.2500        6.054     
    -17.8125      2.5000        6.162     
    -17.8125      3.7500       0.3879E-001
    -17.8125      5.0000       0.2419     
    -17.8125      6.2500       0.4749     
    -17.8125      7.5000       0.7281     
    -17.8125      8.7500       0.9903     
    -17.8125     10.0000        1.237     
    -17.8125     11.2500        1.461     
    -17.8125     12.5000        1.673     
    -17.8125     13.7500        1.862     
    -17.8125     15.0000        2.003     
    -17.8125     16.2500        2.090     
    -17.8125     17.5000        0.000     
    -17.8125     18.7500        0.000     

    -16.8750    -20.0000        0.000     
    -16.8750    -18.7500        0.000     
    -16.8750    -17.5000        0.000     
    -16.8750    -16.2500        3.181     
    -16.8750    -15.0000        3.173     
    -16.8750    -13.7500        3.164     
    -16.8750    -12.5000        3.162     
    -16.8750    -11.2500        3.206     
    -16.8750    -10.0000        3.432     
    -16.8750     -8.7500        4.340     
    -16.8750     -7.5000        5.215     
    -16.8750     -6.2500        5.488     
    -16.8750     -5.0000        5.608     
    -16.8750     -3.7500        5.693     
    -16.8750     -2.5000        5.777     
    -16.8750     -1.2500        5.875     
    -16.8750      0.0000        6.003     
    -16.8750      1.2500        6.174     
    -16.8750      2.5000       0.9718E-001
    -16.8750      3.7500       0.3144     
    -16.8750      5.0000       0.5169     
    -16.8750      6.2500       0.6967     
    -16.8750      7.5000       0.8572     
    -16.8750      8.7500        1.006     
    -16.8750     10.0000        1.141     
    -16.8750     11.2500        1.264     
    -16.8750     12.5000        1.379     
    -16.8750     13.7500        1.486     
    -16.8750     15.0000        1.571     
    -16.8750     16.2500        1.621     
    -16.8750     17.5000        0.000     
    -16.8750     18.7500        0.000     

    -15.9375    -20.0000        0.000     
    -15.9375    -18.7500        0.000     
    -15.9375    -17.5000        0.000     
    -15.9375    -16.2500        3.790     
    -15.9375    -15.0000        3.819     
    -15.9375    -13.7500        3.862     
    -15.9375    -12.5000        3.919     
    -15.9375    -11.2500        3.995     
    -15.9375    -10.0000        4.080     
    -15.9375     -8.7500        4.181     
    -15.9375     -7.5000        4.301     
    -15.9375     -6.2500        4.441     
    -15.9375     -5.0000        4.612     
    -15.9375     -3.7500        4.847     
    -15.9375     -2.5000        5.173     
    -15.9375     -1.2500        5.578     
    -15.9375      0.0000        6.003     
    -15.9375      1.2500       0.1015     
    -15.9375      2.5000       0.3893     
    -15.9375      3.7500       0.5905     
    -15.9375      5.0000       0.7338     
    -15.9375      6.2500       0.8438     
    -15.9375      7.5000       0.9338     
    -15.9375      8.7500        1.015     
    -15.9375     10.0000        1.088     
    -15.9375     11.2500        1.152     
    -15.9375     12.5000        1.207     
    -15.9375     13.7500        1.256     
    -15.9375     15.0000        1.291     
    -15.9375     16.2500        1.306     
    -15.9375     17.5000        0.000     
    -15.9375     18.7500        0.000     

    -15.0000    -20.0000        0.000     
    -15.0000    -18.7500        0.000     
    -15.0000    -17.5000        0.000     
    -15.0000    -16.2500        4.160     
    -15.0000    -15.0000        4.171     
    -15.0000    -13.7500        4.179     
    -15.0000    -12.5000        4.182     
    -15.0000    -11.2500        4.183     
    -15.0000    -10.0000        4.175     
    -15.0000     -8.7500        4.165     
    -15.0000     -7.5000        4.155     
    -15.0000     -6.2500        4.145     
    -15.0000     -5.0000        4.134     
    -15.0000     -3.7500        4.128     
    -15.0000     -2.5000        4.129     
    -15.0000     -1.2500        4.138     
    -15.0000      0.0000        0.000     
    -15.0000      1.2500       0.9965     
    -15.0000      2.5000       0.9868     
    -15.0000      3.7500       0.9860     
    -15.0000      5.0000       0.9928     
    -15.0000      6.2500        1.004     
    -15.0000      7.5000        1.013     
    -15.0000      8.7500        1.023     
    -15.0000     10.0000        1.034     
    -15.0000     11.2500        1.041     
    -15.0000     12.5000        1.040     
    -15.0000     13.7500        1.037     
    -15.0000     15.0000        1.030     
    -15.0000     16.2500        1.017     
    -15.0000     17.5000        0.000     
    -15.0000     18.7500        0.000     

    -14.0625    -20.0000        0.000     
    -14.0625    -18.7500        0.000     
    -14.0625    -17.5000        0.000     
    -14.0625    -16.2500        4.449     
    -14.0625    -15.0000        4.432     
    -14.0625    -13.7500        4.398     
    -14.0625    -12.5000        4.349     
    -14.0625    -11.2500        4.294     
    -14.0625    -10.0000        4.229     
    -14.0625     -8.7500        4.156     
    -14.0625     -7.5000        4.075     
    -14.0625     -6.2500        3.985     
    -14.0625     -5.0000        3.875     
    -14.0625     -3.7500        3.732     
    -14.0625     -2.5000        3.531     
    -14.0625     -1.2500        3.243     
    -14.0625      0.0000        2.861     
    -14.0625      1.2500        2.436     
    -14.0625      2.5000        2.031     
    -14.0625      3.7500        1.705     
    -14.0625      5.0000        1.471     
    -14.0625      6.2500        1.299     
    -14.0625      7.5000        1.159     
    -14.0625      8.7500        1.040     
    -14.0625     10.0000       0.9381     
    -14.0625     11.2500       0.8529     
    -14.0625     12.5000       0.7778     
    -14.0625     13.7500       0.7200     
    -14.0625     15.0000       0.6777     
    -14.0625     16.2500       0.6474     
    -14.0625     17.5000        0.000     
    -14.0625     18.7500        0.000     

    -13.1250    -20.0000        0.000     
    -13.1250    -18.7500        0.000     
    -13.1250    -17.5000        0.000     
    -13.1250    -16.2500        4.764     
    -13.1250    -15.0000        4.712     
    -13.1250    -13.7500        4.628     
    -13.1250    -12.5000        4.521     
    -13.1250    -11.2500        4.406     
    -13.1250    -10.0000        4.283     
    -13.1250     -8.7500        4.147     
    -13.1250     -7.5000        3.999     
    -13.1250     -6.2500        3.838     
    -13.1250     -5.0000        3.659     
    -13.1250     -3.7500        3.456     
    -13.1250     -2.5000        3.239     
    -13.1250     -1.2500        3.032     
    -13.1250      0.0000        2.861     
    -13.1250      1.2500        2.734     
    -13.1250      2.5000        2.636     
    -13.1250      3.7500        2.551     
    -13.1250      5.0000        2.466     
    -13.1250      6.2500        2.346     
    -13.1250      7.5000        2.074     
    -13.1250      8.7500        1.197     
    -13.1250     10.0000       0.2900     
    -13.1250     11.2500       0.6445E-001
    -13.1250     12.5000       0.2033E-001
    -13.1250     13.7500       0.2251E-001
    -13.1250     15.0000       0.3148E-001
    -13.1250     16.2500       0.3846E-001
    -13.1250     17.5000        0.000     
    -13.1250     18.7500        0.000     

    -12.1875    -20.0000        0.000     
    -12.1875    -18.7500        0.000     
    -12.1875    -17.5000        0.000     
    -12.1875    -16.2500        5.231     
    -12.1875    -15.0000        5.145     
    -12.1875    -13.7500        5.003     
    -12.1875    -12.5000        4.814     
    -12.1875    -11.2500        4.603     
    -12.1875    -10.0000        4.379     
    -12.1875     -8.7500        4.132     
    -12.1875     -7.5000        3.870     
    -12.1875     -6.2500        3.616     
    -12.1875     -5.0000        3.384     
    -12.1875     -3.7500        3.180     
    -12.1875     -2.5000        3.020     
    -12.1875     -1.2500        2.912     
    -12.1875      0.0000        2.861     
    -12.1875      1.2500        2.868     
    -12.1875      2.5000        2.930     
    -12.1875      3.7500        3.047     
    -12.1875      5.0000        3.221     
    -12.1875      6.2500        3.455     
    -12.1875      7.5000        3.759     
    -12.1875      8.7500        4.117     
    -12.1875     10.0000        4.468     
    -12.1875     11.2500        4.774     
    -12.1875     12.5000        5.044     
    -12.1875     13.7500        5.264     
    -12.1875     15.0000        5.415     
    -12.1875     16.2500        5.502     
    -12.1875     17.5000        0.000     
    -12.1875     18.7500        0.000     

    -11.2500    -20.0000        0.000     
    -11.2500    -18.7500        0.000     
    -11.2500    -17.5000        0.000     
    -11.2500    -16.2500        5.993     
    -11.2500    -15.0000        5.945     
    -11.2500    -13.7500        5.858     
    -11.2500    -12.5000        5.711     
    -11.2500    -11.2500        5.471     
    -11.2500    -10.0000        5.025     
    -11.2500     -8.7500        4.004     
    -11.2500     -7.5000        3.232     
    -11.2500     -6.2500        2.965     
    -11.2500     -5.0000        2.845     
    -11.2500     -3.7500        2.787     
    -11.2500     -2.5000        2.772     
    -11.2500     -1.2500        2.795     
    -11.2500      0.0000        2.861     
    -11.2500      1.2500        2.980     
    -11.2500      2.5000        3.149     
    -11.2500      3.7500        3.351     
    -11.2500      5.0000        3.562     
    -11.2500      6.2500        3.766     
    -11.2500      7.5000        3.959     
    -11.2500      8.7500        4.143     
    -11.2500     10.0000        4.312     
    -11.2500     11.2500        4.466     
    -11.2500     12.5000        4.612     
    -11.2500     13.7500        4.748     
    -11.2500     15.0000        4.856     
    -11.2500     16.2500        4.922     
    -11.2500     17.5000        0.000     
    -11.2500     18.7500        0.000     

    -10.3125    -20.0000        0.000     
    -10.3125    -18.7500        0.000     
    -10.3125    -17.5000        0.000     
    -10.3125    -16.2500       0.4440     
    -10.3125    -15.0000       0.4695     
    -10.3125    -13.7500       0.5135     
    -10.3125    -12.5000       0.5836     
    -10.3125    -11.2500       0.6946     
    -10.3125    -10.0000       0.8490     
    -10.3125     -8.7500        1.055     
    -10.3125     -7.5000        1.298     
    -10.3125     -6.2500        1.555     
    -10.3125     -5.0000        1.811     
    -10.3125     -3.7500        2.073     
    -10.3125     -2.5000        2.338     
    -10.3125     -1.2500        2.598     
    -10.3125      0.0000        2.861     
    -10.3125      1.2500        3.136     
    -10.3125      2.5000        3.396     
    -10.3125      3.7500        3.615     
    -10.3125      5.0000        3.789     
    -10.3125      6.2500        3.929     
    -10.3125      7.5000        4.047     
    -10.3125      8.7500        4.153     
    -10.3125     10.0000        4.249     
    -10.3125     11.2500        4.335     
    -10.3125     12.5000        4.413     
    -10.3125     13.7500        4.483     
    -10.3125     15.0000        4.537     
    -10.3125     16.2500        4.565     
    -10.3125     17.5000        0.000     
    -10.3125     18.7500        0.000     

     -9.3750    -20.0000        0.000     
     -9.3750    -18.7500        0.000     
     -9.3750    -17.5000        0.000     
     -9.3750    -16.2500       0.8874     
     -9.3750    -15.0000       0.9075     
     -9.3750    -13.7500       0.9315     
     -9.3750    -12.5000       0.9562     
     -9.3750    -11.2500       0.9834     
     -9.3750    -10.0000        1.005     
     -9.3750     -8.7500        1.028     
     -9.3750     -7.5000        1.056     
     -9.3750     -6.2500        1.092     
     -9.3750     -5.0000        1.140     
     -9.3750     -3.7500        1.224     
     -9.3750     -2.5000        1.395     
     -9.3750     -1.2500        1.824     
     -9.3750      0.0000        2.861     
     -9.3750      1.2500        3.577     
     -9.3750      2.5000        3.825     
     -9.3750      3.7500        3.944     
     -9.3750      5.0000        4.018     
     -9.3750      6.2500        4.075     
     -9.3750      7.5000        4.120     
     -9.3750      8.7500        4.161     
     -9.3750     10.0000        4.199     
     -9.3750     11.2500        4.230     
     -9.3750     12.5000        4.253     
     -9.3750     13.7500        4.270     
     -9.3750     15.0000        4.280     
     -9.3750     16.2500        4.277     
     -9.3750     17.5000        0.000     
     -9.3750     18.7500        0.000     

     -8.4375    -20.0000        0.000     
     -8.4375    -18.7500        0.000     
     -8.4375    -17.5000        0.000     
     -8.4375    -16.2500        1.194     
     -8.4375    -15.0000        1.189     
     -8.4375    -13.7500        1.172     
     -8.4375    -12.5000        1.144     
     -8.4375    -11.2500        1.111     
     -8.4375    -10.0000        1.068     
     -8.4375     -8.7500        1.018     
     -8.4375     -7.5000       0.9631     
     -8.4375     -6.2500       0.9020     
     -8.4375     -5.0000       0.8263     
     -8.4375     -3.7500       0.7248     
     -8.4375     -2.5000       0.5689     
     -8.4375     -1.2500       0.2836     
     -8.4375      0.0000        6.003     
     -8.4375      1.2500        5.255     
     -8.4375      2.5000        4.762     
     -8.4375      3.7500        4.509     
     -8.4375      5.0000        4.373     
     -8.4375      6.2500        4.289     
     -8.4375      7.5000        4.225     
     -8.4375      8.7500        4.173     
     -8.4375     10.0000        4.129     
     -8.4375     11.2500        4.089     
     -8.4375     12.5000        4.048     
     -8.4375     13.7500        4.011     
     -8.4375     15.0000        3.981     
     -8.4375     16.2500        3.955     
     -8.4375     17.5000        0.000     
     -8.4375     18.7500        0.000     

     -7.5000    -20.0000        0.000     
     -7.5000    -18.7500        0.000     
     -7.5000    -17.5000        0.000     
     -7.5000    -16.2500        1.487     
     -7.5000    -15.0000        1.450     
     -7.5000    -13.7500        1.387     
     -7.5000    -12.5000        1.305     
     -7.5000    -11.2500        1.216     
     -7.5000    -10.0000        1.118     
     -7.5000     -8.7500        1.010     
     -7.5000     -7.5000       0.8900     
     -7.5000     -6.2500       0.7584     
     -7.5000     -5.0000       0.6048     
     -7.5000     -3.7500       0.4192     
     -7.5000     -2.5000       0.1978     
     -7.5000     -1.2500        6.238     
     -7.5000      0.0000        6.003     
     -7.5000      1.2500        5.794     
     -7.5000      2.5000        5.596     
     -7.5000      3.7500        5.389     
     -7.5000      5.0000        5.162     
     -7.5000      6.2500        4.895     
     -7.5000      7.5000        4.568     
     -7.5000      8.7500        4.212     
     -7.5000     10.0000        3.909     
     -7.5000     11.2500        3.706     
     -7.5000     12.5000        3.585     
     -7.5000     13.7500        3.520     
     -7.5000     15.0000        3.484     
     -7.5000     16.2500        3.464     
     -7.5000     17.5000        0.000     
     -7.5000     18.7500        0.000     

     -6.5625    -20.0000        0.000     
     -6.5625    -18.7500        0.000     
     -6.5625    -17.5000        0.000     
     -6.5625    -16.2500        1.873     
     -6.5625    -15.0000        1.798     
     -6.5625    -13.7500        1.679     
     -6.5625    -12.5000        1.526     
     -6.5625    -11.2500        1.361     
     -6.5625    -10.0000        1.188     
     -6.5625     -8.7500       0.9983     
     -6.5625     -7.5000       0.7932     
     -6.5625     -6.2500       0.5822     
     -6.5625     -5.0000       0.3671     
     -6.5625     -3.7500       0.1551     
     -6.5625     -2.5000        6.247     
     -6.5625     -1.2500        6.098     
     -6.5625      0.0000        6.003     
     -6.5625      1.2500        5.962     
     -6.5625      2.5000        5.971     
     -6.5625      3.7500        6.026     
     -6.5625      5.0000        6.135     
     -6.5625      6.2500       0.3869E-001
     -6.5625      7.5000       0.3689     
     -6.5625      8.7500       0.9355     
     -6.5625     10.0000        1.556     
     -6.5625     11.2500        1.993     
     -6.5625     12.5000        2.294     
     -6.5625     13.7500        2.494     
     -6.5625     15.0000        2.615     
     -6.5625     16.2500        2.681     
     -6.5625     17.5000        0.000     
     -6.5625     18.7500        0.000     

     -5.6250    -20.0000        0.000     
     -5.6250    -18.7500        0.000     
     -5.6250    -17.5000        0.000     
     -5.6250    -16.2500        2.516     
     -5.6250    -15.0000        2.436     
     -5.6250    -13.7500        2.294     
     -5.6250    -12.5000        2.073     
     -5.6250    -11.2500        1.775     
     -5.6250    -10.0000        1.408     
     -5.6250     -8.7500       0.9619     
     -5.6250     -7.5000       0.5225     
     -5.6250     -6.2500       0.1966     
     -5.6250     -5.0000        6.259     
     -5.6250     -3.7500        6.111     
     -5.6250     -2.5000        6.023     
     -5.6250     -1.2500        5.987     
     -5.6250      0.0000        6.003     
     -5.6250      1.2500        6.076     
     -5.6250      2.5000        6.205     
     -5.6250      3.7500       0.9860E-001
     -5.6250      5.0000       0.3080     
     -5.6250      6.2500       0.5331     
     -5.6250      7.5000       0.7641     
     -5.6250      8.7500       0.9947     
     -5.6250     10.0000        1.210     
     -5.6250     11.2500        1.406     
     -5.6250     12.5000        1.592     
     -5.6250     13.7500        1.763     
     -5.6250     15.0000        1.894     
     -5.6250     16.2500        1.975     
     -5.6250     17.5000        0.000     
     -5.6250     18.7500        0.000     

     -4.6875    -20.0000        0.000     
     -4.6875    -18.7500        0.000     
     -4.6875    -17.5000        0.000     
     -4.6875    -16.2500        3.329     
     -4.6875    -15.0000        3.338     
     -4.6875    -13.7500        3.357     
     -4.6875    -12.5000        3.401     
     -4.6875    -11.2500        3.510     
     -4.6875    -10.0000        3.760     
     -4.6875     -8.7500        4.243     
     -4.6875     -7.5000        4.792     
     -4.6875     -6.2500        5.162     
     -4.6875     -5.0000        5.386     
     -4.6875     -3.7500        5.550     
     -4.6875     -2.5000        5.694     
     -4.6875     -1.2500        5.838     
     -4.6875      0.0000        6.003     
     -4.6875      1.2500        6.204     
     -4.6875      2.5000       0.1456     
     -4.6875      3.7500       0.3665     
     -4.6875      5.0000       0.5614     
     -4.6875      6.2500       0.7284     
     -4.6875      7.5000       0.8742     
     -4.6875      8.7500        1.008     
     -4.6875     10.0000        1.129     
     -4.6875     11.2500        1.239     
     -4.6875     12.5000        1.341     
     -4.6875     13.7500        1.435     
     -4.6875     15.0000        1.508     
     -4.6875     16.2500        1.551     
     -4.6875     17.5000        0.000     
     -4.6875     18.7500        0.000     

     -3.7500    -20.0000        0.000     
     -3.7500    -18.7500        0.000     
     -3.7500    -17.5000        0.000     
     -3.7500    -16.2500        3.877     
     -3.7500    -15.0000        3.904     
     -3.7500    -13.7500        3.942     
     -3.7500    -12.5000        3.989     
     -3.7500    -11.2500        4.047     
     -3.7500    -10.0000        4.107     
     -3.7500     -8.7500        4.177     
     -3.7500     -7.5000        4.258     
     -3.7500     -6.2500        4.357     
     -3.7500     -5.0000        4.482     
     -3.7500     -3.7500        4.671     
     -3.7500     -2.5000        4.978     
     -3.7500     -1.2500        5.447     
     -3.7500      0.0000        6.003     
     -3.7500      1.2500       0.1788     
     -3.7500      2.5000       0.4719     
     -3.7500      3.7500       0.6549     
     -3.7500      5.0000       0.7789     
     -3.7500      6.2500       0.8724     
     -3.7500      7.5000       0.9483     
     -3.7500      8.7500        1.016     
     -3.7500     10.0000        1.078     
     -3.7500     11.2500        1.131     
     -3.7500     12.5000        1.176     
     -3.7500     13.7500        1.214     
     -3.7500     15.0000        1.240     
     -3.7500     16.2500        1.250     
     -3.7500     17.5000        0.000     
     -3.7500     18.7500        0.000     

     -2.8125    -20.0000        0.000     
     -2.8125    -18.7500        0.000     
     -2.8125    -17.5000        0.000     
     -2.8125    -16.2500        4.220     
     -2.8125    -15.0000        4.226     
     -2.8125    -13.7500        4.226     
     -2.8125    -12.5000        4.218     
     -2.8125    -11.2500        4.208     
     -2.8125    -10.0000        4.187     
     -2.8125     -8.7500        4.163     
     -2.8125     -7.5000        4.137     
     -2.8125     -6.2500        4.108     
     -2.8125     -5.0000        4.074     
     -2.8125     -3.7500        4.030     
     -2.8125     -2.5000        3.964     
     -2.8125     -1.2500        3.802     
     -2.8125      0.0000        2.862     
     -2.8125      1.2500        1.423     
     -2.8125      2.5000        1.180     
     -2.8125      3.7500        1.097     
     -2.8125      5.0000        1.061     
     -2.8125      6.2500        1.045     
     -2.8125      7.5000        1.033     
     -2.8125      8.7500        1.026     
     -2.8125     10.0000        1.021     
     -2.8125     11.2500        1.014     
     -2.8125     12.5000        1.001     
     -2.8125     13.7500       0.9865     
     -2.8125     15.0000       0.9711     
     -2.8125     16.2500       0.9534     
     -2.8125     17.5000        0.000     
     -2.8125     18.7500        0.000     

     -1.8750    -20.0000        0.000     
     -1.8750    -18.7500        0.000     
     -1.8750    -17.5000        0.000     
     -1.8750    -16.2500        4.507     
     -1.8750    -15.0000        4.483     
     -1.8750    -13.7500        4.440     
     -1.8750    -12.5000        4.380     
     -1.8750    -11.2500        4.314     
     -1.8750    -10.0000        4.239     
     -1.8750     -8.7500        4.155     
     -1.8750     -7.5000        4.061     
     -1.8750     -6.2500        3.957     
     -1.8750     -5.0000        3.832     
     -1.8750     -3.7500        3.672     
     -1.8750     -2.5000        3.459     
     -1.8750     -1.2500        3.183     
     -1.8750      0.0000        2.861     
     -1.8750      1.2500        2.528     
     -1.8750      2.5000        2.198     
     -1.8750      3.7500        1.889     
     -1.8750      5.0000        1.627     
     -1.8750      6.2500        1.408     
     -1.8750      7.5000        1.216     
     -1.8750      8.7500        1.046     
     -1.8750     10.0000       0.9014     
     -1.8750     11.2500       0.7854     
     -1.8750     12.5000       0.6921     
     -1.8750     13.7500       0.6257     
     -1.8750     15.0000       0.5808     
     -1.8750     16.2500       0.5508     
     -1.8750     17.5000        0.000     
     -1.8750     18.7500        0.000     

     -0.9375    -20.0000        0.000     
     -0.9375    -18.7500        0.000     
     -0.9375    -17.5000        0.000     
     -0.9375    -16.2500        4.839     
     -0.9375    -15.0000        4.780     
     -0.9375    -13.7500        4.685     
     -0.9375    -12.5000        4.564     
     -0.9375    -11.2500        4.434     
     -0.9375    -10.0000        4.296     
     -0.9375     -8.7500        4.145     
     -0.9375     -7.5000        3.980     
     -0.9375     -6.2500        3.804     
     -0.9375     -5.0000        3.612     
     -0.9375     -3.7500        3.404     
     -0.9375     -2.5000        3.193     
     -0.9375     -1.2500        3.005     
     -0.9375      0.0000        2.861     
     -0.9375      1.2500        2.766     
     -0.9375      2.5000        2.708     
     -0.9375      3.7500        2.677     
     -0.9375      5.0000        2.669     
     -0.9375      6.2500        2.681     
     -0.9375      7.5000        2.717     
     -0.9375      8.7500        0.000     
     -0.9375     10.0000        5.798     
     -0.9375     11.2500        5.919     
     -0.9375     12.5000        6.016     
     -0.9375     13.7500        6.088     
     -0.9375     15.0000        6.134     
     -0.9375     16.2500        6.161     
     -0.9375     17.5000        0.000     
     -0.9375     18.7500        0.000     

      0.0000    -20.0000        0.000     
      0.0000    -18.7500        0.000     
      0.0000    -17.5000        0.000     
      0.0000    -16.2500        5.359     
      0.0000    -15.0000        5.271     
      0.0000    -13.7500        5.122     
      0.0000    -12.5000        4.915     
      0.0000    -11.2500        4.675     
      0.0000    -10.0000        4.415     
      0.0000     -8.7500        4.126     
      0.0000     -7.5000        3.823     
      0.0000     -6.2500        3.545     
      0.0000     -5.0000        3.308     
      0.0000     -3.7500        3.116     
      0.0000     -2.5000        2.976     
      0.0000     -1.2500        2.890     
      0.0000      0.0000        2.861     
      0.0000      1.2500        2.890     
      0.0000      2.5000        2.976     
      0.0000      3.7500        3.116     
      0.0000      5.0000        3.308     
      0.0000      6.2500        3.545     
      0.0000      7.5000        3.823     
      0.0000      8.7500        4.126     
      0.0000     10.0000        4.415     
      0.0000     11.2500        4.675     
      0.0000     12.5000        4.915     
      0.0000     13.7500        5.122     
      0.0000     15.0000        5.271     
      0.0000     16.2500        5.359     
      0.0000     17.5000        0.000     
      0.0000     18.7500        0.000     

      0.9375    -20.0000        0.000     
      0.9375    -18.7500        0.000     
      0.9375    -17.5000        0.000     
      0.9375    -16.2500        6.161     
      0.9375    -15.0000        6.134     
      0.9375    -13.7500        6.088     
      0.9375    -12.5000        6.016     
      0.9375    -11.2500        5.919     
      0.9375    -10.0000        5.799     
      0.9375     -8.7500        0.000     
      0.9375     -7.5000        2.716     
      0.9375     -6.2500        2.681     
      0.9375     -5.0000        2.669     
      0.9375     -3.7500        2.677     
      0.9375     -2.5000        2.708     
      0.9375     -1.2500        2.766     
      0.9375      0.0000        2.861     
      0.9375      1.2500        3.005     
      0.9375      2.5000        3.193     
      0.9375      3.7500        3.404     
      0.9375      5.0000        3.612     
      0.9375      6.2500        3.804     
      0.9375      7.5000        3.980     
      0.9375      8.7500        4.145     
      0.9375     10.0000        4.296     
      0.9375     11.2500        4.434     
      0.9375     12.5000        4.564     
      0.9375     13.7500        4.685     
      0.9375     15.0000        4.780     
      0.9375     16.2500        4.839     
      0.9375     17.5000        0.000     
      0.9375     18.7500        0.000     

      1.8750    -20.0000        0.000     
      1.8750    -18.7500        0.000     
      1.8750    -17.5000        0.000     
      1.8750    -16.2500       0.5521     
      1.8750    -15.0000       0.5804     
      1.8750    -13.7500       0.6259     
      1.8750    -12.5000       0.6919     
      1.8750    -11.2500       0.7856     
      1.8750    -10.0000       0.9013     
      1.8750     -8.7500        1.046     
      1.8750     -7.5000        1.216     
      1.8750     -6.2500        1.409     
      1.8750     -5.0000        1.626     
      1.8750     -3.7500        1.889     
      1.8750     -2.5000        2.198     
      1.8750     -1.2500        2.529     
      1.8750      0.0000        2.861     
      1.8750      1.2500        3.184     
      1.8750      2.5000        3.459     
      1.8750      3.7500        3.672     
      1.8750      5.0000        3.832     
      1.8750      6.2500        3.957     
      1.8750      7.5000        4.061     
      1.8750      8.7500        4.155     
      1.8750     10.0000        4.239     
      1.8750     11.2500        4.314     
      1.8750     12.5000        4.380     
      1.8750     13.7500        4.440     
      1.8750     15.0000        4.484     
      1.8750     16.2500        4.506     
      1.8750     17.5000        0.000     
      1.8750     18.7500        0.000     

      2.8125    -20.0000        0.000     
      2.8125    -18.7500        0.000     
      2.8125    -17.5000        0.000     
      2.8125    -16.2500       0.9548     
      2.8125    -15.0000       0.9705     
      2.8125    -13.7500       0.9868     
      2.8125    -12.5000        1.000     
      2.8125    -11.2500        1.014     
      2.8125    -10.0000        1.020     
      2.8125     -8.7500        1.026     
      2.8125     -7.5000        1.033     
      2.8125     -6.2500        1.045     
      2.8125     -5.0000        1.061     
      2.8125     -3.7500        1.097     
      2.8125     -2.5000        1.180     
      2.8125     -1.2500        1.423     
      2.8125      0.0000        2.860     
      2.8125      1.2500        3.803     
      2.8125      2.5000        3.963     
      2.8125      3.7500        4.030     
      2.8125      5.0000        4.074     
      2.8125      6.2500        4.108     
      2.8125      7.5000        4.137     
      2.8125      8.7500        4.163     
      2.8125     10.0000        4.188     
      2.8125     11.2500        4.207     
      2.8125     12.5000        4.219     
      2.8125     13.7500        4.226     
      2.8125     15.0000        4.227     
      2.8125     16.2500        4.219     
      2.8125     17.5000        0.000     
      2.8125     18.7500        0.000     

      3.7500    -20.0000        0.000     
      3.7500    -18.7500        0.000     
      3.7500    -17.5000        0.000     
      3.7500    -16.2500        1.251     
      3.7500    -15.0000        1.240     
      3.7500    -13.7500        1.214     
      3.7500    -12.5000        1.176     
      3.7500    -11.2500        1.132     
      3.7500    -10.0000        1.078     
      3.7500     -8.7500        1.016     
      3.7500     -7.5000       0.9483     
      3.7500     -6.2500       0.8724     
      3.7500     -5.0000       0.7789     
      3.7500     -3.7500       0.6548     
      3.7500     -2.5000       0.4721     
      3.7500     -1.2500       0.1785     
      3.7500      0.0000        6.003     
      3.7500      1.2500        5.447     
      3.7500      2.5000        4.978     
      3.7500      3.7500        4.671     
      3.7500      5.0000        4.482     
      3.7500      6.2500        4.357     
      3.7500      7.5000        4.258     
      3.7500      8.7500        4.177     
      3.7500     10.0000        4.107     
      3.7500     11.2500        4.047     
      3.7500     12.5000        3.989     
      3.7500     13.7500        3.942     
      3.7500     15.0000        3.905     
      3.7500     16.2500        3.876     
      3.7500     17.5000        0.000     
      3.7500     18.7500        0.000     

      4.6875    -20.0000        0.000     
      4.6875    -18.7500        0.000     
      4.6875    -17.5000        0.000     
      4.6875    -16.2500        1.552     
      4.6875    -15.0000        1.508     
      4.6875    -13.7500        1.435     
      4.6875    -12.5000        1.341     
      4.6875    -11.2500        1.239     
      4.6875    -10.0000        1.129     
      4.6875     -8.7500        1.008     
      4.6875     -7.5000       0.8742     
      4.6875     -6.2500       0.7284     
      4.6875     -5.0000       0.5615     
      4.6875     -3.7500       0.3664     
      4.6875     -2.5000       0.1457     
      4.6875     -1.2500        6.204     
      4.6875      0.0000        6.003     
      4.6875      1.2500        5.838     
      4.6875      2.5000        5.694     
      4.6875      3.7500        5.550     
      4.6875      5.0000        5.386     
      4.6875      6.2500        5.162     
      4.6875      7.5000        4.793     
      4.6875      8.7500        4.243     
      4.6875     10.0000        3.760     
      4.6875     11.2500        3.510     
      4.6875     12.5000        3.401     
      4.6875     13.7500        3.357     
      4.6875     15.0000        3.338     
      4.6875     16.2500        3.329     
      4.6875     17.5000        0.000     
      4.6875     18.7500        0.000     

      5.6250    -20.0000        0.000     
      5.6250    -18.7500        0.000     
      5.6250    -17.5000        0.000     
      5.6250    -16.2500        1.975     
      5.6250    -15.0000        1.894     
      5.6250    -13.7500        1.763     
      5.6250    -12.5000        1.592     
      5.6250    -11.2500        1.406     
      5.6250    -10.0000        1.210     
      5.6250     -8.7500       0.9947     
      5.6250     -7.5000       0.7641     
      5.6250     -6.2500       0.5331     
      5.6250     -5.0000       0.3081     
      5.6250     -3.7500       0.9856E-001
      5.6250     -2.5000        6.205     
      5.6250     -1.2500        6.076     
      5.6250      0.0000        6.003     
      5.6250      1.2500        5.987     
      5.6250      2.5000        6.023     
      5.6250      3.7500        6.111     
      5.6250      5.0000        6.259     
      5.6250      6.2500       0.1966     
      5.6250      7.5000       0.5226     
      5.6250      8.7500       0.9619     
      5.6250     10.0000        1.408     
      5.6250     11.2500        1.775     
      5.6250     12.5000        2.073     
      5.6250     13.7500        2.294     
      5.6250     15.0000        2.436     
      5.6250     16.2500        2.516     
      5.6250     17.5000        0.000     
      5.6250     18.7500        0.000     

      6.5625    -20.0000        0.000     
      6.5625    -18.7500        0.000     
      6.5625    -17.5000        0.000     
      6.5625    -16.2500        2.681     
      6.5625    -15.0000        2.615     
      6.5625    -13.7500        2.494     
      6.5625    -12.5000        2.295     
      6.5625    -11.2500        1.993     
      6.5625    -10.0000        1.556     
      6.5625     -8.7500       0.9355     
      6.5625     -7.5000       0.3688     
      6.5625     -6.2500       0.3881E-001
      6.5625     -5.0000        6.135     
      6.5625     -3.7500        6.026     
      6.5625     -2.5000        5.970     
      6.5625     -1.2500        5.962     
      6.5625      0.0000        6.003     
      6.5625      1.2500        6.098     
      6.5625      2.5000        6.247     
      6.5625      3.7500       0.1552     
      6.5625      5.0000       0.3671     
      6.5625      6.2500       0.5822     
      6.5625      7.5000       0.7932     
      6.5625      8.7500       0.9983     
      6.5625     10.0000        1.188     
      6.5625     11.2500        1.361     
      6.5625     12.5000        1.526     
      6.5625     13.7500        1.679     
      6.5625     15.0000        1.798     
      6.5625     16.2500        1.872     
      6.5625     17.5000        0.000     
      6.5625     18.7500        0.000     

      7.5000    -20.0000        0.000     
      7.5000    -18.7500        0.000     
      7.5000    -17.5000        0.000     
      7.5000    -16.2500        3.465     
      7.5000    -15.0000        3.484     
      7.5000    -13.7500        3.520     
      7.5000    -12.5000        3.585     
      7.5000    -11.2500        3.706     
      7.5000    -10.0000        3.908     
      7.5000     -8.7500        4.212     
      7.5000     -7.5000        4.568     
      7.5000     -6.2500        4.895     
      7.5000     -5.0000        5.162     
      7.5000     -3.7500        5.389     
      7.5000     -2.5000        5.596     
      7.5000     -1.2500        5.794     
      7.5000      0.0000        6.003     
      7.5000      1.2500        6.238     
      7.5000      2.5000       0.1976     
      7.5000      3.7500       0.4194     
      7.5000      5.0000       0.6047     
      7.5000      6.2500       0.7584     
      7.5000      7.5000       0.8900     
      7.5000      8.7500        1.010     
      7.5000     10.0000        1.118     
      7.5000     11.2500        1.216     
      7.5000     12.5000        1.305     
      7.5000     13.7500        1.387     
      7.5000     15.0000        1.450     
      7.5000     16.2500        1.486     
      7.5000     17.5000        0.000     
      7.5000     18.7500        0.000     

      8.4375    -20.0000        0.000     
      8.4375    -18.7500        0.000     
      8.4375    -17.5000        0.000     
      8.4375    -16.2500        3.956     
      8.4375    -15.0000        3.980     
      8.4375    -13.7500        4.012     
      8.4375    -12.5000        4.048     
      8.4375    -11.2500        4.089     
      8.4375    -10.0000        4.129     
      8.4375     -8.7500        4.173     
      8.4375     -7.5000        4.225     
      8.4375     -6.2500        4.289     
      8.4375     -5.0000        4.373     
      8.4375     -3.7500        4.509     
      8.4375     -2.5000        4.762     
      8.4375     -1.2500        5.255     
      8.4375      0.0000        6.003     
      8.4375      1.2500       0.2841     
      8.4375      2.5000       0.5687     
      8.4375      3.7500       0.7250     
      8.4375      5.0000       0.8262     
      8.4375      6.2500       0.9021     
      8.4375      7.5000       0.9631     
      8.4375      8.7500        1.018     
      8.4375     10.0000        1.068     
      8.4375     11.2500        1.110     
      8.4375     12.5000        1.144     
      8.4375     13.7500        1.172     
      8.4375     15.0000        1.189     
      8.4375     16.2500        1.193     
      8.4375     17.5000        0.000     
      8.4375     18.7500        0.000     

      9.3750    -20.0000        0.000     
      9.3750    -18.7500        0.000     
      9.3750    -17.5000        0.000     
      9.3750    -16.2500        4.279     
      9.3750    -15.0000        4.279     
      9.3750    -13.7500        4.271     
      9.3750    -12.5000        4.253     
      9.3750    -11.2500        4.230     
      9.3750    -10.0000        4.199     
      9.3750     -8.7500        4.161     
      9.3750     -7.5000        4.120     
      9.3750     -6.2500        4.075     
      9.3750     -5.0000        4.019     
      9.3750     -3.7500        3.944     
      9.3750     -2.5000        3.826     
      9.3750     -1.2500        3.576     
      9.3750      0.0000        2.862     
      9.3750      1.2500        1.823     
      9.3750      2.5000        1.395     
      9.3750      3.7500        1.224     
      9.3750      5.0000        1.140     
      9.3750      6.2500        1.092     
      9.3750      7.5000        1.056     
      9.3750      8.7500        1.028     
      9.3750     10.0000        1.005     
      9.3750     11.2500       0.9832     
      9.3750     12.5000       0.9564     
      9.3750     13.7500       0.9312     
      9.3750     15.0000       0.9080     
      9.3750     16.2500       0.8859     
      9.3750     17.5000        0.000     
      9.3750     18.7500        0.000     

     10.3125    -20.0000        0.000     
     10.3125    -18.7500        0.000     
     10.3125    -17.5000        0.000     
     10.3125    -16.2500        4.566     
     10.3125    -15.0000        4.536     
     10.3125    -13.7500        4.483     
     10.3125    -12.5000        4.413     
     10.3125    -11.2500        4.336     
     10.3125    -10.0000        4.249     
     10.3125     -8.7500        4.153     
     10.3125     -7.5000        4.047     
     10.3125     -6.2500        3.929     
     10.3125     -5.0000        3.789     
     10.3125     -3.7500        3.615     
     10.3125     -2.5000        3.396     
     10.3125     -1.2500        3.136     
     10.3125      0.0000        2.861     
     10.3125      1.2500        2.598     
     10.3125      2.5000        2.338     
     10.3125      3.7500        2.073     
     10.3125      5.0000        1.811     
     10.3125      6.2500        1.554     
     10.3125      7.5000        1.298     
     10.3125      8.7500        1.055     
     10.3125     10.0000       0.8491     
     10.3125     11.2500       0.6945     
     10.3125     12.5000       0.5837     
     10.3125     13.7500       0.5133     
     10.3125     15.0000       0.4698     
     10.3125     16.2500       0.4429     
     10.3125     17.5000        0.000     
     10.3125     18.7500        0.000     

     11.2500    -20.0000        0.000     
     11.2500    -18.7500        0.000     
     11.2500    -17.5000        0.000     
     11.2500    -16.2500        4.922     
     11.2500    -15.0000        4.855     
     11.2500    -13.7500        4.749     
     11.2500    -12.5000        4.612     
     11.2500    -11.2500        4.466     
     11.2500    -10.0000        4.312     
     11.2500     -8.7500        4.143     
     11.2500     -7.5000        3.959     
     11.2500     -6.2500        3.766     
     11.2500     -5.0000        3.562     
     11.2500     -3.7500        3.351     
     11.2500     -2.5000        3.149     
     11.2500     -1.2500        2.980     
     11.2500      0.0000        2.861     
     11.2500      1.2500        2.795     
     11.2500      2.5000        2.772     
     11.2500      3.7500        2.787     
     11.2500      5.0000        2.846     
     11.2500      6.2500        2.965     
     11.2500      7.5000        3.232     
     11.2500      8.7500        4.004     
     11.2500     10.0000        5.025     
     11.2500     11.2500        5.471     
     11.2500     12.5000        5.711     
     11.2500     13.7500        5.859     
     11.2500     15.0000        5.945     
     11.2500     16.2500        5.993     
     11.2500     17.5000        0.000     
     11.2500     18.7500        0.000     

     12.1875    -20.0000        0.000     
     12.1875    -18.7500        0.000     
     12.1875    -17.5000        0.000     
     12.1875    -16.2500        5.502     
     12.1875    -15.0000        5.415     
     12.1875    -13.7500        5.264     
     12.1875    -12.5000        5.044     
     12.1875    -11.2500        4.774     
     12.1875    -10.0000        4.468     
     12.1875     -8.7500        4.117     
     12.1875     -7.5000        3.759     
     12.1875     -6.2500        3.455     
     12.1875     -5.0000        3.220     
     12.1875     -3.7500        3.047     
     12.1875     -2.5000        2.930     
     12.1875     -1.2500        2.868     
     12.1875      0.0000        2.861     
     12.1875      1.2500        2.912     
     12.1875      2.5000        3.020     
     12.1875      3.7500        3.180     
     12.1875      5.0000        3.384     
     12.1875      6.2500        3.616     
     12.1875      7.5000        3.870     
     12.1875      8.7500        4.132     
     12.1875     10.0000        4.379     
     12.1875     11.2500        4.603     
     12.1875     12.5000        4.814     
     12.1875     13.7500        5.003     
     12.1875     15.0000        5.145     
     12.1875     16.2500        5.231     
     12.1875     17.5000        0.000     
     12.1875     18.7500        0.000     

     13.1250    -20.0000        0.000     
     13.1250    -18.7500        0.000     
     13.1250    -17.5000        0.000     
     13.1250    -16.2500       0.3892E-001
     13.1250    -15.0000       0.3148E-001
     13.1250    -13.7500       0.2244E-001
     13.1250    -12.5000       0.2045E-001
     13.1250    -11.2500       0.6425E-001
     13.1250    -10.0000       0.2903     
     13.1250     -8.7500        1.198     
     13.1250     -7.5000        2.074     
     13.1250     -6.2500        2.346     
     13.1250     -5.0000        2.466     
     13.1250     -3.7500        2.551     
     13.1250     -2.5000        2.636     
     13.1250     -1.2500        2.734     
     13.1250      0.0000        2.861     
     13.1250      1.2500        3.032     
     13.1250      2.5000        3.239     
     13.1250      3.7500        3.456     
     13.1250      5.0000        3.658     
     13.1250      6.2500        3.838     
     13.1250      7.5000        3.999     
     13.1250      8.7500        4.147     
     13.1250     10.0000        4.283     
     13.1250     11.2500        4.406     
     13.1250     12.5000        4.521     
     13.1250     13.7500        4.628     
     13.1250     15.0000        4.712     
     13.1250     16.2500        4.763     
     13.1250     17.5000        0.000     
     13.1250     18.7500        0.000     

     14.0625    -20.0000        0.000     
     14.0625    -18.7500        0.000     
     14.0625    -17.5000        0.000     
     14.0625    -16.2500       0.6487     
     14.0625    -15.0000       0.6773     
     14.0625    -13.7500       0.7202     
     14.0625    -12.5000       0.7776     
     14.0625    -11.2500       0.8530     
     14.0625    -10.0000       0.9379     
     14.0625     -8.7500        1.040     
     14.0625     -7.5000        1.159     
     14.0625     -6.2500        1.299     
     14.0625     -5.0000        1.471     
     14.0625     -3.7500        1.705     
     14.0625     -2.5000        2.031     
     14.0625     -1.2500        2.436     
     14.0625      0.0000        2.861     
     14.0625      1.2500        3.243     
     14.0625      2.5000        3.531     
     14.0625      3.7500        3.732     
     14.0625      5.0000        3.875     
     14.0625      6.2500        3.985     
     14.0625      7.5000        4.075     
     14.0625      8.7500        4.156     
     14.0625     10.0000        4.229     
     14.0625     11.2500        4.294     
     14.0625     12.5000        4.349     
     14.0625     13.7500        4.397     
     14.0625     15.0000        4.432     
     14.0625     16.2500        4.448     
     14.0625     17.5000        0.000     
     14.0625     18.7500        0.000     

     15.0000    -20.0000        0.000     
     15.0000    -18.7500        0.000     
     15.0000    -17.5000        0.000     
     15.0000    -16.2500        1.018     
     15.0000    -15.0000        1.029     
     15.0000    -13.7500        1.037     
     15.0000    -12.5000        1.040     
     15.0000    -11.2500        1.041     
     15.0000    -10.0000        1.034     
     15.0000     -8.7500        1.024     
     15.0000     -7.5000        1.013     
     15.0000     -6.2500        1.004     
     15.0000     -5.0000       0.9929     
     15.0000     -3.7500       0.9859     
     15.0000     -2.5000       0.9870     
     15.0000     -1.2500       0.9961     
     15.0000      0.0000        0.000     
     15.0000      1.2500        4.138     
     15.0000      2.5000        4.128     
     15.0000      3.7500        4.128     
     15.0000      5.0000        4.134     
     15.0000      6.2500        4.145     
     15.0000      7.5000        4.155     
     15.0000      8.7500        4.165     
     15.0000     10.0000        4.176     
     15.0000     11.2500        4.183     
     15.0000     12.5000        4.182     
     15.0000     13.7500        4.179     
     15.0000     15.0000        4.171     
     15.0000     16.2500        4.158     
     15.0000     17.5000        0.000     
     15.0000     18.7500        0.000     

     15.9375    -20.0000        0.000     
     15.9375    -18.7500        0.000     
     15.9375    -17.5000        0.000     
     15.9375    -16.2500        1.308     
     15.9375    -15.0000        1.290     
     15.9375    -13.7500        1.256     
     15.9375    -12.5000        1.207     
     15.9375    -11.2500        1.152     
     15.9375    -10.0000        1.088     
     15.9375     -8.7500        1.015     
     15.9375     -7.5000       0.9338     
     15.9375     -6.2500       0.8437     
     15.9375     -5.0000       0.7339     
     15.9375     -3.7500       0.5904     
     15.9375     -2.5000       0.3895     
     15.9375     -1.2500       0.1012     
     15.9375      0.0000        6.003     
     15.9375      1.2500        5.577     
     15.9375      2.5000        5.173     
     15.9375      3.7500        4.846     
     15.9375      5.0000        4.612     
     15.9375      6.2500        4.441     
     15.9375      7.5000        4.301     
     15.9375      8.7500        4.181     
     15.9375     10.0000        4.080     
     15.9375     11.2500        3.994     
     15.9375     12.5000        3.919     
     15.9375     13.7500        3.862     
     15.9375     15.0000        3.819     
     15.9375     16.2500        3.789     
     15.9375     17.5000        0.000     
     15.9375     18.7500        0.000     

     16.8750    -20.0000        0.000     
     16.8750    -18.7500        0.000     
     16.8750    -17.5000        0.000     
     16.8750    -16.2500        1.622     
     16.8750    -15.0000        1.570     
     16.8750    -13.7500        1.487     
     16.8750    -12.5000        1.379     
     16.8750    -11.2500        1.264     
     16.8750    -10.0000        1.141     
     16.8750     -8.7500        1.006     
     16.8750     -7.5000       0.8572     
     16.8750     -6.2500       0.6967     
     16.8750     -5.0000       0.5170     
     16.8750     -3.7500       0.3143     
     16.8750     -2.5000       0.9730E-001
     16.8750     -1.2500        6.174     
     16.8750      0.0000        6.003     
     16.8750      1.2500        5.875     
     16.8750      2.5000        5.777     
     16.8750      3.7500        5.693     
     16.8750      5.0000        5.608     
     16.8750      6.2500        5.488     
     16.8750      7.5000        5.216     
     16.8750      8.7500        4.339     
     16.8750     10.0000        3.432     
     16.8750     11.2500        3.206     
     16.8750     12.5000        3.162     
     16.8750     13.7500        3.164     
     16.8750     15.0000        3.173     
     16.8750     16.2500        3.180     
     16.8750     17.5000        0.000     
     16.8750     18.7500        0.000     

     17.8125    -20.0000        0.000     
     17.8125    -18.7500        0.000     
     17.8125    -17.5000        0.000     
     17.8125    -16.2500        2.090     
     17.8125    -15.0000        2.003     
     17.8125    -13.7500        1.862     
     17.8125    -12.5000        1.673     
     17.8125    -11.2500        1.461     
     17.8125    -10.0000        1.237     
     17.8125     -8.7500       0.9903     
     17.8125     -7.5000       0.7281     
     17.8125     -6.2500       0.4748     
     17.8125     -5.0000       0.2419     
     17.8125     -3.7500       0.3877E-001
     17.8125     -2.5000        6.162     
     17.8125     -1.2500        6.054     
     17.8125      0.0000        6.003     
     17.8125      1.2500        6.010     
     17.8125      2.5000        6.071     
     17.8125      3.7500        6.188     
     17.8125      5.0000       0.7891E-001
     17.8125      6.2500       0.3138     
     17.8125      7.5000       0.6172     
     17.8125      8.7500       0.9757     
     17.8125     10.0000        1.326     
     17.8125     11.2500        1.632     
     17.8125     12.5000        1.903     
     17.8125     13.7500        2.123     
     17.8125     15.0000        2.273     
     17.8125     16.2500        2.360     
     17.8125     17.5000        0.000     
     17.8125     18.7500        0.000     

     18.7500    -20.0000        0.000     
     18.7500    -18.7500        0.000     
     18.7500    -17.5000        0.000     
     18.7500    -16.2500        2.851     
     18.7500    -15.0000        2.804     
     18.7500    -13.7500        2.717     
     18.7500    -12.5000        2.570     
     18.7500    -11.2500        2.329     
     18.7500    -10.0000        1.884     
     18.7500     -8.7500       0.8626     
     18.7500     -7.5000       0.8999E-001
     18.7500     -6.2500        6.107     
     18.7500     -5.0000        5.987     
     18.7500     -3.7500        5.929     
     18.7500     -2.5000        5.913     
     18.7500     -1.2500        5.936     
     18.7500      0.0000        6.003     
     18.7500      1.2500        6.122     
     18.7500      2.5000       0.7312E-002
     18.7500      3.7500       0.2095     
     18.7500      5.0000       0.4207     
     18.7500      6.2500       0.6247     
     18.7500      7.5000       0.8175     
     18.7500      8.7500        1.001     
     18.7500     10.0000        1.170     
     18.7500     11.2500        1.324     
     18.7500     12.5000        1.470     
     18.7500     13.7500        1.607     
     18.7500     15.0000        1.714     
     18.7500     16.2500        1.780     
     18.7500     17.5000        0.000     
     18.7500     18.7500        0.000     

     19.6875    -20.0000        0.000     
     19.6875    -18.7500        0.000     
     19.6875    -17.5000        0.000     
     19.6875    -16.2500        3.586     
     19.6875    -15.0000        3.611     
     19.6875    -13.7500        3.655     
     19.6875    -12.5000        3.725     
     19.6875    -11.2500        3.836     
     19.6875    -10.0000        3.991     
     19.6875     -8.7500        4.197     
     19.6875     -7.5000        4.440     
     19.6875     -6.2500        4.696     
     19.6875     -5.0000        4.952     
     19.6875     -3.7500        5.214     
     19.6875     -2.5000        5.479     
     19.6875     -1.2500        5.740     
     19.6875      0.0000        6.003     
     19.6875      1.2500        6.277     
     19.6875      2.5000       0.2545     
     19.6875      3.7500       0.4738     
     19.6875      5.0000       0.6474     
     19.6875      6.2500       0.7873     
     19.6875      7.5000       0.9050     
     19.6875      8.7500        1.011     
     19.6875     10.0000        1.108     
     19.6875     11.2500        1.194     
     19.6875     12.5000        1.271     
     19.6875     13.7500        1.341     
     19.6875     15.0000        1.395     
     19.6875     16.2500        1.424     
     19.6875     17.5000        0.000     
     19.6875     18.7500        0.000     

     20.6250    -20.0000        0.000     
     20.6250    -18.7500        0.000     
     20.6250    -17.5000        0.000     
     20.6250    -16.2500        4.029     
     20.6250    -15.0000        4.049     
     20.6250    -13.7500        4.073     
     20.6250    -12.5000        4.098     
     20.6250    -11.2500        4.125     
     20.6250    -10.0000        4.147     
     20.6250     -8.7500        4.170     
     20.6250     -7.5000        4.198     
     20.6250     -6.2500        4.234     
     20.6250     -5.0000        4.282     
     20.6250     -3.7500        4.365     
     20.6250     -2.5000        4.537     
     20.6250     -1.2500        4.965     
     20.6250      0.0000        6.002     
     20.6250      1.2500       0.4350     
     20.6250      2.5000       0.6839     
     20.6250      3.7500       0.8022     
     20.6250      5.0000       0.8769     
     20.6250      6.2500       0.9333     
     20.6250      7.5000       0.9785     
     20.6250      8.7500        1.020     
     20.6250     10.0000        1.057     
     20.6250     11.2500        1.089     
     20.6250     12.5000        1.111     
     20.6250     13.7500        1.129     
     20.6250     15.0000        1.138     
     20.6250     16.2500        1.136     
     20.6250     17.5000        0.000     
     20.6250     18.7500        0.000     

     21.5625    -20.0000        0.000     
     21.5625    -18.7500        0.000     
     21.5625    -17.5000        0.000     
     21.5625    -16.2500        4.336     
     21.5625    -15.0000        4.331     
     21.5625    -13.7500        4.314     
     21.5625    -12.5000        4.285     
     21.5625    -11.2500        4.252     
     21.5625    -10.0000        4.209     
     21.5625     -8.7500        4.160     
     21.5625     -7.5000        4.105     
     21.5625     -6.2500        4.044     
     21.5625     -5.0000        3.968     
     21.5625     -3.7500        3.866     
     21.5625     -2.5000        3.711     
     21.5625     -1.2500        3.425     
     21.5625      0.0000        2.862     
     21.5625      1.2500        2.113     
     21.5625      2.5000        1.620     
     21.5625      3.7500        1.368     
     21.5625      5.0000        1.232     
     21.5625      6.2500        1.148     
     21.5625      7.5000        1.084     
     21.5625      8.7500        1.031     
     21.5625     10.0000       0.9873     
     21.5625     11.2500       0.9477     
     21.5625     12.5000       0.9062     
     21.5625     13.7500       0.8698     
     21.5625     15.0000       0.8392     
     21.5625     16.2500       0.8133     
     21.5625     17.5000        0.000     
     21.5625     18.7500        0.000     

     22.5000    -20.0000        0.000     
     22.5000    -18.7500        0.000     
     22.5000    -17.5000        0.000     
     22.5000    -16.2500        4.628     
     22.5000    -15.0000        4.591     
     22.5000    -13.7500        4.529     
     22.5000    -12.5000        4.446     
     22.5000    -11.2500        4.357     
     22.5000    -10.0000        4.260     
     22.5000     -8.7500        4.151     
     22.5000     -7.5000        4.032     
     22.5000     -6.2500        3.900     
     22.5000     -5.0000        3.746     
     22.5000     -3.7500        3.561     
     22.5000     -2.5000        3.339     
     22.5000     -1.2500        3.096     
     22.5000      0.0000        2.861     
     22.5000      1.2500        2.652     
     22.5000      2.5000        2.454     
     22.5000      3.7500        2.248     
     22.5000      5.0000        2.021     
     22.5000      6.2500        1.753     
     22.5000      7.5000        1.427     
     22.5000      8.7500        1.071     
     22.5000     10.0000       0.7670     
     22.5000     11.2500       0.5646     
     22.5000     12.5000       0.4434     
     22.5000     13.7500       0.3780     
     22.5000     15.0000       0.3422     
     22.5000     16.2500       0.3220     
     22.5000     17.5000        0.000     
     22.5000     18.7500        0.000     

     23.4375    -20.0000        0.000     
     23.4375    -18.7500        0.000     
     23.4375    -17.5000        0.000     
     23.4375    -16.2500        5.014     
     23.4375    -15.0000        4.940     
     23.4375    -13.7500        4.821     
     23.4375    -12.5000        4.668     
     23.4375    -11.2500        4.503     
     23.4375    -10.0000        4.330     
     23.4375     -8.7500        4.140     
     23.4375     -7.5000        3.935     
     23.4375     -6.2500        3.724     
     23.4375     -5.0000        3.509     
     23.4375     -3.7500        3.297     
     23.4375     -2.5000        3.106     
     23.4375     -1.2500        2.957     
     23.4375      0.0000        2.861     
     23.4375      1.2500        2.821     
     23.4375      2.5000        2.829     
     23.4375      3.7500        2.884     
     23.4375      5.0000        2.994     
     23.4375      6.2500        3.180     
     23.4375      7.5000        3.510     
     23.4375      8.7500        4.077     
     23.4375     10.0000        4.697     
     23.4375     11.2500        5.135     
     23.4375     12.5000        5.436     
     23.4375     13.7500        5.636     
     23.4375     15.0000        5.756     
     23.4375     16.2500        5.823     
     23.4375     17.5000        0.000     
     23.4375     18.7500        0.000     

     24.3750    -20.0000        0.000     
     24.3750    -18.7500        0.000     
     24.3750    -17.5000        0.000     
     24.3750    -16.2500        5.657     
     24.3750    -15.0000        5.578     
     24.3750    -13.7500        5.435     
     24.3750    -12.5000        5.214     
     24.3750    -11.2500        4.916     
     24.3750    -10.0000        4.550     
     24.3750     -8.7500        4.103     
     24.3750     -7.5000        3.664     
     24.3750     -6.2500        3.338     
     24.3750     -5.0000        3.117     
     24.3750     -3.7500        2.970     
     24.3750     -2.5000        2.881     
     24.3750     -1.2500        2.845     
     24.3750      0.0000        2.861     
     24.3750      1.2500        2.934     
     24.3750      2.5000        3.063     
     24.3750      3.7500        3.240     
     24.3750      5.0000        3.450     
     24.3750      6.2500        3.675     
     24.3750      7.5000        3.906     
     24.3750      8.7500        4.136     
     24.3750     10.0000        4.351     
     24.3750     11.2500        4.547     
     24.3750     12.5000        4.734     
     24.3750     13.7500        4.904     
     24.3750     15.0000        5.036     
     24.3750     16.2500        5.116     
     24.3750     17.5000        0.000     
     24.3750     18.7500        0.000     

     25.3125    -20.0000        0.000     
     25.3125    -18.7500        0.000     
     25.3125    -17.5000        0.000     
     25.3125    -16.2500       0.1879     
     25.3125    -15.0000       0.1961     
     25.3125    -13.7500       0.2150     
     25.3125    -12.5000       0.2590     
     25.3125    -11.2500       0.3685     
     25.3125    -10.0000       0.6186     
     25.3125     -8.7500        1.102     
     25.3125     -7.5000        1.651     
     25.3125     -6.2500        2.020     
     25.3125     -5.0000        2.245     
     25.3125     -3.7500        2.408     
     25.3125     -2.5000        2.552     
     25.3125     -1.2500        2.697     
     25.3125      0.0000        2.861     
     25.3125      1.2500        3.062     
     25.3125      2.5000        3.287     
     25.3125      3.7500        3.508     
     25.3125      5.0000        3.703     
     25.3125      6.2500        3.870     
     25.3125      7.5000        4.016     
     25.3125      8.7500        4.149     
     25.3125     10.0000        4.271     
     25.3125     11.2500        4.381     
     25.3125     12.5000        4.482     
     25.3125     13.7500        4.576     
     25.3125     15.0000        4.650     
     25.3125     16.2500        4.693     
     25.3125     17.5000        0.000     
     25.3125     18.7500        0.000     

     26.2500    -20.0000        0.000     
     26.2500    -18.7500        0.000     
     26.2500    -17.5000        0.000     
     26.2500    -16.2500       0.7357     
     26.2500    -15.0000       0.7626     
     26.2500    -13.7500       0.8005     
     26.2500    -12.5000       0.8475     
     26.2500    -11.2500       0.9054     
     26.2500    -10.0000       0.9655     
     26.2500     -8.7500        1.035     
     26.2500     -7.5000        1.117     
     26.2500     -6.2500        1.215     
     26.2500     -5.0000        1.340     
     26.2500     -3.7500        1.529     
     26.2500     -2.5000        1.837     
     26.2500     -1.2500        2.306     
     26.2500      0.0000        2.861     
     26.2500      1.2500        3.320     
     26.2500      2.5000        3.613     
     26.2500      3.7500        3.796     
     26.2500      5.0000        3.920     
     26.2500      6.2500        4.014     
     26.2500      7.5000        4.090     
     26.2500      8.7500        4.158     
     26.2500     10.0000        4.219     
     26.2500     11.2500        4.273     
     26.2500     12.5000        4.317     
     26.2500     13.7500        4.356     
     26.2500     15.0000        4.382     
     26.2500     16.2500        4.391     
     26.2500     17.5000        0.000     
     26.2500     18.7500        0.000     

     27.1875    -20.0000        0.000     
     27.1875    -18.7500        0.000     
     27.1875    -17.5000        0.000     
     27.1875    -16.2500        1.079     
     27.1875    -15.0000        1.085     
     27.1875    -13.7500        1.085     
     27.1875    -12.5000        1.077     
     27.1875    -11.2500        1.066     
     27.1875    -10.0000        1.046     
     27.1875     -8.7500        1.022     
     27.1875     -7.5000       0.9950     
     27.1875     -6.2500       0.9668     
     27.1875     -5.0000       0.9320     
     27.1875     -3.7500       0.8884     
     27.1875     -2.5000       0.8221     
     27.1875     -1.2500       0.6606     
     27.1875      0.0000        6.004     
     27.1875      1.2500        4.565     
     27.1875      2.5000        4.321     
     27.1875      3.7500        4.239     
     27.1875      5.0000        4.203     
     27.1875      6.2500        4.186     
     27.1875      7.5000        4.175     
     27.1875      8.7500        4.167     
     27.1875     10.0000        4.162     
     27.1875     11.2500        4.155     
     27.1875     12.5000        4.142     
     27.1875     13.7500        4.128     
     27.1875     15.0000        4.113     
     27.1875     16.2500        4.095     
     27.1875     17.5000        0.000     
     27.1875     18.7500        0.000     

     28.1250    -20.0000        0.000     
     28.1250    -18.7500        0.000     
     28.1250    -17.5000        0.000     
     28.1250    -16.2500        1.365     
     28.1250    -15.0000        1.342     
     28.1250    -13.7500        1.298     
     28.1250    -12.5000        1.239     
     28.1250    -11.2500        1.173     
     28.1250    -10.0000        1.098     
     28.1250     -8.7500        1.013     
     28.1250     -7.5000       0.9195     
     28.1250     -6.2500       0.8155     
     28.1250     -5.0000       0.6903     
     28.1250     -3.7500       0.5304     
     28.1250     -2.5000       0.3179     
     28.1250     -1.2500       0.4177E-001
     28.1250      0.0000        6.003     
     28.1250      1.2500        5.670     
     28.1250      2.5000        5.340     
     28.1250      3.7500        5.030     
     28.1250      5.0000        4.768     
     28.1250      6.2500        4.550     
     28.1250      7.5000        4.358     
     28.1250      8.7500        4.188     
     28.1250     10.0000        4.043     
     28.1250     11.2500        3.927     
     28.1250     12.5000        3.834     
     28.1250     13.7500        3.767     
     28.1250     15.0000        3.722     
     28.1250     16.2500        3.692     
     28.1250     17.5000        0.000     
     28.1250     18.7500        0.000     

     29.0625    -20.0000        0.000     
     29.0625    -18.7500        0.000     
     29.0625    -17.5000        0.000     
     29.0625    -16.2500        1.698     
     29.0625    -15.0000        1.639     
     29.0625    -13.7500        1.544     
     29.0625    -12.5000        1.422     
     29.0625    -11.2500        1.292     
     29.0625    -10.0000        1.155     
     29.0625     -8.7500        1.004     
     29.0625     -7.5000       0.8386     
     29.0625     -6.2500       0.6624     
     29.0625     -5.0000       0.4703     
     29.0625     -3.7500       0.2622     
     29.0625     -2.5000       0.5147E-001
     29.0625     -1.2500        6.147     
     29.0625      0.0000        6.003     
     29.0625      1.2500        5.908     
     29.0625      2.5000        5.850     
     29.0625      3.7500        5.819     
     29.0625      5.0000        5.811     
     29.0625      6.2500        5.822     
     29.0625      7.5000        5.858     
     29.0625      8.7500        0.000     
     29.0625     10.0000        2.656     
     29.0625     11.2500        2.778     
     29.0625     12.5000        2.874     
     29.0625     13.7500        2.946     
     29.0625     15.0000        2.993     
     29.0625     16.2500        3.020     
     29.0625     17.5000        0.000     
     29.0625     18.7500        0.000     

