    -30.0000    -20.0000        0.000     
    -30.0000    -18.7500        0.000     
    -30.0000    -17.5000        0.000     
    -30.0000    -16.2500        3.923     
    -30.0000    -15.0000        3.901     
    -30.0000    -13.7500        3.868     
    -30.0000    -12.5000        3.846     
    -30.0000    -11.2500        3.860     
    -30.0000    -10.0000        3.933     
    -30.0000     -8.7500        4.084     
    -30.0000     -7.5000        4.314     
    -30.0000     -6.2500        4.595     
    -30.0000     -5.0000        4.862     
    -30.0000     -3.7500        5.060     
    -30.0000     -2.5000        5.182     
    -30.0000     -1.2500        5.246     
    -30.0000      0.0000        5.267     
    -30.0000      1.2500        5.246     
    -30.0000      2.5000        5.182     
    -30.0000      3.7500        5.060     
    -30.0000      5.0000        4.862     
    -30.0000      6.2500        4.595     
    -30.0000      7.5000        4.314     
    -30.0000      8.7500        4.084     
    -30.0000     10.0000        3.933     
    -30.0000     11.2500        3.860     
    -30.0000     12.5000        3.846     
    -30.0000     13.7500        3.868     
    -30.0000     15.0000        3.901     
    -30.0000     16.2500        3.923     
    -30.0000     17.5000        0.000     
    -30.0000     18.7500        0.000     

    -29.0625    -20.0000        0.000     
    -29.0625    -18.7500        0.000     
    -29.0625    -17.5000        0.000     
    -29.0625    -16.2500        3.917     
    -29.0625    -15.0000        3.848     
    -29.0625    -13.7500        3.744     
    -29.0625    -12.5000        3.623     
    -29.0625    -11.2500        3.519     
    -29.0625    -10.0000        3.482     
    -29.0625     -8.7500        3.685     
    -29.0625     -7.5000        4.763     
    -29.0625     -6.2500        5.455     
    -29.0625     -5.0000        5.572     
    -29.0625     -3.7500        5.551     
    -29.0625     -2.5000        5.478     
    -29.0625     -1.2500        5.381     
    -29.0625      0.0000        5.267     
    -29.0625      1.2500        5.130     
    -29.0625      2.5000        4.972     
    -29.0625      3.7500        4.797     
    -29.0625      5.0000        4.612     
    -29.0625      6.2500        4.432     
    -29.0625      7.5000        4.271     
    -29.0625      8.7500        4.138     
    -29.0625     10.0000        4.035     
    -29.0625     11.2500        3.965     
    -29.0625     12.5000        3.928     
    -29.0625     13.7500        3.918     
    -29.0625     15.0000        3.922     
    -29.0625     16.2500        3.925     
    -29.0625     17.5000        0.000     
    -29.0625     18.7500        0.000     

    -28.1250    -20.0000        0.000     
    -28.1250    -18.7500        0.000     
    -28.1250    -17.5000        0.000     
    -28.1250    -16.2500        0.000     
    -28.1250    -15.0000        1.219     
    -28.1250    -13.7500        1.453     
    -28.1250    -12.5000        1.505     
    -28.1250    -11.2500        1.442     
    -28.1250    -10.0000        1.319     
    -28.1250     -8.7500        1.170     
    -28.1250     -7.5000        1.010     
    -28.1250     -6.2500       0.8224     
    -28.1250     -5.0000       0.5867     
    -28.1250     -3.7500       0.2696     
    -28.1250     -2.5000        6.134     
    -28.1250     -1.2500        5.669     
    -28.1250      0.0000        5.267     
    -28.1250      1.2500        4.965     
    -28.1250      2.5000        4.745     
    -28.1250      3.7500        4.579     
    -28.1250      5.0000        4.449     
    -28.1250      6.2500        4.340     
    -28.1250      7.5000        4.248     
    -28.1250      8.7500        4.169     
    -28.1250     10.0000        4.100     
    -28.1250     11.2500        4.039     
    -28.1250     12.5000        3.990     
    -28.1250     13.7500        3.957     
    -28.1250     15.0000        3.940     
    -28.1250     16.2500        3.928     
    -28.1250     17.5000        0.000     
    -28.1250     18.7500        0.000     

    -27.1875    -20.0000        0.000     
    -27.1875    -18.7500        0.000     
    -27.1875    -17.5000        0.000     
    -27.1875    -16.2500       0.7903     
    -27.1875    -15.0000       0.8427     
    -27.1875    -13.7500       0.9087     
    -27.1875    -12.5000       0.9823     
    -27.1875    -11.2500        1.040     
    -27.1875    -10.0000        1.069     
    -27.1875     -8.7500        1.075     
    -27.1875     -7.5000        1.072     
    -27.1875     -6.2500        1.062     
    -27.1875     -5.0000        1.042     
    -27.1875     -3.7500        1.005     
    -27.1875     -2.5000       0.9363     
    -27.1875     -1.2500       0.7341     
    -27.1875      0.0000        5.268     
    -27.1875      1.2500        4.481     
    -27.1875      2.5000        4.358     
    -27.1875      3.7500        4.306     
    -27.1875      5.0000        4.276     
    -27.1875      6.2500        4.250     
    -27.1875      7.5000        4.226     
    -27.1875      8.7500        4.200     
    -27.1875     10.0000        4.171     
    -27.1875     11.2500        4.127     
    -27.1875     12.5000        4.070     
    -27.1875     13.7500        4.012     
    -27.1875     15.0000        3.966     
    -27.1875     16.2500        3.931     
    -27.1875     17.5000        0.000     
    -27.1875     18.7500        0.000     

    -26.2500    -20.0000        0.000     
    -26.2500    -18.7500        0.000     
    -26.2500    -17.5000        0.000     
    -26.2500    -16.2500       0.7863     
    -26.2500    -15.0000       0.8070     
    -26.2500    -13.7500       0.8338     
    -26.2500    -12.5000       0.8756     
    -26.2500    -11.2500       0.9286     
    -26.2500    -10.0000       0.9840     
    -26.2500     -8.7500        1.039     
    -26.2500     -7.5000        1.098     
    -26.2500     -6.2500        1.165     
    -26.2500     -5.0000        1.244     
    -26.2500     -3.7500        1.342     
    -26.2500     -2.5000        1.481     
    -26.2500     -1.2500        1.708     
    -26.2500      0.0000        2.125     
    -26.2500      1.2500        2.824     
    -26.2500      2.5000        3.443     
    -26.2500      3.7500        3.781     
    -26.2500      5.0000        3.973     
    -26.2500      6.2500        4.097     
    -26.2500      7.5000        4.187     
    -26.2500      8.7500        4.256     
    -26.2500     10.0000        4.312     
    -26.2500     11.2500        4.330     
    -26.2500     12.5000        4.290     
    -26.2500     13.7500        4.186     
    -26.2500     15.0000        4.054     
    -26.2500     16.2500        3.942     
    -26.2500     17.5000        0.000     
    -26.2500     18.7500        0.000     

    -25.3125    -20.0000        0.000     
    -25.3125    -18.7500        0.000     
    -25.3125    -17.5000        0.000     
    -25.3125    -16.2500       0.7842     
    -25.3125    -15.0000       0.7878     
    -25.3125    -13.7500       0.7917     
    -25.3125    -12.5000       0.8110     
    -25.3125    -11.2500       0.8541     
    -25.3125    -10.0000       0.9211     
    -25.3125     -8.7500        1.010     
    -25.3125     -7.5000        1.120     
    -25.3125     -6.2500        1.251     
    -25.3125     -5.0000        1.401     
    -25.3125     -3.7500        1.568     
    -25.3125     -2.5000        1.747     
    -25.3125     -1.2500        1.934     
    -25.3125      0.0000        2.125     
    -25.3125      1.2500        2.320     
    -25.3125      2.5000        2.527     
    -25.3125      3.7500        2.757     
    -25.3125      5.0000        3.019     
    -25.3125      6.2500        3.360     
    -25.3125      7.5000        3.911     
    -25.3125      8.7500        4.755     
    -25.3125     10.0000        5.519     
    -25.3125     11.2500        6.025     
    -25.3125     12.5000       0.1121     
    -25.3125     13.7500       0.4085     
    -25.3125     15.0000       0.6278     
    -25.3125     16.2500       0.7652     
    -25.3125     17.5000        0.000     
    -25.3125     18.7500        0.000     

    -24.3750    -20.0000        0.000     
    -24.3750    -18.7500        0.000     
    -24.3750    -17.5000        0.000     
    -24.3750    -16.2500       0.7822     
    -24.3750    -15.0000       0.7690     
    -24.3750    -13.7500       0.7494     
    -24.3750    -12.5000       0.7428     
    -24.3750    -11.2500       0.7688     
    -24.3750    -10.0000       0.8419     
    -24.3750     -8.7500       0.9700     
    -24.3750     -7.5000        1.150     
    -24.3750     -6.2500        1.369     
    -24.3750     -5.0000        1.599     
    -24.3750     -3.7500        1.800     
    -24.3750     -2.5000        1.953     
    -24.3750     -1.2500        2.059     
    -24.3750      0.0000        2.125     
    -24.3750      1.2500        2.153     
    -24.3750      2.5000        2.140     
    -24.3750      3.7500        2.069     
    -24.3750      5.0000        1.902     
    -24.3750      6.2500        1.601     
    -24.3750      7.5000        1.215     
    -24.3750      8.7500       0.8922     
    -24.3750     10.0000       0.7077     
    -24.3750     11.2500       0.6428     
    -24.3750     12.5000       0.6508     
    -24.3750     13.7500       0.6954     
    -24.3750     15.0000       0.7456     
    -24.3750     16.2500       0.7794     
    -24.3750     17.5000        0.000     
    -24.3750     18.7500        0.000     

    -23.4375    -20.0000        0.000     
    -23.4375    -18.7500        0.000     
    -23.4375    -17.5000        0.000     
    -23.4375    -16.2500       0.7786     
    -23.4375    -15.0000       0.7362     
    -23.4375    -13.7500       0.6736     
    -23.4375    -12.5000       0.6121     
    -23.4375    -11.2500       0.5860     
    -23.4375    -10.0000       0.6393     
    -23.4375     -8.7500       0.8455     
    -23.4375     -7.5000        1.258     
    -23.4375     -6.2500        1.731     
    -23.4375     -5.0000        2.033     
    -23.4375     -3.7500        2.164     
    -23.4375     -2.5000        2.197     
    -23.4375     -1.2500        2.179     
    -23.4375      0.0000        2.125     
    -23.4375      1.2500        2.037     
    -23.4375      2.5000        1.912     
    -23.4375      3.7500        1.749     
    -23.4375      5.0000        1.551     
    -23.4375      6.2500        1.339     
    -23.4375      7.5000        1.142     
    -23.4375      8.7500       0.9801     
    -23.4375     10.0000       0.8614     
    -23.4375     11.2500       0.7890     
    -23.4375     12.5000       0.7584     
    -23.4375     13.7500       0.7590     
    -23.4375     15.0000       0.7731     
    -23.4375     16.2500       0.7828     
    -23.4375     17.5000        0.000     
    -23.4375     18.7500        0.000     

    -22.5000    -20.0000        0.000     
    -22.5000    -18.7500        0.000     
    -22.5000    -17.5000        0.000     
    -22.5000    -16.2500        0.000     
    -22.5000    -15.0000       0.4983     
    -22.5000    -13.7500       0.1011     
    -22.5000    -12.5000        5.888     
    -22.5000    -11.2500        5.389     
    -22.5000    -10.0000        4.912     
    -22.5000     -8.7500        4.468     
    -22.5000     -7.5000        4.059     
    -22.5000     -6.2500        3.670     
    -22.5000     -5.0000        3.309     
    -22.5000     -3.7500        2.969     
    -22.5000     -2.5000        2.654     
    -22.5000     -1.2500        2.373     
    -22.5000      0.0000        2.125     
    -22.5000      1.2500        1.903     
    -22.5000      2.5000        1.703     
    -22.5000      3.7500        1.525     
    -22.5000      5.0000        1.370     
    -22.5000      6.2500        1.233     
    -22.5000      7.5000        1.115     
    -22.5000      8.7500        1.016     
    -22.5000     10.0000       0.9338     
    -22.5000     11.2500       0.8685     
    -22.5000     12.5000       0.8232     
    -22.5000     13.7500       0.7995     
    -22.5000     15.0000       0.7912     
    -22.5000     16.2500       0.7851     
    -22.5000     17.5000        0.000     
    -22.5000     18.7500        0.000     

    -21.5625    -20.0000        0.000     
    -21.5625    -18.7500        0.000     
    -21.5625    -17.5000        0.000     
    -21.5625    -16.2500        3.936     
    -21.5625    -15.0000        4.020     
    -21.5625    -13.7500        4.120     
    -21.5625    -12.5000        4.214     
    -21.5625    -11.2500        4.265     
    -21.5625    -10.0000        4.269     
    -21.5625     -8.7500        4.240     
    -21.5625     -7.5000        4.198     
    -21.5625     -6.2500        4.140     
    -21.5625     -5.0000        4.057     
    -21.5625     -3.7500        3.926     
    -21.5625     -2.5000        3.678     
    -21.5625     -1.2500        3.085     
    -21.5625      0.0000        2.126     
    -21.5625      1.2500        1.623     
    -21.5625      2.5000        1.407     
    -21.5625      3.7500        1.288     
    -21.5625      5.0000        1.210     
    -21.5625      6.2500        1.147     
    -21.5625      7.5000        1.094     
    -21.5625      8.7500        1.045     
    -21.5625     10.0000       0.9978     
    -21.5625     11.2500       0.9457     
    -21.5625     12.5000       0.8912     
    -21.5625     13.7500       0.8443     
    -21.5625     15.0000       0.8118     
    -21.5625     16.2500       0.7877     
    -21.5625     17.5000        0.000     
    -21.5625     18.7500        0.000     

    -20.6250    -20.0000        0.000     
    -20.6250    -18.7500        0.000     
    -20.6250    -17.5000        0.000     
    -20.6250    -16.2500        3.929     
    -20.6250    -15.0000        3.959     
    -20.6250    -13.7500        3.998     
    -20.6250    -12.5000        4.050     
    -20.6250    -11.2500        4.106     
    -20.6250    -10.0000        4.154     
    -20.6250     -8.7500        4.193     
    -20.6250     -7.5000        4.231     
    -20.6250     -6.2500        4.271     
    -20.6250     -5.0000        4.315     
    -20.6250     -3.7500        4.372     
    -20.6250     -2.5000        4.461     
    -20.6250     -1.2500        4.649     
    -20.6250      0.0000        5.266     
    -20.6250      1.2500       0.3117     
    -20.6250      2.5000       0.7520     
    -20.6250      3.7500       0.9039     
    -20.6250      5.0000       0.9846     
    -20.6250      6.2500        1.033     
    -20.6250      7.5000        1.065     
    -20.6250      8.7500        1.085     
    -20.6250     10.0000        1.095     
    -20.6250     11.2500        1.076     
    -20.6250     12.5000        1.020     
    -20.6250     13.7500       0.9375     
    -20.6250     15.0000       0.8567     
    -20.6250     16.2500       0.7934     
    -20.6250     17.5000        0.000     
    -20.6250     18.7500        0.000     

    -19.6875    -20.0000        0.000     
    -19.6875    -18.7500        0.000     
    -19.6875    -17.5000        0.000     
    -19.6875    -16.2500        3.927     
    -19.6875    -15.0000        3.937     
    -19.6875    -13.7500        3.949     
    -19.6875    -12.5000        3.977     
    -19.6875    -11.2500        4.025     
    -19.6875    -10.0000        4.088     
    -19.6875     -8.7500        4.163     
    -19.6875     -7.5000        4.253     
    -19.6875     -6.2500        4.357     
    -19.6875     -5.0000        4.480     
    -19.6875     -3.7500        4.624     
    -19.6875     -2.5000        4.796     
    -19.6875     -1.2500        5.008     
    -19.6875      0.0000        5.267     
    -19.6875      1.2500        5.581     
    -19.6875      2.5000        5.949     
    -19.6875      3.7500       0.5081E-001
    -19.6875      5.0000       0.4047     
    -19.6875      6.2500       0.7090     
    -19.6875      7.5000       0.9771     
    -19.6875      8.7500        1.223     
    -19.6875     10.0000        1.472     
    -19.6875     11.2500        1.726     
    -19.6875     12.5000        1.993     
    -19.6875     13.7500        2.324     
    -19.6875     15.0000        0.000     
    -19.6875     16.2500        0.000     
    -19.6875     17.5000        0.000     
    -19.6875     18.7500        0.000     

    -18.7500    -20.0000        0.000     
    -18.7500    -18.7500        0.000     
    -18.7500    -17.5000        0.000     
    -18.7500    -16.2500        3.925     
    -18.7500    -15.0000        3.919     
    -18.7500    -13.7500        3.909     
    -18.7500    -12.5000        3.914     
    -18.7500    -11.2500        3.949     
    -18.7500    -10.0000        4.020     
    -18.7500     -8.7500        4.130     
    -18.7500     -7.5000        4.277     
    -18.7500     -6.2500        4.454     
    -18.7500     -5.0000        4.650     
    -18.7500     -3.7500        4.843     
    -18.7500     -2.5000        5.013     
    -18.7500     -1.2500        5.155     
    -18.7500      0.0000        5.267     
    -18.7500      1.2500        5.349     
    -18.7500      2.5000        5.403     
    -18.7500      3.7500        5.417     
    -18.7500      5.0000        5.346     
    -18.7500      6.2500        5.086     
    -18.7500      7.5000        4.486     
    -18.7500      8.7500        3.901     
    -18.7500     10.0000        3.673     
    -18.7500     11.2500        3.646     
    -18.7500     12.5000        3.701     
    -18.7500     13.7500        3.786     
    -18.7500     15.0000        3.865     
    -18.7500     16.2500        3.918     
    -18.7500     17.5000        0.000     
    -18.7500     18.7500        0.000     

    -17.8125    -20.0000        0.000     
    -17.8125    -18.7500        0.000     
    -17.8125    -17.5000        0.000     
    -17.8125    -16.2500        3.922     
    -17.8125    -15.0000        3.895     
    -17.8125    -13.7500        3.854     
    -17.8125    -12.5000        3.822     
    -17.8125    -11.2500        3.827     
    -17.8125    -10.0000        3.897     
    -17.8125     -8.7500        4.063     
    -17.8125     -7.5000        4.331     
    -17.8125     -6.2500        4.656     
    -17.8125     -5.0000        4.943     
    -17.8125     -3.7500        5.130     
    -17.8125     -2.5000        5.229     
    -17.8125     -1.2500        5.270     
    -17.8125      0.0000        5.267     
    -17.8125      1.2500        5.223     
    -17.8125      2.5000        5.137     
    -17.8125      3.7500        4.998     
    -17.8125      5.0000        4.796     
    -17.8125      6.2500        4.548     
    -17.8125      7.5000        4.302     
    -17.8125      8.7500        4.099     
    -17.8125     10.0000        3.961     
    -17.8125     11.2500        3.887     
    -17.8125     12.5000        3.867     
    -17.8125     13.7500        3.880     
    -17.8125     15.0000        3.906     
    -17.8125     16.2500        3.923     
    -17.8125     17.5000        0.000     
    -17.8125     18.7500        0.000     

    -16.8750    -20.0000        0.000     
    -16.8750    -18.7500        0.000     
    -16.8750    -17.5000        0.000     
    -16.8750    -16.2500        3.914     
    -16.8750    -15.0000        3.820     
    -16.8750    -13.7500        3.676     
    -16.8750    -12.5000        3.495     
    -16.8750    -11.2500        3.298     
    -16.8750    -10.0000        3.089     
    -16.8750     -8.7500        2.796     
    -16.8750     -7.5000       0.3156E-001
    -16.8750     -6.2500        6.000     
    -16.8750     -5.0000        5.852     
    -16.8750     -3.7500        5.710     
    -16.8750     -2.5000        5.565     
    -16.8750     -1.2500        5.418     
    -16.8750      0.0000        5.267     
    -16.8750      1.2500        5.104     
    -16.8750      2.5000        4.931     
    -16.8750      3.7500        4.753     
    -16.8750      5.0000        4.576     
    -16.8750      6.2500        4.411     
    -16.8750      7.5000        4.266     
    -16.8750      8.7500        4.145     
    -16.8750     10.0000        4.049     
    -16.8750     11.2500        3.981     
    -16.8750     12.5000        3.940     
    -16.8750     13.7500        3.926     
    -16.8750     15.0000        3.926     
    -16.8750     16.2500        3.926     
    -16.8750     17.5000        0.000     
    -16.8750     18.7500        0.000     

    -15.9375    -20.0000        0.000     
    -15.9375    -18.7500        0.000     
    -15.9375    -17.5000        0.000     
    -15.9375    -16.2500       0.8071     
    -15.9375    -15.0000       0.9854     
    -15.9375    -13.7500        1.164     
    -15.9375    -12.5000        1.273     
    -15.9375    -11.2500        1.285     
    -15.9375    -10.0000        1.229     
    -15.9375     -8.7500        1.137     
    -15.9375     -7.5000        1.030     
    -15.9375     -6.2500       0.8994     
    -15.9375     -5.0000       0.7250     
    -15.9375     -3.7500       0.4684     
    -15.9375     -2.5000       0.6629E-001
    -15.9375     -1.2500        5.790     
    -15.9375      0.0000        5.267     
    -15.9375      1.2500        4.914     
    -15.9375      2.5000        4.688     
    -15.9375      3.7500        4.533     
    -15.9375      5.0000        4.418     
    -15.9375      6.2500        4.324     
    -15.9375      7.5000        4.244     
    -15.9375      8.7500        4.174     
    -15.9375     10.0000        4.113     
    -15.9375     11.2500        4.054     
    -15.9375     12.5000        4.003     
    -15.9375     13.7500        3.966     
    -15.9375     15.0000        3.944     
    -15.9375     16.2500        3.928     
    -15.9375     17.5000        0.000     
    -15.9375     18.7500        0.000     

    -15.0000    -20.0000        0.000     
    -15.0000    -18.7500        0.000     
    -15.0000    -17.5000        0.000     
    -15.0000    -16.2500       0.7892     
    -15.0000    -15.0000       0.8323     
    -15.0000    -13.7500       0.8872     
    -15.0000    -12.5000       0.9527     
    -15.0000    -11.2500        1.010     
    -15.0000    -10.0000        1.047     
    -15.0000     -8.7500        1.066     
    -15.0000     -7.5000        1.079     
    -15.0000     -6.2500        1.087     
    -15.0000     -5.0000        1.091     
    -15.0000     -3.7500        1.091     
    -15.0000     -2.5000        1.090     
    -15.0000     -1.2500        1.091     
    -15.0000      0.0000        0.000     
    -15.0000      1.2500        4.231     
    -15.0000      2.5000        4.232     
    -15.0000      3.7500        4.232     
    -15.0000      5.0000        4.233     
    -15.0000      6.2500        4.228     
    -15.0000      7.5000        4.220     
    -15.0000      8.7500        4.208     
    -15.0000     10.0000        4.189     
    -15.0000     11.2500        4.152     
    -15.0000     12.5000        4.094     
    -15.0000     13.7500        4.029     
    -15.0000     15.0000        3.974     
    -15.0000     16.2500        3.932     
    -15.0000     17.5000        0.000     
    -15.0000     18.7500        0.000     

    -14.0625    -20.0000        0.000     
    -14.0625    -18.7500        0.000     
    -14.0625    -17.5000        0.000     
    -14.0625    -16.2500       0.7859     
    -14.0625    -15.0000       0.8027     
    -14.0625    -13.7500       0.8243     
    -14.0625    -12.5000       0.8614     
    -14.0625    -11.2500       0.9127     
    -14.0625    -10.0000       0.9710     
    -14.0625     -8.7500        1.033     
    -14.0625     -7.5000        1.103     
    -14.0625     -6.2500        1.182     
    -14.0625     -5.0000        1.276     
    -14.0625     -3.7500        1.391     
    -14.0625     -2.5000        1.546     
    -14.0625     -1.2500        1.773     
    -14.0625      0.0000        2.125     
    -14.0625      1.2500        2.648     
    -14.0625      2.5000        3.208     
    -14.0625      3.7500        3.610     
    -14.0625      5.0000        3.867     
    -14.0625      6.2500        4.041     
    -14.0625      7.5000        4.172     
    -14.0625      8.7500        4.279     
    -14.0625     10.0000        4.371     
    -14.0625     11.2500        4.427     
    -14.0625     12.5000        4.415     
    -14.0625     13.7500        4.306     
    -14.0625     15.0000        4.126     
    -14.0625     16.2500        3.952     
    -14.0625     17.5000        0.000     
    -14.0625     18.7500        0.000     

    -13.1250    -20.0000        0.000     
    -13.1250    -18.7500        0.000     
    -13.1250    -17.5000        0.000     
    -13.1250    -16.2500       0.7838     
    -13.1250    -15.0000       0.7843     
    -13.1250    -13.7500       0.7839     
    -13.1250    -12.5000       0.7987     
    -13.1250    -11.2500       0.8392     
    -13.1250    -10.0000       0.9078     
    -13.1250     -8.7500        1.003     
    -13.1250     -7.5000        1.125     
    -13.1250     -6.2500        1.269     
    -13.1250     -5.0000        1.435     
    -13.1250     -3.7500        1.612     
    -13.1250     -2.5000        1.790     
    -13.1250     -1.2500        1.963     
    -13.1250      0.0000        2.125     
    -13.1250      1.2500        2.277     
    -13.1250      2.5000        2.423     
    -13.1250      3.7500        2.569     
    -13.1250      5.0000        2.711     
    -13.1250      6.2500        2.859     
    -13.1250      7.5000        3.173     
    -13.1250      8.7500        5.937     
    -13.1250     10.0000        6.230     
    -13.1250     11.2500       0.1568     
    -13.1250     12.5000       0.3532     
    -13.1250     13.7500       0.5346     
    -13.1250     15.0000       0.6787     
    -13.1250     16.2500       0.7713     
    -13.1250     17.5000        0.000     
    -13.1250     18.7500        0.000     

    -12.1875    -20.0000        0.000     
    -12.1875    -18.7500        0.000     
    -12.1875    -17.5000        0.000     
    -12.1875    -16.2500       0.7817     
    -12.1875    -15.0000       0.7643     
    -12.1875    -13.7500       0.7389     
    -12.1875    -12.5000       0.7252     
    -12.1875    -11.2500       0.7457     
    -12.1875    -10.0000       0.8189     
    -12.1875     -8.7500       0.9577     
    -12.1875     -7.5000        1.160     
    -12.1875     -6.2500        1.406     
    -12.1875     -5.0000        1.655     
    -12.1875     -3.7500        1.857     
    -12.1875     -2.5000        1.995     
    -12.1875     -1.2500        2.082     
    -12.1875      0.0000        2.125     
    -12.1875      1.2500        2.128     
    -12.1875      2.5000        2.088     
    -12.1875      3.7500        1.989     
    -12.1875      5.0000        1.801     
    -12.1875      6.2500        1.515     
    -12.1875      7.5000        1.190     
    -12.1875      8.7500       0.9216     
    -12.1875     10.0000       0.7553     
    -12.1875     11.2500       0.6852     
    -12.1875     12.5000       0.6807     
    -12.1875     13.7500       0.7127     
    -12.1875     15.0000       0.7530     
    -12.1875     16.2500       0.7803     
    -12.1875     17.5000        0.000     
    -12.1875     18.7500        0.000     

    -11.2500    -20.0000        0.000     
    -11.2500    -18.7500        0.000     
    -11.2500    -17.5000        0.000     
    -11.2500    -16.2500       0.7773     
    -11.2500    -15.0000       0.7238     
    -11.2500    -13.7500       0.6443     
    -11.2500    -12.5000       0.5592     
    -11.2500    -11.2500       0.5046     
    -11.2500    -10.0000       0.5318     
    -11.2500     -8.7500       0.7589     
    -11.2500     -7.5000        1.345     
    -11.2500     -6.2500        1.944     
    -11.2500     -5.0000        2.205     
    -11.2500     -3.7500        2.275     
    -11.2500     -2.5000        2.262     
    -11.2500     -1.2500        2.208     
    -11.2500      0.0000        2.125     
    -11.2500      1.2500        2.013     
    -11.2500      2.5000        1.871     
    -11.2500      3.7500        1.701     
    -11.2500      5.0000        1.509     
    -11.2500      6.2500        1.313     
    -11.2500      7.5000        1.136     
    -11.2500      8.7500       0.9888     
    -11.2500     10.0000       0.8785     
    -11.2500     11.2500       0.8071     
    -11.2500     12.5000       0.7727     
    -11.2500     13.7500       0.7677     
    -11.2500     15.0000       0.7770     
    -11.2500     16.2500       0.7833     
    -11.2500     17.5000        0.000     
    -11.2500     18.7500        0.000     

    -10.3125    -20.0000        0.000     
    -10.3125    -18.7500        0.000     
    -10.3125    -17.5000        0.000     
    -10.3125    -16.2500        0.000     
    -10.3125    -15.0000        0.000     
    -10.3125    -13.7500        5.466     
    -10.3125    -12.5000        5.135     
    -10.3125    -11.2500        4.868     
    -10.3125    -10.0000        4.613     
    -10.3125     -8.7500        4.364     
    -10.3125     -7.5000        4.118     
    -10.3125     -6.2500        3.851     
    -10.3125     -5.0000        3.546     
    -10.3125     -3.7500        3.193     
    -10.3125     -2.5000        2.807     
    -10.3125     -1.2500        2.439     
    -10.3125      0.0000        2.125     
    -10.3125      1.2500        1.866     
    -10.3125      2.5000        1.655     
    -10.3125      3.7500        1.482     
    -10.3125      5.0000        1.338     
    -10.3125      6.2500        1.215     
    -10.3125      7.5000        1.111     
    -10.3125      8.7500        1.021     
    -10.3125     10.0000       0.9462     
    -10.3125     11.2500       0.8830     
    -10.3125     12.5000       0.8355     
    -10.3125     13.7500       0.8074     
    -10.3125     15.0000       0.7948     
    -10.3125     16.2500       0.7855     
    -10.3125     17.5000        0.000     
    -10.3125     18.7500        0.000     

     -9.3750    -20.0000        0.000     
     -9.3750    -18.7500        0.000     
     -9.3750    -17.5000        0.000     
     -9.3750    -16.2500        3.934     
     -9.3750    -15.0000        3.999     
     -9.3750    -13.7500        4.079     
     -9.3750    -12.5000        4.162     
     -9.3750    -11.2500        4.218     
     -9.3750    -10.0000        4.236     
     -9.3750     -8.7500        4.227     
     -9.3750     -7.5000        4.207     
     -9.3750     -6.2500        4.175     
     -9.3750     -5.0000        4.126     
     -9.3750     -3.7500        4.046     
     -9.3750     -2.5000        3.893     
     -9.3750     -1.2500        3.454     
     -9.3750      0.0000        2.126     
     -9.3750      1.2500        1.507     
     -9.3750      2.5000        1.320     
     -9.3750      3.7500        1.230     
     -9.3750      5.0000        1.174     
     -9.3750      6.2500        1.129     
     -9.3750      7.5000        1.089     
     -9.3750      8.7500        1.051     
     -9.3750     10.0000        1.013     
     -9.3750     11.2500       0.9645     
     -9.3750     12.5000       0.9087     
     -9.3750     13.7500       0.8562     
     -9.3750     15.0000       0.8173     
     -9.3750     16.2500       0.7884     
     -9.3750     17.5000        0.000     
     -9.3750     18.7500        0.000     

     -8.4375    -20.0000        0.000     
     -8.4375    -18.7500        0.000     
     -8.4375    -17.5000        0.000     
     -8.4375    -16.2500        3.928     
     -8.4375    -15.0000        3.954     
     -8.4375    -13.7500        3.986     
     -8.4375    -12.5000        4.033     
     -8.4375    -11.2500        4.087     
     -8.4375    -10.0000        4.139     
     -8.4375     -8.7500        4.186     
     -8.4375     -7.5000        4.235     
     -8.4375     -6.2500        4.289     
     -8.4375     -5.0000        4.351     
     -8.4375     -3.7500        4.430     
     -8.4375     -2.5000        4.548     
     -8.4375     -1.2500        4.765     
     -8.4375      0.0000        5.266     
     -8.4375      1.2500        6.226     
     -8.4375      2.5000       0.5367     
     -8.4375      3.7500       0.7836     
     -8.4375      5.0000       0.9160     
     -8.4375      6.2500       0.9983     
     -8.4375      7.5000        1.056     
     -8.4375      8.7500        1.098     
     -8.4375     10.0000        1.127     
     -8.4375     11.2500        1.124     
     -8.4375     12.5000        1.072     
     -8.4375     13.7500       0.9787     
     -8.4375     15.0000       0.8777     
     -8.4375     16.2500       0.7961     
     -8.4375     17.5000        0.000     
     -8.4375     18.7500        0.000     

     -7.5000    -20.0000        0.000     
     -7.5000    -18.7500        0.000     
     -7.5000    -17.5000        0.000     
     -7.5000    -16.2500        3.926     
     -7.5000    -15.0000        3.933     
     -7.5000    -13.7500        3.941     
     -7.5000    -12.5000        3.965     
     -7.5000    -11.2500        4.010     
     -7.5000    -10.0000        4.075     
     -7.5000     -8.7500        4.157     
     -7.5000     -7.5000        4.257     
     -7.5000     -6.2500        4.374     
     -7.5000     -5.0000        4.511     
     -7.5000     -3.7500        4.667     
     -7.5000     -2.5000        4.844     
     -7.5000     -1.2500        5.044     
     -7.5000      0.0000        5.267     
     -7.5000      1.2500        5.515     
     -7.5000      2.5000        5.795     
     -7.5000      3.7500        6.110     
     -7.5000      5.0000       0.1671     
     -7.5000      6.2500       0.5282     
     -7.5000      7.5000       0.9173     
     -7.5000      8.7500        1.326     
     -7.5000     10.0000        1.771     
     -7.5000     11.2500        2.247     
     -7.5000     12.5000        2.747     
     -7.5000     13.7500        3.242     
     -7.5000     15.0000        3.641     
     -7.5000     16.2500        0.000     
     -7.5000     17.5000        0.000     
     -7.5000     18.7500        0.000     

     -6.5625    -20.0000        0.000     
     -6.5625    -18.7500        0.000     
     -6.5625    -17.5000        0.000     
     -6.5625    -16.2500        3.924     
     -6.5625    -15.0000        3.915     
     -6.5625    -13.7500        3.901     
     -6.5625    -12.5000        3.900     
     -6.5625    -11.2500        3.931     
     -6.5625    -10.0000        4.003     
     -6.5625     -8.7500        4.122     
     -6.5625     -7.5000        4.284     
     -6.5625     -6.2500        4.481     
     -6.5625     -5.0000        4.693     
     -6.5625     -3.7500        4.891     
     -6.5625     -2.5000        5.053     
     -6.5625     -1.2500        5.178     
     -6.5625      0.0000        5.267     
     -6.5625      1.2500        5.321     
     -6.5625      2.5000        5.339     
     -6.5625      3.7500        5.305     
     -6.5625      5.0000        5.174     
     -6.5625      6.2500        4.873     
     -6.5625      7.5000        4.399     
     -6.5625      8.7500        3.987     
     -6.5625     10.0000        3.781     
     -6.5625     11.2500        3.728     
     -6.5625     12.5000        3.754     
     -6.5625     13.7500        3.815     
     -6.5625     15.0000        3.878     
     -6.5625     16.2500        3.920     
     -6.5625     17.5000        0.000     
     -6.5625     18.7500        0.000     

     -5.6250    -20.0000        0.000     
     -5.6250    -18.7500        0.000     
     -5.6250    -17.5000        0.000     
     -5.6250    -16.2500        3.921     
     -5.6250    -15.0000        3.887     
     -5.6250    -13.7500        3.837     
     -5.6250    -12.5000        3.792     
     -5.6250    -11.2500        3.784     
     -5.6250    -10.0000        3.849     
     -5.6250     -8.7500        4.034     
     -5.6250     -7.5000        4.357     
     -5.6250     -6.2500        4.742     
     -5.6250     -5.0000        5.044     
     -5.6250     -3.7500        5.211     
     -5.6250     -2.5000        5.281     
     -5.6250     -1.2500        5.294     
     -5.6250      0.0000        5.267     
     -5.6250      1.2500        5.201     
     -5.6250      2.5000        5.095     
     -5.6250      3.7500        4.942     
     -5.6250      5.0000        4.741     
     -5.6250      6.2500        4.511     
     -5.6250      7.5000        4.292     
     -5.6250      8.7500        4.112     
     -5.6250     10.0000        3.984     
     -5.6250     11.2500        3.910     
     -5.6250     12.5000        3.884     
     -5.6250     13.7500        3.891     
     -5.6250     15.0000        3.911     
     -5.6250     16.2500        3.924     
     -5.6250     17.5000        0.000     
     -5.6250     18.7500        0.000     

     -4.6875    -20.0000        0.000     
     -4.6875    -18.7500        0.000     
     -4.6875    -17.5000        0.000     
     -4.6875    -16.2500        3.909     
     -4.6875    -15.0000        3.769     
     -4.6875    -13.7500        3.550     
     -4.6875    -12.5000        3.254     
     -4.6875    -11.2500        2.883     
     -4.6875    -10.0000        2.377     
     -4.6875     -8.7500        1.614     
     -4.6875     -7.5000       0.7693     
     -4.6875     -6.2500       0.2181     
     -4.6875     -5.0000        6.161     
     -4.6875     -3.7500        5.898     
     -4.6875     -2.5000        5.669     
     -4.6875     -1.2500        5.462     
     -4.6875      0.0000        5.267     
     -4.6875      1.2500        5.076     
     -4.6875      2.5000        4.889     
     -4.6875      3.7500        4.710     
     -4.6875      5.0000        4.543     
     -4.6875      6.2500        4.392     
     -4.6875      7.5000        4.261     
     -4.6875      8.7500        4.151     
     -4.6875     10.0000        4.063     
     -4.6875     11.2500        3.996     
     -4.6875     12.5000        3.953     
     -4.6875     13.7500        3.933     
     -4.6875     15.0000        3.929     
     -4.6875     16.2500        3.926     
     -4.6875     17.5000        0.000     
     -4.6875     18.7500        0.000     

     -3.7500    -20.0000        0.000     
     -3.7500    -18.7500        0.000     
     -3.7500    -17.5000        0.000     
     -3.7500    -16.2500       0.7984     
     -3.7500    -15.0000       0.9132     
     -3.7500    -13.7500        1.044     
     -3.7500    -12.5000        1.149     
     -3.7500    -11.2500        1.189     
     -3.7500    -10.0000        1.170     
     -3.7500     -8.7500        1.115     
     -3.7500     -7.5000        1.045     
     -3.7500     -6.2500       0.9554     
     -3.7500     -5.0000       0.8314     
     -3.7500     -3.7500       0.6399     
     -3.7500     -2.5000       0.3013     
     -3.7500     -1.2500        5.965     
     -3.7500      0.0000        5.267     
     -3.7500      1.2500        4.849     
     -3.7500      2.5000        4.623     
     -3.7500      3.7500        4.483     
     -3.7500      5.0000        4.385     
     -3.7500      6.2500        4.307     
     -3.7500      7.5000        4.240     
     -3.7500      8.7500        4.180     
     -3.7500     10.0000        4.126     
     -3.7500     11.2500        4.070     
     -3.7500     12.5000        4.017     
     -3.7500     13.7500        3.975     
     -3.7500     15.0000        3.948     
     -3.7500     16.2500        3.929     
     -3.7500     17.5000        0.000     
     -3.7500     18.7500        0.000     

     -2.8125    -20.0000        0.000     
     -2.8125    -18.7500        0.000     
     -2.8125    -17.5000        0.000     
     -2.8125    -16.2500       0.7883     
     -2.8125    -15.0000       0.8241     
     -2.8125    -13.7500       0.8702     
     -2.8125    -12.5000       0.9288     
     -2.8125    -11.2500       0.9858     
     -2.8125    -10.0000        1.029     
     -2.8125     -8.7500        1.058     
     -2.8125     -7.5000        1.084     
     -2.8125     -6.2500        1.109     
     -2.8125     -5.0000        1.135     
     -2.8125     -3.7500        1.165     
     -2.8125     -2.5000        1.216     
     -2.8125     -1.2500        1.340     
     -2.8125      0.0000        2.124     
     -2.8125      1.2500        3.874     
     -2.8125      2.5000        4.078     
     -2.8125      3.7500        4.146     
     -2.8125      5.0000        4.184     
     -2.8125      6.2500        4.204     
     -2.8125      7.5000        4.214     
     -2.8125      8.7500        4.216     
     -2.8125     10.0000        4.211     
     -2.8125     11.2500        4.181     
     -2.8125     12.5000        4.124     
     -2.8125     13.7500        4.050     
     -2.8125     15.0000        3.984     
     -2.8125     16.2500        3.933     
     -2.8125     17.5000        0.000     
     -2.8125     18.7500        0.000     

     -1.8750    -20.0000        0.000     
     -1.8750    -18.7500        0.000     
     -1.8750    -17.5000        0.000     
     -1.8750    -16.2500       0.7854     
     -1.8750    -15.0000       0.7987     
     -1.8750    -13.7500       0.8156     
     -1.8750    -12.5000       0.8481     
     -1.8750    -11.2500       0.8976     
     -1.8750    -10.0000       0.9585     
     -1.8750     -8.7500        1.027     
     -1.8750     -7.5000        1.107     
     -1.8750     -6.2500        1.199     
     -1.8750     -5.0000        1.307     
     -1.8750     -3.7500        1.438     
     -1.8750     -2.5000        1.603     
     -1.8750     -1.2500        1.824     
     -1.8750      0.0000        2.125     
     -1.8750      1.2500        2.527     
     -1.8750      2.5000        2.992     
     -1.8750      3.7500        3.411     
     -1.8750      5.0000        3.729     
     -1.8750      6.2500        3.964     
     -1.8750      7.5000        4.151     
     -1.8750      8.7500        4.311     
     -1.8750     10.0000        4.461     
     -1.8750     11.2500        4.583     
     -1.8750     12.5000        4.647     
     -1.8750     13.7500        4.594     
     -1.8750     15.0000        4.359     
     -1.8750     16.2500        0.000     
     -1.8750     17.5000        0.000     
     -1.8750     18.7500        0.000     

     -0.9375    -20.0000        0.000     
     -0.9375    -18.7500        0.000     
     -0.9375    -17.5000        0.000     
     -0.9375    -16.2500       0.7834     
     -0.9375    -15.0000       0.7808     
     -0.9375    -13.7500       0.7760     
     -0.9375    -12.5000       0.7860     
     -0.9375    -11.2500       0.8236     
     -0.9375    -10.0000       0.8938     
     -0.9375     -8.7500       0.9964     
     -0.9375     -7.5000        1.130     
     -0.9375     -6.2500        1.290     
     -0.9375     -5.0000        1.470     
     -0.9375     -3.7500        1.655     
     -0.9375     -2.5000        1.831     
     -0.9375     -1.2500        1.989     
     -0.9375      0.0000        2.125     
     -0.9375      1.2500        2.240     
     -0.9375      2.5000        2.336     
     -0.9375      3.7500        2.409     
     -0.9375      5.0000        2.430     
     -0.9375      6.2500        2.313     
     -0.9375      7.5000        1.620     
     -0.9375      8.7500       0.5435     
     -0.9375     10.0000       0.3399     
     -0.9375     11.2500       0.3775     
     -0.9375     12.5000       0.4812     
     -0.9375     13.7500       0.6020     
     -0.9375     15.0000       0.7063     
     -0.9375     16.2500       0.7747     
     -0.9375     17.5000        0.000     
     -0.9375     18.7500        0.000     

      0.0000    -20.0000        0.000     
      0.0000    -18.7500        0.000     
      0.0000    -17.5000        0.000     
      0.0000    -16.2500       0.7811     
      0.0000    -15.0000       0.7591     
      0.0000    -13.7500       0.7268     
      0.0000    -12.5000       0.7049     
      0.0000    -11.2500       0.7185     
      0.0000    -10.0000       0.7909     
      0.0000     -8.7500       0.9422     
      0.0000     -7.5000        1.173     
      0.0000     -6.2500        1.453     
      0.0000     -5.0000        1.721     
      0.0000     -3.7500        1.919     
      0.0000     -2.5000        2.040     
      0.0000     -1.2500        2.105     
      0.0000      0.0000        2.125     
      0.0000      1.2500        2.105     
      0.0000      2.5000        2.040     
      0.0000      3.7500        1.919     
      0.0000      5.0000        1.721     
      0.0000      6.2500        1.453     
      0.0000      7.5000        1.173     
      0.0000      8.7500       0.9422     
      0.0000     10.0000       0.7909     
      0.0000     11.2500       0.7185     
      0.0000     12.5000       0.7049     
      0.0000     13.7500       0.7268     
      0.0000     15.0000       0.7591     
      0.0000     16.2500       0.7811     
      0.0000     17.5000        0.000     
      0.0000     18.7500        0.000     

      0.9375    -20.0000        0.000     
      0.9375    -18.7500        0.000     
      0.9375    -17.5000        0.000     
      0.9375    -16.2500       0.7754     
      0.9375    -15.0000       0.7062     
      0.9375    -13.7500       0.6021     
      0.9375    -12.5000       0.4811     
      0.9375    -11.2500       0.3775     
      0.9375    -10.0000       0.3400     
      0.9375     -8.7500       0.5433     
      0.9375     -7.5000        1.621     
      0.9375     -6.2500        2.313     
      0.9375     -5.0000        2.431     
      0.9375     -3.7500        2.409     
      0.9375     -2.5000        2.336     
      0.9375     -1.2500        2.240     
      0.9375      0.0000        2.125     
      0.9375      1.2500        1.989     
      0.9375      2.5000        1.831     
      0.9375      3.7500        1.655     
      0.9375      5.0000        1.470     
      0.9375      6.2500        1.290     
      0.9375      7.5000        1.130     
      0.9375      8.7500       0.9964     
      0.9375     10.0000       0.8938     
      0.9375     11.2500       0.8236     
      0.9375     12.5000       0.7860     
      0.9375     13.7500       0.7760     
      0.9375     15.0000       0.7807     
      0.9375     16.2500       0.7837     
      0.9375     17.5000        0.000     
      0.9375     18.7500        0.000     

      1.8750    -20.0000        0.000     
      1.8750    -18.7500        0.000     
      1.8750    -17.5000        0.000     
      1.8750    -16.2500        0.000     
      1.8750    -15.0000        4.360     
      1.8750    -13.7500        4.594     
      1.8750    -12.5000        4.647     
      1.8750    -11.2500        4.584     
      1.8750    -10.0000        4.461     
      1.8750     -8.7500        4.311     
      1.8750     -7.5000        4.151     
      1.8750     -6.2500        3.964     
      1.8750     -5.0000        3.728     
      1.8750     -3.7500        3.411     
      1.8750     -2.5000        2.992     
      1.8750     -1.2500        2.527     
      1.8750      0.0000        2.125     
      1.8750      1.2500        1.824     
      1.8750      2.5000        1.603     
      1.8750      3.7500        1.437     
      1.8750      5.0000        1.307     
      1.8750      6.2500        1.199     
      1.8750      7.5000        1.107     
      1.8750      8.7500        1.027     
      1.8750     10.0000       0.9585     
      1.8750     11.2500       0.8976     
      1.8750     12.5000       0.8481     
      1.8750     13.7500       0.8156     
      1.8750     15.0000       0.7985     
      1.8750     16.2500       0.7860     
      1.8750     17.5000        0.000     
      1.8750     18.7500        0.000     

      2.8125    -20.0000        0.000     
      2.8125    -18.7500        0.000     
      2.8125    -17.5000        0.000     
      2.8125    -16.2500        3.932     
      2.8125    -15.0000        3.984     
      2.8125    -13.7500        4.050     
      2.8125    -12.5000        4.124     
      2.8125    -11.2500        4.181     
      2.8125    -10.0000        4.211     
      2.8125     -8.7500        4.217     
      2.8125     -7.5000        4.214     
      2.8125     -6.2500        4.204     
      2.8125     -5.0000        4.183     
      2.8125     -3.7500        4.147     
      2.8125     -2.5000        4.078     
      2.8125     -1.2500        3.876     
      2.8125      0.0000        2.127     
      2.8125      1.2500        1.339     
      2.8125      2.5000        1.216     
      2.8125      3.7500        1.165     
      2.8125      5.0000        1.135     
      2.8125      6.2500        1.109     
      2.8125      7.5000        1.084     
      2.8125      8.7500        1.058     
      2.8125     10.0000        1.029     
      2.8125     11.2500       0.9858     
      2.8125     12.5000       0.9288     
      2.8125     13.7500       0.8703     
      2.8125     15.0000       0.8239     
      2.8125     16.2500       0.7892     
      2.8125     17.5000        0.000     
      2.8125     18.7500        0.000     

      3.7500    -20.0000        0.000     
      3.7500    -18.7500        0.000     
      3.7500    -17.5000        0.000     
      3.7500    -16.2500        3.928     
      3.7500    -15.0000        3.949     
      3.7500    -13.7500        3.975     
      3.7500    -12.5000        4.017     
      3.7500    -11.2500        4.070     
      3.7500    -10.0000        4.126     
      3.7500     -8.7500        4.180     
      3.7500     -7.5000        4.240     
      3.7500     -6.2500        4.307     
      3.7500     -5.0000        4.385     
      3.7500     -3.7500        4.483     
      3.7500     -2.5000        4.623     
      3.7500     -1.2500        4.850     
      3.7500      0.0000        5.267     
      3.7500      1.2500        5.965     
      3.7500      2.5000       0.3017     
      3.7500      3.7500       0.6395     
      3.7500      5.0000       0.8318     
      3.7500      6.2500       0.9551     
      3.7500      7.5000        1.045     
      3.7500      8.7500        1.115     
      3.7500     10.0000        1.170     
      3.7500     11.2500        1.189     
      3.7500     12.5000        1.149     
      3.7500     13.7500        1.044     
      3.7500     15.0000       0.9128     
      3.7500     16.2500       0.8007     
      3.7500     17.5000        0.000     
      3.7500     18.7500        0.000     

      4.6875    -20.0000        0.000     
      4.6875    -18.7500        0.000     
      4.6875    -17.5000        0.000     
      4.6875    -16.2500        3.926     
      4.6875    -15.0000        3.929     
      4.6875    -13.7500        3.933     
      4.6875    -12.5000        3.953     
      4.6875    -11.2500        3.996     
      4.6875    -10.0000        4.063     
      4.6875     -8.7500        4.151     
      4.6875     -7.5000        4.261     
      4.6875     -6.2500        4.392     
      4.6875     -5.0000        4.543     
      4.6875     -3.7500        4.710     
      4.6875     -2.5000        4.889     
      4.6875     -1.2500        5.076     
      4.6875      0.0000        5.267     
      4.6875      1.2500        5.462     
      4.6875      2.5000        5.669     
      4.6875      3.7500        5.898     
      4.6875      5.0000        6.161     
      4.6875      6.2500       0.2179     
      4.6875      7.5000       0.7699     
      4.6875      8.7500        1.614     
      4.6875     10.0000        2.377     
      4.6875     11.2500        2.883     
      4.6875     12.5000        3.254     
      4.6875     13.7500        3.550     
      4.6875     15.0000        3.769     
      4.6875     16.2500        3.907     
      4.6875     17.5000        0.000     
      4.6875     18.7500        0.000     

      5.6250    -20.0000        0.000     
      5.6250    -18.7500        0.000     
      5.6250    -17.5000        0.000     
      5.6250    -16.2500        3.924     
      5.6250    -15.0000        3.911     
      5.6250    -13.7500        3.891     
      5.6250    -12.5000        3.884     
      5.6250    -11.2500        3.910     
      5.6250    -10.0000        3.983     
      5.6250     -8.7500        4.112     
      5.6250     -7.5000        4.292     
      5.6250     -6.2500        4.511     
      5.6250     -5.0000        4.741     
      5.6250     -3.7500        4.942     
      5.6250     -2.5000        5.095     
      5.6250     -1.2500        5.201     
      5.6250      0.0000        5.267     
      5.6250      1.2500        5.294     
      5.6250      2.5000        5.281     
      5.6250      3.7500        5.211     
      5.6250      5.0000        5.044     
      5.6250      6.2500        4.743     
      5.6250      7.5000        4.357     
      5.6250      8.7500        4.034     
      5.6250     10.0000        3.849     
      5.6250     11.2500        3.784     
      5.6250     12.5000        3.792     
      5.6250     13.7500        3.837     
      5.6250     15.0000        3.887     
      5.6250     16.2500        3.921     
      5.6250     17.5000        0.000     
      5.6250     18.7500        0.000     

      6.5625    -20.0000        0.000     
      6.5625    -18.7500        0.000     
      6.5625    -17.5000        0.000     
      6.5625    -16.2500        3.920     
      6.5625    -15.0000        3.878     
      6.5625    -13.7500        3.815     
      6.5625    -12.5000        3.754     
      6.5625    -11.2500        3.728     
      6.5625    -10.0000        3.781     
      6.5625     -8.7500        3.987     
      6.5625     -7.5000        4.399     
      6.5625     -6.2500        4.873     
      6.5625     -5.0000        5.175     
      6.5625     -3.7500        5.305     
      6.5625     -2.5000        5.339     
      6.5625     -1.2500        5.321     
      6.5625      0.0000        5.267     
      6.5625      1.2500        5.178     
      6.5625      2.5000        5.053     
      6.5625      3.7500        4.891     
      6.5625      5.0000        4.693     
      6.5625      6.2500        4.480     
      6.5625      7.5000        4.284     
      6.5625      8.7500        4.122     
      6.5625     10.0000        4.003     
      6.5625     11.2500        3.931     
      6.5625     12.5000        3.900     
      6.5625     13.7500        3.901     
      6.5625     15.0000        3.915     
      6.5625     16.2500        3.924     
      6.5625     17.5000        0.000     
      6.5625     18.7500        0.000     

      7.5000    -20.0000        0.000     
      7.5000    -18.7500        0.000     
      7.5000    -17.5000        0.000     
      7.5000    -16.2500        0.000     
      7.5000    -15.0000        3.640     
      7.5000    -13.7500        3.243     
      7.5000    -12.5000        2.747     
      7.5000    -11.2500        2.247     
      7.5000    -10.0000        1.771     
      7.5000     -8.7500        1.327     
      7.5000     -7.5000       0.9169     
      7.5000     -6.2500       0.5285     
      7.5000     -5.0000       0.1670     
      7.5000     -3.7500        6.110     
      7.5000     -2.5000        5.795     
      7.5000     -1.2500        5.514     
      7.5000      0.0000        5.267     
      7.5000      1.2500        5.044     
      7.5000      2.5000        4.844     
      7.5000      3.7500        4.667     
      7.5000      5.0000        4.511     
      7.5000      6.2500        4.374     
      7.5000      7.5000        4.257     
      7.5000      8.7500        4.157     
      7.5000     10.0000        4.075     
      7.5000     11.2500        4.010     
      7.5000     12.5000        3.965     
      7.5000     13.7500        3.941     
      7.5000     15.0000        3.933     
      7.5000     16.2500        3.927     
      7.5000     17.5000        0.000     
      7.5000     18.7500        0.000     

      8.4375    -20.0000        0.000     
      8.4375    -18.7500        0.000     
      8.4375    -17.5000        0.000     
      8.4375    -16.2500       0.7943     
      8.4375    -15.0000       0.8781     
      8.4375    -13.7500       0.9786     
      8.4375    -12.5000        1.072     
      8.4375    -11.2500        1.124     
      8.4375    -10.0000        1.127     
      8.4375     -8.7500        1.098     
      8.4375     -7.5000        1.056     
      8.4375     -6.2500       0.9985     
      8.4375     -5.0000       0.9157     
      8.4375     -3.7500       0.7840     
      8.4375     -2.5000       0.5362     
      8.4375     -1.2500        6.227     
      8.4375      0.0000        5.267     
      8.4375      1.2500        4.765     
      8.4375      2.5000        4.549     
      8.4375      3.7500        4.430     
      8.4375      5.0000        4.352     
      8.4375      6.2500        4.289     
      8.4375      7.5000        4.236     
      8.4375      8.7500        4.186     
      8.4375     10.0000        4.139     
      8.4375     11.2500        4.087     
      8.4375     12.5000        4.033     
      8.4375     13.7500        3.986     
      8.4375     15.0000        3.953     
      8.4375     16.2500        3.929     
      8.4375     17.5000        0.000     
      8.4375     18.7500        0.000     

      9.3750    -20.0000        0.000     
      9.3750    -18.7500        0.000     
      9.3750    -17.5000        0.000     
      9.3750    -16.2500       0.7875     
      9.3750    -15.0000       0.8175     
      9.3750    -13.7500       0.8562     
      9.3750    -12.5000       0.9087     
      9.3750    -11.2500       0.9646     
      9.3750    -10.0000        1.013     
      9.3750     -8.7500        1.051     
      9.3750     -7.5000        1.089     
      9.3750     -6.2500        1.129     
      9.3750     -5.0000        1.174     
      9.3750     -3.7500        1.230     
      9.3750     -2.5000        1.320     
      9.3750     -1.2500        1.508     
      9.3750      0.0000        2.125     
      9.3750      1.2500        3.453     
      9.3750      2.5000        3.894     
      9.3750      3.7500        4.045     
      9.3750      5.0000        4.126     
      9.3750      6.2500        4.175     
      9.3750      7.5000        4.207     
      9.3750      8.7500        4.227     
      9.3750     10.0000        4.237     
      9.3750     11.2500        4.218     
      9.3750     12.5000        4.162     
      9.3750     13.7500        4.079     
      9.3750     15.0000        3.998     
      9.3750     16.2500        3.935     
      9.3750     17.5000        0.000     
      9.3750     18.7500        0.000     

     10.3125    -20.0000        0.000     
     10.3125    -18.7500        0.000     
     10.3125    -17.5000        0.000     
     10.3125    -16.2500       0.7850     
     10.3125    -15.0000       0.7949     
     10.3125    -13.7500       0.8074     
     10.3125    -12.5000       0.8355     
     10.3125    -11.2500       0.8830     
     10.3125    -10.0000       0.9461     
     10.3125     -8.7500        1.021     
     10.3125     -7.5000        1.111     
     10.3125     -6.2500        1.216     
     10.3125     -5.0000        1.338     
     10.3125     -3.7500        1.482     
     10.3125     -2.5000        1.655     
     10.3125     -1.2500        1.867     
     10.3125      0.0000        2.125     
     10.3125      1.2500        2.440     
     10.3125      2.5000        2.807     
     10.3125      3.7500        3.192     
     10.3125      5.0000        3.546     
     10.3125      6.2500        3.851     
     10.3125      7.5000        4.119     
     10.3125      8.7500        4.364     
     10.3125     10.0000        4.614     
     10.3125     11.2500        4.868     
     10.3125     12.5000        5.135     
     10.3125     13.7500        5.466     
     10.3125     15.0000        0.000     
     10.3125     16.2500        0.000     
     10.3125     17.5000        0.000     
     10.3125     18.7500        0.000     

     11.2500    -20.0000        0.000     
     11.2500    -18.7500        0.000     
     11.2500    -17.5000        0.000     
     11.2500    -16.2500       0.7830     
     11.2500    -15.0000       0.7771     
     11.2500    -13.7500       0.7677     
     11.2500    -12.5000       0.7727     
     11.2500    -11.2500       0.8071     
     11.2500    -10.0000       0.8785     
     11.2500     -8.7500       0.9888     
     11.2500     -7.5000        1.136     
     11.2500     -6.2500        1.313     
     11.2500     -5.0000        1.509     
     11.2500     -3.7500        1.701     
     11.2500     -2.5000        1.871     
     11.2500     -1.2500        2.013     
     11.2500      0.0000        2.125     
     11.2500      1.2500        2.208     
     11.2500      2.5000        2.262     
     11.2500      3.7500        2.275     
     11.2500      5.0000        2.205     
     11.2500      6.2500        1.945     
     11.2500      7.5000        1.344     
     11.2500      8.7500       0.7591     
     11.2500     10.0000       0.5318     
     11.2500     11.2500       0.5046     
     11.2500     12.5000       0.5593     
     11.2500     13.7500       0.6442     
     11.2500     15.0000       0.7239     
     11.2500     16.2500       0.7768     
     11.2500     17.5000        0.000     
     11.2500     18.7500        0.000     

     12.1875    -20.0000        0.000     
     12.1875    -18.7500        0.000     
     12.1875    -17.5000        0.000     
     12.1875    -16.2500       0.7804     
     12.1875    -15.0000       0.7529     
     12.1875    -13.7500       0.7127     
     12.1875    -12.5000       0.6807     
     12.1875    -11.2500       0.6852     
     12.1875    -10.0000       0.7554     
     12.1875     -8.7500       0.9216     
     12.1875     -7.5000        1.190     
     12.1875     -6.2500        1.515     
     12.1875     -5.0000        1.801     
     12.1875     -3.7500        1.989     
     12.1875     -2.5000        2.088     
     12.1875     -1.2500        2.128     
     12.1875      0.0000        2.125     
     12.1875      1.2500        2.082     
     12.1875      2.5000        1.995     
     12.1875      3.7500        1.856     
     12.1875      5.0000        1.655     
     12.1875      6.2500        1.406     
     12.1875      7.5000        1.160     
     12.1875      8.7500       0.9577     
     12.1875     10.0000       0.8189     
     12.1875     11.2500       0.7457     
     12.1875     12.5000       0.7252     
     12.1875     13.7500       0.7389     
     12.1875     15.0000       0.7643     
     12.1875     16.2500       0.7817     
     12.1875     17.5000        0.000     
     12.1875     18.7500        0.000     

     13.1250    -20.0000        0.000     
     13.1250    -18.7500        0.000     
     13.1250    -17.5000        0.000     
     13.1250    -16.2500       0.7725     
     13.1250    -15.0000       0.6785     
     13.1250    -13.7500       0.5347     
     13.1250    -12.5000       0.3531     
     13.1250    -11.2500       0.1568     
     13.1250    -10.0000        6.230     
     13.1250     -8.7500        5.937     
     13.1250     -7.5000        3.173     
     13.1250     -6.2500        2.859     
     13.1250     -5.0000        2.711     
     13.1250     -3.7500        2.569     
     13.1250     -2.5000        2.423     
     13.1250     -1.2500        2.277     
     13.1250      0.0000        2.125     
     13.1250      1.2500        1.963     
     13.1250      2.5000        1.790     
     13.1250      3.7500        1.611     
     13.1250      5.0000        1.435     
     13.1250      6.2500        1.269     
     13.1250      7.5000        1.125     
     13.1250      8.7500        1.003     
     13.1250     10.0000       0.9079     
     13.1250     11.2500       0.8392     
     13.1250     12.5000       0.7987     
     13.1250     13.7500       0.7839     
     13.1250     15.0000       0.7842     
     13.1250     16.2500       0.7842     
     13.1250     17.5000        0.000     
     13.1250     18.7500        0.000     

     14.0625    -20.0000        0.000     
     14.0625    -18.7500        0.000     
     14.0625    -17.5000        0.000     
     14.0625    -16.2500        3.949     
     14.0625    -15.0000        4.127     
     14.0625    -13.7500        4.306     
     14.0625    -12.5000        4.414     
     14.0625    -11.2500        4.427     
     14.0625    -10.0000        4.371     
     14.0625     -8.7500        4.279     
     14.0625     -7.5000        4.172     
     14.0625     -6.2500        4.041     
     14.0625     -5.0000        3.867     
     14.0625     -3.7500        3.610     
     14.0625     -2.5000        3.208     
     14.0625     -1.2500        2.648     
     14.0625      0.0000        2.126     
     14.0625      1.2500        1.772     
     14.0625      2.5000        1.546     
     14.0625      3.7500        1.391     
     14.0625      5.0000        1.276     
     14.0625      6.2500        1.182     
     14.0625      7.5000        1.103     
     14.0625      8.7500        1.033     
     14.0625     10.0000       0.9711     
     14.0625     11.2500       0.9127     
     14.0625     12.5000       0.8614     
     14.0625     13.7500       0.8244     
     14.0625     15.0000       0.8025     
     14.0625     16.2500       0.7865     
     14.0625     17.5000        0.000     
     14.0625     18.7500        0.000     

     15.0000    -20.0000        0.000     
     15.0000    -18.7500        0.000     
     15.0000    -17.5000        0.000     
     15.0000    -16.2500        3.931     
     15.0000    -15.0000        3.974     
     15.0000    -13.7500        4.029     
     15.0000    -12.5000        4.094     
     15.0000    -11.2500        4.152     
     15.0000    -10.0000        4.189     
     15.0000     -8.7500        4.208     
     15.0000     -7.5000        4.220     
     15.0000     -6.2500        4.229     
     15.0000     -5.0000        4.233     
     15.0000     -3.7500        4.233     
     15.0000     -2.5000        4.231     
     15.0000     -1.2500        4.232     
     15.0000      0.0000        0.000     
     15.0000      1.2500        1.090     
     15.0000      2.5000        1.090     
     15.0000      3.7500        1.091     
     15.0000      5.0000        1.091     
     15.0000      6.2500        1.087     
     15.0000      7.5000        1.079     
     15.0000      8.7500        1.066     
     15.0000     10.0000        1.047     
     15.0000     11.2500        1.010     
     15.0000     12.5000       0.9527     
     15.0000     13.7500       0.8873     
     15.0000     15.0000       0.8321     
     15.0000     16.2500       0.7902     
     15.0000     17.5000        0.000     
     15.0000     18.7500        0.000     

     15.9375    -20.0000        0.000     
     15.9375    -18.7500        0.000     
     15.9375    -17.5000        0.000     
     15.9375    -16.2500        3.927     
     15.9375    -15.0000        3.944     
     15.9375    -13.7500        3.966     
     15.9375    -12.5000        4.003     
     15.9375    -11.2500        4.054     
     15.9375    -10.0000        4.113     
     15.9375     -8.7500        4.174     
     15.9375     -7.5000        4.244     
     15.9375     -6.2500        4.324     
     15.9375     -5.0000        4.417     
     15.9375     -3.7500        4.533     
     15.9375     -2.5000        4.687     
     15.9375     -1.2500        4.914     
     15.9375      0.0000        5.267     
     15.9375      1.2500        5.790     
     15.9375      2.5000       0.6649E-001
     15.9375      3.7500       0.4680     
     15.9375      5.0000       0.7253     
     15.9375      6.2500       0.8991     
     15.9375      7.5000        1.031     
     15.9375      8.7500        1.137     
     15.9375     10.0000        1.229     
     15.9375     11.2500        1.285     
     15.9375     12.5000        1.273     
     15.9375     13.7500        1.164     
     15.9375     15.0000       0.9847     
     15.9375     16.2500       0.8105     
     15.9375     17.5000        0.000     
     15.9375     18.7500        0.000     

     16.8750    -20.0000        0.000     
     16.8750    -18.7500        0.000     
     16.8750    -17.5000        0.000     
     16.8750    -16.2500        3.925     
     16.8750    -15.0000        3.926     
     16.8750    -13.7500        3.925     
     16.8750    -12.5000        3.940     
     16.8750    -11.2500        3.981     
     16.8750    -10.0000        4.049     
     16.8750     -8.7500        4.145     
     16.8750     -7.5000        4.266     
     16.8750     -6.2500        4.411     
     16.8750     -5.0000        4.576     
     16.8750     -3.7500        4.753     
     16.8750     -2.5000        4.931     
     16.8750     -1.2500        5.104     
     16.8750      0.0000        5.267     
     16.8750      1.2500        5.418     
     16.8750      2.5000        5.565     
     16.8750      3.7500        5.711     
     16.8750      5.0000        5.852     
     16.8750      6.2500        6.000     
     16.8750      7.5000       0.3163E-001
     16.8750      8.7500        2.795     
     16.8750     10.0000        3.089     
     16.8750     11.2500        3.298     
     16.8750     12.5000        3.495     
     16.8750     13.7500        3.676     
     16.8750     15.0000        3.820     
     16.8750     16.2500        3.913     
     16.8750     17.5000        0.000     
     16.8750     18.7500        0.000     

     17.8125    -20.0000        0.000     
     17.8125    -18.7500        0.000     
     17.8125    -17.5000        0.000     
     17.8125    -16.2500        3.923     
     17.8125    -15.0000        3.906     
     17.8125    -13.7500        3.880     
     17.8125    -12.5000        3.867     
     17.8125    -11.2500        3.887     
     17.8125    -10.0000        3.961     
     17.8125     -8.7500        4.099     
     17.8125     -7.5000        4.302     
     17.8125     -6.2500        4.548     
     17.8125     -5.0000        4.796     
     17.8125     -3.7500        4.998     
     17.8125     -2.5000        5.137     
     17.8125     -1.2500        5.224     
     17.8125      0.0000        5.267     
     17.8125      1.2500        5.270     
     17.8125      2.5000        5.229     
     17.8125      3.7500        5.130     
     17.8125      5.0000        4.943     
     17.8125      6.2500        4.656     
     17.8125      7.5000        4.331     
     17.8125      8.7500        4.063     
     17.8125     10.0000        3.897     
     17.8125     11.2500        3.827     
     17.8125     12.5000        3.822     
     17.8125     13.7500        3.854     
     17.8125     15.0000        3.895     
     17.8125     16.2500        3.922     
     17.8125     17.5000        0.000     
     17.8125     18.7500        0.000     

     18.7500    -20.0000        0.000     
     18.7500    -18.7500        0.000     
     18.7500    -17.5000        0.000     
     18.7500    -16.2500        3.919     
     18.7500    -15.0000        3.865     
     18.7500    -13.7500        3.786     
     18.7500    -12.5000        3.701     
     18.7500    -11.2500        3.646     
     18.7500    -10.0000        3.673     
     18.7500     -8.7500        3.901     
     18.7500     -7.5000        4.486     
     18.7500     -6.2500        5.086     
     18.7500     -5.0000        5.347     
     18.7500     -3.7500        5.417     
     18.7500     -2.5000        5.403     
     18.7500     -1.2500        5.349     
     18.7500      0.0000        5.267     
     18.7500      1.2500        5.155     
     18.7500      2.5000        5.013     
     18.7500      3.7500        4.843     
     18.7500      5.0000        4.650     
     18.7500      6.2500        4.454     
     18.7500      7.5000        4.277     
     18.7500      8.7500        4.130     
     18.7500     10.0000        4.020     
     18.7500     11.2500        3.949     
     18.7500     12.5000        3.914     
     18.7500     13.7500        3.909     
     18.7500     15.0000        3.919     
     18.7500     16.2500        3.925     
     18.7500     17.5000        0.000     
     18.7500     18.7500        0.000     

     19.6875    -20.0000        0.000     
     19.6875    -18.7500        0.000     
     19.6875    -17.5000        0.000     
     19.6875    -16.2500        0.000     
     19.6875    -15.0000        0.000     
     19.6875    -13.7500        2.325     
     19.6875    -12.5000        1.993     
     19.6875    -11.2500        1.726     
     19.6875    -10.0000        1.472     
     19.6875     -8.7500        1.223     
     19.6875     -7.5000       0.9768     
     19.6875     -6.2500       0.7093     
     19.6875     -5.0000       0.4044     
     19.6875     -3.7500       0.5093E-001
     19.6875     -2.5000        5.949     
     19.6875     -1.2500        5.581     
     19.6875      0.0000        5.267     
     19.6875      1.2500        5.008     
     19.6875      2.5000        4.797     
     19.6875      3.7500        4.624     
     19.6875      5.0000        4.480     
     19.6875      6.2500        4.357     
     19.6875      7.5000        4.253     
     19.6875      8.7500        4.163     
     19.6875     10.0000        4.088     
     19.6875     11.2500        4.025     
     19.6875     12.5000        3.977     
     19.6875     13.7500        3.949     
     19.6875     15.0000        3.936     
     19.6875     16.2500        3.927     
     19.6875     17.5000        0.000     
     19.6875     18.7500        0.000     

     20.6250    -20.0000        0.000     
     20.6250    -18.7500        0.000     
     20.6250    -17.5000        0.000     
     20.6250    -16.2500       0.7920     
     20.6250    -15.0000       0.8570     
     20.6250    -13.7500       0.9375     
     20.6250    -12.5000        1.020     
     20.6250    -11.2500        1.076     
     20.6250    -10.0000        1.095     
     20.6250     -8.7500        1.086     
     20.6250     -7.5000        1.065     
     20.6250     -6.2500        1.033     
     20.6250     -5.0000       0.9843     
     20.6250     -3.7500       0.9043     
     20.6250     -2.5000       0.7514     
     20.6250     -1.2500       0.3125     
     20.6250      0.0000        5.267     
     20.6250      1.2500        4.648     
     20.6250      2.5000        4.462     
     20.6250      3.7500        4.372     
     20.6250      5.0000        4.316     
     20.6250      6.2500        4.271     
     20.6250      7.5000        4.231     
     20.6250      8.7500        4.193     
     20.6250     10.0000        4.154     
     20.6250     11.2500        4.106     
     20.6250     12.5000        4.050     
     20.6250     13.7500        3.998     
     20.6250     15.0000        3.959     
     20.6250     16.2500        3.930     
     20.6250     17.5000        0.000     
     20.6250     18.7500        0.000     

     21.5625    -20.0000        0.000     
     21.5625    -18.7500        0.000     
     21.5625    -17.5000        0.000     
     21.5625    -16.2500       0.7869     
     21.5625    -15.0000       0.8119     
     21.5625    -13.7500       0.8442     
     21.5625    -12.5000       0.8912     
     21.5625    -11.2500       0.9457     
     21.5625    -10.0000       0.9977     
     21.5625     -8.7500        1.045     
     21.5625     -7.5000        1.094     
     21.5625     -6.2500        1.148     
     21.5625     -5.0000        1.210     
     21.5625     -3.7500        1.289     
     21.5625     -2.5000        1.407     
     21.5625     -1.2500        1.624     
     21.5625      0.0000        2.125     
     21.5625      1.2500        3.085     
     21.5625      2.5000        3.678     
     21.5625      3.7500        3.925     
     21.5625      5.0000        4.058     
     21.5625      6.2500        4.140     
     21.5625      7.5000        4.198     
     21.5625      8.7500        4.240     
     21.5625     10.0000        4.269     
     21.5625     11.2500        4.265     
     21.5625     12.5000        4.214     
     21.5625     13.7500        4.120     
     21.5625     15.0000        4.019     
     21.5625     16.2500        3.938     
     21.5625     17.5000        0.000     
     21.5625     18.7500        0.000     

     22.5000    -20.0000        0.000     
     22.5000    -18.7500        0.000     
     22.5000    -17.5000        0.000     
     22.5000    -16.2500       0.7846     
     22.5000    -15.0000       0.7913     
     22.5000    -13.7500       0.7994     
     22.5000    -12.5000       0.8232     
     22.5000    -11.2500       0.8686     
     22.5000    -10.0000       0.9337     
     22.5000     -8.7500        1.016     
     22.5000     -7.5000        1.115     
     22.5000     -6.2500        1.233     
     22.5000     -5.0000        1.369     
     22.5000     -3.7500        1.526     
     22.5000     -2.5000        1.702     
     22.5000     -1.2500        1.903     
     22.5000      0.0000        2.125     
     22.5000      1.2500        2.373     
     22.5000      2.5000        2.654     
     22.5000      3.7500        2.969     
     22.5000      5.0000        3.309     
     22.5000      6.2500        3.670     
     22.5000      7.5000        4.059     
     22.5000      8.7500        4.468     
     22.5000     10.0000        4.913     
     22.5000     11.2500        5.388     
     22.5000     12.5000        5.889     
     22.5000     13.7500       0.1006     
     22.5000     15.0000       0.4992     
     22.5000     16.2500        0.000     
     22.5000     17.5000        0.000     
     22.5000     18.7500        0.000     

     23.4375    -20.0000        0.000     
     23.4375    -18.7500        0.000     
     23.4375    -17.5000        0.000     
     23.4375    -16.2500       0.7826     
     23.4375    -15.0000       0.7732     
     23.4375    -13.7500       0.7590     
     23.4375    -12.5000       0.7584     
     23.4375    -11.2500       0.7890     
     23.4375    -10.0000       0.8614     
     23.4375     -8.7500       0.9801     
     23.4375     -7.5000        1.142     
     23.4375     -6.2500        1.339     
     23.4375     -5.0000        1.551     
     23.4375     -3.7500        1.749     
     23.4375     -2.5000        1.912     
     23.4375     -1.2500        2.037     
     23.4375      0.0000        2.125     
     23.4375      1.2500        2.179     
     23.4375      2.5000        2.197     
     23.4375      3.7500        2.164     
     23.4375      5.0000        2.033     
     23.4375      6.2500        1.731     
     23.4375      7.5000        1.258     
     23.4375      8.7500       0.8456     
     23.4375     10.0000       0.6393     
     23.4375     11.2500       0.5860     
     23.4375     12.5000       0.6122     
     23.4375     13.7500       0.6735     
     23.4375     15.0000       0.7362     
     23.4375     16.2500       0.7783     
     23.4375     17.5000        0.000     
     23.4375     18.7500        0.000     

     24.3750    -20.0000        0.000     
     24.3750    -18.7500        0.000     
     24.3750    -17.5000        0.000     
     24.3750    -16.2500       0.7796     
     24.3750    -15.0000       0.7455     
     24.3750    -13.7500       0.6954     
     24.3750    -12.5000       0.6508     
     24.3750    -11.2500       0.6428     
     24.3750    -10.0000       0.7077     
     24.3750     -8.7500       0.8921     
     24.3750     -7.5000        1.215     
     24.3750     -6.2500        1.601     
     24.3750     -5.0000        1.902     
     24.3750     -3.7500        2.069     
     24.3750     -2.5000        2.140     
     24.3750     -1.2500        2.153     
     24.3750      0.0000        2.125     
     24.3750      1.2500        2.059     
     24.3750      2.5000        1.953     
     24.3750      3.7500        1.800     
     24.3750      5.0000        1.599     
     24.3750      6.2500        1.369     
     24.3750      7.5000        1.150     
     24.3750      8.7500       0.9700     
     24.3750     10.0000       0.8419     
     24.3750     11.2500       0.7688     
     24.3750     12.5000       0.7428     
     24.3750     13.7500       0.7495     
     24.3750     15.0000       0.7690     
     24.3750     16.2500       0.7823     
     24.3750     17.5000        0.000     
     24.3750     18.7500        0.000     

     25.3125    -20.0000        0.000     
     25.3125    -18.7500        0.000     
     25.3125    -17.5000        0.000     
     25.3125    -16.2500       0.7671     
     25.3125    -15.0000       0.6273     
     25.3125    -13.7500       0.4088     
     25.3125    -12.5000       0.1120     
     25.3125    -11.2500        6.025     
     25.3125    -10.0000        5.519     
     25.3125     -8.7500        4.756     
     25.3125     -7.5000        3.911     
     25.3125     -6.2500        3.360     
     25.3125     -5.0000        3.019     
     25.3125     -3.7500        2.757     
     25.3125     -2.5000        2.528     
     25.3125     -1.2500        2.320     
     25.3125      0.0000        2.125     
     25.3125      1.2500        1.934     
     25.3125      2.5000        1.747     
     25.3125      3.7500        1.568     
     25.3125      5.0000        1.402     
     25.3125      6.2500        1.250     
     25.3125      7.5000        1.120     
     25.3125      8.7500        1.010     
     25.3125     10.0000       0.9211     
     25.3125     11.2500       0.8540     
     25.3125     12.5000       0.8110     
     25.3125     13.7500       0.7917     
     25.3125     15.0000       0.7877     
     25.3125     16.2500       0.7846     
     25.3125     17.5000        0.000     
     25.3125     18.7500        0.000     

     26.2500    -20.0000        0.000     
     26.2500    -18.7500        0.000     
     26.2500    -17.5000        0.000     
     26.2500    -16.2500        3.940     
     26.2500    -15.0000        4.055     
     26.2500    -13.7500        4.185     
     26.2500    -12.5000        4.290     
     26.2500    -11.2500        4.330     
     26.2500    -10.0000        4.311     
     26.2500     -8.7500        4.257     
     26.2500     -7.5000        4.187     
     26.2500     -6.2500        4.097     
     26.2500     -5.0000        3.973     
     26.2500     -3.7500        3.782     
     26.2500     -2.5000        3.443     
     26.2500     -1.2500        2.824     
     26.2500      0.0000        2.126     
     26.2500      1.2500        1.708     
     26.2500      2.5000        1.481     
     26.2500      3.7500        1.342     
     26.2500      5.0000        1.244     
     26.2500      6.2500        1.165     
     26.2500      7.5000        1.098     
     26.2500      8.7500        1.039     
     26.2500     10.0000       0.9841     
     26.2500     11.2500       0.9286     
     26.2500     12.5000       0.8756     
     26.2500     13.7500       0.8338     
     26.2500     15.0000       0.8069     
     26.2500     16.2500       0.7870     
     26.2500     17.5000        0.000     
     26.2500     18.7500        0.000     

     27.1875    -20.0000        0.000     
     27.1875    -18.7500        0.000     
     27.1875    -17.5000        0.000     
     27.1875    -16.2500        3.930     
     27.1875    -15.0000        3.966     
     27.1875    -13.7500        4.012     
     27.1875    -12.5000        4.070     
     27.1875    -11.2500        4.127     
     27.1875    -10.0000        4.170     
     27.1875     -8.7500        4.200     
     27.1875     -7.5000        4.226     
     27.1875     -6.2500        4.251     
     27.1875     -5.0000        4.276     
     27.1875     -3.7500        4.307     
     27.1875     -2.5000        4.357     
     27.1875     -1.2500        4.482     
     27.1875      0.0000        5.266     
     27.1875      1.2500       0.7328     
     27.1875      2.5000       0.9369     
     27.1875      3.7500        1.005     
     27.1875      5.0000        1.042     
     27.1875      6.2500        1.062     
     27.1875      7.5000        1.073     
     27.1875      8.7500        1.075     
     27.1875     10.0000        1.069     
     27.1875     11.2500        1.040     
     27.1875     12.5000       0.9823     
     27.1875     13.7500       0.9088     
     27.1875     15.0000       0.8425     
     27.1875     16.2500       0.7916     
     27.1875     17.5000        0.000     
     27.1875     18.7500        0.000     

     28.1250    -20.0000        0.000     
     28.1250    -18.7500        0.000     
     28.1250    -17.5000        0.000     
     28.1250    -16.2500        3.927     
     28.1250    -15.0000        3.940     
     28.1250    -13.7500        3.957     
     28.1250    -12.5000        3.990     
     28.1250    -11.2500        4.039     
     28.1250    -10.0000        4.100     
     28.1250     -8.7500        4.169     
     28.1250     -7.5000        4.248     
     28.1250     -6.2500        4.340     
     28.1250     -5.0000        4.449     
     28.1250     -3.7500        4.579     
     28.1250     -2.5000        4.745     
     28.1250     -1.2500        4.966     
     28.1250      0.0000        5.267     
     28.1250      1.2500        5.669     
     28.1250      2.5000        6.134     
     28.1250      3.7500       0.2694     
     28.1250      5.0000       0.5870     
     28.1250      6.2500       0.8221     
     28.1250      7.5000        1.010     
     28.1250      8.7500        1.170     
     28.1250     10.0000        1.319     
     28.1250     11.2500        1.442     
     28.1250     12.5000        1.505     
     28.1250     13.7500        1.453     
     28.1250     15.0000        1.218     
     28.1250     16.2500        0.000     
     28.1250     17.5000        0.000     
     28.1250     18.7500        0.000     

     29.0625    -20.0000        0.000     
     29.0625    -18.7500        0.000     
     29.0625    -17.5000        0.000     
     29.0625    -16.2500        3.925     
     29.0625    -15.0000        3.922     
     29.0625    -13.7500        3.918     
     29.0625    -12.5000        3.928     
     29.0625    -11.2500        3.965     
     29.0625    -10.0000        4.035     
     29.0625     -8.7500        4.138     
     29.0625     -7.5000        4.271     
     29.0625     -6.2500        4.432     
     29.0625     -5.0000        4.612     
     29.0625     -3.7500        4.797     
     29.0625     -2.5000        4.972     
     29.0625     -1.2500        5.131     
     29.0625      0.0000        5.267     
     29.0625      1.2500        5.382     
     29.0625      2.5000        5.478     
     29.0625      3.7500        5.551     
     29.0625      5.0000        5.572     
     29.0625      6.2500        5.455     
     29.0625      7.5000        4.762     
     29.0625      8.7500        3.685     
     29.0625     10.0000        3.482     
     29.0625     11.2500        3.519     
     29.0625     12.5000        3.623     
     29.0625     13.7500        3.744     
     29.0625     15.0000        3.848     
     29.0625     16.2500        3.916     
     29.0625     17.5000        0.000     
     29.0625     18.7500        0.000     

