    -30.0000    -20.0000        0.000     
    -30.0000    -18.7500        0.000     
    -30.0000    -17.5000        0.000     
    -30.0000    -16.2500        5.174     
    -30.0000    -15.0000        5.175     
    -30.0000    -13.7500        5.177     
    -30.0000    -12.5000        5.180     
    -30.0000    -11.2500        5.182     
    -30.0000    -10.0000        5.186     
    -30.0000     -8.7500        5.189     
    -30.0000     -7.5000        5.194     
    -30.0000     -6.2500        5.201     
    -30.0000     -5.0000        5.209     
    -30.0000     -3.7500        5.218     
    -30.0000     -2.5000        5.226     
    -30.0000     -1.2500        5.237     
    -30.0000      0.0000        0.000     
    -30.0000      1.2500        5.237     
    -30.0000      2.5000        5.226     
    -30.0000      3.7500        5.218     
    -30.0000      5.0000        5.209     
    -30.0000      6.2500        5.201     
    -30.0000      7.5000        5.194     
    -30.0000      8.7500        5.189     
    -30.0000     10.0000        5.186     
    -30.0000     11.2500        5.182     
    -30.0000     12.5000        5.180     
    -30.0000     13.7500        5.177     
    -30.0000     15.0000        5.175     
    -30.0000     16.2500        5.174     
    -30.0000     17.5000        0.000     
    -30.0000     18.7500        0.000     

    -29.0625    -20.0000        0.000     
    -29.0625    -18.7500        0.000     
    -29.0625    -17.5000        0.000     
    -29.0625    -16.2500        5.666     
    -29.0625    -15.0000        5.666     
    -29.0625    -13.7500        5.668     
    -29.0625    -12.5000        5.671     
    -29.0625    -11.2500        5.673     
    -29.0625    -10.0000        5.676     
    -29.0625     -8.7500        5.680     
    -29.0625     -7.5000        5.685     
    -29.0625     -6.2500        5.692     
    -29.0625     -5.0000        5.700     
    -29.0625     -3.7500        5.708     
    -29.0625     -2.5000        5.717     
    -29.0625     -1.2500        5.724     
    -29.0625      0.0000        0.000     
    -29.0625      1.2500        4.753     
    -29.0625      2.5000        4.734     
    -29.0625      3.7500        4.727     
    -29.0625      5.0000        4.718     
    -29.0625      6.2500        4.711     
    -29.0625      7.5000        4.704     
    -29.0625      8.7500        4.699     
    -29.0625     10.0000        4.695     
    -29.0625     11.2500        4.692     
    -29.0625     12.5000        4.689     
    -29.0625     13.7500        4.686     
    -29.0625     15.0000        4.685     
    -29.0625     16.2500        4.683     
    -29.0625     17.5000        0.000     
    -29.0625     18.7500        0.000     

    -28.1250    -20.0000        0.000     
    -28.1250    -18.7500        0.000     
    -28.1250    -17.5000        0.000     
    -28.1250    -16.2500        6.156     
    -28.1250    -15.0000        6.156     
    -28.1250    -13.7500        6.159     
    -28.1250    -12.5000        6.162     
    -28.1250    -11.2500        6.164     
    -28.1250    -10.0000        6.167     
    -28.1250     -8.7500        6.171     
    -28.1250     -7.5000        6.176     
    -28.1250     -6.2500        6.183     
    -28.1250     -5.0000        6.191     
    -28.1250     -3.7500        6.199     
    -28.1250     -2.5000        6.208     
    -28.1250     -1.2500        6.215     
    -28.1250      0.0000        0.000     
    -28.1250      1.2500        4.268     
    -28.1250      2.5000        4.243     
    -28.1250      3.7500        4.236     
    -28.1250      5.0000        4.227     
    -28.1250      6.2500        4.220     
    -28.1250      7.5000        4.213     
    -28.1250      8.7500        4.208     
    -28.1250     10.0000        4.204     
    -28.1250     11.2500        4.201     
    -28.1250     12.5000        4.198     
    -28.1250     13.7500        4.196     
    -28.1250     15.0000        4.194     
    -28.1250     16.2500        4.192     
    -28.1250     17.5000        0.000     
    -28.1250     18.7500        0.000     

    -27.1875    -20.0000        0.000     
    -27.1875    -18.7500        0.000     
    -27.1875    -17.5000        0.000     
    -27.1875    -16.2500       0.3637     
    -27.1875    -15.0000       0.3643     
    -27.1875    -13.7500       0.3668     
    -27.1875    -12.5000       0.3692     
    -27.1875    -11.2500       0.3719     
    -27.1875    -10.0000       0.3753     
    -27.1875     -8.7500       0.3789     
    -27.1875     -7.5000       0.3841     
    -27.1875     -6.2500       0.3909     
    -27.1875     -5.0000       0.3990     
    -27.1875     -3.7500       0.4069     
    -27.1875     -2.5000       0.4155     
    -27.1875     -1.2500       0.4250     
    -27.1875      0.0000        0.000     
    -27.1875      1.2500        3.777     
    -27.1875      2.5000        3.752     
    -27.1875      3.7500        3.745     
    -27.1875      5.0000        3.737     
    -27.1875      6.2500        3.729     
    -27.1875      7.5000        3.722     
    -27.1875      8.7500        3.717     
    -27.1875     10.0000        3.713     
    -27.1875     11.2500        3.710     
    -27.1875     12.5000        3.707     
    -27.1875     13.7500        3.705     
    -27.1875     15.0000        3.702     
    -27.1875     16.2500        3.702     
    -27.1875     17.5000        0.000     
    -27.1875     18.7500        0.000     

    -26.2500    -20.0000        0.000     
    -26.2500    -18.7500        0.000     
    -26.2500    -17.5000        0.000     
    -26.2500    -16.2500       0.8541     
    -26.2500    -15.0000       0.8555     
    -26.2500    -13.7500       0.8576     
    -26.2500    -12.5000       0.8602     
    -26.2500    -11.2500       0.8627     
    -26.2500    -10.0000       0.8661     
    -26.2500     -8.7500       0.8697     
    -26.2500     -7.5000       0.8750     
    -26.2500     -6.2500       0.8817     
    -26.2500     -5.0000       0.8897     
    -26.2500     -3.7500       0.8977     
    -26.2500     -2.5000       0.9060     
    -26.2500     -1.2500       0.9192     
    -26.2500      0.0000        0.000     
    -26.2500      1.2500        3.280     
    -26.2500      2.5000        3.262     
    -26.2500      3.7500        3.254     
    -26.2500      5.0000        3.246     
    -26.2500      6.2500        3.238     
    -26.2500      7.5000        3.231     
    -26.2500      8.7500        3.226     
    -26.2500     10.0000        3.222     
    -26.2500     11.2500        3.219     
    -26.2500     12.5000        3.216     
    -26.2500     13.7500        3.214     
    -26.2500     15.0000        3.211     
    -26.2500     16.2500        3.211     
    -26.2500     17.5000        0.000     
    -26.2500     18.7500        0.000     

    -25.3125    -20.0000        0.000     
    -25.3125    -18.7500        0.000     
    -25.3125    -17.5000        0.000     
    -25.3125    -16.2500        1.345     
    -25.3125    -15.0000        1.347     
    -25.3125    -13.7500        1.349     
    -25.3125    -12.5000        1.351     
    -25.3125    -11.2500        1.354     
    -25.3125    -10.0000        1.357     
    -25.3125     -8.7500        1.361     
    -25.3125     -7.5000        1.366     
    -25.3125     -6.2500        1.373     
    -25.3125     -5.0000        1.381     
    -25.3125     -3.7500        1.389     
    -25.3125     -2.5000        1.397     
    -25.3125     -1.2500        1.411     
    -25.3125      0.0000        0.000     
    -25.3125      1.2500        2.782     
    -25.3125      2.5000        2.771     
    -25.3125      3.7500        2.763     
    -25.3125      5.0000        2.755     
    -25.3125      6.2500        2.747     
    -25.3125      7.5000        2.740     
    -25.3125      8.7500        2.735     
    -25.3125     10.0000        2.731     
    -25.3125     11.2500        2.728     
    -25.3125     12.5000        2.725     
    -25.3125     13.7500        2.723     
    -25.3125     15.0000        2.720     
    -25.3125     16.2500        2.720     
    -25.3125     17.5000        0.000     
    -25.3125     18.7500        0.000     

    -24.3750    -20.0000        0.000     
    -24.3750    -18.7500        0.000     
    -24.3750    -17.5000        0.000     
    -24.3750    -16.2500        1.836     
    -24.3750    -15.0000        1.837     
    -24.3750    -13.7500        1.839     
    -24.3750    -12.5000        1.842     
    -24.3750    -11.2500        1.844     
    -24.3750    -10.0000        1.848     
    -24.3750     -8.7500        1.851     
    -24.3750     -7.5000        1.857     
    -24.3750     -6.2500        1.863     
    -24.3750     -5.0000        1.871     
    -24.3750     -3.7500        1.880     
    -24.3750     -2.5000        1.888     
    -24.3750     -1.2500        1.900     
    -24.3750      0.0000        0.000     
    -24.3750      1.2500        2.290     
    -24.3750      2.5000        2.280     
    -24.3750      3.7500        2.272     
    -24.3750      5.0000        2.264     
    -24.3750      6.2500        2.256     
    -24.3750      7.5000        2.249     
    -24.3750      8.7500        2.244     
    -24.3750     10.0000        2.240     
    -24.3750     11.2500        2.237     
    -24.3750     12.5000        2.235     
    -24.3750     13.7500        2.232     
    -24.3750     15.0000        2.230     
    -24.3750     16.2500        2.229     
    -24.3750     17.5000        0.000     
    -24.3750     18.7500        0.000     

    -23.4375    -20.0000        0.000     
    -23.4375    -18.7500        0.000     
    -23.4375    -17.5000        0.000     
    -23.4375    -16.2500        2.327     
    -23.4375    -15.0000        2.328     
    -23.4375    -13.7500        2.330     
    -23.4375    -12.5000        2.333     
    -23.4375    -11.2500        2.335     
    -23.4375    -10.0000        2.339     
    -23.4375     -8.7500        2.342     
    -23.4375     -7.5000        2.347     
    -23.4375     -6.2500        2.354     
    -23.4375     -5.0000        2.362     
    -23.4375     -3.7500        2.370     
    -23.4375     -2.5000        2.379     
    -23.4375     -1.2500        2.387     
    -23.4375      0.0000        0.000     
    -23.4375      1.2500        1.804     
    -23.4375      2.5000        1.789     
    -23.4375      3.7500        1.781     
    -23.4375      5.0000        1.773     
    -23.4375      6.2500        1.765     
    -23.4375      7.5000        1.758     
    -23.4375      8.7500        1.753     
    -23.4375     10.0000        1.750     
    -23.4375     11.2500        1.746     
    -23.4375     12.5000        1.744     
    -23.4375     13.7500        1.741     
    -23.4375     15.0000        1.739     
    -23.4375     16.2500        1.738     
    -23.4375     17.5000        0.000     
    -23.4375     18.7500        0.000     

    -22.5000    -20.0000        0.000     
    -22.5000    -18.7500        0.000     
    -22.5000    -17.5000        0.000     
    -22.5000    -16.2500        2.819     
    -22.5000    -15.0000        2.819     
    -22.5000    -13.7500        2.821     
    -22.5000    -12.5000        2.824     
    -22.5000    -11.2500        2.826     
    -22.5000    -10.0000        2.829     
    -22.5000     -8.7500        2.833     
    -22.5000     -7.5000        2.838     
    -22.5000     -6.2500        2.845     
    -22.5000     -5.0000        2.853     
    -22.5000     -3.7500        2.861     
    -22.5000     -2.5000        2.870     
    -22.5000     -1.2500        2.877     
    -22.5000      0.0000        0.000     
    -22.5000      1.2500        1.321     
    -22.5000      2.5000        1.298     
    -22.5000      3.7500        1.291     
    -22.5000      5.0000        1.282     
    -22.5000      6.2500        1.274     
    -22.5000      7.5000        1.268     
    -22.5000      8.7500        1.262     
    -22.5000     10.0000        1.259     
    -22.5000     11.2500        1.255     
    -22.5000     12.5000        1.253     
    -22.5000     13.7500        1.250     
    -22.5000     15.0000        1.248     
    -22.5000     16.2500        1.247     
    -22.5000     17.5000        0.000     
    -22.5000     18.7500        0.000     

    -21.5625    -20.0000        0.000     
    -21.5625    -18.7500        0.000     
    -21.5625    -17.5000        0.000     
    -21.5625    -16.2500        3.309     
    -21.5625    -15.0000        3.309     
    -21.5625    -13.7500        3.312     
    -21.5625    -12.5000        3.314     
    -21.5625    -11.2500        3.317     
    -21.5625    -10.0000        3.320     
    -21.5625     -8.7500        3.324     
    -21.5625     -7.5000        3.329     
    -21.5625     -6.2500        3.336     
    -21.5625     -5.0000        3.344     
    -21.5625     -3.7500        3.352     
    -21.5625     -2.5000        3.361     
    -21.5625     -1.2500        3.369     
    -21.5625      0.0000        0.000     
    -21.5625      1.2500       0.8328     
    -21.5625      2.5000       0.8070     
    -21.5625      3.7500       0.7998     
    -21.5625      5.0000       0.7914     
    -21.5625      6.2500       0.7837     
    -21.5625      7.5000       0.7767     
    -21.5625      8.7500       0.7716     
    -21.5625     10.0000       0.7679     
    -21.5625     11.2500       0.7646     
    -21.5625     12.5000       0.7619     
    -21.5625     13.7500       0.7595     
    -21.5625     15.0000       0.7572     
    -21.5625     16.2500       0.7561     
    -21.5625     17.5000        0.000     
    -21.5625     18.7500        0.000     

    -20.6250    -20.0000        0.000     
    -20.6250    -18.7500        0.000     
    -20.6250    -17.5000        0.000     
    -20.6250    -16.2500        3.800     
    -20.6250    -15.0000        3.801     
    -20.6250    -13.7500        3.803     
    -20.6250    -12.5000        3.805     
    -20.6250    -11.2500        3.808     
    -20.6250    -10.0000        3.811     
    -20.6250     -8.7500        3.815     
    -20.6250     -7.5000        3.820     
    -20.6250     -6.2500        3.827     
    -20.6250     -5.0000        3.835     
    -20.6250     -3.7500        3.843     
    -20.6250     -2.5000        3.851     
    -20.6250     -1.2500        3.863     
    -20.6250      0.0000        0.000     
    -20.6250      1.2500       0.3374     
    -20.6250      2.5000       0.3164     
    -20.6250      3.7500       0.3090     
    -20.6250      5.0000       0.3006     
    -20.6250      6.2500       0.2929     
    -20.6250      7.5000       0.2858     
    -20.6250      8.7500       0.2808     
    -20.6250     10.0000       0.2770     
    -20.6250     11.2500       0.2738     
    -20.6250     12.5000       0.2710     
    -20.6250     13.7500       0.2687     
    -20.6250     15.0000       0.2660     
    -20.6250     16.2500       0.2658     
    -20.6250     17.5000        0.000     
    -20.6250     18.7500        0.000     

    -19.6875    -20.0000        0.000     
    -19.6875    -18.7500        0.000     
    -19.6875    -17.5000        0.000     
    -19.6875    -16.2500        4.290     
    -19.6875    -15.0000        4.292     
    -19.6875    -13.7500        4.294     
    -19.6875    -12.5000        4.296     
    -19.6875    -11.2500        4.299     
    -19.6875    -10.0000        4.302     
    -19.6875     -8.7500        4.306     
    -19.6875     -7.5000        4.311     
    -19.6875     -6.2500        4.318     
    -19.6875     -5.0000        4.326     
    -19.6875     -3.7500        4.334     
    -19.6875     -2.5000        4.342     
    -19.6875     -1.2500        4.356     
    -19.6875      0.0000        0.000     
    -19.6875      1.2500        6.122     
    -19.6875      2.5000        6.109     
    -19.6875      3.7500        6.101     
    -19.6875      5.0000        6.093     
    -19.6875      6.2500        6.085     
    -19.6875      7.5000        6.078     
    -19.6875      8.7500        6.073     
    -19.6875     10.0000        6.069     
    -19.6875     11.2500        6.066     
    -19.6875     12.5000        6.063     
    -19.6875     13.7500        6.061     
    -19.6875     15.0000        6.058     
    -19.6875     16.2500        6.058     
    -19.6875     17.5000        0.000     
    -19.6875     18.7500        0.000     

    -18.7500    -20.0000        0.000     
    -18.7500    -18.7500        0.000     
    -18.7500    -17.5000        0.000     
    -18.7500    -16.2500        4.781     
    -18.7500    -15.0000        4.783     
    -18.7500    -13.7500        4.785     
    -18.7500    -12.5000        4.787     
    -18.7500    -11.2500        4.790     
    -18.7500    -10.0000        4.793     
    -18.7500     -8.7500        4.797     
    -18.7500     -7.5000        4.802     
    -18.7500     -6.2500        4.809     
    -18.7500     -5.0000        4.817     
    -18.7500     -3.7500        4.825     
    -18.7500     -2.5000        4.833     
    -18.7500     -1.2500        4.846     
    -18.7500      0.0000        0.000     
    -18.7500      1.2500        5.627     
    -18.7500      2.5000        5.618     
    -18.7500      3.7500        5.610     
    -18.7500      5.0000        5.602     
    -18.7500      6.2500        5.594     
    -18.7500      7.5000        5.587     
    -18.7500      8.7500        5.582     
    -18.7500     10.0000        5.578     
    -18.7500     11.2500        5.575     
    -18.7500     12.5000        5.572     
    -18.7500     13.7500        5.570     
    -18.7500     15.0000        5.568     
    -18.7500     16.2500        5.567     
    -18.7500     17.5000        0.000     
    -18.7500     18.7500        0.000     

    -17.8125    -20.0000        0.000     
    -17.8125    -18.7500        0.000     
    -17.8125    -17.5000        0.000     
    -17.8125    -16.2500        5.273     
    -17.8125    -15.0000        5.273     
    -17.8125    -13.7500        5.276     
    -17.8125    -12.5000        5.278     
    -17.8125    -11.2500        5.281     
    -17.8125    -10.0000        5.284     
    -17.8125     -8.7500        5.288     
    -17.8125     -7.5000        5.293     
    -17.8125     -6.2500        5.300     
    -17.8125     -5.0000        5.308     
    -17.8125     -3.7500        5.316     
    -17.8125     -2.5000        5.324     
    -17.8125     -1.2500        5.334     
    -17.8125      0.0000        0.000     
    -17.8125      1.2500        5.140     
    -17.8125      2.5000        5.127     
    -17.8125      3.7500        5.119     
    -17.8125      5.0000        5.111     
    -17.8125      6.2500        5.103     
    -17.8125      7.5000        5.096     
    -17.8125      8.7500        5.091     
    -17.8125     10.0000        5.087     
    -17.8125     11.2500        5.084     
    -17.8125     12.5000        5.082     
    -17.8125     13.7500        5.079     
    -17.8125     15.0000        5.077     
    -17.8125     16.2500        5.076     
    -17.8125     17.5000        0.000     
    -17.8125     18.7500        0.000     

    -16.8750    -20.0000        0.000     
    -16.8750    -18.7500        0.000     
    -16.8750    -17.5000        0.000     
    -16.8750    -16.2500        5.764     
    -16.8750    -15.0000        5.764     
    -16.8750    -13.7500        5.767     
    -16.8750    -12.5000        5.769     
    -16.8750    -11.2500        5.771     
    -16.8750    -10.0000        5.775     
    -16.8750     -8.7500        5.778     
    -16.8750     -7.5000        5.784     
    -16.8750     -6.2500        5.791     
    -16.8750     -5.0000        5.799     
    -16.8750     -3.7500        5.807     
    -16.8750     -2.5000        5.815     
    -16.8750     -1.2500        5.822     
    -16.8750      0.0000        0.000     
    -16.8750      1.2500        4.656     
    -16.8750      2.5000        4.636     
    -16.8750      3.7500        4.629     
    -16.8750      5.0000        4.620     
    -16.8750      6.2500        4.612     
    -16.8750      7.5000        4.606     
    -16.8750      8.7500        4.600     
    -16.8750     10.0000        4.597     
    -16.8750     11.2500        4.593     
    -16.8750     12.5000        4.591     
    -16.8750     13.7500        4.588     
    -16.8750     15.0000        4.586     
    -16.8750     16.2500        4.585     
    -16.8750     17.5000        0.000     
    -16.8750     18.7500        0.000     

    -15.9375    -20.0000        0.000     
    -15.9375    -18.7500        0.000     
    -15.9375    -17.5000        0.000     
    -15.9375    -16.2500        6.255     
    -15.9375    -15.0000        6.255     
    -15.9375    -13.7500        6.257     
    -15.9375    -12.5000        6.260     
    -15.9375    -11.2500        6.262     
    -15.9375    -10.0000        6.266     
    -15.9375     -8.7500        6.269     
    -15.9375     -7.5000        6.274     
    -15.9375     -6.2500        6.281     
    -15.9375     -5.0000       0.6361E-002
    -15.9375     -3.7500       0.1419E-001
    -15.9375     -2.5000       0.2290E-001
    -15.9375     -1.2500       0.3002E-001
    -15.9375      0.0000        0.000     
    -15.9375      1.2500        4.171     
    -15.9375      2.5000        4.145     
    -15.9375      3.7500        4.138     
    -15.9375      5.0000        4.129     
    -15.9375      6.2500        4.122     
    -15.9375      7.5000        4.115     
    -15.9375      8.7500        4.110     
    -15.9375     10.0000        4.106     
    -15.9375     11.2500        4.103     
    -15.9375     12.5000        4.100     
    -15.9375     13.7500        4.097     
    -15.9375     15.0000        4.095     
    -15.9375     16.2500        4.094     
    -15.9375     17.5000        0.000     
    -15.9375     18.7500        0.000     

    -15.0000    -20.0000        0.000     
    -15.0000    -18.7500        0.000     
    -15.0000    -17.5000        0.000     
    -15.0000    -16.2500       0.4618     
    -15.0000    -15.0000       0.4626     
    -15.0000    -13.7500       0.4649     
    -15.0000    -12.5000       0.4674     
    -15.0000    -11.2500       0.4700     
    -15.0000    -10.0000       0.4734     
    -15.0000     -8.7500       0.4771     
    -15.0000     -7.5000       0.4822     
    -15.0000     -6.2500       0.4891     
    -15.0000     -5.0000       0.4971     
    -15.0000     -3.7500       0.5050     
    -15.0000     -2.5000       0.5136     
    -15.0000     -1.2500       0.5239     
    -15.0000      0.0000        0.000     
    -15.0000      1.2500        3.678     
    -15.0000      2.5000        3.654     
    -15.0000      3.7500        3.647     
    -15.0000      5.0000        3.639     
    -15.0000      6.2500        3.631     
    -15.0000      7.5000        3.624     
    -15.0000      8.7500        3.619     
    -15.0000     10.0000        3.615     
    -15.0000     11.2500        3.612     
    -15.0000     12.5000        3.609     
    -15.0000     13.7500        3.607     
    -15.0000     15.0000        3.604     
    -15.0000     16.2500        3.604     
    -15.0000     17.5000        0.000     
    -15.0000     18.7500        0.000     

    -14.0625    -20.0000        0.000     
    -14.0625    -18.7500        0.000     
    -14.0625    -17.5000        0.000     
    -14.0625    -16.2500       0.9522     
    -14.0625    -15.0000       0.9538     
    -14.0625    -13.7500       0.9558     
    -14.0625    -12.5000       0.9584     
    -14.0625    -11.2500       0.9609     
    -14.0625    -10.0000       0.9643     
    -14.0625     -8.7500       0.9679     
    -14.0625     -7.5000       0.9732     
    -14.0625     -6.2500       0.9799     
    -14.0625     -5.0000       0.9879     
    -14.0625     -3.7500       0.9959     
    -14.0625     -2.5000        1.004     
    -14.0625     -1.2500        1.018     
    -14.0625      0.0000        0.000     
    -14.0625      1.2500        3.180     
    -14.0625      2.5000        3.164     
    -14.0625      3.7500        3.156     
    -14.0625      5.0000        3.148     
    -14.0625      6.2500        3.140     
    -14.0625      7.5000        3.133     
    -14.0625      8.7500        3.128     
    -14.0625     10.0000        3.124     
    -14.0625     11.2500        3.121     
    -14.0625     12.5000        3.118     
    -14.0625     13.7500        3.116     
    -14.0625     15.0000        3.113     
    -14.0625     16.2500        3.113     
    -14.0625     17.5000        0.000     
    -14.0625     18.7500        0.000     

    -13.1250    -20.0000        0.000     
    -13.1250    -18.7500        0.000     
    -13.1250    -17.5000        0.000     
    -13.1250    -16.2500        1.443     
    -13.1250    -15.0000        1.445     
    -13.1250    -13.7500        1.447     
    -13.1250    -12.5000        1.449     
    -13.1250    -11.2500        1.452     
    -13.1250    -10.0000        1.455     
    -13.1250     -8.7500        1.459     
    -13.1250     -7.5000        1.464     
    -13.1250     -6.2500        1.471     
    -13.1250     -5.0000        1.479     
    -13.1250     -3.7500        1.487     
    -13.1250     -2.5000        1.495     
    -13.1250     -1.2500        1.509     
    -13.1250      0.0000        0.000     
    -13.1250      1.2500        2.683     
    -13.1250      2.5000        2.673     
    -13.1250      3.7500        2.665     
    -13.1250      5.0000        2.657     
    -13.1250      6.2500        2.649     
    -13.1250      7.5000        2.642     
    -13.1250      8.7500        2.637     
    -13.1250     10.0000        2.633     
    -13.1250     11.2500        2.630     
    -13.1250     12.5000        2.627     
    -13.1250     13.7500        2.625     
    -13.1250     15.0000        2.622     
    -13.1250     16.2500        2.622     
    -13.1250     17.5000        0.000     
    -13.1250     18.7500        0.000     

    -12.1875    -20.0000        0.000     
    -12.1875    -18.7500        0.000     
    -12.1875    -17.5000        0.000     
    -12.1875    -16.2500        1.934     
    -12.1875    -15.0000        1.935     
    -12.1875    -13.7500        1.938     
    -12.1875    -12.5000        1.940     
    -12.1875    -11.2500        1.943     
    -12.1875    -10.0000        1.946     
    -12.1875     -8.7500        1.950     
    -12.1875     -7.5000        1.955     
    -12.1875     -6.2500        1.962     
    -12.1875     -5.0000        1.970     
    -12.1875     -3.7500        1.978     
    -12.1875     -2.5000        1.986     
    -12.1875     -1.2500        1.998     
    -12.1875      0.0000        0.000     
    -12.1875      1.2500        2.192     
    -12.1875      2.5000        2.182     
    -12.1875      3.7500        2.174     
    -12.1875      5.0000        2.166     
    -12.1875      6.2500        2.158     
    -12.1875      7.5000        2.151     
    -12.1875      8.7500        2.146     
    -12.1875     10.0000        2.142     
    -12.1875     11.2500        2.139     
    -12.1875     12.5000        2.136     
    -12.1875     13.7500        2.134     
    -12.1875     15.0000        2.132     
    -12.1875     16.2500        2.131     
    -12.1875     17.5000        0.000     
    -12.1875     18.7500        0.000     

    -11.2500    -20.0000        0.000     
    -11.2500    -18.7500        0.000     
    -11.2500    -17.5000        0.000     
    -11.2500    -16.2500        2.426     
    -11.2500    -15.0000        2.426     
    -11.2500    -13.7500        2.429     
    -11.2500    -12.5000        2.431     
    -11.2500    -11.2500        2.434     
    -11.2500    -10.0000        2.437     
    -11.2500     -8.7500        2.441     
    -11.2500     -7.5000        2.446     
    -11.2500     -6.2500        2.453     
    -11.2500     -5.0000        2.461     
    -11.2500     -3.7500        2.469     
    -11.2500     -2.5000        2.477     
    -11.2500     -1.2500        2.485     
    -11.2500      0.0000        0.000     
    -11.2500      1.2500        1.708     
    -11.2500      2.5000        1.691     
    -11.2500      3.7500        1.683     
    -11.2500      5.0000        1.675     
    -11.2500      6.2500        1.667     
    -11.2500      7.5000        1.660     
    -11.2500      8.7500        1.655     
    -11.2500     10.0000        1.651     
    -11.2500     11.2500        1.648     
    -11.2500     12.5000        1.646     
    -11.2500     13.7500        1.643     
    -11.2500     15.0000        1.641     
    -11.2500     16.2500        1.640     
    -11.2500     17.5000        0.000     
    -11.2500     18.7500        0.000     

    -10.3125    -20.0000        0.000     
    -10.3125    -18.7500        0.000     
    -10.3125    -17.5000        0.000     
    -10.3125    -16.2500        2.917     
    -10.3125    -15.0000        2.917     
    -10.3125    -13.7500        2.919     
    -10.3125    -12.5000        2.922     
    -10.3125    -11.2500        2.924     
    -10.3125    -10.0000        2.928     
    -10.3125     -8.7500        2.931     
    -10.3125     -7.5000        2.936     
    -10.3125     -6.2500        2.943     
    -10.3125     -5.0000        2.952     
    -10.3125     -3.7500        2.959     
    -10.3125     -2.5000        2.968     
    -10.3125     -1.2500        2.975     
    -10.3125      0.0000        0.000     
    -10.3125      1.2500        1.224     
    -10.3125      2.5000        1.200     
    -10.3125      3.7500        1.192     
    -10.3125      5.0000        1.184     
    -10.3125      6.2500        1.176     
    -10.3125      7.5000        1.169     
    -10.3125      8.7500        1.164     
    -10.3125     10.0000        1.161     
    -10.3125     11.2500        1.157     
    -10.3125     12.5000        1.155     
    -10.3125     13.7500        1.152     
    -10.3125     15.0000        1.150     
    -10.3125     16.2500        1.149     
    -10.3125     17.5000        0.000     
    -10.3125     18.7500        0.000     

     -9.3750    -20.0000        0.000     
     -9.3750    -18.7500        0.000     
     -9.3750    -17.5000        0.000     
     -9.3750    -16.2500        3.407     
     -9.3750    -15.0000        3.408     
     -9.3750    -13.7500        3.410     
     -9.3750    -12.5000        3.413     
     -9.3750    -11.2500        3.415     
     -9.3750    -10.0000        3.419     
     -9.3750     -8.7500        3.422     
     -9.3750     -7.5000        3.427     
     -9.3750     -6.2500        3.434     
     -9.3750     -5.0000        3.442     
     -9.3750     -3.7500        3.450     
     -9.3750     -2.5000        3.459     
     -9.3750     -1.2500        3.468     
     -9.3750      0.0000        0.000     
     -9.3750      1.2500       0.7343     
     -9.3750      2.5000       0.7088     
     -9.3750      3.7500       0.7017     
     -9.3750      5.0000       0.6932     
     -9.3750      6.2500       0.6855     
     -9.3750      7.5000       0.6785     
     -9.3750      8.7500       0.6735     
     -9.3750     10.0000       0.6697     
     -9.3750     11.2500       0.6665     
     -9.3750     12.5000       0.6637     
     -9.3750     13.7500       0.6613     
     -9.3750     15.0000       0.6590     
     -9.3750     16.2500       0.6580     
     -9.3750     17.5000        0.000     
     -9.3750     18.7500        0.000     

     -8.4375    -20.0000        0.000     
     -8.4375    -18.7500        0.000     
     -8.4375    -17.5000        0.000     
     -8.4375    -16.2500        3.898     
     -8.4375    -15.0000        3.899     
     -8.4375    -13.7500        3.901     
     -8.4375    -12.5000        3.904     
     -8.4375    -11.2500        3.906     
     -8.4375    -10.0000        3.910     
     -8.4375     -8.7500        3.913     
     -8.4375     -7.5000        3.918     
     -8.4375     -6.2500        3.925     
     -8.4375     -5.0000        3.933     
     -8.4375     -3.7500        3.941     
     -8.4375     -2.5000        3.949     
     -8.4375     -1.2500        3.962     
     -8.4375      0.0000        0.000     
     -8.4375      1.2500       0.2377     
     -8.4375      2.5000       0.2183     
     -8.4375      3.7500       0.2108     
     -8.4375      5.0000       0.2025     
     -8.4375      6.2500       0.1947     
     -8.4375      7.5000       0.1876     
     -8.4375      8.7500       0.1826     
     -8.4375     10.0000       0.1788     
     -8.4375     11.2500       0.1756     
     -8.4375     12.5000       0.1728     
     -8.4375     13.7500       0.1706     
     -8.4375     15.0000       0.1678     
     -8.4375     16.2500       0.1677     
     -8.4375     17.5000        0.000     
     -8.4375     18.7500        0.000     

     -7.5000    -20.0000        0.000     
     -7.5000    -18.7500        0.000     
     -7.5000    -17.5000        0.000     
     -7.5000    -16.2500        4.388     
     -7.5000    -15.0000        4.390     
     -7.5000    -13.7500        4.392     
     -7.5000    -12.5000        4.395     
     -7.5000    -11.2500        4.397     
     -7.5000    -10.0000        4.400     
     -7.5000     -8.7500        4.404     
     -7.5000     -7.5000        4.409     
     -7.5000     -6.2500        4.416     
     -7.5000     -5.0000        4.424     
     -7.5000     -3.7500        4.432     
     -7.5000     -2.5000        4.440     
     -7.5000     -1.2500        4.455     
     -7.5000      0.0000        0.000     
     -7.5000      1.2500        6.022     
     -7.5000      2.5000        6.011     
     -7.5000      3.7500        6.003     
     -7.5000      5.0000        5.995     
     -7.5000      6.2500        5.987     
     -7.5000      7.5000        5.980     
     -7.5000      8.7500        5.975     
     -7.5000     10.0000        5.971     
     -7.5000     11.2500        5.968     
     -7.5000     12.5000        5.965     
     -7.5000     13.7500        5.963     
     -7.5000     15.0000        5.960     
     -7.5000     16.2500        5.960     
     -7.5000     17.5000        0.000     
     -7.5000     18.7500        0.000     

     -6.5625    -20.0000        0.000     
     -6.5625    -18.7500        0.000     
     -6.5625    -17.5000        0.000     
     -6.5625    -16.2500        4.879     
     -6.5625    -15.0000        4.881     
     -6.5625    -13.7500        4.883     
     -6.5625    -12.5000        4.885     
     -6.5625    -11.2500        4.888     
     -6.5625    -10.0000        4.891     
     -6.5625     -8.7500        4.895     
     -6.5625     -7.5000        4.900     
     -6.5625     -6.2500        4.907     
     -6.5625     -5.0000        4.915     
     -6.5625     -3.7500        4.923     
     -6.5625     -2.5000        4.931     
     -6.5625     -1.2500        4.944     
     -6.5625      0.0000        0.000     
     -6.5625      1.2500        5.529     
     -6.5625      2.5000        5.520     
     -6.5625      3.7500        5.512     
     -6.5625      5.0000        5.504     
     -6.5625      6.2500        5.496     
     -6.5625      7.5000        5.489     
     -6.5625      8.7500        5.484     
     -6.5625     10.0000        5.480     
     -6.5625     11.2500        5.477     
     -6.5625     12.5000        5.474     
     -6.5625     13.7500        5.472     
     -6.5625     15.0000        5.469     
     -6.5625     16.2500        5.469     
     -6.5625     17.5000        0.000     
     -6.5625     18.7500        0.000     

     -5.6250    -20.0000        0.000     
     -5.6250    -18.7500        0.000     
     -5.6250    -17.5000        0.000     
     -5.6250    -16.2500        5.371     
     -5.6250    -15.0000        5.371     
     -5.6250    -13.7500        5.374     
     -5.6250    -12.5000        5.376     
     -5.6250    -11.2500        5.379     
     -5.6250    -10.0000        5.382     
     -5.6250     -8.7500        5.386     
     -5.6250     -7.5000        5.391     
     -5.6250     -6.2500        5.398     
     -5.6250     -5.0000        5.406     
     -5.6250     -3.7500        5.414     
     -5.6250     -2.5000        5.422     
     -5.6250     -1.2500        5.432     
     -5.6250      0.0000        0.000     
     -5.6250      1.2500        5.043     
     -5.6250      2.5000        5.029     
     -5.6250      3.7500        5.021     
     -5.6250      5.0000        5.013     
     -5.6250      6.2500        5.005     
     -5.6250      7.5000        4.998     
     -5.6250      8.7500        4.993     
     -5.6250     10.0000        4.989     
     -5.6250     11.2500        4.986     
     -5.6250     12.5000        4.984     
     -5.6250     13.7500        4.981     
     -5.6250     15.0000        4.979     
     -5.6250     16.2500        4.978     
     -5.6250     17.5000        0.000     
     -5.6250     18.7500        0.000     

     -4.6875    -20.0000        0.000     
     -4.6875    -18.7500        0.000     
     -4.6875    -17.5000        0.000     
     -4.6875    -16.2500        5.862     
     -4.6875    -15.0000        5.862     
     -4.6875    -13.7500        5.865     
     -4.6875    -12.5000        5.867     
     -4.6875    -11.2500        5.870     
     -4.6875    -10.0000        5.873     
     -4.6875     -8.7500        5.877     
     -4.6875     -7.5000        5.882     
     -4.6875     -6.2500        5.889     
     -4.6875     -5.0000        5.897     
     -4.6875     -3.7500        5.905     
     -4.6875     -2.5000        5.913     
     -4.6875     -1.2500        5.920     
     -4.6875      0.0000        0.000     
     -4.6875      1.2500        4.560     
     -4.6875      2.5000        4.538     
     -4.6875      3.7500        4.530     
     -4.6875      5.0000        4.522     
     -4.6875      6.2500        4.514     
     -4.6875      7.5000        4.507     
     -4.6875      8.7500        4.502     
     -4.6875     10.0000        4.498     
     -4.6875     11.2500        4.495     
     -4.6875     12.5000        4.493     
     -4.6875     13.7500        4.490     
     -4.6875     15.0000        4.488     
     -4.6875     16.2500        4.487     
     -4.6875     17.5000        0.000     
     -4.6875     18.7500        0.000     

     -3.7500    -20.0000        0.000     
     -3.7500    -18.7500        0.000     
     -3.7500    -17.5000        0.000     
     -3.7500    -16.2500       0.6943E-001
     -3.7500    -15.0000       0.6969E-001
     -3.7500    -13.7500       0.7231E-001
     -3.7500    -12.5000       0.7469E-001
     -3.7500    -11.2500       0.7735E-001
     -3.7500    -10.0000       0.8067E-001
     -3.7500     -8.7500       0.8438E-001
     -3.7500     -7.5000       0.8947E-001
     -3.7500     -6.2500       0.9640E-001
     -3.7500     -5.0000       0.1045     
     -3.7500     -3.7500       0.1124     
     -3.7500     -2.5000       0.1211     
     -3.7500     -1.2500       0.1286     
     -3.7500      0.0000        0.000     
     -3.7500      1.2500        4.073     
     -3.7500      2.5000        4.047     
     -3.7500      3.7500        4.040     
     -3.7500      5.0000        4.031     
     -3.7500      6.2500        4.023     
     -3.7500      7.5000        4.016     
     -3.7500      8.7500        4.011     
     -3.7500     10.0000        4.008     
     -3.7500     11.2500        4.004     
     -3.7500     12.5000        4.002     
     -3.7500     13.7500        3.999     
     -3.7500     15.0000        3.997     
     -3.7500     16.2500        3.996     
     -3.7500     17.5000        0.000     
     -3.7500     18.7500        0.000     

     -2.8125    -20.0000        0.000     
     -2.8125    -18.7500        0.000     
     -2.8125    -17.5000        0.000     
     -2.8125    -16.2500       0.5598     
     -2.8125    -15.0000       0.5608     
     -2.8125    -13.7500       0.5631     
     -2.8125    -12.5000       0.5656     
     -2.8125    -11.2500       0.5682     
     -2.8125    -10.0000       0.5716     
     -2.8125     -8.7500       0.5752     
     -2.8125     -7.5000       0.5804     
     -2.8125     -6.2500       0.5872     
     -2.8125     -5.0000       0.5953     
     -2.8125     -3.7500       0.6032     
     -2.8125     -2.5000       0.6117     
     -2.8125     -1.2500       0.6228     
     -2.8125      0.0000        0.000     
     -2.8125      1.2500        3.579     
     -2.8125      2.5000        3.556     
     -2.8125      3.7500        3.549     
     -2.8125      5.0000        3.540     
     -2.8125      6.2500        3.533     
     -2.8125      7.5000        3.526     
     -2.8125      8.7500        3.521     
     -2.8125     10.0000        3.517     
     -2.8125     11.2500        3.514     
     -2.8125     12.5000        3.511     
     -2.8125     13.7500        3.508     
     -2.8125     15.0000        3.506     
     -2.8125     16.2500        3.505     
     -2.8125     17.5000        0.000     
     -2.8125     18.7500        0.000     

     -1.8750    -20.0000        0.000     
     -1.8750    -18.7500        0.000     
     -1.8750    -17.5000        0.000     
     -1.8750    -16.2500        1.050     
     -1.8750    -15.0000        1.052     
     -1.8750    -13.7500        1.054     
     -1.8750    -12.5000        1.057     
     -1.8750    -11.2500        1.059     
     -1.8750    -10.0000        1.062     
     -1.8750     -8.7500        1.066     
     -1.8750     -7.5000        1.071     
     -1.8750     -6.2500        1.078     
     -1.8750     -5.0000        1.086     
     -1.8750     -3.7500        1.094     
     -1.8750     -2.5000        1.102     
     -1.8750     -1.2500        1.116     
     -1.8750      0.0000        0.000     
     -1.8750      1.2500        3.080     
     -1.8750      2.5000        3.066     
     -1.8750      3.7500        3.058     
     -1.8750      5.0000        3.050     
     -1.8750      6.2500        3.042     
     -1.8750      7.5000        3.035     
     -1.8750      8.7500        3.030     
     -1.8750     10.0000        3.026     
     -1.8750     11.2500        3.023     
     -1.8750     12.5000        3.020     
     -1.8750     13.7500        3.018     
     -1.8750     15.0000        3.015     
     -1.8750     16.2500        3.015     
     -1.8750     17.5000        0.000     
     -1.8750     18.7500        0.000     

     -0.9375    -20.0000        0.000     
     -0.9375    -18.7500        0.000     
     -0.9375    -17.5000        0.000     
     -0.9375    -16.2500        1.541     
     -0.9375    -15.0000        1.543     
     -0.9375    -13.7500        1.545     
     -0.9375    -12.5000        1.547     
     -0.9375    -11.2500        1.550     
     -0.9375    -10.0000        1.553     
     -0.9375     -8.7500        1.557     
     -0.9375     -7.5000        1.562     
     -0.9375     -6.2500        1.569     
     -0.9375     -5.0000        1.577     
     -0.9375     -3.7500        1.585     
     -0.9375     -2.5000        1.593     
     -0.9375     -1.2500        1.607     
     -0.9375      0.0000        0.000     
     -0.9375      1.2500        2.584     
     -0.9375      2.5000        2.575     
     -0.9375      3.7500        2.567     
     -0.9375      5.0000        2.559     
     -0.9375      6.2500        2.551     
     -0.9375      7.5000        2.544     
     -0.9375      8.7500        2.539     
     -0.9375     10.0000        2.535     
     -0.9375     11.2500        2.532     
     -0.9375     12.5000        2.529     
     -0.9375     13.7500        2.527     
     -0.9375     15.0000        2.524     
     -0.9375     16.2500        2.524     
     -0.9375     17.5000        0.000     
     -0.9375     18.7500        0.000     

      0.0000    -20.0000        0.000     
      0.0000    -18.7500        0.000     
      0.0000    -17.5000        0.000     
      0.0000    -16.2500        2.033     
      0.0000    -15.0000        2.034     
      0.0000    -13.7500        2.036     
      0.0000    -12.5000        2.038     
      0.0000    -11.2500        2.041     
      0.0000    -10.0000        2.044     
      0.0000     -8.7500        2.048     
      0.0000     -7.5000        2.053     
      0.0000     -6.2500        2.060     
      0.0000     -5.0000        2.068     
      0.0000     -3.7500        2.076     
      0.0000     -2.5000        2.084     
      0.0000     -1.2500        2.095     
      0.0000      0.0000        0.000     
      0.0000      1.2500        2.095     
      0.0000      2.5000        2.084     
      0.0000      3.7500        2.076     
      0.0000      5.0000        2.068     
      0.0000      6.2500        2.060     
      0.0000      7.5000        2.053     
      0.0000      8.7500        2.048     
      0.0000     10.0000        2.044     
      0.0000     11.2500        2.041     
      0.0000     12.5000        2.038     
      0.0000     13.7500        2.036     
      0.0000     15.0000        2.034     
      0.0000     16.2500        2.033     
      0.0000     17.5000        0.000     
      0.0000     18.7500        0.000     

      0.9375    -20.0000        0.000     
      0.9375    -18.7500        0.000     
      0.9375    -17.5000        0.000     
      0.9375    -16.2500        2.524     
      0.9375    -15.0000        2.524     
      0.9375    -13.7500        2.527     
      0.9375    -12.5000        2.529     
      0.9375    -11.2500        2.532     
      0.9375    -10.0000        2.535     
      0.9375     -8.7500        2.539     
      0.9375     -7.5000        2.544     
      0.9375     -6.2500        2.551     
      0.9375     -5.0000        2.559     
      0.9375     -3.7500        2.567     
      0.9375     -2.5000        2.575     
      0.9375     -1.2500        2.583     
      0.9375      0.0000        0.000     
      0.9375      1.2500        1.611     
      0.9375      2.5000        1.593     
      0.9375      3.7500        1.585     
      0.9375      5.0000        1.577     
      0.9375      6.2500        1.569     
      0.9375      7.5000        1.562     
      0.9375      8.7500        1.557     
      0.9375     10.0000        1.553     
      0.9375     11.2500        1.550     
      0.9375     12.5000        1.547     
      0.9375     13.7500        1.545     
      0.9375     15.0000        1.543     
      0.9375     16.2500        1.541     
      0.9375     17.5000        0.000     
      0.9375     18.7500        0.000     

      1.8750    -20.0000        0.000     
      1.8750    -18.7500        0.000     
      1.8750    -17.5000        0.000     
      1.8750    -16.2500        3.015     
      1.8750    -15.0000        3.015     
      1.8750    -13.7500        3.018     
      1.8750    -12.5000        3.020     
      1.8750    -11.2500        3.023     
      1.8750    -10.0000        3.026     
      1.8750     -8.7500        3.030     
      1.8750     -7.5000        3.035     
      1.8750     -6.2500        3.042     
      1.8750     -5.0000        3.050     
      1.8750     -3.7500        3.058     
      1.8750     -2.5000        3.066     
      1.8750     -1.2500        3.073     
      1.8750      0.0000        0.000     
      1.8750      1.2500        1.127     
      1.8750      2.5000        1.101     
      1.8750      3.7500        1.094     
      1.8750      5.0000        1.086     
      1.8750      6.2500        1.078     
      1.8750      7.5000        1.071     
      1.8750      8.7500        1.066     
      1.8750     10.0000        1.062     
      1.8750     11.2500        1.059     
      1.8750     12.5000        1.057     
      1.8750     13.7500        1.054     
      1.8750     15.0000        1.052     
      1.8750     16.2500        1.050     
      1.8750     17.5000        0.000     
      1.8750     18.7500        0.000     

      2.8125    -20.0000        0.000     
      2.8125    -18.7500        0.000     
      2.8125    -17.5000        0.000     
      2.8125    -16.2500        3.505     
      2.8125    -15.0000        3.506     
      2.8125    -13.7500        3.508     
      2.8125    -12.5000        3.511     
      2.8125    -11.2500        3.513     
      2.8125    -10.0000        3.517     
      2.8125     -8.7500        3.520     
      2.8125     -7.5000        3.526     
      2.8125     -6.2500        3.532     
      2.8125     -5.0000        3.541     
      2.8125     -3.7500        3.548     
      2.8125     -2.5000        3.557     
      2.8125     -1.2500        3.567     
      2.8125      0.0000        0.000     
      2.8125      1.2500       0.6354     
      2.8125      2.5000       0.6107     
      2.8125      3.7500       0.6035     
      2.8125      5.0000       0.5951     
      2.8125      6.2500       0.5873     
      2.8125      7.5000       0.5803     
      2.8125      8.7500       0.5753     
      2.8125     10.0000       0.5715     
      2.8125     11.2500       0.5683     
      2.8125     12.5000       0.5655     
      2.8125     13.7500       0.5632     
      2.8125     15.0000       0.5607     
      2.8125     16.2500       0.5600     
      2.8125     17.5000        0.000     
      2.8125     18.7500        0.000     

      3.7500    -20.0000        0.000     
      3.7500    -18.7500        0.000     
      3.7500    -17.5000        0.000     
      3.7500    -16.2500        3.996     
      3.7500    -15.0000        3.997     
      3.7500    -13.7500        3.999     
      3.7500    -12.5000        4.002     
      3.7500    -11.2500        4.004     
      3.7500    -10.0000        4.008     
      3.7500     -8.7500        4.011     
      3.7500     -7.5000        4.017     
      3.7500     -6.2500        4.023     
      3.7500     -5.0000        4.031     
      3.7500     -3.7500        4.039     
      3.7500     -2.5000        4.048     
      3.7500     -1.2500        4.061     
      3.7500      0.0000        0.000     
      3.7500      1.2500       0.1379     
      3.7500      2.5000       0.1203     
      3.7500      3.7500       0.1126     
      3.7500      5.0000       0.1044     
      3.7500      6.2500       0.9652E-001
      3.7500      7.5000       0.8937E-001
      3.7500      8.7500       0.8445E-001
      3.7500     10.0000       0.8060E-001
      3.7500     11.2500       0.7742E-001
      3.7500     12.5000       0.7461E-001
      3.7500     13.7500       0.7240E-001
      3.7500     15.0000       0.6957E-001
      3.7500     16.2500       0.6962E-001
      3.7500     17.5000        0.000     
      3.7500     18.7500        0.000     

      4.6875    -20.0000        0.000     
      4.6875    -18.7500        0.000     
      4.6875    -17.5000        0.000     
      4.6875    -16.2500        4.487     
      4.6875    -15.0000        4.488     
      4.6875    -13.7500        4.490     
      4.6875    -12.5000        4.493     
      4.6875    -11.2500        4.495     
      4.6875    -10.0000        4.499     
      4.6875     -8.7500        4.502     
      4.6875     -7.5000        4.507     
      4.6875     -6.2500        4.514     
      4.6875     -5.0000        4.522     
      4.6875     -3.7500        4.530     
      4.6875     -2.5000        4.538     
      4.6875     -1.2500        4.553     
      4.6875      0.0000        0.000     
      4.6875      1.2500        5.923     
      4.6875      2.5000        5.913     
      4.6875      3.7500        5.905     
      4.6875      5.0000        5.897     
      4.6875      6.2500        5.889     
      4.6875      7.5000        5.882     
      4.6875      8.7500        5.877     
      4.6875     10.0000        5.873     
      4.6875     11.2500        5.870     
      4.6875     12.5000        5.867     
      4.6875     13.7500        5.865     
      4.6875     15.0000        5.862     
      4.6875     16.2500        5.862     
      4.6875     17.5000        0.000     
      4.6875     18.7500        0.000     

      5.6250    -20.0000        0.000     
      5.6250    -18.7500        0.000     
      5.6250    -17.5000        0.000     
      5.6250    -16.2500        4.978     
      5.6250    -15.0000        4.979     
      5.6250    -13.7500        4.981     
      5.6250    -12.5000        4.984     
      5.6250    -11.2500        4.986     
      5.6250    -10.0000        4.989     
      5.6250     -8.7500        4.993     
      5.6250     -7.5000        4.998     
      5.6250     -6.2500        5.005     
      5.6250     -5.0000        5.013     
      5.6250     -3.7500        5.021     
      5.6250     -2.5000        5.029     
      5.6250     -1.2500        5.042     
      5.6250      0.0000        0.000     
      5.6250      1.2500        5.431     
      5.6250      2.5000        5.422     
      5.6250      3.7500        5.414     
      5.6250      5.0000        5.406     
      5.6250      6.2500        5.398     
      5.6250      7.5000        5.391     
      5.6250      8.7500        5.386     
      5.6250     10.0000        5.382     
      5.6250     11.2500        5.379     
      5.6250     12.5000        5.376     
      5.6250     13.7500        5.374     
      5.6250     15.0000        5.371     
      5.6250     16.2500        5.371     
      5.6250     17.5000        0.000     
      5.6250     18.7500        0.000     

      6.5625    -20.0000        0.000     
      6.5625    -18.7500        0.000     
      6.5625    -17.5000        0.000     
      6.5625    -16.2500        5.469     
      6.5625    -15.0000        5.470     
      6.5625    -13.7500        5.472     
      6.5625    -12.5000        5.474     
      6.5625    -11.2500        5.477     
      6.5625    -10.0000        5.480     
      6.5625     -8.7500        5.484     
      6.5625     -7.5000        5.489     
      6.5625     -6.2500        5.496     
      6.5625     -5.0000        5.504     
      6.5625     -3.7500        5.512     
      6.5625     -2.5000        5.520     
      6.5625     -1.2500        5.529     
      6.5625      0.0000        0.000     
      6.5625      1.2500        4.946     
      6.5625      2.5000        4.931     
      6.5625      3.7500        4.923     
      6.5625      5.0000        4.915     
      6.5625      6.2500        4.907     
      6.5625      7.5000        4.900     
      6.5625      8.7500        4.895     
      6.5625     10.0000        4.891     
      6.5625     11.2500        4.888     
      6.5625     12.5000        4.885     
      6.5625     13.7500        4.883     
      6.5625     15.0000        4.881     
      6.5625     16.2500        4.879     
      6.5625     17.5000        0.000     
      6.5625     18.7500        0.000     

      7.5000    -20.0000        0.000     
      7.5000    -18.7500        0.000     
      7.5000    -17.5000        0.000     
      7.5000    -16.2500        5.960     
      7.5000    -15.0000        5.960     
      7.5000    -13.7500        5.963     
      7.5000    -12.5000        5.965     
      7.5000    -11.2500        5.968     
      7.5000    -10.0000        5.971     
      7.5000     -8.7500        5.975     
      7.5000     -7.5000        5.980     
      7.5000     -6.2500        5.987     
      7.5000     -5.0000        5.995     
      7.5000     -3.7500        6.003     
      7.5000     -2.5000        6.012     
      7.5000     -1.2500        6.018     
      7.5000      0.0000        0.000     
      7.5000      1.2500        4.463     
      7.5000      2.5000        4.440     
      7.5000      3.7500        4.432     
      7.5000      5.0000        4.424     
      7.5000      6.2500        4.416     
      7.5000      7.5000        4.409     
      7.5000      8.7500        4.404     
      7.5000     10.0000        4.400     
      7.5000     11.2500        4.397     
      7.5000     12.5000        4.394     
      7.5000     13.7500        4.392     
      7.5000     15.0000        4.390     
      7.5000     16.2500        4.388     
      7.5000     17.5000        0.000     
      7.5000     18.7500        0.000     

      8.4375    -20.0000        0.000     
      8.4375    -18.7500        0.000     
      8.4375    -17.5000        0.000     
      8.4375    -16.2500       0.1675     
      8.4375    -15.0000       0.1679     
      8.4375    -13.7500       0.1705     
      8.4375    -12.5000       0.1729     
      8.4375    -11.2500       0.1755     
      8.4375    -10.0000       0.1789     
      8.4375     -8.7500       0.1826     
      8.4375     -7.5000       0.1877     
      8.4375     -6.2500       0.1946     
      8.4375     -5.0000       0.2027     
      8.4375     -3.7500       0.2105     
      8.4375     -2.5000       0.2192     
      8.4375     -1.2500       0.2273     
      8.4375      0.0000        0.000     
      8.4375      1.2500        3.974     
      8.4375      2.5000        3.949     
      8.4375      3.7500        3.941     
      8.4375      5.0000        3.933     
      8.4375      6.2500        3.925     
      8.4375      7.5000        3.918     
      8.4375      8.7500        3.913     
      8.4375     10.0000        3.909     
      8.4375     11.2500        3.906     
      8.4375     12.5000        3.904     
      8.4375     13.7500        3.901     
      8.4375     15.0000        3.899     
      8.4375     16.2500        3.898     
      8.4375     17.5000        0.000     
      8.4375     18.7500        0.000     

      9.3750    -20.0000        0.000     
      9.3750    -18.7500        0.000     
      9.3750    -17.5000        0.000     
      9.3750    -16.2500       0.6579     
      9.3750    -15.0000       0.6591     
      9.3750    -13.7500       0.6613     
      9.3750    -12.5000       0.6638     
      9.3750    -11.2500       0.6664     
      9.3750    -10.0000       0.6698     
      9.3750     -8.7500       0.6734     
      9.3750     -7.5000       0.6786     
      9.3750     -6.2500       0.6854     
      9.3750     -5.0000       0.6934     
      9.3750     -3.7500       0.7014     
      9.3750     -2.5000       0.7098     
      9.3750     -1.2500       0.7217     
      9.3750      0.0000        0.000     
      9.3750      1.2500        3.479     
      9.3750      2.5000        3.458     
      9.3750      3.7500        3.451     
      9.3750      5.0000        3.442     
      9.3750      6.2500        3.434     
      9.3750      7.5000        3.427     
      9.3750      8.7500        3.422     
      9.3750     10.0000        3.419     
      9.3750     11.2500        3.415     
      9.3750     12.5000        3.413     
      9.3750     13.7500        3.410     
      9.3750     15.0000        3.408     
      9.3750     16.2500        3.407     
      9.3750     17.5000        0.000     
      9.3750     18.7500        0.000     

     10.3125    -20.0000        0.000     
     10.3125    -18.7500        0.000     
     10.3125    -17.5000        0.000     
     10.3125    -16.2500        1.149     
     10.3125    -15.0000        1.150     
     10.3125    -13.7500        1.152     
     10.3125    -12.5000        1.155     
     10.3125    -11.2500        1.157     
     10.3125    -10.0000        1.161     
     10.3125     -8.7500        1.164     
     10.3125     -7.5000        1.169     
     10.3125     -6.2500        1.176     
     10.3125     -5.0000        1.184     
     10.3125     -3.7500        1.192     
     10.3125     -2.5000        1.200     
     10.3125     -1.2500        1.215     
     10.3125      0.0000        0.000     
     10.3125      1.2500        2.980     
     10.3125      2.5000        2.968     
     10.3125      3.7500        2.960     
     10.3125      5.0000        2.951     
     10.3125      6.2500        2.944     
     10.3125      7.5000        2.936     
     10.3125      8.7500        2.931     
     10.3125     10.0000        2.928     
     10.3125     11.2500        2.924     
     10.3125     12.5000        2.922     
     10.3125     13.7500        2.920     
     10.3125     15.0000        2.917     
     10.3125     16.2500        2.917     
     10.3125     17.5000        0.000     
     10.3125     18.7500        0.000     

     11.2500    -20.0000        0.000     
     11.2500    -18.7500        0.000     
     11.2500    -17.5000        0.000     
     11.2500    -16.2500        1.640     
     11.2500    -15.0000        1.641     
     11.2500    -13.7500        1.643     
     11.2500    -12.5000        1.646     
     11.2500    -11.2500        1.648     
     11.2500    -10.0000        1.651     
     11.2500     -8.7500        1.655     
     11.2500     -7.5000        1.660     
     11.2500     -6.2500        1.667     
     11.2500     -5.0000        1.675     
     11.2500     -3.7500        1.683     
     11.2500     -2.5000        1.691     
     11.2500     -1.2500        1.705     
     11.2500      0.0000        0.000     
     11.2500      1.2500        2.486     
     11.2500      2.5000        2.477     
     11.2500      3.7500        2.469     
     11.2500      5.0000        2.461     
     11.2500      6.2500        2.453     
     11.2500      7.5000        2.446     
     11.2500      8.7500        2.441     
     11.2500     10.0000        2.437     
     11.2500     11.2500        2.434     
     11.2500     12.5000        2.431     
     11.2500     13.7500        2.429     
     11.2500     15.0000        2.426     
     11.2500     16.2500        2.426     
     11.2500     17.5000        0.000     
     11.2500     18.7500        0.000     

     12.1875    -20.0000        0.000     
     12.1875    -18.7500        0.000     
     12.1875    -17.5000        0.000     
     12.1875    -16.2500        2.131     
     12.1875    -15.0000        2.132     
     12.1875    -13.7500        2.134     
     12.1875    -12.5000        2.136     
     12.1875    -11.2500        2.139     
     12.1875    -10.0000        2.142     
     12.1875     -8.7500        2.146     
     12.1875     -7.5000        2.151     
     12.1875     -6.2500        2.158     
     12.1875     -5.0000        2.166     
     12.1875     -3.7500        2.174     
     12.1875     -2.5000        2.182     
     12.1875     -1.2500        2.192     
     12.1875      0.0000        0.000     
     12.1875      1.2500        1.998     
     12.1875      2.5000        1.986     
     12.1875      3.7500        1.978     
     12.1875      5.0000        1.970     
     12.1875      6.2500        1.962     
     12.1875      7.5000        1.955     
     12.1875      8.7500        1.950     
     12.1875     10.0000        1.946     
     12.1875     11.2500        1.943     
     12.1875     12.5000        1.940     
     12.1875     13.7500        1.938     
     12.1875     15.0000        1.935     
     12.1875     16.2500        1.934     
     12.1875     17.5000        0.000     
     12.1875     18.7500        0.000     

     13.1250    -20.0000        0.000     
     13.1250    -18.7500        0.000     
     13.1250    -17.5000        0.000     
     13.1250    -16.2500        2.622     
     13.1250    -15.0000        2.622     
     13.1250    -13.7500        2.625     
     13.1250    -12.5000        2.627     
     13.1250    -11.2500        2.630     
     13.1250    -10.0000        2.633     
     13.1250     -8.7500        2.637     
     13.1250     -7.5000        2.642     
     13.1250     -6.2500        2.649     
     13.1250     -5.0000        2.657     
     13.1250     -3.7500        2.665     
     13.1250     -2.5000        2.673     
     13.1250     -1.2500        2.681     
     13.1250      0.0000        0.000     
     13.1250      1.2500        1.515     
     13.1250      2.5000        1.494     
     13.1250      3.7500        1.487     
     13.1250      5.0000        1.479     
     13.1250      6.2500        1.471     
     13.1250      7.5000        1.464     
     13.1250      8.7500        1.459     
     13.1250     10.0000        1.455     
     13.1250     11.2500        1.452     
     13.1250     12.5000        1.449     
     13.1250     13.7500        1.447     
     13.1250     15.0000        1.445     
     13.1250     16.2500        1.443     
     13.1250     17.5000        0.000     
     13.1250     18.7500        0.000     

     14.0625    -20.0000        0.000     
     14.0625    -18.7500        0.000     
     14.0625    -17.5000        0.000     
     14.0625    -16.2500        3.113     
     14.0625    -15.0000        3.113     
     14.0625    -13.7500        3.116     
     14.0625    -12.5000        3.118     
     14.0625    -11.2500        3.121     
     14.0625    -10.0000        3.124     
     14.0625     -8.7500        3.128     
     14.0625     -7.5000        3.133     
     14.0625     -6.2500        3.140     
     14.0625     -5.0000        3.148     
     14.0625     -3.7500        3.156     
     14.0625     -2.5000        3.164     
     14.0625     -1.2500        3.172     
     14.0625      0.0000        0.000     
     14.0625      1.2500        1.029     
     14.0625      2.5000        1.003     
     14.0625      3.7500       0.9961     
     14.0625      5.0000       0.9877     
     14.0625      6.2500       0.9800     
     14.0625      7.5000       0.9731     
     14.0625      8.7500       0.9679     
     14.0625     10.0000       0.9642     
     14.0625     11.2500       0.9610     
     14.0625     12.5000       0.9583     
     14.0625     13.7500       0.9558     
     14.0625     15.0000       0.9537     
     14.0625     16.2500       0.9523     
     14.0625     17.5000        0.000     
     14.0625     18.7500        0.000     

     15.0000    -20.0000        0.000     
     15.0000    -18.7500        0.000     
     15.0000    -17.5000        0.000     
     15.0000    -16.2500        3.603     
     15.0000    -15.0000        3.604     
     15.0000    -13.7500        3.607     
     15.0000    -12.5000        3.609     
     15.0000    -11.2500        3.612     
     15.0000    -10.0000        3.615     
     15.0000     -8.7500        3.619     
     15.0000     -7.5000        3.624     
     15.0000     -6.2500        3.631     
     15.0000     -5.0000        3.639     
     15.0000     -3.7500        3.647     
     15.0000     -2.5000        3.655     
     15.0000     -1.2500        3.665     
     15.0000      0.0000        0.000     
     15.0000      1.2500       0.5363     
     15.0000      2.5000       0.5126     
     15.0000      3.7500       0.5053     
     15.0000      5.0000       0.4969     
     15.0000      6.2500       0.4892     
     15.0000      7.5000       0.4821     
     15.0000      8.7500       0.4771     
     15.0000     10.0000       0.4734     
     15.0000     11.2500       0.4701     
     15.0000     12.5000       0.4674     
     15.0000     13.7500       0.4650     
     15.0000     15.0000       0.4625     
     15.0000     16.2500       0.4619     
     15.0000     17.5000        0.000     
     15.0000     18.7500        0.000     

     15.9375    -20.0000        0.000     
     15.9375    -18.7500        0.000     
     15.9375    -17.5000        0.000     
     15.9375    -16.2500        4.094     
     15.9375    -15.0000        4.095     
     15.9375    -13.7500        4.097     
     15.9375    -12.5000        4.100     
     15.9375    -11.2500        4.103     
     15.9375    -10.0000        4.106     
     15.9375     -8.7500        4.109     
     15.9375     -7.5000        4.115     
     15.9375     -6.2500        4.121     
     15.9375     -5.0000        4.129     
     15.9375     -3.7500        4.137     
     15.9375     -2.5000        4.146     
     15.9375     -1.2500        4.159     
     15.9375      0.0000        0.000     
     15.9375      1.2500       0.3813E-001
     15.9375      2.5000       0.2218E-001
     15.9375      3.7500       0.1444E-001
     15.9375      5.0000       0.6212E-002
     15.9375      6.2500        6.282     
     15.9375      7.5000        6.274     
     15.9375      8.7500        6.269     
     15.9375     10.0000        6.266     
     15.9375     11.2500        6.262     
     15.9375     12.5000        6.260     
     15.9375     13.7500        6.257     
     15.9375     15.0000        6.255     
     15.9375     16.2500        6.255     
     15.9375     17.5000        0.000     
     15.9375     18.7500        0.000     

     16.8750    -20.0000        0.000     
     16.8750    -18.7500        0.000     
     16.8750    -17.5000        0.000     
     16.8750    -16.2500        4.585     
     16.8750    -15.0000        4.586     
     16.8750    -13.7500        4.588     
     16.8750    -12.5000        4.591     
     16.8750    -11.2500        4.593     
     16.8750    -10.0000        4.597     
     16.8750     -8.7500        4.600     
     16.8750     -7.5000        4.606     
     16.8750     -6.2500        4.612     
     16.8750     -5.0000        4.620     
     16.8750     -3.7500        4.628     
     16.8750     -2.5000        4.636     
     16.8750     -1.2500        4.651     
     16.8750      0.0000        0.000     
     16.8750      1.2500        5.824     
     16.8750      2.5000        5.815     
     16.8750      3.7500        5.807     
     16.8750      5.0000        5.799     
     16.8750      6.2500        5.791     
     16.8750      7.5000        5.783     
     16.8750      8.7500        5.779     
     16.8750     10.0000        5.775     
     16.8750     11.2500        5.772     
     16.8750     12.5000        5.769     
     16.8750     13.7500        5.767     
     16.8750     15.0000        5.764     
     16.8750     16.2500        5.764     
     16.8750     17.5000        0.000     
     16.8750     18.7500        0.000     

     17.8125    -20.0000        0.000     
     17.8125    -18.7500        0.000     
     17.8125    -17.5000        0.000     
     17.8125    -16.2500        5.076     
     17.8125    -15.0000        5.077     
     17.8125    -13.7500        5.079     
     17.8125    -12.5000        5.082     
     17.8125    -11.2500        5.084     
     17.8125    -10.0000        5.087     
     17.8125     -8.7500        5.091     
     17.8125     -7.5000        5.096     
     17.8125     -6.2500        5.103     
     17.8125     -5.0000        5.111     
     17.8125     -3.7500        5.119     
     17.8125     -2.5000        5.127     
     17.8125     -1.2500        5.139     
     17.8125      0.0000        0.000     
     17.8125      1.2500        5.334     
     17.8125      2.5000        5.324     
     17.8125      3.7500        5.316     
     17.8125      5.0000        5.308     
     17.8125      6.2500        5.300     
     17.8125      7.5000        5.293     
     17.8125      8.7500        5.288     
     17.8125     10.0000        5.284     
     17.8125     11.2500        5.281     
     17.8125     12.5000        5.278     
     17.8125     13.7500        5.276     
     17.8125     15.0000        5.273     
     17.8125     16.2500        5.273     
     17.8125     17.5000        0.000     
     17.8125     18.7500        0.000     

     18.7500    -20.0000        0.000     
     18.7500    -18.7500        0.000     
     18.7500    -17.5000        0.000     
     18.7500    -16.2500        5.567     
     18.7500    -15.0000        5.568     
     18.7500    -13.7500        5.570     
     18.7500    -12.5000        5.572     
     18.7500    -11.2500        5.575     
     18.7500    -10.0000        5.578     
     18.7500     -8.7500        5.582     
     18.7500     -7.5000        5.587     
     18.7500     -6.2500        5.594     
     18.7500     -5.0000        5.602     
     18.7500     -3.7500        5.610     
     18.7500     -2.5000        5.619     
     18.7500     -1.2500        5.627     
     18.7500      0.0000        0.000     
     18.7500      1.2500        4.849     
     18.7500      2.5000        4.833     
     18.7500      3.7500        4.825     
     18.7500      5.0000        4.817     
     18.7500      6.2500        4.809     
     18.7500      7.5000        4.802     
     18.7500      8.7500        4.797     
     18.7500     10.0000        4.793     
     18.7500     11.2500        4.790     
     18.7500     12.5000        4.787     
     18.7500     13.7500        4.785     
     18.7500     15.0000        4.783     
     18.7500     16.2500        4.781     
     18.7500     17.5000        0.000     
     18.7500     18.7500        0.000     

     19.6875    -20.0000        0.000     
     19.6875    -18.7500        0.000     
     19.6875    -17.5000        0.000     
     19.6875    -16.2500        6.058     
     19.6875    -15.0000        6.058     
     19.6875    -13.7500        6.061     
     19.6875    -12.5000        6.063     
     19.6875    -11.2500        6.066     
     19.6875    -10.0000        6.069     
     19.6875     -8.7500        6.073     
     19.6875     -7.5000        6.078     
     19.6875     -6.2500        6.085     
     19.6875     -5.0000        6.093     
     19.6875     -3.7500        6.101     
     19.6875     -2.5000        6.110     
     19.6875     -1.2500        6.116     
     19.6875      0.0000        0.000     
     19.6875      1.2500        4.366     
     19.6875      2.5000        4.341     
     19.6875      3.7500        4.334     
     19.6875      5.0000        4.326     
     19.6875      6.2500        4.318     
     19.6875      7.5000        4.311     
     19.6875      8.7500        4.306     
     19.6875     10.0000        4.302     
     19.6875     11.2500        4.299     
     19.6875     12.5000        4.296     
     19.6875     13.7500        4.294     
     19.6875     15.0000        4.292     
     19.6875     16.2500        4.290     
     19.6875     17.5000        0.000     
     19.6875     18.7500        0.000     

     20.6250    -20.0000        0.000     
     20.6250    -18.7500        0.000     
     20.6250    -17.5000        0.000     
     20.6250    -16.2500       0.2656     
     20.6250    -15.0000       0.2661     
     20.6250    -13.7500       0.2686     
     20.6250    -12.5000       0.2711     
     20.6250    -11.2500       0.2737     
     20.6250    -10.0000       0.2771     
     20.6250     -8.7500       0.2807     
     20.6250     -7.5000       0.2859     
     20.6250     -6.2500       0.2927     
     20.6250     -5.0000       0.3008     
     20.6250     -3.7500       0.3087     
     20.6250     -2.5000       0.3173     
     20.6250     -1.2500       0.3261     
     20.6250      0.0000        0.000     
     20.6250      1.2500        3.876     
     20.6250      2.5000        3.850     
     20.6250      3.7500        3.843     
     20.6250      5.0000        3.835     
     20.6250      6.2500        3.827     
     20.6250      7.5000        3.820     
     20.6250      8.7500        3.815     
     20.6250     10.0000        3.811     
     20.6250     11.2500        3.808     
     20.6250     12.5000        3.805     
     20.6250     13.7500        3.803     
     20.6250     15.0000        3.801     
     20.6250     16.2500        3.800     
     20.6250     17.5000        0.000     
     20.6250     18.7500        0.000     

     21.5625    -20.0000        0.000     
     21.5625    -18.7500        0.000     
     21.5625    -17.5000        0.000     
     21.5625    -16.2500       0.7560     
     21.5625    -15.0000       0.7573     
     21.5625    -13.7500       0.7594     
     21.5625    -12.5000       0.7620     
     21.5625    -11.2500       0.7646     
     21.5625    -10.0000       0.7680     
     21.5625     -8.7500       0.7716     
     21.5625     -7.5000       0.7768     
     21.5625     -6.2500       0.7835     
     21.5625     -5.0000       0.7916     
     21.5625     -3.7500       0.7995     
     21.5625     -2.5000       0.8079     
     21.5625     -1.2500       0.8205     
     21.5625      0.0000        0.000     
     21.5625      1.2500        3.379     
     21.5625      2.5000        3.360     
     21.5625      3.7500        3.352     
     21.5625      5.0000        3.344     
     21.5625      6.2500        3.336     
     21.5625      7.5000        3.329     
     21.5625      8.7500        3.324     
     21.5625     10.0000        3.320     
     21.5625     11.2500        3.317     
     21.5625     12.5000        3.314     
     21.5625     13.7500        3.312     
     21.5625     15.0000        3.309     
     21.5625     16.2500        3.309     
     21.5625     17.5000        0.000     
     21.5625     18.7500        0.000     

     22.5000    -20.0000        0.000     
     22.5000    -18.7500        0.000     
     22.5000    -17.5000        0.000     
     22.5000    -16.2500        1.247     
     22.5000    -15.0000        1.248     
     22.5000    -13.7500        1.250     
     22.5000    -12.5000        1.253     
     22.5000    -11.2500        1.255     
     22.5000    -10.0000        1.259     
     22.5000     -8.7500        1.262     
     22.5000     -7.5000        1.268     
     22.5000     -6.2500        1.274     
     22.5000     -5.0000        1.282     
     22.5000     -3.7500        1.290     
     22.5000     -2.5000        1.298     
     22.5000     -1.2500        1.313     
     22.5000      0.0000        0.000     
     22.5000      1.2500        2.881     
     22.5000      2.5000        2.869     
     22.5000      3.7500        2.861     
     22.5000      5.0000        2.853     
     22.5000      6.2500        2.845     
     22.5000      7.5000        2.838     
     22.5000      8.7500        2.833     
     22.5000     10.0000        2.829     
     22.5000     11.2500        2.826     
     22.5000     12.5000        2.824     
     22.5000     13.7500        2.821     
     22.5000     15.0000        2.818     
     22.5000     16.2500        2.819     
     22.5000     17.5000        0.000     
     22.5000     18.7500        0.000     

     23.4375    -20.0000        0.000     
     23.4375    -18.7500        0.000     
     23.4375    -17.5000        0.000     
     23.4375    -16.2500        1.738     
     23.4375    -15.0000        1.739     
     23.4375    -13.7500        1.741     
     23.4375    -12.5000        1.744     
     23.4375    -11.2500        1.746     
     23.4375    -10.0000        1.750     
     23.4375     -8.7500        1.753     
     23.4375     -7.5000        1.758     
     23.4375     -6.2500        1.765     
     23.4375     -5.0000        1.773     
     23.4375     -3.7500        1.781     
     23.4375     -2.5000        1.789     
     23.4375     -1.2500        1.802     
     23.4375      0.0000        0.000     
     23.4375      1.2500        2.387     
     23.4375      2.5000        2.379     
     23.4375      3.7500        2.370     
     23.4375      5.0000        2.362     
     23.4375      6.2500        2.354     
     23.4375      7.5000        2.347     
     23.4375      8.7500        2.342     
     23.4375     10.0000        2.339     
     23.4375     11.2500        2.335     
     23.4375     12.5000        2.333     
     23.4375     13.7500        2.330     
     23.4375     15.0000        2.328     
     23.4375     16.2500        2.328     
     23.4375     17.5000        0.000     
     23.4375     18.7500        0.000     

     24.3750    -20.0000        0.000     
     24.3750    -18.7500        0.000     
     24.3750    -17.5000        0.000     
     24.3750    -16.2500        2.229     
     24.3750    -15.0000        2.230     
     24.3750    -13.7500        2.232     
     24.3750    -12.5000        2.235     
     24.3750    -11.2500        2.237     
     24.3750    -10.0000        2.240     
     24.3750     -8.7500        2.244     
     24.3750     -7.5000        2.249     
     24.3750     -6.2500        2.256     
     24.3750     -5.0000        2.264     
     24.3750     -3.7500        2.272     
     24.3750     -2.5000        2.280     
     24.3750     -1.2500        2.290     
     24.3750      0.0000        0.000     
     24.3750      1.2500        1.901     
     24.3750      2.5000        1.887     
     24.3750      3.7500        1.880     
     24.3750      5.0000        1.871     
     24.3750      6.2500        1.863     
     24.3750      7.5000        1.857     
     24.3750      8.7500        1.851     
     24.3750     10.0000        1.848     
     24.3750     11.2500        1.844     
     24.3750     12.5000        1.842     
     24.3750     13.7500        1.839     
     24.3750     15.0000        1.837     
     24.3750     16.2500        1.836     
     24.3750     17.5000        0.000     
     24.3750     18.7500        0.000     

     25.3125    -20.0000        0.000     
     25.3125    -18.7500        0.000     
     25.3125    -17.5000        0.000     
     25.3125    -16.2500        2.720     
     25.3125    -15.0000        2.720     
     25.3125    -13.7500        2.723     
     25.3125    -12.5000        2.725     
     25.3125    -11.2500        2.728     
     25.3125    -10.0000        2.731     
     25.3125     -8.7500        2.735     
     25.3125     -7.5000        2.740     
     25.3125     -6.2500        2.747     
     25.3125     -5.0000        2.755     
     25.3125     -3.7500        2.763     
     25.3125     -2.5000        2.772     
     25.3125     -1.2500        2.778     
     25.3125      0.0000        0.000     
     25.3125      1.2500        1.418     
     25.3125      2.5000        1.396     
     25.3125      3.7500        1.389     
     25.3125      5.0000        1.380     
     25.3125      6.2500        1.373     
     25.3125      7.5000        1.366     
     25.3125      8.7500        1.361     
     25.3125     10.0000        1.357     
     25.3125     11.2500        1.354     
     25.3125     12.5000        1.351     
     25.3125     13.7500        1.349     
     25.3125     15.0000        1.347     
     25.3125     16.2500        1.345     
     25.3125     17.5000        0.000     
     25.3125     18.7500        0.000     

     26.2500    -20.0000        0.000     
     26.2500    -18.7500        0.000     
     26.2500    -17.5000        0.000     
     26.2500    -16.2500        3.211     
     26.2500    -15.0000        3.211     
     26.2500    -13.7500        3.214     
     26.2500    -12.5000        3.216     
     26.2500    -11.2500        3.219     
     26.2500    -10.0000        3.222     
     26.2500     -8.7500        3.226     
     26.2500     -7.5000        3.231     
     26.2500     -6.2500        3.238     
     26.2500     -5.0000        3.246     
     26.2500     -3.7500        3.254     
     26.2500     -2.5000        3.263     
     26.2500     -1.2500        3.270     
     26.2500      0.0000        0.000     
     26.2500      1.2500       0.9310     
     26.2500      2.5000       0.9051     
     26.2500      3.7500       0.8980     
     26.2500      5.0000       0.8896     
     26.2500      6.2500       0.8818     
     26.2500      7.5000       0.8749     
     26.2500      8.7500       0.8698     
     26.2500     10.0000       0.8661     
     26.2500     11.2500       0.8628     
     26.2500     12.5000       0.8601     
     26.2500     13.7500       0.8576     
     26.2500     15.0000       0.8555     
     26.2500     16.2500       0.8542     
     26.2500     17.5000        0.000     
     26.2500     18.7500        0.000     

     27.1875    -20.0000        0.000     
     27.1875    -18.7500        0.000     
     27.1875    -17.5000        0.000     
     27.1875    -16.2500        3.701     
     27.1875    -15.0000        3.702     
     27.1875    -13.7500        3.705     
     27.1875    -12.5000        3.707     
     27.1875    -11.2500        3.710     
     27.1875    -10.0000        3.713     
     27.1875     -8.7500        3.717     
     27.1875     -7.5000        3.722     
     27.1875     -6.2500        3.729     
     27.1875     -5.0000        3.737     
     27.1875     -3.7500        3.745     
     27.1875     -2.5000        3.753     
     27.1875     -1.2500        3.764     
     27.1875      0.0000        0.000     
     27.1875      1.2500       0.4369     
     27.1875      2.5000       0.4145     
     27.1875      3.7500       0.4072     
     27.1875      5.0000       0.3988     
     27.1875      6.2500       0.3910     
     27.1875      7.5000       0.3840     
     27.1875      8.7500       0.3790     
     27.1875     10.0000       0.3752     
     27.1875     11.2500       0.3719     
     27.1875     12.5000       0.3692     
     27.1875     13.7500       0.3669     
     27.1875     15.0000       0.3642     
     27.1875     16.2500       0.3639     
     27.1875     17.5000        0.000     
     27.1875     18.7500        0.000     

     28.1250    -20.0000        0.000     
     28.1250    -18.7500        0.000     
     28.1250    -17.5000        0.000     
     28.1250    -16.2500        4.192     
     28.1250    -15.0000        4.194     
     28.1250    -13.7500        4.196     
     28.1250    -12.5000        4.198     
     28.1250    -11.2500        4.201     
     28.1250    -10.0000        4.204     
     28.1250     -8.7500        4.208     
     28.1250     -7.5000        4.213     
     28.1250     -6.2500        4.220     
     28.1250     -5.0000        4.228     
     28.1250     -3.7500        4.236     
     28.1250     -2.5000        4.244     
     28.1250     -1.2500        4.258     
     28.1250      0.0000        0.000     
     28.1250      1.2500        6.222     
     28.1250      2.5000        6.207     
     28.1250      3.7500        6.199     
     28.1250      5.0000        6.191     
     28.1250      6.2500        6.183     
     28.1250      7.5000        6.176     
     28.1250      8.7500        6.171     
     28.1250     10.0000        6.167     
     28.1250     11.2500        6.164     
     28.1250     12.5000        6.161     
     28.1250     13.7500        6.159     
     28.1250     15.0000        6.156     
     28.1250     16.2500        6.157     
     28.1250     17.5000        0.000     
     28.1250     18.7500        0.000     

     29.0625    -20.0000        0.000     
     29.0625    -18.7500        0.000     
     29.0625    -17.5000        0.000     
     29.0625    -16.2500        4.683     
     29.0625    -15.0000        4.685     
     29.0625    -13.7500        4.686     
     29.0625    -12.5000        4.689     
     29.0625    -11.2500        4.692     
     29.0625    -10.0000        4.695     
     29.0625     -8.7500        4.698     
     29.0625     -7.5000        4.704     
     29.0625     -6.2500        4.710     
     29.0625     -5.0000        4.718     
     29.0625     -3.7500        4.727     
     29.0625     -2.5000        4.735     
     29.0625     -1.2500        4.749     
     29.0625      0.0000        0.000     
     29.0625      1.2500        5.726     
     29.0625      2.5000        5.717     
     29.0625      3.7500        5.708     
     29.0625      5.0000        5.700     
     29.0625      6.2500        5.692     
     29.0625      7.5000        5.685     
     29.0625      8.7500        5.680     
     29.0625     10.0000        5.676     
     29.0625     11.2500        5.673     
     29.0625     12.5000        5.671     
     29.0625     13.7500        5.668     
     29.0625     15.0000        5.666     
     29.0625     16.2500        5.666     
     29.0625     17.5000        0.000     
     29.0625     18.7500        0.000     

