    -30.0000    -20.0000        0.000     
    -30.0000    -18.7500        0.000     
    -30.0000    -17.5000        0.000     
    -30.0000    -16.2500        3.954     
    -30.0000    -15.0000        3.918     
    -30.0000    -13.7500        3.870     
    -30.0000    -12.5000        3.786     
    -30.0000    -11.2500        3.642     
    -30.0000    -10.0000        3.403     
    -30.0000     -8.7500        3.000     
    -30.0000     -7.5000        2.493     
    -30.0000     -6.2500        2.126     
    -30.0000     -5.0000        1.923     
    -30.0000     -3.7500        1.810     
    -30.0000     -2.5000        1.743     
    -30.0000     -1.2500        1.706     
    -30.0000      0.0000        1.694     
    -30.0000      1.2500        1.706     
    -30.0000      2.5000        1.743     
    -30.0000      3.7500        1.810     
    -30.0000      5.0000        1.923     
    -30.0000      6.2500        2.126     
    -30.0000      7.5000        2.493     
    -30.0000      8.7500        3.000     
    -30.0000     10.0000        3.403     
    -30.0000     11.2500        3.642     
    -30.0000     12.5000        3.786     
    -30.0000     13.7500        3.870     
    -30.0000     15.0000        3.918     
    -30.0000     16.2500        3.954     
    -30.0000     17.5000        0.000     
    -30.0000     18.7500        0.000     

    -29.0625    -20.0000        0.000     
    -29.0625    -18.7500        0.000     
    -29.0625    -17.5000        0.000     
    -29.0625    -16.2500        3.900     
    -29.0625    -15.0000        3.872     
    -29.0625    -13.7500        3.843     
    -29.0625    -12.5000        3.797     
    -29.0625    -11.2500        3.723     
    -29.0625    -10.0000        3.616     
    -29.0625     -8.7500        3.459     
    -29.0625     -7.5000        3.207     
    -29.0625     -6.2500        2.835     
    -29.0625     -5.0000        2.426     
    -29.0625     -3.7500        2.112     
    -29.0625     -2.5000        1.908     
    -29.0625     -1.2500        1.778     
    -29.0625      0.0000        1.694     
    -29.0625      1.2500        1.639     
    -29.0625      2.5000        1.598     
    -29.0625      3.7500        1.559     
    -29.0625      5.0000        1.506     
    -29.0625      6.2500        1.426     
    -29.0625      7.5000        1.302     
    -29.0625      8.7500        1.133     
    -29.0625     10.0000       0.9394     
    -29.0625     11.2500       0.7727     
    -29.0625     12.5000       0.6782     
    -29.0625     13.7500       0.6566     
    -29.0625     15.0000       0.6676     
    -29.0625     16.2500       0.6897     
    -29.0625     17.5000        0.000     
    -29.0625     18.7500        0.000     

    -28.1250    -20.0000        0.000     
    -28.1250    -18.7500        0.000     
    -28.1250    -17.5000        0.000     
    -28.1250    -16.2500        3.888     
    -28.1250    -15.0000        3.862     
    -28.1250    -13.7500        3.836     
    -28.1250    -12.5000        3.800     
    -28.1250    -11.2500        3.746     
    -28.1250    -10.0000        3.679     
    -28.1250     -8.7500        3.597     
    -28.1250     -7.5000        3.484     
    -28.1250     -6.2500        3.308     
    -28.1250     -5.0000        3.025     
    -28.1250     -3.7500        2.633     
    -28.1250     -2.5000        2.229     
    -28.1250     -1.2500        1.915     
    -28.1250      0.0000        1.694     
    -28.1250      1.2500        1.529     
    -28.1250      2.5000        1.389     
    -28.1250      3.7500        1.254     
    -28.1250      5.0000        1.111     
    -28.1250      6.2500       0.9624     
    -28.1250      7.5000       0.8228     
    -28.1250      8.7500       0.7206     
    -28.1250     10.0000       0.6669     
    -28.1250     11.2500       0.6551     
    -28.1250     12.5000       0.6644     
    -28.1250     13.7500       0.6818     
    -28.1250     15.0000       0.7011     
    -28.1250     16.2500       0.7253     
    -28.1250     17.5000        0.000     
    -28.1250     18.7500        0.000     

    -27.1875    -20.0000        0.000     
    -27.1875    -18.7500        0.000     
    -27.1875    -17.5000        0.000     
    -27.1875    -16.2500        3.881     
    -27.1875    -15.0000        3.855     
    -27.1875    -13.7500        3.832     
    -27.1875    -12.5000        3.802     
    -27.1875    -11.2500        3.763     
    -27.1875    -10.0000        3.723     
    -27.1875     -8.7500        3.691     
    -27.1875     -7.5000        3.668     
    -27.1875     -6.2500        3.646     
    -27.1875     -5.0000        3.607     
    -27.1875     -3.7500        3.533     
    -27.1875     -2.5000        3.382     
    -27.1875     -1.2500        2.968     
    -27.1875      0.0000        1.693     
    -27.1875      1.2500        1.012     
    -27.1875      2.5000       0.8131     
    -27.1875      3.7500       0.7252     
    -27.1875      5.0000       0.6693     
    -27.1875      6.2500       0.6281     
    -27.1875      7.5000       0.5978     
    -27.1875      8.7500       0.5878     
    -27.1875     10.0000       0.5995     
    -27.1875     11.2500       0.6287     
    -27.1875     12.5000       0.6611     
    -27.1875     13.7500       0.6884     
    -27.1875     15.0000       0.7106     
    -27.1875     16.2500       0.7359     
    -27.1875     17.5000        0.000     
    -27.1875     18.7500        0.000     

    -26.2500    -20.0000        0.000     
    -26.2500    -18.7500        0.000     
    -26.2500    -17.5000        0.000     
    -26.2500    -16.2500        3.872     
    -26.2500    -15.0000        3.847     
    -26.2500    -13.7500        3.827     
    -26.2500    -12.5000        3.804     
    -26.2500    -11.2500        3.784     
    -26.2500    -10.0000        3.776     
    -26.2500     -8.7500        3.799     
    -26.2500     -7.5000        3.862     
    -26.2500     -6.2500        3.962     
    -26.2500     -5.0000        4.086     
    -26.2500     -3.7500        4.226     
    -26.2500     -2.5000        4.386     
    -26.2500     -1.2500        4.579     
    -26.2500      0.0000        4.836     
    -26.2500      1.2500        5.196     
    -26.2500      2.5000        5.661     
    -26.2500      3.7500        6.104     
    -26.2500      5.0000       0.1261     
    -26.2500      6.2500       0.3107     
    -26.2500      7.5000       0.4200     
    -26.2500      8.7500       0.4945     
    -26.2500     10.0000       0.5550     
    -26.2500     11.2500       0.6116     
    -26.2500     12.5000       0.6590     
    -26.2500     13.7500       0.6930     
    -26.2500     15.0000       0.7174     
    -26.2500     16.2500       0.7434     
    -26.2500     17.5000        0.000     
    -26.2500     18.7500        0.000     

    -25.3125    -20.0000        0.000     
    -25.3125    -18.7500        0.000     
    -25.3125    -17.5000        0.000     
    -25.3125    -16.2500        3.854     
    -25.3125    -15.0000        3.830     
    -25.3125    -13.7500        3.815     
    -25.3125    -12.5000        3.811     
    -25.3125    -11.2500        3.835     
    -25.3125    -10.0000        3.903     
    -25.3125     -8.7500        4.027     
    -25.3125     -7.5000        4.192     
    -25.3125     -6.2500        4.357     
    -25.3125     -5.0000        4.491     
    -25.3125     -3.7500        4.591     
    -25.3125     -2.5000        4.671     
    -25.3125     -1.2500        4.746     
    -25.3125      0.0000        4.836     
    -25.3125      1.2500        4.959     
    -25.3125      2.5000        5.143     
    -25.3125      3.7500        5.421     
    -25.3125      5.0000        5.800     
    -25.3125      6.2500        6.191     
    -25.3125      7.5000       0.1988     
    -25.3125      8.7500       0.3841     
    -25.3125     10.0000       0.5044     
    -25.3125     11.2500       0.5923     
    -25.3125     12.5000       0.6565     
    -25.3125     13.7500       0.6983     
    -25.3125     15.0000       0.7255     
    -25.3125     16.2500       0.7526     
    -25.3125     17.5000        0.000     
    -25.3125     18.7500        0.000     

    -24.3750    -20.0000        0.000     
    -24.3750    -18.7500        0.000     
    -24.3750    -17.5000        0.000     
    -24.3750    -16.2500        0.000     
    -24.3750    -15.0000        0.000     
    -24.3750    -13.7500       0.8900     
    -24.3750    -12.5000       0.6022     
    -24.3750    -11.2500       0.2484     
    -24.3750    -10.0000        5.991     
    -24.3750     -8.7500        5.423     
    -24.3750     -7.5000        5.105     
    -24.3750     -6.2500        4.962     
    -24.3750     -5.0000        4.891     
    -24.3750     -3.7500        4.851     
    -24.3750     -2.5000        4.829     
    -24.3750     -1.2500        4.822     
    -24.3750      0.0000        4.836     
    -24.3750      1.2500        4.874     
    -24.3750      2.5000        4.944     
    -24.3750      3.7500        5.060     
    -24.3750      5.0000        5.253     
    -24.3750      6.2500        5.575     
    -24.3750      7.5000        6.020     
    -24.3750      8.7500       0.1388     
    -24.3750     10.0000       0.3945     
    -24.3750     11.2500       0.5510     
    -24.3750     12.5000       0.6511     
    -24.3750     13.7500       0.7107     
    -24.3750     15.0000       0.7455     
    -24.3750     16.2500       0.7757     
    -24.3750     17.5000        0.000     
    -24.3750     18.7500        0.000     

    -23.4375    -20.0000        0.000     
    -23.4375    -18.7500        0.000     
    -23.4375    -17.5000        0.000     
    -23.4375    -16.2500       0.7680     
    -23.4375    -15.0000       0.7388     
    -23.4375    -13.7500       0.7067     
    -23.4375    -12.5000       0.6528     
    -23.4375    -11.2500       0.5639     
    -23.4375    -10.0000       0.4291     
    -23.4375     -8.7500       0.2158     
    -23.4375     -7.5000        6.155     
    -23.4375     -6.2500        5.719     
    -23.4375     -5.0000        5.353     
    -23.4375     -3.7500        5.119     
    -23.4375     -2.5000        4.976     
    -23.4375     -1.2500        4.888     
    -23.4375      0.0000        4.836     
    -23.4375      1.2500        4.809     
    -23.4375      2.5000        4.800     
    -23.4375      3.7500        4.801     
    -23.4375      5.0000        4.808     
    -23.4375      6.2500        4.820     
    -23.4375      7.5000        4.845     
    -23.4375      8.7500        4.907     
    -23.4375     10.0000        5.023     
    -23.4375     11.2500        5.002     
    -23.4375     12.5000        0.000     
    -23.4375     13.7500        3.668     
    -23.4375     15.0000        3.689     
    -23.4375     16.2500        0.000     
    -23.4375     17.5000        0.000     
    -23.4375     18.7500        0.000     

    -22.5000    -20.0000        0.000     
    -22.5000    -18.7500        0.000     
    -22.5000    -17.5000        0.000     
    -22.5000    -16.2500       0.7505     
    -22.5000    -15.0000       0.7235     
    -22.5000    -13.7500       0.6970     
    -22.5000    -12.5000       0.6571     
    -22.5000    -11.2500       0.5968     
    -22.5000    -10.0000       0.5164     
    -22.5000     -8.7500       0.4105     
    -22.5000     -7.5000       0.2522     
    -22.5000     -6.2500       0.1543E-002
    -22.5000     -5.0000        5.921     
    -22.5000     -3.7500        5.523     
    -22.5000     -2.5000        5.203     
    -22.5000     -1.2500        4.984     
    -22.5000      0.0000        4.836     
    -22.5000      1.2500        4.726     
    -22.5000      2.5000        4.631     
    -22.5000      3.7500        4.532     
    -22.5000      5.0000        4.412     
    -22.5000      6.2500        4.266     
    -22.5000      7.5000        4.102     
    -22.5000      8.7500        3.957     
    -22.5000     10.0000        3.861     
    -22.5000     11.2500        3.818     
    -22.5000     12.5000        3.808     
    -22.5000     13.7500        3.818     
    -22.5000     15.0000        3.836     
    -22.5000     16.2500        3.859     
    -22.5000     17.5000        0.000     
    -22.5000     18.7500        0.000     

    -21.5625    -20.0000        0.000     
    -21.5625    -18.7500        0.000     
    -21.5625    -17.5000        0.000     
    -21.5625    -16.2500       0.7420     
    -21.5625    -15.0000       0.7160     
    -21.5625    -13.7500       0.6921     
    -21.5625    -12.5000       0.6594     
    -21.5625    -11.2500       0.6148     
    -21.5625    -10.0000       0.5637     
    -21.5625     -8.7500       0.5128     
    -21.5625     -7.5000       0.4562     
    -21.5625     -6.2500       0.3772     
    -21.5625     -5.0000       0.2435     
    -21.5625     -3.7500       0.8409E-002
    -21.5625     -2.5000        5.888     
    -21.5625     -1.2500        5.333     
    -21.5625      0.0000        4.835     
    -21.5625      1.2500        4.503     
    -21.5625      2.5000        4.281     
    -21.5625      3.7500        4.123     
    -21.5625      5.0000        3.998     
    -21.5625      6.2500        3.896     
    -21.5625      7.5000        3.818     
    -21.5625      8.7500        3.773     
    -21.5625     10.0000        3.763     
    -21.5625     11.2500        3.779     
    -21.5625     12.5000        3.804     
    -21.5625     13.7500        3.828     
    -21.5625     15.0000        3.849     
    -21.5625     16.2500        3.874     
    -21.5625     17.5000        0.000     
    -21.5625     18.7500        0.000     

    -20.6250    -20.0000        0.000     
    -20.6250    -18.7500        0.000     
    -20.6250    -17.5000        0.000     
    -20.6250    -16.2500       0.7343     
    -20.6250    -15.0000       0.7091     
    -20.6250    -13.7500       0.6874     
    -20.6250    -12.5000       0.6616     
    -20.6250    -11.2500       0.6326     
    -20.6250    -10.0000       0.6099     
    -20.6250     -8.7500       0.6087     
    -20.6250     -7.5000       0.6359     
    -20.6250     -6.2500       0.6904     
    -20.6250     -5.0000       0.7649     
    -20.6250     -3.7500       0.8621     
    -20.6250     -2.5000        1.002     
    -20.6250     -1.2500        1.237     
    -20.6250      0.0000        1.695     
    -20.6250      1.2500        2.447     
    -20.6250      2.5000        3.043     
    -20.6250      3.7500        3.344     
    -20.6250      5.0000        3.498     
    -20.6250      6.2500        3.583     
    -20.6250      7.5000        3.633     
    -20.6250      8.7500        3.673     
    -20.6250     10.0000        3.714     
    -20.6250     11.2500        3.760     
    -20.6250     12.5000        3.801     
    -20.6250     13.7500        3.833     
    -20.6250     15.0000        3.856     
    -20.6250     16.2500        3.882     
    -20.6250     17.5000        0.000     
    -20.6250     18.7500        0.000     

    -19.6875    -20.0000        0.000     
    -19.6875    -18.7500        0.000     
    -19.6875    -17.5000        0.000     
    -19.6875    -16.2500       0.7222     
    -19.6875    -15.0000       0.6980     
    -19.6875    -13.7500       0.6797     
    -19.6875    -12.5000       0.6655     
    -19.6875    -11.2500       0.6640     
    -19.6875    -10.0000       0.6896     
    -19.6875     -8.7500       0.7622     
    -19.6875     -7.5000       0.8860     
    -19.6875     -6.2500        1.040     
    -19.6875     -5.0000        1.192     
    -19.6875     -3.7500        1.325     
    -19.6875     -2.5000        1.443     
    -19.6875     -1.2500        1.559     
    -19.6875      0.0000        1.694     
    -19.6875      1.2500        1.874     
    -19.6875      2.5000        2.135     
    -19.6875      3.7500        2.498     
    -19.6875      5.0000        2.902     
    -19.6875      6.2500        3.229     
    -19.6875      7.5000        3.441     
    -19.6875      8.7500        3.576     
    -19.6875     10.0000        3.669     
    -19.6875     11.2500        3.743     
    -19.6875     12.5000        3.799     
    -19.6875     13.7500        3.837     
    -19.6875     15.0000        3.863     
    -19.6875     16.2500        3.890     
    -19.6875     17.5000        0.000     
    -19.6875     18.7500        0.000     

    -18.7500    -20.0000        0.000     
    -18.7500    -18.7500        0.000     
    -18.7500    -17.5000        0.000     
    -18.7500    -16.2500        0.000     
    -18.7500    -15.0000       0.6401     
    -18.7500    -13.7500       0.6332     
    -18.7500    -12.5000       0.6935     
    -18.7500    -11.2500       0.9105     
    -18.7500    -10.0000        1.189     
    -18.7500     -8.7500        1.374     
    -18.7500     -7.5000        1.481     
    -18.7500     -6.2500        1.547     
    -18.7500     -5.0000        1.585     
    -18.7500     -3.7500        1.610     
    -18.7500     -2.5000        1.629     
    -18.7500     -1.2500        1.654     
    -18.7500      0.0000        1.694     
    -18.7500      1.2500        1.761     
    -18.7500      2.5000        1.869     
    -18.7500      3.7500        2.042     
    -18.7500      5.0000        2.317     
    -18.7500      6.2500        2.711     
    -18.7500      7.5000        3.120     
    -18.7500      8.7500        3.415     
    -18.7500     10.0000        3.596     
    -18.7500     11.2500        3.715     
    -18.7500     12.5000        3.796     
    -18.7500     13.7500        3.845     
    -18.7500     15.0000        3.876     
    -18.7500     16.2500        3.904     
    -18.7500     17.5000        0.000     
    -18.7500     18.7500        0.000     

    -17.8125    -20.0000        0.000     
    -17.8125    -18.7500        0.000     
    -17.8125    -17.5000        0.000     
    -17.8125    -16.2500        3.930     
    -17.8125    -15.0000        3.898     
    -17.8125    -13.7500        3.859     
    -17.8125    -12.5000        3.790     
    -17.8125    -11.2500        3.674     
    -17.8125    -10.0000        3.486     
    -17.8125     -8.7500        3.170     
    -17.8125     -7.5000        2.707     
    -17.8125     -6.2500        2.281     
    -17.8125     -5.0000        2.015     
    -17.8125     -3.7500        1.863     
    -17.8125     -2.5000        1.772     
    -17.8125     -1.2500        1.719     
    -17.8125      0.0000        1.694     
    -17.8125      1.2500        1.693     
    -17.8125      2.5000        1.715     
    -17.8125      3.7500        1.759     
    -17.8125      5.0000        1.834     
    -17.8125      6.2500        1.971     
    -17.8125      7.5000        2.238     
    -17.8125      8.7500        2.722     
    -17.8125     10.0000        3.245     
    -17.8125     11.2500        3.580     
    -17.8125     12.5000        3.777     
    -17.8125     13.7500        3.895     
    -17.8125     15.0000        3.969     
    -17.8125     16.2500        0.000     
    -17.8125     17.5000        0.000     
    -17.8125     18.7500        0.000     

    -16.8750    -20.0000        0.000     
    -16.8750    -18.7500        0.000     
    -16.8750    -17.5000        0.000     
    -16.8750    -16.2500        3.897     
    -16.8750    -15.0000        3.869     
    -16.8750    -13.7500        3.841     
    -16.8750    -12.5000        3.797     
    -16.8750    -11.2500        3.729     
    -16.8750    -10.0000        3.632     
    -16.8750     -8.7500        3.495     
    -16.8750     -7.5000        3.279     
    -16.8750     -6.2500        2.947     
    -16.8750     -5.0000        2.540     
    -16.8750     -3.7500        2.191     
    -16.8750     -2.5000        1.951     
    -16.8750     -1.2500        1.796     
    -16.8750      0.0000        1.694     
    -16.8750      1.2500        1.623     
    -16.8750      2.5000        1.565     
    -16.8750      3.7500        1.506     
    -16.8750      5.0000        1.427     
    -16.8750      6.2500        1.316     
    -16.8750      7.5000        1.162     
    -16.8750      8.7500       0.9844     
    -16.8750     10.0000       0.8256     
    -16.8750     11.2500       0.7208     
    -16.8750     12.5000       0.6722     
    -16.8750     13.7500       0.6669     
    -16.8750     15.0000       0.6808     
    -16.8750     16.2500       0.7036     
    -16.8750     17.5000        0.000     
    -16.8750     18.7500        0.000     

    -15.9375    -20.0000        0.000     
    -15.9375    -18.7500        0.000     
    -15.9375    -17.5000        0.000     
    -15.9375    -16.2500        3.887     
    -15.9375    -15.0000        3.860     
    -15.9375    -13.7500        3.835     
    -15.9375    -12.5000        3.800     
    -15.9375    -11.2500        3.750     
    -15.9375    -10.0000        3.688     
    -15.9375     -8.7500        3.617     
    -15.9375     -7.5000        3.524     
    -15.9375     -6.2500        3.382     
    -15.9375     -5.0000        3.147     
    -15.9375     -3.7500        2.788     
    -15.9375     -2.5000        2.352     
    -15.9375     -1.2500        1.972     
    -15.9375      0.0000        1.694     
    -15.9375      1.2500        1.490     
    -15.9375      2.5000        1.324     
    -15.9375      3.7500        1.175     
    -15.9375      5.0000        1.029     
    -15.9375      6.2500       0.8894     
    -15.9375      7.5000       0.7682     
    -15.9375      8.7500       0.6863     
    -15.9375     10.0000       0.6489     
    -15.9375     11.2500       0.6479     
    -15.9375     12.5000       0.6635     
    -15.9375     13.7500       0.6836     
    -15.9375     15.0000       0.7036     
    -15.9375     16.2500       0.7281     
    -15.9375     17.5000        0.000     
    -15.9375     18.7500        0.000     

    -15.0000    -20.0000        0.000     
    -15.0000    -18.7500        0.000     
    -15.0000    -17.5000        0.000     
    -15.0000    -16.2500        3.879     
    -15.0000    -15.0000        3.854     
    -15.0000    -13.7500        3.831     
    -15.0000    -12.5000        3.802     
    -15.0000    -11.2500        3.767     
    -15.0000    -10.0000        3.732     
    -15.0000     -8.7500        3.710     
    -15.0000     -7.5000        3.703     
    -15.0000     -6.2500        3.708     
    -15.0000     -5.0000        3.712     
    -15.0000     -3.7500        3.709     
    -15.0000     -2.5000        3.701     
    -15.0000     -1.2500        3.691     
    -15.0000      0.0000        0.000     
    -15.0000      1.2500       0.5513     
    -15.0000      2.5000       0.5585     
    -15.0000      3.7500       0.5680     
    -15.0000      5.0000       0.5696     
    -15.0000      6.2500       0.5663     
    -15.0000      7.5000       0.5615     
    -15.0000      8.7500       0.5682     
    -15.0000     10.0000       0.5900     
    -15.0000     11.2500       0.6250     
    -15.0000     12.5000       0.6606     
    -15.0000     13.7500       0.6894     
    -15.0000     15.0000       0.7121     
    -15.0000     16.2500       0.7374     
    -15.0000     17.5000        0.000     
    -15.0000     18.7500        0.000     

    -14.0625    -20.0000        0.000     
    -14.0625    -18.7500        0.000     
    -14.0625    -17.5000        0.000     
    -14.0625    -16.2500        3.870     
    -14.0625    -15.0000        3.845     
    -14.0625    -13.7500        3.825     
    -14.0625    -12.5000        3.805     
    -14.0625    -11.2500        3.790     
    -14.0625    -10.0000        3.791     
    -14.0625     -8.7500        3.828     
    -14.0625     -7.5000        3.910     
    -14.0625     -6.2500        4.031     
    -14.0625     -5.0000        4.170     
    -14.0625     -3.7500        4.316     
    -14.0625     -2.5000        4.466     
    -14.0625     -1.2500        4.632     
    -14.0625      0.0000        4.836     
    -14.0625      1.2500        5.113     
    -14.0625      2.5000        5.494     
    -14.0625      3.7500        5.930     
    -14.0625      5.0000       0.5741E-002
    -14.0625      6.2500       0.2408     
    -14.0625      7.5000       0.3824     
    -14.0625      8.7500       0.4755     
    -14.0625     10.0000       0.5462     
    -14.0625     11.2500       0.6082     
    -14.0625     12.5000       0.6585     
    -14.0625     13.7500       0.6939     
    -14.0625     15.0000       0.7187     
    -14.0625     16.2500       0.7450     
    -14.0625     17.5000        0.000     
    -14.0625     18.7500        0.000     

    -13.1250    -20.0000        0.000     
    -13.1250    -18.7500        0.000     
    -13.1250    -17.5000        0.000     
    -13.1250    -16.2500        3.845     
    -13.1250    -15.0000        3.822     
    -13.1250    -13.7500        3.809     
    -13.1250    -12.5000        3.814     
    -13.1250    -11.2500        3.862     
    -13.1250    -10.0000        3.967     
    -13.1250     -8.7500        4.126     
    -13.1250     -7.5000        4.303     
    -13.1250     -6.2500        4.457     
    -13.1250     -5.0000        4.569     
    -13.1250     -3.7500        4.647     
    -13.1250     -2.5000        4.707     
    -13.1250     -1.2500        4.764     
    -13.1250      0.0000        4.836     
    -13.1250      1.2500        4.937     
    -13.1250      2.5000        5.093     
    -13.1250      3.7500        5.332     
    -13.1250      5.0000        5.682     
    -13.1250      6.2500        6.089     
    -13.1250      7.5000       0.1375     
    -13.1250      8.7500       0.3537     
    -13.1250     10.0000       0.4907     
    -13.1250     11.2500       0.5871     
    -13.1250     12.5000       0.6559     
    -13.1250     13.7500       0.6998     
    -13.1250     15.0000       0.7278     
    -13.1250     16.2500       0.7553     
    -13.1250     17.5000        0.000     
    -13.1250     18.7500        0.000     

    -12.1875    -20.0000        0.000     
    -12.1875    -18.7500        0.000     
    -12.1875    -17.5000        0.000     
    -12.1875    -16.2500        0.000     
    -12.1875    -15.0000       0.8277     
    -12.1875    -13.7500       0.7538     
    -12.1875    -12.5000       0.6352     
    -12.1875    -11.2500       0.4383     
    -12.1875    -10.0000       0.1034     
    -12.1875     -8.7500        5.863     
    -12.1875     -7.5000        5.380     
    -12.1875     -6.2500        5.112     
    -12.1875     -5.0000        4.976     
    -12.1875     -3.7500        4.901     
    -12.1875     -2.5000        4.857     
    -12.1875     -1.2500        4.835     
    -12.1875      0.0000        4.836     
    -12.1875      1.2500        4.861     
    -12.1875      2.5000        4.914     
    -12.1875      3.7500        5.004     
    -12.1875      5.0000        5.157     
    -12.1875      6.2500        5.423     
    -12.1875      7.5000        5.849     
    -12.1875      8.7500       0.2837E-001
    -12.1875     10.0000       0.3441     
    -12.1875     11.2500       0.5320     
    -12.1875     12.5000       0.6486     
    -12.1875     13.7500       0.7170     
    -12.1875     15.0000       0.7561     
    -12.1875     16.2500       0.7882     
    -12.1875     17.5000        0.000     
    -12.1875     18.7500        0.000     

    -11.2500    -20.0000        0.000     
    -11.2500    -18.7500        0.000     
    -11.2500    -17.5000        0.000     
    -11.2500    -16.2500       0.7626     
    -11.2500    -15.0000       0.7341     
    -11.2500    -13.7500       0.7038     
    -11.2500    -12.5000       0.6541     
    -11.2500    -11.2500       0.5735     
    -11.2500    -10.0000       0.4546     
    -11.2500     -8.7500       0.2729     
    -11.2500     -7.5000        6.262     
    -11.2500     -6.2500        5.853     
    -11.2500     -5.0000        5.458     
    -11.2500     -3.7500        5.183     
    -11.2500     -2.5000        5.011     
    -11.2500     -1.2500        4.903     
    -11.2500      0.0000        4.836     
    -11.2500      1.2500        4.795     
    -11.2500      2.5000        4.771     
    -11.2500      3.7500        4.751     
    -11.2500      5.0000        4.727     
    -11.2500      6.2500        4.688     
    -11.2500      7.5000        4.622     
    -11.2500      8.7500        4.515     
    -11.2500     10.0000        4.330     
    -11.2500     11.2500        4.052     
    -11.2500     12.5000        3.835     
    -11.2500     13.7500        3.775     
    -11.2500     15.0000        3.782     
    -11.2500     16.2500        0.000     
    -11.2500     17.5000        0.000     
    -11.2500     18.7500        0.000     

    -10.3125    -20.0000        0.000     
    -10.3125    -18.7500        0.000     
    -10.3125    -17.5000        0.000     
    -10.3125    -16.2500       0.7485     
    -10.3125    -15.0000       0.7218     
    -10.3125    -13.7500       0.6959     
    -10.3125    -12.5000       0.6576     
    -10.3125    -11.2500       0.6009     
    -10.3125    -10.0000       0.5272     
    -10.3125     -8.7500       0.4340     
    -10.3125     -7.5000       0.2996     
    -10.3125     -6.2500       0.8730E-001
    -10.3125     -5.0000        6.043     
    -10.3125     -3.7500        5.640     
    -10.3125     -2.5000        5.277     
    -10.3125     -1.2500        5.016     
    -10.3125      0.0000        4.836     
    -10.3125      1.2500        4.701     
    -10.3125      2.5000        4.585     
    -10.3125      3.7500        4.467     
    -10.3125      5.0000        4.333     
    -10.3125      6.2500        4.182     
    -10.3125      7.5000        4.027     
    -10.3125      8.7500        3.904     
    -10.3125     10.0000        3.831     
    -10.3125     11.2500        3.806     
    -10.3125     12.5000        3.807     
    -10.3125     13.7500        3.821     
    -10.3125     15.0000        3.840     
    -10.3125     16.2500        3.864     
    -10.3125     17.5000        0.000     
    -10.3125     18.7500        0.000     

     -9.3750    -20.0000        0.000     
     -9.3750    -18.7500        0.000     
     -9.3750    -17.5000        0.000     
     -9.3750    -16.2500       0.7405     
     -9.3750    -15.0000       0.7147     
     -9.3750    -13.7500       0.6912     
     -9.3750    -12.5000       0.6598     
     -9.3750    -11.2500       0.6181     
     -9.3750    -10.0000       0.5723     
     -9.3750     -8.7500       0.5310     
     -9.3750     -7.5000       0.4914     
     -9.3750     -6.2500       0.4415     
     -9.3750     -5.0000       0.3568     
     -9.3750     -3.7500       0.2024     
     -9.3750     -2.5000        6.185     
     -9.3750     -1.2500        5.589     
     -9.3750      0.0000        4.835     
     -9.3750      1.2500        4.379     
     -9.3750      2.5000        4.143     
     -9.3750      3.7500        4.004     
     -9.3750      5.0000        3.906     
     -9.3750      6.2500        3.832     
     -9.3750      7.5000        3.777     
     -9.3750      8.7500        3.750     
     -9.3750     10.0000        3.751     
     -9.3750     11.2500        3.774     
     -9.3750     12.5000        3.803     
     -9.3750     13.7500        3.829     
     -9.3750     15.0000        3.851     
     -9.3750     16.2500        3.876     
     -9.3750     17.5000        0.000     
     -9.3750     18.7500        0.000     

     -8.4375    -20.0000        0.000     
     -8.4375    -18.7500        0.000     
     -8.4375    -17.5000        0.000     
     -8.4375    -16.2500       0.7325     
     -8.4375    -15.0000       0.7075     
     -8.4375    -13.7500       0.6863     
     -8.4375    -12.5000       0.6622     
     -8.4375    -11.2500       0.6370     
     -8.4375    -10.0000       0.6212     
     -8.4375     -8.7500       0.6315     
     -8.4375     -7.5000       0.6762     
     -8.4375     -6.2500       0.7542     
     -8.4375     -5.0000       0.8562     
     -8.4375     -3.7500       0.9810     
     -8.4375     -2.5000        1.140     
     -8.4375     -1.2500        1.360     
     -8.4375      0.0000        1.694     
     -8.4375      1.2500        2.191     
     -8.4375      2.5000        2.747     
     -8.4375      3.7500        3.150     
     -8.4375      5.0000        3.385     
     -8.4375      6.2500        3.519     
     -8.4375      7.5000        3.598     
     -8.4375      8.7500        3.654     
     -8.4375     10.0000        3.705     
     -8.4375     11.2500        3.756     
     -8.4375     12.5000        3.801     
     -8.4375     13.7500        3.834     
     -8.4375     15.0000        3.858     
     -8.4375     16.2500        3.883     
     -8.4375     17.5000        0.000     
     -8.4375     18.7500        0.000     

     -7.5000    -20.0000        0.000     
     -7.5000    -18.7500        0.000     
     -7.5000    -17.5000        0.000     
     -7.5000    -16.2500       0.7180     
     -7.5000    -15.0000       0.6940     
     -7.5000    -13.7500       0.6768     
     -7.5000    -12.5000       0.6669     
     -7.5000    -11.2500       0.6761     
     -7.5000    -10.0000       0.7194     
     -7.5000     -8.7500       0.8151     
     -7.5000     -7.5000       0.9604     
     -7.5000     -6.2500        1.124     
     -7.5000     -5.0000        1.271     
     -7.5000     -3.7500        1.390     
     -7.5000     -2.5000        1.489     
     -7.5000     -1.2500        1.584     
     -7.5000      0.0000        1.694     
     -7.5000      1.2500        1.843     
     -7.5000      2.5000        2.062     
     -7.5000      3.7500        2.381     
     -7.5000      5.0000        2.779     
     -7.5000      6.2500        3.143     
     -7.5000      7.5000        3.394     
     -7.5000      8.7500        3.552     
     -7.5000     10.0000        3.658     
     -7.5000     11.2500        3.738     
     -7.5000     12.5000        3.799     
     -7.5000     13.7500        3.839     
     -7.5000     15.0000        3.865     
     -7.5000     16.2500        3.892     
     -7.5000     17.5000        0.000     
     -7.5000     18.7500        0.000     

     -6.5625    -20.0000        0.000     
     -6.5625    -18.7500        0.000     
     -6.5625    -17.5000        0.000     
     -6.5625    -16.2500        0.000     
     -6.5625    -15.0000       0.5467     
     -6.5625    -13.7500       0.5267     
     -6.5625    -12.5000        0.000     
     -6.5625    -11.2500        1.859     
     -6.5625    -10.0000        1.882     
     -6.5625     -8.7500        1.765     
     -6.5625     -7.5000        1.703     
     -6.5625     -6.2500        1.678     
     -6.5625     -5.0000        1.666     
     -6.5625     -3.7500        1.660     
     -6.5625     -2.5000        1.658     
     -6.5625     -1.2500        1.667     
     -6.5625      0.0000        1.694     
     -6.5625      1.2500        1.746     
     -6.5625      2.5000        1.834     
     -6.5625      3.7500        1.977     
     -6.5625      5.0000        2.212     
     -6.5625      6.2500        2.577     
     -6.5625      7.5000        3.013     
     -6.5625      8.7500        3.357     
     -6.5625     10.0000        3.571     
     -6.5625     11.2500        3.706     
     -6.5625     12.5000        3.794     
     -6.5625     13.7500        3.848     
     -6.5625     15.0000        3.880     
     -6.5625     16.2500        3.910     
     -6.5625     17.5000        0.000     
     -6.5625     18.7500        0.000     

     -5.6250    -20.0000        0.000     
     -5.6250    -18.7500        0.000     
     -5.6250    -17.5000        0.000     
     -5.6250    -16.2500        3.917     
     -5.6250    -15.0000        3.887     
     -5.6250    -13.7500        3.852     
     -5.6250    -12.5000        3.793     
     -5.6250    -11.2500        3.693     
     -5.6250    -10.0000        3.536     
     -5.6250     -8.7500        3.280     
     -5.6250     -7.5000        2.878     
     -5.6250     -6.2500        2.433     
     -5.6250     -5.0000        2.111     
     -5.6250     -3.7500        1.918     
     -5.6250     -2.5000        1.802     
     -5.6250     -1.2500        1.732     
     -5.6250      0.0000        1.694     
     -5.6250      1.2500        1.681     
     -5.6250      2.5000        1.687     
     -5.6250      3.7500        1.709     
     -5.6250      5.0000        1.749     
     -5.6250      6.2500        1.820     
     -5.6250      7.5000        1.964     
     -5.6250      8.7500        2.282     
     -5.6250     10.0000        2.849     
     -5.6250     11.2500        3.390     
     -5.6250     12.5000        3.744     
     -5.6250     13.7500        4.031     
     -5.6250     15.0000        0.000     
     -5.6250     16.2500        0.000     
     -5.6250     17.5000        0.000     
     -5.6250     18.7500        0.000     

     -4.6875    -20.0000        0.000     
     -4.6875    -18.7500        0.000     
     -4.6875    -17.5000        0.000     
     -4.6875    -16.2500        3.894     
     -4.6875    -15.0000        3.867     
     -4.6875    -13.7500        3.840     
     -4.6875    -12.5000        3.798     
     -4.6875    -11.2500        3.734     
     -4.6875    -10.0000        3.646     
     -4.6875     -8.7500        3.526     
     -4.6875     -7.5000        3.340     
     -4.6875     -6.2500        3.050     
     -4.6875     -5.0000        2.658     
     -4.6875     -3.7500        2.279     
     -4.6875     -2.5000        2.001     
     -4.6875     -1.2500        1.817     
     -4.6875      0.0000        1.694     
     -4.6875      1.2500        1.605     
     -4.6875      2.5000        1.529     
     -4.6875      3.7500        1.450     
     -4.6875      5.0000        1.349     
     -4.6875      6.2500        1.216     
     -4.6875      7.5000        1.050     
     -4.6875      8.7500       0.8855     
     -4.6875     10.0000       0.7611     
     -4.6875     11.2500       0.6934     
     -4.6875     12.5000       0.6690     
     -4.6875     13.7500       0.6729     
     -4.6875     15.0000       0.6887     
     -4.6875     16.2500       0.7120     
     -4.6875     17.5000        0.000     
     -4.6875     18.7500        0.000     

     -3.7500    -20.0000        0.000     
     -3.7500    -18.7500        0.000     
     -3.7500    -17.5000        0.000     
     -3.7500    -16.2500        3.885     
     -3.7500    -15.0000        3.859     
     -3.7500    -13.7500        3.835     
     -3.7500    -12.5000        3.801     
     -3.7500    -11.2500        3.753     
     -3.7500    -10.0000        3.697     
     -3.7500     -8.7500        3.636     
     -3.7500     -7.5000        3.562     
     -3.7500     -6.2500        3.452     
     -3.7500     -5.0000        3.268     
     -3.7500     -3.7500        2.962     
     -3.7500     -2.5000        2.519     
     -3.7500     -1.2500        2.055     
     -3.7500      0.0000        1.694     
     -3.7500      1.2500        1.438     
     -3.7500      2.5000        1.244     
     -3.7500      3.7500        1.085     
     -3.7500      5.0000       0.9438     
     -3.7500      6.2500       0.8204     
     -3.7500      7.5000       0.7198     
     -3.7500      8.7500       0.6571     
     -3.7500     10.0000       0.6340     
     -3.7500     11.2500       0.6421     
     -3.7500     12.5000       0.6628     
     -3.7500     13.7500       0.6850     
     -3.7500     15.0000       0.7057     
     -3.7500     16.2500       0.7304     
     -3.7500     17.5000        0.000     
     -3.7500     18.7500        0.000     

     -2.8125    -20.0000        0.000     
     -2.8125    -18.7500        0.000     
     -2.8125    -17.5000        0.000     
     -2.8125    -16.2500        3.878     
     -2.8125    -15.0000        3.852     
     -2.8125    -13.7500        3.830     
     -2.8125    -12.5000        3.803     
     -2.8125    -11.2500        3.770     
     -2.8125    -10.0000        3.741     
     -2.8125     -8.7500        3.729     
     -2.8125     -7.5000        3.740     
     -2.8125     -6.2500        3.769     
     -2.8125     -5.0000        3.811     
     -2.8125     -3.7500        3.866     
     -2.8125     -2.5000        3.955     
     -2.8125     -1.2500        4.153     
     -2.8125      0.0000        4.837     
     -2.8125      1.2500        6.110     
     -2.8125      2.5000       0.2399     
     -2.8125      3.7500       0.3922     
     -2.8125      5.0000       0.4654     
     -2.8125      6.2500       0.5044     
     -2.8125      7.5000       0.5262     
     -2.8125      8.7500       0.5494     
     -2.8125     10.0000       0.5810     
     -2.8125     11.2500       0.6215     
     -2.8125     12.5000       0.6602     
     -2.8125     13.7500       0.6903     
     -2.8125     15.0000       0.7134     
     -2.8125     16.2500       0.7389     
     -2.8125     17.5000        0.000     
     -2.8125     18.7500        0.000     

     -1.8750    -20.0000        0.000     
     -1.8750    -18.7500        0.000     
     -1.8750    -17.5000        0.000     
     -1.8750    -16.2500        3.867     
     -1.8750    -15.0000        3.843     
     -1.8750    -13.7500        3.823     
     -1.8750    -12.5000        3.806     
     -1.8750    -11.2500        3.797     
     -1.8750    -10.0000        3.809     
     -1.8750     -8.7500        3.862     
     -1.8750     -7.5000        3.965     
     -1.8750     -6.2500        4.104     
     -1.8750     -5.0000        4.253     
     -1.8750     -3.7500        4.395     
     -1.8750     -2.5000        4.531     
     -1.8750     -1.2500        4.671     
     -1.8750      0.0000        4.836     
     -1.8750      1.2500        5.057     
     -1.8750      2.5000        5.371     
     -1.8750      3.7500        5.775     
     -1.8750      5.0000        6.167     
     -1.8750      6.2500       0.1667     
     -1.8750      7.5000       0.3426     
     -1.8750      8.7500       0.4555     
     -1.8750     10.0000       0.5370     
     -1.8750     11.2500       0.6047     
     -1.8750     12.5000       0.6581     
     -1.8750     13.7500       0.6948     
     -1.8750     15.0000       0.7202     
     -1.8750     16.2500       0.7466     
     -1.8750     17.5000        0.000     
     -1.8750     18.7500        0.000     

     -0.9375    -20.0000        0.000     
     -0.9375    -18.7500        0.000     
     -0.9375    -17.5000        0.000     
     -0.9375    -16.2500        3.832     
     -0.9375    -15.0000        3.809     
     -0.9375    -13.7500        3.798     
     -0.9375    -12.5000        3.820     
     -0.9375    -11.2500        3.914     
     -0.9375    -10.0000        4.081     
     -0.9375     -8.7500        4.275     
     -0.9375     -7.5000        4.444     
     -0.9375     -6.2500        4.567     
     -0.9375     -5.0000        4.648     
     -0.9375     -3.7500        4.700     
     -0.9375     -2.5000        4.740     
     -0.9375     -1.2500        4.780     
     -0.9375      0.0000        4.836     
     -0.9375      1.2500        4.919     
     -0.9375      2.5000        5.049     
     -0.9375      3.7500        5.254     
     -0.9375      5.0000        5.568     
     -0.9375      6.2500        5.976     
     -0.9375      7.5000       0.6541E-001
     -0.9375      8.7500       0.3175     
     -0.9375     10.0000       0.4745     
     -0.9375     11.2500       0.5810     
     -0.9375     12.5000       0.6551     
     -0.9375     13.7500       0.7016     
     -0.9375     15.0000       0.7306     
     -0.9375     16.2500       0.7585     
     -0.9375     17.5000        0.000     
     -0.9375     18.7500        0.000     

      0.0000    -20.0000        0.000     
      0.0000    -18.7500        0.000     
      0.0000    -17.5000        0.000     
      0.0000    -16.2500       0.8120     
      0.0000    -15.0000       0.7759     
      0.0000    -13.7500       0.7280     
      0.0000    -12.5000       0.6443     
      0.0000    -11.2500       0.5008     
      0.0000    -10.0000       0.2618     
      0.0000     -8.7500        6.142     
      0.0000     -7.5000        5.635     
      0.0000     -6.2500        5.267     
      0.0000     -5.0000        5.064     
      0.0000     -3.7500        4.952     
      0.0000     -2.5000        4.885     
      0.0000     -1.2500        4.848     
      0.0000      0.0000        4.836     
      0.0000      1.2500        4.848     
      0.0000      2.5000        4.885     
      0.0000      3.7500        4.952     
      0.0000      5.0000        5.064     
      0.0000      6.2500        5.267     
      0.0000      7.5000        5.635     
      0.0000      8.7500        6.142     
      0.0000     10.0000       0.2618     
      0.0000     11.2500       0.5008     
      0.0000     12.5000       0.6443     
      0.0000     13.7500       0.7280     
      0.0000     15.0000       0.7759     
      0.0000     16.2500       0.8120     
      0.0000     17.5000        0.000     
      0.0000     18.7500        0.000     

      0.9375    -20.0000        0.000     
      0.9375    -18.7500        0.000     
      0.9375    -17.5000        0.000     
      0.9375    -16.2500       0.7586     
      0.9375    -15.0000       0.7306     
      0.9375    -13.7500       0.7016     
      0.9375    -12.5000       0.6551     
      0.9375    -11.2500       0.5810     
      0.9375    -10.0000       0.4745     
      0.9375     -8.7500       0.3174     
      0.9375     -7.5000       0.6543E-001
      0.9375     -6.2500        5.976     
      0.9375     -5.0000        5.568     
      0.9375     -3.7500        5.254     
      0.9375     -2.5000        5.049     
      0.9375     -1.2500        4.919     
      0.9375      0.0000        4.836     
      0.9375      1.2500        4.781     
      0.9375      2.5000        4.740     
      0.9375      3.7500        4.700     
      0.9375      5.0000        4.647     
      0.9375      6.2500        4.568     
      0.9375      7.5000        4.444     
      0.9375      8.7500        4.275     
      0.9375     10.0000        4.081     
      0.9375     11.2500        3.914     
      0.9375     12.5000        3.820     
      0.9375     13.7500        3.798     
      0.9375     15.0000        3.809     
      0.9375     16.2500        3.831     
      0.9375     17.5000        0.000     
      0.9375     18.7500        0.000     

      1.8750    -20.0000        0.000     
      1.8750    -18.7500        0.000     
      1.8750    -17.5000        0.000     
      1.8750    -16.2500       0.7467     
      1.8750    -15.0000       0.7202     
      1.8750    -13.7500       0.6949     
      1.8750    -12.5000       0.6581     
      1.8750    -11.2500       0.6046     
      1.8750    -10.0000       0.5370     
      1.8750     -8.7500       0.4555     
      1.8750     -7.5000       0.3427     
      1.8750     -6.2500       0.1666     
      1.8750     -5.0000        6.167     
      1.8750     -3.7500        5.775     
      1.8750     -2.5000        5.371     
      1.8750     -1.2500        5.057     
      1.8750      0.0000        4.836     
      1.8750      1.2500        4.671     
      1.8750      2.5000        4.531     
      1.8750      3.7500        4.396     
      1.8750      5.0000        4.253     
      1.8750      6.2500        4.104     
      1.8750      7.5000        3.964     
      1.8750      8.7500        3.862     
      1.8750     10.0000        3.809     
      1.8750     11.2500        3.797     
      1.8750     12.5000        3.806     
      1.8750     13.7500        3.823     
      1.8750     15.0000        3.843     
      1.8750     16.2500        3.867     
      1.8750     17.5000        0.000     
      1.8750     18.7500        0.000     

      2.8125    -20.0000        0.000     
      2.8125    -18.7500        0.000     
      2.8125    -17.5000        0.000     
      2.8125    -16.2500       0.7391     
      2.8125    -15.0000       0.7134     
      2.8125    -13.7500       0.6903     
      2.8125    -12.5000       0.6602     
      2.8125    -11.2500       0.6215     
      2.8125    -10.0000       0.5810     
      2.8125     -8.7500       0.5493     
      2.8125     -7.5000       0.5263     
      2.8125     -6.2500       0.5042     
      2.8125     -5.0000       0.4657     
      2.8125     -3.7500       0.3918     
      2.8125     -2.5000       0.2404     
      2.8125     -1.2500        6.110     
      2.8125      0.0000        4.835     
      2.8125      1.2500        4.154     
      2.8125      2.5000        3.955     
      2.8125      3.7500        3.867     
      2.8125      5.0000        3.811     
      2.8125      6.2500        3.770     
      2.8125      7.5000        3.739     
      2.8125      8.7500        3.729     
      2.8125     10.0000        3.741     
      2.8125     11.2500        3.770     
      2.8125     12.5000        3.803     
      2.8125     13.7500        3.830     
      2.8125     15.0000        3.852     
      2.8125     16.2500        3.877     
      2.8125     17.5000        0.000     
      2.8125     18.7500        0.000     

      3.7500    -20.0000        0.000     
      3.7500    -18.7500        0.000     
      3.7500    -17.5000        0.000     
      3.7500    -16.2500       0.7305     
      3.7500    -15.0000       0.7056     
      3.7500    -13.7500       0.6850     
      3.7500    -12.5000       0.6628     
      3.7500    -11.2500       0.6420     
      3.7500    -10.0000       0.6340     
      3.7500     -8.7500       0.6570     
      3.7500     -7.5000       0.7200     
      3.7500     -6.2500       0.8202     
      3.7500     -5.0000       0.9440     
      3.7500     -3.7500        1.084     
      3.7500     -2.5000        1.244     
      3.7500     -1.2500        1.437     
      3.7500      0.0000        1.694     
      3.7500      1.2500        2.054     
      3.7500      2.5000        2.519     
      3.7500      3.7500        2.962     
      3.7500      5.0000        3.268     
      3.7500      6.2500        3.452     
      3.7500      7.5000        3.562     
      3.7500      8.7500        3.636     
      3.7500     10.0000        3.697     
      3.7500     11.2500        3.753     
      3.7500     12.5000        3.801     
      3.7500     13.7500        3.835     
      3.7500     15.0000        3.859     
      3.7500     16.2500        3.885     
      3.7500     17.5000        0.000     
      3.7500     18.7500        0.000     

      4.6875    -20.0000        0.000     
      4.6875    -18.7500        0.000     
      4.6875    -17.5000        0.000     
      4.6875    -16.2500       0.7122     
      4.6875    -15.0000       0.6887     
      4.6875    -13.7500       0.6729     
      4.6875    -12.5000       0.6690     
      4.6875    -11.2500       0.6933     
      4.6875    -10.0000       0.7613     
      4.6875     -8.7500       0.8854     
      4.6875     -7.5000        1.050     
      4.6875     -6.2500        1.216     
      4.6875     -5.0000        1.349     
      4.6875     -3.7500        1.450     
      4.6875     -2.5000        1.529     
      4.6875     -1.2500        1.605     
      4.6875      0.0000        1.694     
      4.6875      1.2500        1.817     
      4.6875      2.5000        2.001     
      4.6875      3.7500        2.279     
      4.6875      5.0000        2.658     
      4.6875      6.2500        3.050     
      4.6875      7.5000        3.340     
      4.6875      8.7500        3.526     
      4.6875     10.0000        3.646     
      4.6875     11.2500        3.734     
      4.6875     12.5000        3.798     
      4.6875     13.7500        3.840     
      4.6875     15.0000        3.867     
      4.6875     16.2500        3.894     
      4.6875     17.5000        0.000     
      4.6875     18.7500        0.000     

      5.6250    -20.0000        0.000     
      5.6250    -18.7500        0.000     
      5.6250    -17.5000        0.000     
      5.6250    -16.2500        0.000     
      5.6250    -15.0000        0.000     
      5.6250    -13.7500        4.032     
      5.6250    -12.5000        3.744     
      5.6250    -11.2500        3.390     
      5.6250    -10.0000        2.849     
      5.6250     -8.7500        2.282     
      5.6250     -7.5000        1.964     
      5.6250     -6.2500        1.820     
      5.6250     -5.0000        1.749     
      5.6250     -3.7500        1.709     
      5.6250     -2.5000        1.687     
      5.6250     -1.2500        1.681     
      5.6250      0.0000        1.694     
      5.6250      1.2500        1.732     
      5.6250      2.5000        1.802     
      5.6250      3.7500        1.918     
      5.6250      5.0000        2.111     
      5.6250      6.2500        2.433     
      5.6250      7.5000        2.878     
      5.6250      8.7500        3.280     
      5.6250     10.0000        3.536     
      5.6250     11.2500        3.693     
      5.6250     12.5000        3.793     
      5.6250     13.7500        3.852     
      5.6250     15.0000        3.887     
      5.6250     16.2500        3.917     
      5.6250     17.5000        0.000     
      5.6250     18.7500        0.000     

      6.5625    -20.0000        0.000     
      6.5625    -18.7500        0.000     
      6.5625    -17.5000        0.000     
      6.5625    -16.2500        3.910     
      6.5625    -15.0000        3.880     
      6.5625    -13.7500        3.848     
      6.5625    -12.5000        3.794     
      6.5625    -11.2500        3.706     
      6.5625    -10.0000        3.571     
      6.5625     -8.7500        3.357     
      6.5625     -7.5000        3.013     
      6.5625     -6.2500        2.577     
      6.5625     -5.0000        2.211     
      6.5625     -3.7500        1.978     
      6.5625     -2.5000        1.834     
      6.5625     -1.2500        1.746     
      6.5625      0.0000        1.694     
      6.5625      1.2500        1.667     
      6.5625      2.5000        1.658     
      6.5625      3.7500        1.660     
      6.5625      5.0000        1.666     
      6.5625      6.2500        1.678     
      6.5625      7.5000        1.703     
      6.5625      8.7500        1.766     
      6.5625     10.0000        1.881     
      6.5625     11.2500        1.861     
      6.5625     12.5000        0.000     
      6.5625     13.7500       0.5264     
      6.5625     15.0000       0.5471     
      6.5625     16.2500        0.000     
      6.5625     17.5000        0.000     
      6.5625     18.7500        0.000     

      7.5000    -20.0000        0.000     
      7.5000    -18.7500        0.000     
      7.5000    -17.5000        0.000     
      7.5000    -16.2500        3.892     
      7.5000    -15.0000        3.865     
      7.5000    -13.7500        3.839     
      7.5000    -12.5000        3.799     
      7.5000    -11.2500        3.738     
      7.5000    -10.0000        3.658     
      7.5000     -8.7500        3.552     
      7.5000     -7.5000        3.394     
      7.5000     -6.2500        3.143     
      7.5000     -5.0000        2.779     
      7.5000     -3.7500        2.381     
      7.5000     -2.5000        2.061     
      7.5000     -1.2500        1.843     
      7.5000      0.0000        1.694     
      7.5000      1.2500        1.584     
      7.5000      2.5000        1.489     
      7.5000      3.7500        1.390     
      7.5000      5.0000        1.271     
      7.5000      6.2500        1.124     
      7.5000      7.5000       0.9602     
      7.5000      8.7500       0.8153     
      7.5000     10.0000       0.7193     
      7.5000     11.2500       0.6761     
      7.5000     12.5000       0.6669     
      7.5000     13.7500       0.6768     
      7.5000     15.0000       0.6941     
      7.5000     16.2500       0.7178     
      7.5000     17.5000        0.000     
      7.5000     18.7500        0.000     

      8.4375    -20.0000        0.000     
      8.4375    -18.7500        0.000     
      8.4375    -17.5000        0.000     
      8.4375    -16.2500        3.884     
      8.4375    -15.0000        3.858     
      8.4375    -13.7500        3.834     
      8.4375    -12.5000        3.801     
      8.4375    -11.2500        3.756     
      8.4375    -10.0000        3.705     
      8.4375     -8.7500        3.654     
      8.4375     -7.5000        3.598     
      8.4375     -6.2500        3.519     
      8.4375     -5.0000        3.385     
      8.4375     -3.7500        3.150     
      8.4375     -2.5000        2.747     
      8.4375     -1.2500        2.191     
      8.4375      0.0000        1.694     
      8.4375      1.2500        1.361     
      8.4375      2.5000        1.140     
      8.4375      3.7500       0.9814     
      8.4375      5.0000       0.8559     
      8.4375      6.2500       0.7544     
      8.4375      7.5000       0.6761     
      8.4375      8.7500       0.6316     
      8.4375     10.0000       0.6211     
      8.4375     11.2500       0.6371     
      8.4375     12.5000       0.6621     
      8.4375     13.7500       0.6863     
      8.4375     15.0000       0.7075     
      8.4375     16.2500       0.7324     
      8.4375     17.5000        0.000     
      8.4375     18.7500        0.000     

      9.3750    -20.0000        0.000     
      9.3750    -18.7500        0.000     
      9.3750    -17.5000        0.000     
      9.3750    -16.2500        3.876     
      9.3750    -15.0000        3.851     
      9.3750    -13.7500        3.829     
      9.3750    -12.5000        3.803     
      9.3750    -11.2500        3.774     
      9.3750    -10.0000        3.751     
      9.3750     -8.7500        3.750     
      9.3750     -7.5000        3.777     
      9.3750     -6.2500        3.832     
      9.3750     -5.0000        3.906     
      9.3750     -3.7500        4.004     
      9.3750     -2.5000        4.144     
      9.3750     -1.2500        4.379     
      9.3750      0.0000        4.836     
      9.3750      1.2500        5.589     
      9.3750      2.5000        6.184     
      9.3750      3.7500       0.2028     
      9.3750      5.0000       0.3566     
      9.3750      6.2500       0.4417     
      9.3750      7.5000       0.4913     
      9.3750      8.7500       0.5311     
      9.3750     10.0000       0.5723     
      9.3750     11.2500       0.6182     
      9.3750     12.5000       0.6598     
      9.3750     13.7500       0.6912     
      9.3750     15.0000       0.7147     
      9.3750     16.2500       0.7404     
      9.3750     17.5000        0.000     
      9.3750     18.7500        0.000     

     10.3125    -20.0000        0.000     
     10.3125    -18.7500        0.000     
     10.3125    -17.5000        0.000     
     10.3125    -16.2500        3.864     
     10.3125    -15.0000        3.840     
     10.3125    -13.7500        3.821     
     10.3125    -12.5000        3.807     
     10.3125    -11.2500        3.806     
     10.3125    -10.0000        3.831     
     10.3125     -8.7500        3.904     
     10.3125     -7.5000        4.028     
     10.3125     -6.2500        4.182     
     10.3125     -5.0000        4.333     
     10.3125     -3.7500        4.467     
     10.3125     -2.5000        4.585     
     10.3125     -1.2500        4.701     
     10.3125      0.0000        4.836     
     10.3125      1.2500        5.016     
     10.3125      2.5000        5.277     
     10.3125      3.7500        5.639     
     10.3125      5.0000        6.043     
     10.3125      6.2500       0.8738E-001
     10.3125      7.5000       0.2995     
     10.3125      8.7500       0.4341     
     10.3125     10.0000       0.5271     
     10.3125     11.2500       0.6009     
     10.3125     12.5000       0.6576     
     10.3125     13.7500       0.6959     
     10.3125     15.0000       0.7218     
     10.3125     16.2500       0.7484     
     10.3125     17.5000        0.000     
     10.3125     18.7500        0.000     

     11.2500    -20.0000        0.000     
     11.2500    -18.7500        0.000     
     11.2500    -17.5000        0.000     
     11.2500    -16.2500        0.000     
     11.2500    -15.0000        3.782     
     11.2500    -13.7500        3.775     
     11.2500    -12.5000        3.835     
     11.2500    -11.2500        4.052     
     11.2500    -10.0000        4.331     
     11.2500     -8.7500        4.515     
     11.2500     -7.5000        4.623     
     11.2500     -6.2500        4.688     
     11.2500     -5.0000        4.727     
     11.2500     -3.7500        4.751     
     11.2500     -2.5000        4.771     
     11.2500     -1.2500        4.795     
     11.2500      0.0000        4.836     
     11.2500      1.2500        4.903     
     11.2500      2.5000        5.011     
     11.2500      3.7500        5.183     
     11.2500      5.0000        5.458     
     11.2500      6.2500        5.853     
     11.2500      7.5000        6.262     
     11.2500      8.7500       0.2729     
     11.2500     10.0000       0.4546     
     11.2500     11.2500       0.5735     
     11.2500     12.5000       0.6541     
     11.2500     13.7500       0.7038     
     11.2500     15.0000       0.7342     
     11.2500     16.2500       0.7625     
     11.2500     17.5000        0.000     
     11.2500     18.7500        0.000     

     12.1875    -20.0000        0.000     
     12.1875    -18.7500        0.000     
     12.1875    -17.5000        0.000     
     12.1875    -16.2500       0.7882     
     12.1875    -15.0000       0.7561     
     12.1875    -13.7500       0.7170     
     12.1875    -12.5000       0.6486     
     12.1875    -11.2500       0.5320     
     12.1875    -10.0000       0.3441     
     12.1875     -8.7500       0.2837E-001
     12.1875     -7.5000        5.849     
     12.1875     -6.2500        5.423     
     12.1875     -5.0000        5.156     
     12.1875     -3.7500        5.004     
     12.1875     -2.5000        4.914     
     12.1875     -1.2500        4.861     
     12.1875      0.0000        4.836     
     12.1875      1.2500        4.835     
     12.1875      2.5000        4.857     
     12.1875      3.7500        4.901     
     12.1875      5.0000        4.976     
     12.1875      6.2500        5.112     
     12.1875      7.5000        5.380     
     12.1875      8.7500        5.863     
     12.1875     10.0000       0.1034     
     12.1875     11.2500       0.4383     
     12.1875     12.5000       0.6352     
     12.1875     13.7500       0.7538     
     12.1875     15.0000       0.8277     
     12.1875     16.2500        0.000     
     12.1875     17.5000        0.000     
     12.1875     18.7500        0.000     

     13.1250    -20.0000        0.000     
     13.1250    -18.7500        0.000     
     13.1250    -17.5000        0.000     
     13.1250    -16.2500       0.7554     
     13.1250    -15.0000       0.7278     
     13.1250    -13.7500       0.6998     
     13.1250    -12.5000       0.6559     
     13.1250    -11.2500       0.5871     
     13.1250    -10.0000       0.4907     
     13.1250     -8.7500       0.3536     
     13.1250     -7.5000       0.1375     
     13.1250     -6.2500        6.089     
     13.1250     -5.0000        5.682     
     13.1250     -3.7500        5.332     
     13.1250     -2.5000        5.093     
     13.1250     -1.2500        4.938     
     13.1250      0.0000        4.836     
     13.1250      1.2500        4.764     
     13.1250      2.5000        4.707     
     13.1250      3.7500        4.647     
     13.1250      5.0000        4.569     
     13.1250      6.2500        4.458     
     13.1250      7.5000        4.303     
     13.1250      8.7500        4.126     
     13.1250     10.0000        3.967     
     13.1250     11.2500        3.862     
     13.1250     12.5000        3.814     
     13.1250     13.7500        3.809     
     13.1250     15.0000        3.822     
     13.1250     16.2500        3.845     
     13.1250     17.5000        0.000     
     13.1250     18.7500        0.000     

     14.0625    -20.0000        0.000     
     14.0625    -18.7500        0.000     
     14.0625    -17.5000        0.000     
     14.0625    -16.2500       0.7451     
     14.0625    -15.0000       0.7187     
     14.0625    -13.7500       0.6939     
     14.0625    -12.5000       0.6585     
     14.0625    -11.2500       0.6082     
     14.0625    -10.0000       0.5462     
     14.0625     -8.7500       0.4754     
     14.0625     -7.5000       0.3825     
     14.0625     -6.2500       0.2407     
     14.0625     -5.0000       0.5875E-002
     14.0625     -3.7500        5.930     
     14.0625     -2.5000        5.494     
     14.0625     -1.2500        5.113     
     14.0625      0.0000        4.836     
     14.0625      1.2500        4.632     
     14.0625      2.5000        4.466     
     14.0625      3.7500        4.316     
     14.0625      5.0000        4.170     
     14.0625      6.2500        4.031     
     14.0625      7.5000        3.910     
     14.0625      8.7500        3.828     
     14.0625     10.0000        3.791     
     14.0625     11.2500        3.790     
     14.0625     12.5000        3.805     
     14.0625     13.7500        3.825     
     14.0625     15.0000        3.845     
     14.0625     16.2500        3.870     
     14.0625     17.5000        0.000     
     14.0625     18.7500        0.000     

     15.0000    -20.0000        0.000     
     15.0000    -18.7500        0.000     
     15.0000    -17.5000        0.000     
     15.0000    -16.2500       0.7376     
     15.0000    -15.0000       0.7120     
     15.0000    -13.7500       0.6894     
     15.0000    -12.5000       0.6607     
     15.0000    -11.2500       0.6250     
     15.0000    -10.0000       0.5900     
     15.0000     -8.7500       0.5681     
     15.0000     -7.5000       0.5617     
     15.0000     -6.2500       0.5661     
     15.0000     -5.0000       0.5699     
     15.0000     -3.7500       0.5676     
     15.0000     -2.5000       0.5592     
     15.0000     -1.2500       0.5499     
     15.0000      0.0000        0.000     
     15.0000      1.2500        3.693     
     15.0000      2.5000        3.700     
     15.0000      3.7500        3.710     
     15.0000      5.0000        3.711     
     15.0000      6.2500        3.708     
     15.0000      7.5000        3.703     
     15.0000      8.7500        3.710     
     15.0000     10.0000        3.732     
     15.0000     11.2500        3.767     
     15.0000     12.5000        3.802     
     15.0000     13.7500        3.831     
     15.0000     15.0000        3.854     
     15.0000     16.2500        3.879     
     15.0000     17.5000        0.000     
     15.0000     18.7500        0.000     

     15.9375    -20.0000        0.000     
     15.9375    -18.7500        0.000     
     15.9375    -17.5000        0.000     
     15.9375    -16.2500       0.7282     
     15.9375    -15.0000       0.7035     
     15.9375    -13.7500       0.6836     
     15.9375    -12.5000       0.6635     
     15.9375    -11.2500       0.6479     
     15.9375    -10.0000       0.6490     
     15.9375     -8.7500       0.6862     
     15.9375     -7.5000       0.7684     
     15.9375     -6.2500       0.8892     
     15.9375     -5.0000        1.029     
     15.9375     -3.7500        1.174     
     15.9375     -2.5000        1.325     
     15.9375     -1.2500        1.490     
     15.9375      0.0000        1.694     
     15.9375      1.2500        1.971     
     15.9375      2.5000        2.353     
     15.9375      3.7500        2.788     
     15.9375      5.0000        3.147     
     15.9375      6.2500        3.382     
     15.9375      7.5000        3.524     
     15.9375      8.7500        3.617     
     15.9375     10.0000        3.688     
     15.9375     11.2500        3.750     
     15.9375     12.5000        3.800     
     15.9375     13.7500        3.835     
     15.9375     15.0000        3.860     
     15.9375     16.2500        3.887     
     15.9375     17.5000        0.000     
     15.9375     18.7500        0.000     

     16.8750    -20.0000        0.000     
     16.8750    -18.7500        0.000     
     16.8750    -17.5000        0.000     
     16.8750    -16.2500       0.7038     
     16.8750    -15.0000       0.6807     
     16.8750    -13.7500       0.6670     
     16.8750    -12.5000       0.6722     
     16.8750    -11.2500       0.7207     
     16.8750    -10.0000       0.8258     
     16.8750     -8.7500       0.9841     
     16.8750     -7.5000        1.162     
     16.8750     -6.2500        1.316     
     16.8750     -5.0000        1.428     
     16.8750     -3.7500        1.505     
     16.8750     -2.5000        1.565     
     16.8750     -1.2500        1.623     
     16.8750      0.0000        1.694     
     16.8750      1.2500        1.796     
     16.8750      2.5000        1.951     
     16.8750      3.7500        2.191     
     16.8750      5.0000        2.540     
     16.8750      6.2500        2.947     
     16.8750      7.5000        3.279     
     16.8750      8.7500        3.495     
     16.8750     10.0000        3.632     
     16.8750     11.2500        3.729     
     16.8750     12.5000        3.797     
     16.8750     13.7500        3.841     
     16.8750     15.0000        3.869     
     16.8750     16.2500        3.897     
     16.8750     17.5000        0.000     
     16.8750     18.7500        0.000     

     17.8125    -20.0000        0.000     
     17.8125    -18.7500        0.000     
     17.8125    -17.5000        0.000     
     17.8125    -16.2500        0.000     
     17.8125    -15.0000        3.969     
     17.8125    -13.7500        3.895     
     17.8125    -12.5000        3.777     
     17.8125    -11.2500        3.580     
     17.8125    -10.0000        3.245     
     17.8125     -8.7500        2.721     
     17.8125     -7.5000        2.238     
     17.8125     -6.2500        1.971     
     17.8125     -5.0000        1.834     
     17.8125     -3.7500        1.759     
     17.8125     -2.5000        1.715     
     17.8125     -1.2500        1.693     
     17.8125      0.0000        1.694     
     17.8125      1.2500        1.719     
     17.8125      2.5000        1.772     
     17.8125      3.7500        1.863     
     17.8125      5.0000        2.015     
     17.8125      6.2500        2.281     
     17.8125      7.5000        2.707     
     17.8125      8.7500        3.170     
     17.8125     10.0000        3.486     
     17.8125     11.2500        3.674     
     17.8125     12.5000        3.790     
     17.8125     13.7500        3.859     
     17.8125     15.0000        3.898     
     17.8125     16.2500        3.930     
     17.8125     17.5000        0.000     
     17.8125     18.7500        0.000     

     18.7500    -20.0000        0.000     
     18.7500    -18.7500        0.000     
     18.7500    -17.5000        0.000     
     18.7500    -16.2500        3.904     
     18.7500    -15.0000        3.876     
     18.7500    -13.7500        3.845     
     18.7500    -12.5000        3.796     
     18.7500    -11.2500        3.715     
     18.7500    -10.0000        3.596     
     18.7500     -8.7500        3.414     
     18.7500     -7.5000        3.120     
     18.7500     -6.2500        2.711     
     18.7500     -5.0000        2.317     
     18.7500     -3.7500        2.042     
     18.7500     -2.5000        1.869     
     18.7500     -1.2500        1.761     
     18.7500      0.0000        1.694     
     18.7500      1.2500        1.654     
     18.7500      2.5000        1.629     
     18.7500      3.7500        1.610     
     18.7500      5.0000        1.585     
     18.7500      6.2500        1.547     
     18.7500      7.5000        1.481     
     18.7500      8.7500        1.374     
     18.7500     10.0000        1.189     
     18.7500     11.2500       0.9108     
     18.7500     12.5000       0.6934     
     18.7500     13.7500       0.6332     
     18.7500     15.0000       0.6403     
     18.7500     16.2500        0.000     
     18.7500     17.5000        0.000     
     18.7500     18.7500        0.000     

     19.6875    -20.0000        0.000     
     19.6875    -18.7500        0.000     
     19.6875    -17.5000        0.000     
     19.6875    -16.2500        3.890     
     19.6875    -15.0000        3.863     
     19.6875    -13.7500        3.837     
     19.6875    -12.5000        3.799     
     19.6875    -11.2500        3.742     
     19.6875    -10.0000        3.669     
     19.6875     -8.7500        3.576     
     19.6875     -7.5000        3.441     
     19.6875     -6.2500        3.229     
     19.6875     -5.0000        2.902     
     19.6875     -3.7500        2.498     
     19.6875     -2.5000        2.135     
     19.6875     -1.2500        1.874     
     19.6875      0.0000        1.694     
     19.6875      1.2500        1.559     
     19.6875      2.5000        1.443     
     19.6875      3.7500        1.325     
     19.6875      5.0000        1.192     
     19.6875      6.2500        1.040     
     19.6875      7.5000       0.8858     
     19.6875      8.7500       0.7624     
     19.6875     10.0000       0.6895     
     19.6875     11.2500       0.6641     
     19.6875     12.5000       0.6655     
     19.6875     13.7500       0.6796     
     19.6875     15.0000       0.6980     
     19.6875     16.2500       0.7220     
     19.6875     17.5000        0.000     
     19.6875     18.7500        0.000     

     20.6250    -20.0000        0.000     
     20.6250    -18.7500        0.000     
     20.6250    -17.5000        0.000     
     20.6250    -16.2500        3.882     
     20.6250    -15.0000        3.856     
     20.6250    -13.7500        3.833     
     20.6250    -12.5000        3.801     
     20.6250    -11.2500        3.760     
     20.6250    -10.0000        3.714     
     20.6250     -8.7500        3.673     
     20.6250     -7.5000        3.633     
     20.6250     -6.2500        3.583     
     20.6250     -5.0000        3.498     
     20.6250     -3.7500        3.344     
     20.6250     -2.5000        3.043     
     20.6250     -1.2500        2.447     
     20.6250      0.0000        1.694     
     20.6250      1.2500        1.238     
     20.6250      2.5000        1.001     
     20.6250      3.7500       0.8625     
     20.6250      5.0000       0.7646     
     20.6250      6.2500       0.6906     
     20.6250      7.5000       0.6357     
     20.6250      8.7500       0.6088     
     20.6250     10.0000       0.6098     
     20.6250     11.2500       0.6326     
     20.6250     12.5000       0.6616     
     20.6250     13.7500       0.6874     
     20.6250     15.0000       0.7091     
     20.6250     16.2500       0.7342     
     20.6250     17.5000        0.000     
     20.6250     18.7500        0.000     

     21.5625    -20.0000        0.000     
     21.5625    -18.7500        0.000     
     21.5625    -17.5000        0.000     
     21.5625    -16.2500        3.874     
     21.5625    -15.0000        3.849     
     21.5625    -13.7500        3.828     
     21.5625    -12.5000        3.804     
     21.5625    -11.2500        3.779     
     21.5625    -10.0000        3.763     
     21.5625     -8.7500        3.773     
     21.5625     -7.5000        3.818     
     21.5625     -6.2500        3.896     
     21.5625     -5.0000        3.998     
     21.5625     -3.7500        4.123     
     21.5625     -2.5000        4.282     
     21.5625     -1.2500        4.502     
     21.5625      0.0000        4.836     
     21.5625      1.2500        5.332     
     21.5625      2.5000        5.888     
     21.5625      3.7500       0.8650E-002
     21.5625      5.0000       0.2433     
     21.5625      6.2500       0.3774     
     21.5625      7.5000       0.4560     
     21.5625      8.7500       0.5129     
     21.5625     10.0000       0.5637     
     21.5625     11.2500       0.6149     
     21.5625     12.5000       0.6594     
     21.5625     13.7500       0.6921     
     21.5625     15.0000       0.7160     
     21.5625     16.2500       0.7419     
     21.5625     17.5000        0.000     
     21.5625     18.7500        0.000     

     22.5000    -20.0000        0.000     
     22.5000    -18.7500        0.000     
     22.5000    -17.5000        0.000     
     22.5000    -16.2500        3.860     
     22.5000    -15.0000        3.836     
     22.5000    -13.7500        3.818     
     22.5000    -12.5000        3.809     
     22.5000    -11.2500        3.818     
     22.5000    -10.0000        3.861     
     22.5000     -8.7500        3.957     
     22.5000     -7.5000        4.102     
     22.5000     -6.2500        4.266     
     22.5000     -5.0000        4.413     
     22.5000     -3.7500        4.531     
     22.5000     -2.5000        4.631     
     22.5000     -1.2500        4.725     
     22.5000      0.0000        4.836     
     22.5000      1.2500        4.984     
     22.5000      2.5000        5.203     
     22.5000      3.7500        5.522     
     22.5000      5.0000        5.921     
     22.5000      6.2500       0.1607E-002
     22.5000      7.5000       0.2521     
     22.5000      8.7500       0.4106     
     22.5000     10.0000       0.5164     
     22.5000     11.2500       0.5969     
     22.5000     12.5000       0.6571     
     22.5000     13.7500       0.6970     
     22.5000     15.0000       0.7235     
     22.5000     16.2500       0.7504     
     22.5000     17.5000        0.000     
     22.5000     18.7500        0.000     

     23.4375    -20.0000        0.000     
     23.4375    -18.7500        0.000     
     23.4375    -17.5000        0.000     
     23.4375    -16.2500        0.000     
     23.4375    -15.0000        3.688     
     23.4375    -13.7500        3.668     
     23.4375    -12.5000        0.000     
     23.4375    -11.2500        5.001     
     23.4375    -10.0000        5.023     
     23.4375     -8.7500        4.907     
     23.4375     -7.5000        4.845     
     23.4375     -6.2500        4.820     
     23.4375     -5.0000        4.808     
     23.4375     -3.7500        4.801     
     23.4375     -2.5000        4.800     
     23.4375     -1.2500        4.809     
     23.4375      0.0000        4.836     
     23.4375      1.2500        4.888     
     23.4375      2.5000        4.976     
     23.4375      3.7500        5.119     
     23.4375      5.0000        5.353     
     23.4375      6.2500        5.719     
     23.4375      7.5000        6.155     
     23.4375      8.7500       0.2158     
     23.4375     10.0000       0.4291     
     23.4375     11.2500       0.5639     
     23.4375     12.5000       0.6528     
     23.4375     13.7500       0.7067     
     23.4375     15.0000       0.7388     
     23.4375     16.2500       0.7679     
     23.4375     17.5000        0.000     
     23.4375     18.7500        0.000     

     24.3750    -20.0000        0.000     
     24.3750    -18.7500        0.000     
     24.3750    -17.5000        0.000     
     24.3750    -16.2500       0.7758     
     24.3750    -15.0000       0.7455     
     24.3750    -13.7500       0.7107     
     24.3750    -12.5000       0.6511     
     24.3750    -11.2500       0.5510     
     24.3750    -10.0000       0.3946     
     24.3750     -8.7500       0.1388     
     24.3750     -7.5000        6.020     
     24.3750     -6.2500        5.575     
     24.3750     -5.0000        5.253     
     24.3750     -3.7500        5.060     
     24.3750     -2.5000        4.944     
     24.3750     -1.2500        4.874     
     24.3750      0.0000        4.836     
     24.3750      1.2500        4.822     
     24.3750      2.5000        4.828     
     24.3750      3.7500        4.851     
     24.3750      5.0000        4.891     
     24.3750      6.2500        4.962     
     24.3750      7.5000        5.105     
     24.3750      8.7500        5.423     
     24.3750     10.0000        5.991     
     24.3750     11.2500       0.2484     
     24.3750     12.5000       0.6022     
     24.3750     13.7500       0.8898     
     24.3750     15.0000        0.000     
     24.3750     16.2500        0.000     
     24.3750     17.5000        0.000     
     24.3750     18.7500        0.000     

     25.3125    -20.0000        0.000     
     25.3125    -18.7500        0.000     
     25.3125    -17.5000        0.000     
     25.3125    -16.2500       0.7527     
     25.3125    -15.0000       0.7255     
     25.3125    -13.7500       0.6983     
     25.3125    -12.5000       0.6565     
     25.3125    -11.2500       0.5923     
     25.3125    -10.0000       0.5045     
     25.3125     -8.7500       0.3841     
     25.3125     -7.5000       0.1988     
     25.3125     -6.2500        6.191     
     25.3125     -5.0000        5.800     
     25.3125     -3.7500        5.421     
     25.3125     -2.5000        5.143     
     25.3125     -1.2500        4.959     
     25.3125      0.0000        4.836     
     25.3125      1.2500        4.746     
     25.3125      2.5000        4.671     
     25.3125      3.7500        4.591     
     25.3125      5.0000        4.491     
     25.3125      6.2500        4.357     
     25.3125      7.5000        4.192     
     25.3125      8.7500        4.027     
     25.3125     10.0000        3.903     
     25.3125     11.2500        3.835     
     25.3125     12.5000        3.811     
     25.3125     13.7500        3.814     
     25.3125     15.0000        3.830     
     25.3125     16.2500        3.854     
     25.3125     17.5000        0.000     
     25.3125     18.7500        0.000     

     26.2500    -20.0000        0.000     
     26.2500    -18.7500        0.000     
     26.2500    -17.5000        0.000     
     26.2500    -16.2500       0.7435     
     26.2500    -15.0000       0.7173     
     26.2500    -13.7500       0.6930     
     26.2500    -12.5000       0.6590     
     26.2500    -11.2500       0.6115     
     26.2500    -10.0000       0.5551     
     26.2500     -8.7500       0.4944     
     26.2500     -7.5000       0.4201     
     26.2500     -6.2500       0.3106     
     26.2500     -5.0000       0.1263     
     26.2500     -3.7500        6.103     
     26.2500     -2.5000        5.661     
     26.2500     -1.2500        5.196     
     26.2500      0.0000        4.836     
     26.2500      1.2500        4.579     
     26.2500      2.5000        4.385     
     26.2500      3.7500        4.226     
     26.2500      5.0000        4.085     
     26.2500      6.2500        3.962     
     26.2500      7.5000        3.861     
     26.2500      8.7500        3.799     
     26.2500     10.0000        3.776     
     26.2500     11.2500        3.784     
     26.2500     12.5000        3.804     
     26.2500     13.7500        3.827     
     26.2500     15.0000        3.847     
     26.2500     16.2500        3.872     
     26.2500     17.5000        0.000     
     26.2500     18.7500        0.000     

     27.1875    -20.0000        0.000     
     27.1875    -18.7500        0.000     
     27.1875    -17.5000        0.000     
     27.1875    -16.2500       0.7360     
     27.1875    -15.0000       0.7106     
     27.1875    -13.7500       0.6884     
     27.1875    -12.5000       0.6611     
     27.1875    -11.2500       0.6286     
     27.1875    -10.0000       0.5996     
     27.1875     -8.7500       0.5877     
     27.1875     -7.5000       0.5980     
     27.1875     -6.2500       0.6279     
     27.1875     -5.0000       0.6696     
     27.1875     -3.7500       0.7247     
     27.1875     -2.5000       0.8137     
     27.1875     -1.2500        1.011     
     27.1875      0.0000        1.695     
     27.1875      1.2500        2.969     
     27.1875      2.5000        3.381     
     27.1875      3.7500        3.534     
     27.1875      5.0000        3.607     
     27.1875      6.2500        3.646     
     27.1875      7.5000        3.668     
     27.1875      8.7500        3.691     
     27.1875     10.0000        3.723     
     27.1875     11.2500        3.763     
     27.1875     12.5000        3.802     
     27.1875     13.7500        3.832     
     27.1875     15.0000        3.855     
     27.1875     16.2500        3.881     
     27.1875     17.5000        0.000     
     27.1875     18.7500        0.000     

     28.1250    -20.0000        0.000     
     28.1250    -18.7500        0.000     
     28.1250    -17.5000        0.000     
     28.1250    -16.2500       0.7255     
     28.1250    -15.0000       0.7010     
     28.1250    -13.7500       0.6818     
     28.1250    -12.5000       0.6644     
     28.1250    -11.2500       0.6550     
     28.1250    -10.0000       0.6670     
     28.1250     -8.7500       0.7205     
     28.1250     -7.5000       0.8230     
     28.1250     -6.2500       0.9622     
     28.1250     -5.0000        1.111     
     28.1250     -3.7500        1.254     
     28.1250     -2.5000        1.390     
     28.1250     -1.2500        1.529     
     28.1250      0.0000        1.694     
     28.1250      1.2500        1.915     
     28.1250      2.5000        2.229     
     28.1250      3.7500        2.633     
     28.1250      5.0000        3.025     
     28.1250      6.2500        3.308     
     28.1250      7.5000        3.484     
     28.1250      8.7500        3.597     
     28.1250     10.0000        3.679     
     28.1250     11.2500        3.746     
     28.1250     12.5000        3.800     
     28.1250     13.7500        3.836     
     28.1250     15.0000        3.862     
     28.1250     16.2500        3.888     
     28.1250     17.5000        0.000     
     28.1250     18.7500        0.000     

     29.0625    -20.0000        0.000     
     29.0625    -18.7500        0.000     
     29.0625    -17.5000        0.000     
     29.0625    -16.2500       0.6900     
     29.0625    -15.0000       0.6675     
     29.0625    -13.7500       0.6566     
     29.0625    -12.5000       0.6782     
     29.0625    -11.2500       0.7726     
     29.0625    -10.0000       0.9396     
     29.0625     -8.7500        1.133     
     29.0625     -7.5000        1.302     
     29.0625     -6.2500        1.426     
     29.0625     -5.0000        1.506     
     29.0625     -3.7500        1.558     
     29.0625     -2.5000        1.598     
     29.0625     -1.2500        1.639     
     29.0625      0.0000        1.694     
     29.0625      1.2500        1.777     
     29.0625      2.5000        1.908     
     29.0625      3.7500        2.112     
     29.0625      5.0000        2.426     
     29.0625      6.2500        2.835     
     29.0625      7.5000        3.207     
     29.0625      8.7500        3.459     
     29.0625     10.0000        3.616     
     29.0625     11.2500        3.723     
     29.0625     12.5000        3.797     
     29.0625     13.7500        3.843     
     29.0625     15.0000        3.872     
     29.0625     16.2500        3.900     
     29.0625     17.5000        0.000     
     29.0625     18.7500        0.000     

