    -30.0000    -20.0000        0.000     
    -30.0000    -18.7500        0.000     
    -30.0000    -17.5000        0.000     
    -30.0000    -16.2500        5.438     
    -30.0000    -15.0000        5.419     
    -30.0000    -13.7500        5.389     
    -30.0000    -12.5000        5.353     
    -30.0000    -11.2500        5.332     
    -30.0000    -10.0000        5.346     
    -30.0000     -8.7500        5.419     
    -30.0000     -7.5000        5.564     
    -30.0000     -6.2500        5.791     
    -30.0000     -5.0000        6.069     
    -30.0000     -3.7500       0.3552E-001
    -30.0000     -2.5000       0.2082     
    -30.0000     -1.2500       0.3036     
    -30.0000      0.0000       0.3331     
    -30.0000      1.2500       0.3036     
    -30.0000      2.5000       0.2082     
    -30.0000      3.7500       0.3552E-001
    -30.0000      5.0000        6.069     
    -30.0000      6.2500        5.791     
    -30.0000      7.5000        5.564     
    -30.0000      8.7500        5.419     
    -30.0000     10.0000        5.346     
    -30.0000     11.2500        5.332     
    -30.0000     12.5000        5.353     
    -30.0000     13.7500        5.389     
    -30.0000     15.0000        5.419     
    -30.0000     16.2500        5.438     
    -30.0000     17.5000        0.000     
    -30.0000     18.7500        0.000     

    -29.0625    -20.0000        0.000     
    -29.0625    -18.7500        0.000     
    -29.0625    -17.5000        0.000     
    -29.0625    -16.2500        5.236     
    -29.0625    -15.0000        5.226     
    -29.0625    -13.7500        5.205     
    -29.0625    -12.5000        5.178     
    -29.0625    -11.2500        5.155     
    -29.0625    -10.0000        5.150     
    -29.0625     -8.7500        5.174     
    -29.0625     -7.5000        5.238     
    -29.0625     -6.2500        5.355     
    -29.0625     -5.0000        5.552     
    -29.0625     -3.7500        5.836     
    -29.0625     -2.5000        6.157     
    -29.0625     -1.2500       0.1462     
    -29.0625      0.0000       0.3332     
    -29.0625      1.2500       0.4410     
    -29.0625      2.5000       0.4825     
    -29.0625      3.7500       0.4670     
    -29.0625      5.0000       0.3965     
    -29.0625      6.2500       0.2613     
    -29.0625      7.5000       0.5917E-001
    -29.0625      8.7500        6.109     
    -29.0625     10.0000        5.916     
    -29.0625     11.2500        5.824     
    -29.0625     12.5000        5.819     
    -29.0625     13.7500        5.860     
    -29.0625     15.0000        5.909     
    -29.0625     16.2500        5.950     
    -29.0625     17.5000        0.000     
    -29.0625     18.7500        0.000     

    -28.1250    -20.0000        0.000     
    -28.1250    -18.7500        0.000     
    -28.1250    -17.5000        0.000     
    -28.1250    -16.2500        5.088     
    -28.1250    -15.0000        5.083     
    -28.1250    -13.7500        5.069     
    -28.1250    -12.5000        5.049     
    -28.1250    -11.2500        5.029     
    -28.1250    -10.0000        5.015     
    -28.1250     -8.7500        5.013     
    -28.1250     -7.5000        5.027     
    -28.1250     -6.2500        5.060     
    -28.1250     -5.0000        5.132     
    -28.1250     -3.7500        5.285     
    -28.1250     -2.5000        5.600     
    -28.1250     -1.2500        6.114     
    -28.1250      0.0000       0.3334     
    -28.1250      1.2500       0.6379     
    -28.1250      2.5000       0.8000     
    -28.1250      3.7500       0.8954     
    -28.1250      5.0000       0.9726     
    -28.1250      6.2500        1.047     
    -28.1250      7.5000        1.109     
    -28.1250      8.7500        1.141     
    -28.1250     10.0000        1.142     
    -28.1250     11.2500        1.112     
    -28.1250     12.5000        1.073     
    -28.1250     13.7500        1.053     
    -28.1250     15.0000        1.061     
    -28.1250     16.2500        1.075     
    -28.1250     17.5000        0.000     
    -28.1250     18.7500        0.000     

    -27.1875    -20.0000        0.000     
    -27.1875    -18.7500        0.000     
    -27.1875    -17.5000        0.000     
    -27.1875    -16.2500        4.914     
    -27.1875    -15.0000        4.912     
    -27.1875    -13.7500        4.904     
    -27.1875    -12.5000        4.894     
    -27.1875    -11.2500        4.881     
    -27.1875    -10.0000        4.863     
    -27.1875     -8.7500        4.841     
    -27.1875     -7.5000        4.815     
    -27.1875     -6.2500        4.780     
    -27.1875     -5.0000        4.742     
    -27.1875     -3.7500        4.723     
    -27.1875     -2.5000        4.751     
    -27.1875     -1.2500        4.913     
    -27.1875      0.0000       0.3351     
    -27.1875      1.2500        1.190     
    -27.1875      2.5000        1.308     
    -27.1875      3.7500        1.371     
    -27.1875      5.0000        1.438     
    -27.1875      6.2500        1.508     
    -27.1875      7.5000        1.566     
    -27.1875      8.7500        1.606     
    -27.1875     10.0000        1.634     
    -27.1875     11.2500        1.652     
    -27.1875     12.5000        1.659     
    -27.1875     13.7500        1.663     
    -27.1875     15.0000        1.669     
    -27.1875     16.2500        1.669     
    -27.1875     17.5000        0.000     
    -27.1875     18.7500        0.000     

    -26.2500    -20.0000        0.000     
    -26.2500    -18.7500        0.000     
    -26.2500    -17.5000        0.000     
    -26.2500    -16.2500        4.553     
    -26.2500    -15.0000        4.549     
    -26.2500    -13.7500        4.547     
    -26.2500    -12.5000        4.557     
    -26.2500    -11.2500        4.568     
    -26.2500    -10.0000        4.562     
    -26.2500     -8.7500        4.534     
    -26.2500     -7.5000        4.482     
    -26.2500     -6.2500        4.405     
    -26.2500     -5.0000        4.312     
    -26.2500     -3.7500        4.219     
    -26.2500     -2.5000        4.110     
    -26.2500     -1.2500        3.918     
    -26.2500      0.0000        3.474     
    -26.2500      1.2500        2.679     
    -26.2500      2.5000        2.134     
    -26.2500      3.7500        1.915     
    -26.2500      5.0000        1.835     
    -26.2500      6.2500        1.810     
    -26.2500      7.5000        1.806     
    -26.2500      8.7500        1.808     
    -26.2500     10.0000        1.819     
    -26.2500     11.2500        1.835     
    -26.2500     12.5000        1.853     
    -26.2500     13.7500        1.869     
    -26.2500     15.0000        1.882     
    -26.2500     16.2500        1.885     
    -26.2500     17.5000        0.000     
    -26.2500     18.7500        0.000     

    -25.3125    -20.0000        0.000     
    -25.3125    -18.7500        0.000     
    -25.3125    -17.5000        0.000     
    -25.3125    -16.2500        3.316     
    -25.3125    -15.0000        3.266     
    -25.3125    -13.7500        3.219     
    -25.3125    -12.5000        3.198     
    -25.3125    -11.2500        3.248     
    -25.3125    -10.0000        3.384     
    -25.3125     -8.7500        3.555     
    -25.3125     -7.5000        3.682     
    -25.3125     -6.2500        3.753     
    -25.3125     -5.0000        3.780     
    -25.3125     -3.7500        3.778     
    -25.3125     -2.5000        3.740     
    -25.3125     -1.2500        3.648     
    -25.3125      0.0000        3.474     
    -25.3125      1.2500        3.197     
    -25.3125      2.5000        2.831     
    -25.3125      3.7500        2.481     
    -25.3125      5.0000        2.234     
    -25.3125      6.2500        2.088     
    -25.3125      7.5000        2.007     
    -25.3125      8.7500        1.965     
    -25.3125     10.0000        1.952     
    -25.3125     11.2500        1.962     
    -25.3125     12.5000        1.984     
    -25.3125     13.7500        2.008     
    -25.3125     15.0000        2.026     
    -25.3125     16.2500        2.034     
    -25.3125     17.5000        0.000     
    -25.3125     18.7500        0.000     

    -24.3750    -20.0000        0.000     
    -24.3750    -18.7500        0.000     
    -24.3750    -17.5000        0.000     
    -24.3750    -16.2500        2.430     
    -24.3750    -15.0000        2.405     
    -24.3750    -13.7500        2.369     
    -24.3750    -12.5000        2.330     
    -24.3750    -11.2500        2.312     
    -24.3750    -10.0000        2.344     
    -24.3750     -8.7500        2.454     
    -24.3750     -7.5000        2.648     
    -24.3750     -6.2500        2.908     
    -24.3750     -5.0000        3.166     
    -24.3750     -3.7500        3.353     
    -24.3750     -2.5000        3.461     
    -24.3750     -1.2500        3.499     
    -24.3750      0.0000        3.475     
    -24.3750      1.2500        3.389     
    -24.3750      2.5000        3.230     
    -24.3750      3.7500        2.992     
    -24.3750      5.0000        2.707     
    -24.3750      6.2500        2.446     
    -24.3750      7.5000        2.265     
    -24.3750      8.7500        2.159     
    -24.3750     10.0000        2.111     
    -24.3750     11.2500        2.106     
    -24.3750     12.5000        2.129     
    -24.3750     13.7500        2.161     
    -24.3750     15.0000        2.187     
    -24.3750     16.2500        2.201     
    -24.3750     17.5000        0.000     
    -24.3750     18.7500        0.000     

    -23.4375    -20.0000        0.000     
    -23.4375    -18.7500        0.000     
    -23.4375    -17.5000        0.000     
    -23.4375    -16.2500        2.162     
    -23.4375    -15.0000        2.150     
    -23.4375    -13.7500        2.125     
    -23.4375    -12.5000        2.095     
    -23.4375    -11.2500        2.072     
    -23.4375    -10.0000        2.073     
    -23.4375     -8.7500        2.112     
    -23.4375     -7.5000        2.202     
    -23.4375     -6.2500        2.361     
    -23.4375     -5.0000        2.603     
    -23.4375     -3.7500        2.896     
    -23.4375     -2.5000        3.164     
    -23.4375     -1.2500        3.358     
    -23.4375      0.0000        3.475     
    -23.4375      1.2500        3.526     
    -23.4375      2.5000        3.515     
    -23.4375      3.7500        3.439     
    -23.4375      5.0000        3.289     
    -23.4375      6.2500        3.061     
    -23.4375      7.5000        2.799     
    -23.4375      8.7500        2.580     
    -23.4375     10.0000        2.446     
    -23.4375     11.2500        2.399     
    -23.4375     12.5000        2.413     
    -23.4375     13.7500        2.454     
    -23.4375     15.0000        2.494     
    -23.4375     16.2500        2.524     
    -23.4375     17.5000        0.000     
    -23.4375     18.7500        0.000     

    -22.5000    -20.0000        0.000     
    -22.5000    -18.7500        0.000     
    -22.5000    -17.5000        0.000     
    -22.5000    -16.2500        2.005     
    -22.5000    -15.0000        1.998     
    -22.5000    -13.7500        1.981     
    -22.5000    -12.5000        1.958     
    -22.5000    -11.2500        1.937     
    -22.5000    -10.0000        1.926     
    -22.5000     -8.7500        1.933     
    -22.5000     -7.5000        1.965     
    -22.5000     -6.2500        2.029     
    -22.5000     -5.0000        2.151     
    -22.5000     -3.7500        2.370     
    -22.5000     -2.5000        2.722     
    -22.5000     -1.2500        3.138     
    -22.5000      0.0000        3.475     
    -22.5000      1.2500        3.686     
    -22.5000      2.5000        3.802     
    -22.5000      3.7500        3.863     
    -22.5000      5.0000        3.896     
    -22.5000      6.2500        3.913     
    -22.5000      7.5000        3.904     
    -22.5000      8.7500        3.850     
    -22.5000     10.0000        3.748     
    -22.5000     11.2500        3.635     
    -22.5000     12.5000        3.570     
    -22.5000     13.7500        3.568     
    -22.5000     15.0000        3.604     
    -22.5000     16.2500        3.644     
    -22.5000     17.5000        0.000     
    -22.5000     18.7500        0.000     

    -21.5625    -20.0000        0.000     
    -21.5625    -18.7500        0.000     
    -21.5625    -17.5000        0.000     
    -21.5625    -16.2500        1.851     
    -21.5625    -15.0000        1.848     
    -21.5625    -13.7500        1.837     
    -21.5625    -12.5000        1.823     
    -21.5625    -11.2500        1.806     
    -21.5625    -10.0000        1.789     
    -21.5625     -8.7500        1.775     
    -21.5625     -7.5000        1.764     
    -21.5625     -6.2500        1.755     
    -21.5625     -5.0000        1.757     
    -21.5625     -3.7500        1.802     
    -21.5625     -2.5000        1.958     
    -21.5625     -1.2500        2.442     
    -21.5625      0.0000        3.475     
    -21.5625      1.2500        4.016     
    -21.5625      2.5000        4.210     
    -21.5625      3.7500        4.314     
    -21.5625      5.0000        4.405     
    -21.5625      6.2500        4.495     
    -21.5625      7.5000        4.570     
    -21.5625      8.7500        4.620     
    -21.5625     10.0000        4.651     
    -21.5625     11.2500        4.663     
    -21.5625     12.5000        4.661     
    -21.5625     13.7500        4.656     
    -21.5625     15.0000        4.659     
    -21.5625     16.2500        4.660     
    -21.5625     17.5000        0.000     
    -21.5625     18.7500        0.000     

    -20.6250    -20.0000        0.000     
    -20.6250    -18.7500        0.000     
    -20.6250    -17.5000        0.000     
    -20.6250    -16.2500        1.602     
    -20.6250    -15.0000        1.601     
    -20.6250    -13.7500        1.597     
    -20.6250    -12.5000        1.597     
    -20.6250    -11.2500        1.594     
    -20.6250    -10.0000        1.578     
    -20.6250     -8.7500        1.548     
    -20.6250     -7.5000        1.502     
    -20.6250     -6.2500        1.434     
    -20.6250     -5.0000        1.352     
    -20.6250     -3.7500        1.270     
    -20.6250     -2.5000        1.180     
    -20.6250     -1.2500        1.007     
    -20.6250      0.0000       0.3320     
    -20.6250      1.2500        5.270     
    -20.6250      2.5000        4.922     
    -20.6250      3.7500        4.832     
    -20.6250      5.0000        4.821     
    -20.6250      6.2500        4.840     
    -20.6250      7.5000        4.862     
    -20.6250      8.7500        4.880     
    -20.6250     10.0000        4.899     
    -20.6250     11.2500        4.916     
    -20.6250     12.5000        4.932     
    -20.6250     13.7500        4.943     
    -20.6250     15.0000        4.953     
    -20.6250     16.2500        4.955     
    -20.6250     17.5000        0.000     
    -20.6250     18.7500        0.000     

    -19.6875    -20.0000        0.000     
    -19.6875    -18.7500        0.000     
    -19.6875    -17.5000        0.000     
    -19.6875    -16.2500       0.8196     
    -19.6875    -15.0000       0.7912     
    -19.6875    -13.7500       0.7730     
    -19.6875    -12.5000       0.7896     
    -19.6875    -11.2500       0.8475     
    -19.6875    -10.0000       0.9140     
    -19.6875     -8.7500       0.9537     
    -19.6875     -7.5000       0.9518     
    -19.6875     -6.2500       0.9172     
    -19.6875     -5.0000       0.8659     
    -19.6875     -3.7500       0.8077     
    -19.6875     -2.5000       0.7271     
    -19.6875     -1.2500       0.5876     
    -19.6875      0.0000       0.3328     
    -19.6875      1.2500        6.208     
    -19.6875      2.5000        5.739     
    -19.6875      3.7500        5.399     
    -19.6875      5.0000        5.211     
    -19.6875      6.2500        5.115     
    -19.6875      7.5000        5.067     
    -19.6875      8.7500        5.044     
    -19.6875     10.0000        5.041     
    -19.6875     11.2500        5.054     
    -19.6875     12.5000        5.075     
    -19.6875     13.7500        5.096     
    -19.6875     15.0000        5.112     
    -19.6875     16.2500        5.118     
    -19.6875     17.5000        0.000     
    -19.6875     18.7500        0.000     

    -18.7500    -20.0000        0.000     
    -18.7500    -18.7500        0.000     
    -18.7500    -17.5000        0.000     
    -18.7500    -16.2500        5.787     
    -18.7500    -15.0000        5.752     
    -18.7500    -13.7500        5.708     
    -18.7500    -12.5000        5.666     
    -18.7500    -11.2500        5.658     
    -18.7500    -10.0000        5.725     
    -18.7500     -8.7500        5.889     
    -18.7500     -7.5000        6.125     
    -18.7500     -6.2500       0.8583E-001
    -18.7500     -5.0000       0.2720     
    -18.7500     -3.7500       0.3828     
    -18.7500     -2.5000       0.4274     
    -18.7500     -1.2500       0.4120     
    -18.7500      0.0000       0.3330     
    -18.7500      1.2500       0.1834     
    -18.7500      2.5000        6.234     
    -18.7500      3.7500        5.938     
    -18.7500      5.0000        5.646     
    -18.7500      6.2500        5.426     
    -18.7500      7.5000        5.288     
    -18.7500      8.7500        5.212     
    -18.7500     10.0000        5.181     
    -18.7500     11.2500        5.183     
    -18.7500     12.5000        5.206     
    -18.7500     13.7500        5.235     
    -18.7500     15.0000        5.257     
    -18.7500     16.2500        5.269     
    -18.7500     17.5000        0.000     
    -18.7500     18.7500        0.000     

    -17.8125    -20.0000        0.000     
    -17.8125    -18.7500        0.000     
    -17.8125    -17.5000        0.000     
    -17.8125    -16.2500        5.387     
    -17.8125    -15.0000        5.371     
    -17.8125    -13.7500        5.343     
    -17.8125    -12.5000        5.309     
    -17.8125    -11.2500        5.286     
    -17.8125    -10.0000        5.295     
    -17.8125     -8.7500        5.355     
    -17.8125     -7.5000        5.479     
    -17.8125     -6.2500        5.683     
    -17.8125     -5.0000        5.956     
    -17.8125     -3.7500        6.227     
    -17.8125     -2.5000       0.1498     
    -17.8125     -1.2500       0.2760     
    -17.8125      0.0000       0.3331     
    -17.8125      1.2500       0.3305     
    -17.8125      2.5000       0.2644     
    -17.8125      3.7500       0.1246     
    -17.8125      5.0000        6.187     
    -17.8125      6.2500        5.912     
    -17.8125      7.5000        5.666     
    -17.8125      8.7500        5.497     
    -17.8125     10.0000        5.408     
    -17.8125     11.2500        5.386     
    -17.8125     12.5000        5.406     
    -17.8125     13.7500        5.444     
    -17.8125     15.0000        5.477     
    -17.8125     16.2500        5.498     
    -17.8125     17.5000        0.000     
    -17.8125     18.7500        0.000     

    -16.8750    -20.0000        0.000     
    -16.8750    -18.7500        0.000     
    -16.8750    -17.5000        0.000     
    -16.8750    -16.2500        5.205     
    -16.8750    -15.0000        5.196     
    -16.8750    -13.7500        5.176     
    -16.8750    -12.5000        5.151     
    -16.8750    -11.2500        5.129     
    -16.8750    -10.0000        5.121     
    -16.8750     -8.7500        5.139     
    -16.8750     -7.5000        5.192     
    -16.8750     -6.2500        5.290     
    -16.8750     -5.0000        5.462     
    -16.8750     -3.7500        5.730     
    -16.8750     -2.5000        6.070     
    -16.8750     -1.2500       0.1043     
    -16.8750      0.0000       0.3332     
    -16.8750      1.2500       0.4721     
    -16.8750      2.5000       0.5391     
    -16.8750      3.7500       0.5512     
    -16.8750      5.0000       0.5192     
    -16.8750      6.2500       0.4389     
    -16.8750      7.5000       0.2989     
    -16.8750      8.7500       0.1025     
    -16.8750     10.0000        6.183     
    -16.8750     11.2500        6.061     
    -16.8750     12.5000        6.037     
    -16.8750     13.7500        6.072     
    -16.8750     15.0000        6.123     
    -16.8750     16.2500        6.170     
    -16.8750     17.5000        0.000     
    -16.8750     18.7500        0.000     

    -15.9375    -20.0000        0.000     
    -15.9375    -18.7500        0.000     
    -15.9375    -17.5000        0.000     
    -15.9375    -16.2500        5.058     
    -15.9375    -15.0000        5.054     
    -15.9375    -13.7500        5.040     
    -15.9375    -12.5000        5.023     
    -15.9375    -11.2500        5.004     
    -15.9375    -10.0000        4.988     
    -15.9375     -8.7500        4.982     
    -15.9375     -7.5000        4.988     
    -15.9375     -6.2500        5.006     
    -15.9375     -5.0000        5.054     
    -15.9375     -3.7500        5.171     
    -15.9375     -2.5000        5.445     
    -15.9375     -1.2500        5.990     
    -15.9375      0.0000       0.3334     
    -15.9375      1.2500       0.6992     
    -15.9375      2.5000       0.8797     
    -15.9375      3.7500       0.9854     
    -15.9375      5.0000        1.074     
    -15.9375      6.2500        1.161     
    -15.9375      7.5000        1.236     
    -15.9375      8.7500        1.284     
    -15.9375     10.0000        1.304     
    -15.9375     11.2500        1.296     
    -15.9375     12.5000        1.274     
    -15.9375     13.7500        1.258     
    -15.9375     15.0000        1.262     
    -15.9375     16.2500        1.268     
    -15.9375     17.5000        0.000     
    -15.9375     18.7500        0.000     

    -15.0000    -20.0000        0.000     
    -15.0000    -18.7500        0.000     
    -15.0000    -17.5000        0.000     
    -15.0000    -16.2500        4.867     
    -15.0000    -15.0000        4.865     
    -15.0000    -13.7500        4.859     
    -15.0000    -12.5000        4.851     
    -15.0000    -11.2500        4.841     
    -15.0000    -10.0000        4.823     
    -15.0000     -8.7500        4.798     
    -15.0000     -7.5000        4.764     
    -15.0000     -6.2500        4.717     
    -15.0000     -5.0000        4.662     
    -15.0000     -3.7500        4.616     
    -15.0000     -2.5000        4.592     
    -15.0000     -1.2500        4.585     
    -15.0000      0.0000        0.000     
    -15.0000      1.2500        1.443     
    -15.0000      2.5000        1.451     
    -15.0000      3.7500        1.474     
    -15.0000      5.0000        1.520     
    -15.0000      6.2500        1.575     
    -15.0000      7.5000        1.623     
    -15.0000      8.7500        1.656     
    -15.0000     10.0000        1.681     
    -15.0000     11.2500        1.699     
    -15.0000     12.5000        1.710     
    -15.0000     13.7500        1.717     
    -15.0000     15.0000        1.724     
    -15.0000     16.2500        1.725     
    -15.0000     17.5000        0.000     
    -15.0000     18.7500        0.000     

    -14.0625    -20.0000        0.000     
    -14.0625    -18.7500        0.000     
    -14.0625    -17.5000        0.000     
    -14.0625    -16.2500        4.410     
    -14.0625    -15.0000        4.403     
    -14.0625    -13.7500        4.400     
    -14.0625    -12.5000        4.415     
    -14.0625    -11.2500        4.438     
    -14.0625    -10.0000        4.445     
    -14.0625     -8.7500        4.425     
    -14.0625     -7.5000        4.377     
    -14.0625     -6.2500        4.303     
    -14.0625     -5.0000        4.216     
    -14.0625     -3.7500        4.127     
    -14.0625     -2.5000        4.021     
    -14.0625     -1.2500        3.841     
    -14.0625      0.0000        3.474     
    -14.0625      1.2500        2.849     
    -14.0625      2.5000        2.303     
    -14.0625      3.7500        2.029     
    -14.0625      5.0000        1.912     
    -14.0625      6.2500        1.865     
    -14.0625      7.5000        1.846     
    -14.0625      8.7500        1.840     
    -14.0625     10.0000        1.847     
    -14.0625     11.2500        1.862     
    -14.0625     12.5000        1.881     
    -14.0625     13.7500        1.899     
    -14.0625     15.0000        1.913     
    -14.0625     16.2500        1.917     
    -14.0625     17.5000        0.000     
    -14.0625     18.7500        0.000     

    -13.1250    -20.0000        0.000     
    -13.1250    -18.7500        0.000     
    -13.1250    -17.5000        0.000     
    -13.1250    -16.2500        3.030     
    -13.1250    -15.0000        2.981     
    -13.1250    -13.7500        2.930     
    -13.1250    -12.5000        2.895     
    -13.1250    -11.2500        2.920     
    -13.1250    -10.0000        3.042     
    -13.1250     -8.7500        3.244     
    -13.1250     -7.5000        3.440     
    -13.1250     -6.2500        3.581     
    -13.1250     -5.0000        3.661     
    -13.1250     -3.7500        3.693     
    -13.1250     -2.5000        3.681     
    -13.1250     -1.2500        3.614     
    -13.1250      0.0000        3.475     
    -13.1250      1.2500        3.246     
    -13.1250      2.5000        2.928     
    -13.1250      3.7500        2.589     
    -13.1250      5.0000        2.321     
    -13.1250      6.2500        2.149     
    -13.1250      7.5000        2.050     
    -13.1250      8.7500        1.998     
    -13.1250     10.0000        1.980     
    -13.1250     11.2500        1.987     
    -13.1250     12.5000        2.009     
    -13.1250     13.7500        2.035     
    -13.1250     15.0000        2.055     
    -13.1250     16.2500        2.063     
    -13.1250     17.5000        0.000     
    -13.1250     18.7500        0.000     

    -12.1875    -20.0000        0.000     
    -12.1875    -18.7500        0.000     
    -12.1875    -17.5000        0.000     
    -12.1875    -16.2500        2.356     
    -12.1875    -15.0000        2.335     
    -12.1875    -13.7500        2.302     
    -12.1875    -12.5000        2.265     
    -12.1875    -11.2500        2.244     
    -12.1875    -10.0000        2.267     
    -12.1875     -8.7500        2.356     
    -12.1875     -7.5000        2.524     
    -12.1875     -6.2500        2.771     
    -12.1875     -5.0000        3.045     
    -12.1875     -3.7500        3.266     
    -12.1875     -2.5000        3.406     
    -12.1875     -1.2500        3.472     
    -12.1875      0.0000        3.475     
    -12.1875      1.2500        3.418     
    -12.1875      2.5000        3.291     
    -12.1875      3.7500        3.086     
    -12.1875      5.0000        2.815     
    -12.1875      6.2500        2.542     
    -12.1875      7.5000        2.338     
    -12.1875      8.7500        2.213     
    -12.1875     10.0000        2.154     
    -12.1875     11.2500        2.145     
    -12.1875     12.5000        2.167     
    -12.1875     13.7500        2.201     
    -12.1875     15.0000        2.229     
    -12.1875     16.2500        2.245     
    -12.1875     17.5000        0.000     
    -12.1875     18.7500        0.000     

    -11.2500    -20.0000        0.000     
    -11.2500    -18.7500        0.000     
    -11.2500    -17.5000        0.000     
    -11.2500    -16.2500        2.127     
    -11.2500    -15.0000        2.116     
    -11.2500    -13.7500        2.093     
    -11.2500    -12.5000        2.065     
    -11.2500    -11.2500        2.042     
    -11.2500    -10.0000        2.039     
    -11.2500     -8.7500        2.070     
    -11.2500     -7.5000        2.147     
    -11.2500     -6.2500        2.284     
    -11.2500     -5.0000        2.505     
    -11.2500     -3.7500        2.796     
    -11.2500     -2.5000        3.093     
    -11.2500     -1.2500        3.325     
    -11.2500      0.0000        3.475     
    -11.2500      1.2500        3.553     
    -11.2500      2.5000        3.569     
    -11.2500      3.7500        3.524     
    -11.2500      5.0000        3.414     
    -11.2500      6.2500        3.227     
    -11.2500      7.5000        2.984     
    -11.2500      8.7500        2.747     
    -11.2500     10.0000        2.583     
    -11.2500     11.2500        2.517     
    -11.2500     12.5000        2.524     
    -11.2500     13.7500        2.566     
    -11.2500     15.0000        2.610     
    -11.2500     16.2500        2.645     
    -11.2500     17.5000        0.000     
    -11.2500     18.7500        0.000     

    -10.3125    -20.0000        0.000     
    -10.3125    -18.7500        0.000     
    -10.3125    -17.5000        0.000     
    -10.3125    -16.2500        1.976     
    -10.3125    -15.0000        1.970     
    -10.3125    -13.7500        1.954     
    -10.3125    -12.5000        1.933     
    -10.3125    -11.2500        1.913     
    -10.3125    -10.0000        1.900     
    -10.3125     -8.7500        1.902     
    -10.3125     -7.5000        1.925     
    -10.3125     -6.2500        1.973     
    -10.3125     -5.0000        2.070     
    -10.3125     -3.7500        2.257     
    -10.3125     -2.5000        2.598     
    -10.3125     -1.2500        3.066     
    -10.3125      0.0000        3.475     
    -10.3125      1.2500        3.729     
    -10.3125      2.5000        3.869     
    -10.3125      3.7500        3.949     
    -10.3125      5.0000        4.008     
    -10.3125      6.2500        4.059     
    -10.3125      7.5000        4.094     
    -10.3125      8.7500        4.095     
    -10.3125     10.0000        4.056     
    -10.3125     11.2500        3.989     
    -10.3125     12.5000        3.932     
    -10.3125     13.7500        3.914     
    -10.3125     15.0000        3.933     
    -10.3125     16.2500        3.960     
    -10.3125     17.5000        0.000     
    -10.3125     18.7500        0.000     

     -9.3750    -20.0000        0.000     
     -9.3750    -18.7500        0.000     
     -9.3750    -17.5000        0.000     
     -9.3750    -16.2500        1.814     
     -9.3750    -15.0000        1.812     
     -9.3750    -13.7500        1.802     
     -9.3750    -12.5000        1.790     
     -9.3750    -11.2500        1.775     
     -9.3750    -10.0000        1.757     
     -9.3750     -8.7500        1.739     
     -9.3750     -7.5000        1.721     
     -9.3750     -6.2500        1.698     
     -9.3750     -5.0000        1.680     
     -9.3750     -3.7500        1.690     
     -9.3750     -2.5000        1.780     
     -9.3750     -1.2500        2.128     
     -9.3750      0.0000        3.476     
     -9.3750      1.2500        4.148     
     -9.3750      2.5000        4.322     
     -9.3750      3.7500        4.412     
     -9.3750      5.0000        4.494     
     -9.3750      6.2500        4.576     
     -9.3750      7.5000        4.644     
     -9.3750      8.7500        4.690     
     -9.3750     10.0000        4.720     
     -9.3750     11.2500        4.735     
     -9.3750     12.5000        4.739     
     -9.3750     13.7500        4.739     
     -9.3750     15.0000        4.743     
     -9.3750     16.2500        4.743     
     -9.3750     17.5000        0.000     
     -9.3750     18.7500        0.000     

     -8.4375    -20.0000        0.000     
     -8.4375    -18.7500        0.000     
     -8.4375    -17.5000        0.000     
     -8.4375    -16.2500        1.519     
     -8.4375    -15.0000        1.517     
     -8.4375    -13.7500        1.514     
     -8.4375    -12.5000        1.519     
     -8.4375    -11.2500        1.521     
     -8.4375    -10.0000        1.509     
     -8.4375     -8.7500        1.479     
     -8.4375     -7.5000        1.428     
     -8.4375     -6.2500        1.353     
     -8.4375     -5.0000        1.263     
     -8.4375     -3.7500        1.173     
     -8.4375     -2.5000        1.068     
     -8.4375     -1.2500       0.8749     
     -8.4375      0.0000       0.3324     
     -8.4375      1.2500        5.584     
     -8.4375      2.5000        5.099     
     -8.4375      3.7500        4.943     
     -8.4375      5.0000        4.899     
     -8.4375      6.2500        4.897     
     -8.4375      7.5000        4.906     
     -8.4375      8.7500        4.916     
     -8.4375     10.0000        4.931     
     -8.4375     11.2500        4.948     
     -8.4375     12.5000        4.965     
     -8.4375     13.7500        4.979     
     -8.4375     15.0000        4.990     
     -8.4375     16.2500        4.992     
     -8.4375     17.5000        0.000     
     -8.4375     18.7500        0.000     

     -7.5000    -20.0000        0.000     
     -7.5000    -18.7500        0.000     
     -7.5000    -17.5000        0.000     
     -7.5000    -16.2500       0.5042     
     -7.5000    -15.0000       0.4615     
     -7.5000    -13.7500       0.4270     
     -7.5000    -12.5000       0.4285     
     -7.5000    -11.2500       0.4939     
     -7.5000    -10.0000       0.6059     
     -7.5000     -8.7500       0.7089     
     -7.5000     -7.5000       0.7620     
     -7.5000     -6.2500       0.7717     
     -7.5000     -5.0000       0.7546     
     -7.5000     -3.7500       0.7213     
     -7.5000     -2.5000       0.6603     
     -7.5000     -1.2500       0.5443     
     -7.5000      0.0000       0.3328     
     -7.5000      1.2500        6.280     
     -7.5000      2.5000        5.863     
     -7.5000      3.7500        5.512     
     -7.5000      5.0000        5.292     
     -7.5000      6.2500        5.171     
     -7.5000      7.5000        5.107     
     -7.5000      8.7500        5.075     
     -7.5000     10.0000        5.068     
     -7.5000     11.2500        5.079     
     -7.5000     12.5000        5.100     
     -7.5000     13.7500        5.122     
     -7.5000     15.0000        5.140     
     -7.5000     16.2500        5.146     
     -7.5000     17.5000        0.000     
     -7.5000     18.7500        0.000     

     -6.5625    -20.0000        0.000     
     -6.5625    -18.7500        0.000     
     -6.5625    -17.5000        0.000     
     -6.5625    -16.2500        5.665     
     -6.5625    -15.0000        5.636     
     -6.5625    -13.7500        5.596     
     -6.5625    -12.5000        5.555     
     -6.5625    -11.2500        5.541     
     -6.5625    -10.0000        5.587     
     -6.5625     -8.7500        5.722     
     -6.5625     -7.5000        5.941     
     -6.5625     -6.2500        6.202     
     -6.5625     -5.0000       0.1475     
     -6.5625     -3.7500       0.2978     
     -6.5625     -2.5000       0.3732     
     -6.5625     -1.2500       0.3842     
     -6.5625      0.0000       0.3330     
     -6.5625      1.2500       0.2167     
     -6.5625      2.5000       0.2239E-001
     -6.5625      3.7500        6.037     
     -6.5625      5.0000        5.745     
     -6.5625      6.2500        5.503     
     -6.5625      7.5000        5.344     
     -6.5625      8.7500        5.254     
     -6.5625     10.0000        5.214     
     -6.5625     11.2500        5.214     
     -6.5625     12.5000        5.237     
     -6.5625     13.7500        5.267     
     -6.5625     15.0000        5.291     
     -6.5625     16.2500        5.304     
     -6.5625     17.5000        0.000     
     -6.5625     18.7500        0.000     

     -5.6250    -20.0000        0.000     
     -5.6250    -18.7500        0.000     
     -5.6250    -17.5000        0.000     
     -5.6250    -16.2500        5.343     
     -5.6250    -15.0000        5.329     
     -5.6250    -13.7500        5.302     
     -5.6250    -12.5000        5.271     
     -5.6250    -11.2500        5.248     
     -5.6250    -10.0000        5.252     
     -5.6250     -8.7500        5.301     
     -5.6250     -7.5000        5.407     
     -5.6250     -6.2500        5.588     
     -5.6250     -5.0000        5.848     
     -5.6250     -3.7500        6.134     
     -5.6250     -2.5000       0.8825E-001
     -5.6250     -1.2500       0.2472     
     -5.6250      0.0000       0.3331     
     -5.6250      1.2500       0.3571     
     -5.6250      2.5000       0.3192     
     -5.6250      3.7500       0.2118     
     -5.6250      5.0000       0.2419E-001
     -5.6250      6.2500        6.049     
     -5.6250      7.5000        5.789     
     -5.6250      8.7500        5.595     
     -5.6250     10.0000        5.486     
     -5.6250     11.2500        5.453     
     -5.6250     12.5000        5.471     
     -5.6250     13.7500        5.511     
     -5.6250     15.0000        5.547     
     -5.6250     16.2500        5.572     
     -5.6250     17.5000        0.000     
     -5.6250     18.7500        0.000     

     -4.6875    -20.0000        0.000     
     -4.6875    -18.7500        0.000     
     -4.6875    -17.5000        0.000     
     -4.6875    -16.2500        5.175     
     -4.6875    -15.0000        5.168     
     -4.6875    -13.7500        5.149     
     -4.6875    -12.5000        5.125     
     -4.6875    -11.2500        5.103     
     -4.6875    -10.0000        5.094     
     -4.6875     -8.7500        5.107     
     -4.6875     -7.5000        5.148     
     -4.6875     -6.2500        5.229     
     -4.6875     -5.0000        5.376     
     -4.6875     -3.7500        5.622     
     -4.6875     -2.5000        5.973     
     -4.6875     -1.2500       0.5533E-001
     -4.6875      0.0000       0.3332     
     -4.6875      1.2500       0.5061     
     -4.6875      2.5000       0.5982     
     -4.6875      3.7500       0.6357     
     -4.6875      5.0000       0.6390     
     -4.6875      6.2500       0.6109     
     -4.6875      7.5000       0.5405     
     -4.6875      8.7500       0.4128     
     -4.6875     10.0000       0.2429     
     -4.6875     11.2500       0.1066     
     -4.6875     12.5000       0.5699E-001
     -4.6875     13.7500       0.7692E-001
     -4.6875     15.0000       0.1247     
     -4.6875     16.2500       0.1734     
     -4.6875     17.5000        0.000     
     -4.6875     18.7500        0.000     

     -3.7500    -20.0000        0.000     
     -3.7500    -18.7500        0.000     
     -3.7500    -17.5000        0.000     
     -3.7500    -16.2500        5.027     
     -3.7500    -15.0000        5.023     
     -3.7500    -13.7500        5.011     
     -3.7500    -12.5000        4.995     
     -3.7500    -11.2500        4.977     
     -3.7500    -10.0000        4.960     
     -3.7500     -8.7500        4.950     
     -3.7500     -7.5000        4.948     
     -3.7500     -6.2500        4.952     
     -3.7500     -5.0000        4.976     
     -3.7500     -3.7500        5.057     
     -3.7500     -2.5000        5.276     
     -3.7500     -1.2500        5.820     
     -3.7500      0.0000       0.3335     
     -3.7500      1.2500       0.7755     
     -3.7500      2.5000       0.9684     
     -3.7500      3.7500        1.078     
     -3.7500      5.0000        1.171     
     -3.7500      6.2500        1.263     
     -3.7500      7.5000        1.341     
     -3.7500      8.7500        1.393     
     -3.7500     10.0000        1.421     
     -3.7500     11.2500        1.426     
     -3.7500     12.5000        1.416     
     -3.7500     13.7500        1.405     
     -3.7500     15.0000        1.408     
     -3.7500     16.2500        1.410     
     -3.7500     17.5000        0.000     
     -3.7500     18.7500        0.000     

     -2.8125    -20.0000        0.000     
     -2.8125    -18.7500        0.000     
     -2.8125    -17.5000        0.000     
     -2.8125    -16.2500        4.811     
     -2.8125    -15.0000        4.810     
     -2.8125    -13.7500        4.805     
     -2.8125    -12.5000        4.801     
     -2.8125    -11.2500        4.793     
     -2.8125    -10.0000        4.776     
     -2.8125     -8.7500        4.748     
     -2.8125     -7.5000        4.708     
     -2.8125     -6.2500        4.649     
     -2.8125     -5.0000        4.579     
     -2.8125     -3.7500        4.513     
     -2.8125     -2.5000        4.449     
     -2.8125     -1.2500        4.332     
     -2.8125      0.0000        3.473     
     -2.8125      1.2500        1.771     
     -2.8125      2.5000        1.609     
     -2.8125      3.7500        1.581     
     -2.8125      5.0000        1.601     
     -2.8125      6.2500        1.638     
     -2.8125      7.5000        1.674     
     -2.8125      8.7500        1.699     
     -2.8125     10.0000        1.722     
     -2.8125     11.2500        1.740     
     -2.8125     12.5000        1.753     
     -2.8125     13.7500        1.762     
     -2.8125     15.0000        1.771     
     -2.8125     16.2500        1.772     
     -2.8125     17.5000        0.000     
     -2.8125     18.7500        0.000     

     -1.8750    -20.0000        0.000     
     -1.8750    -18.7500        0.000     
     -1.8750    -17.5000        0.000     
     -1.8750    -16.2500        4.218     
     -1.8750    -15.0000        4.202     
     -1.8750    -13.7500        4.195     
     -1.8750    -12.5000        4.214     
     -1.8750    -11.2500        4.254     
     -1.8750    -10.0000        4.283     
     -1.8750     -8.7500        4.283     
     -1.8750     -7.5000        4.250     
     -1.8750     -6.2500        4.188     
     -1.8750     -5.0000        4.114     
     -1.8750     -3.7500        4.037     
     -1.8750     -2.5000        3.941     
     -1.8750     -1.2500        3.780     
     -1.8750      0.0000        3.474     
     -1.8750      1.2500        2.973     
     -1.8750      2.5000        2.458     
     -1.8750      3.7500        2.144     
     -1.8750      5.0000        1.990     
     -1.8750      6.2500        1.919     
     -1.8750      7.5000        1.886     
     -1.8750      8.7500        1.872     
     -1.8750     10.0000        1.874     
     -1.8750     11.2500        1.888     
     -1.8750     12.5000        1.908     
     -1.8750     13.7500        1.927     
     -1.8750     15.0000        1.942     
     -1.8750     16.2500        1.947     
     -1.8750     17.5000        0.000     
     -1.8750     18.7500        0.000     

     -0.9375    -20.0000        0.000     
     -0.9375    -18.7500        0.000     
     -0.9375    -17.5000        0.000     
     -0.9375    -16.2500        2.809     
     -0.9375    -15.0000        2.767     
     -0.9375    -13.7500        2.719     
     -0.9375    -12.5000        2.677     
     -0.9375    -11.2500        2.682     
     -0.9375    -10.0000        2.775     
     -0.9375     -8.7500        2.967     
     -0.9375     -7.5000        3.201     
     -0.9375     -6.2500        3.403     
     -0.9375     -5.0000        3.538     
     -0.9375     -3.7500        3.609     
     -0.9375     -2.5000        3.624     
     -0.9375     -1.2500        3.583     
     -0.9375      0.0000        3.475     
     -0.9375      1.2500        3.288     
     -0.9375      2.5000        3.015     
     -0.9375      3.7500        2.694     
     -0.9375      5.0000        2.411     
     -0.9375      6.2500        2.214     
     -0.9375      7.5000        2.096     
     -0.9375      8.7500        2.033     
     -0.9375     10.0000        2.008     
     -0.9375     11.2500        2.013     
     -0.9375     12.5000        2.036     
     -0.9375     13.7500        2.063     
     -0.9375     15.0000        2.084     
     -0.9375     16.2500        2.094     
     -0.9375     17.5000        0.000     
     -0.9375     18.7500        0.000     

      0.0000    -20.0000        0.000     
      0.0000    -18.7500        0.000     
      0.0000    -17.5000        0.000     
      0.0000    -16.2500        2.296     
      0.0000    -15.0000        2.278     
      0.0000    -13.7500        2.247     
      0.0000    -12.5000        2.212     
      0.0000    -11.2500        2.190     
      0.0000    -10.0000        2.205     
      0.0000     -8.7500        2.277     
      0.0000     -7.5000        2.422     
      0.0000     -6.2500        2.649     
      0.0000     -5.0000        2.928     
      0.0000     -3.7500        3.177     
      0.0000     -2.5000        3.350     
      0.0000     -1.2500        3.445     
      0.0000      0.0000        3.475     
      0.0000      1.2500        3.445     
      0.0000      2.5000        3.350     
      0.0000      3.7500        3.177     
      0.0000      5.0000        2.928     
      0.0000      6.2500        2.649     
      0.0000      7.5000        2.422     
      0.0000      8.7500        2.277     
      0.0000     10.0000        2.205     
      0.0000     11.2500        2.190     
      0.0000     12.5000        2.212     
      0.0000     13.7500        2.247     
      0.0000     15.0000        2.278     
      0.0000     16.2500        2.296     
      0.0000     17.5000        0.000     
      0.0000     18.7500        0.000     

      0.9375    -20.0000        0.000     
      0.9375    -18.7500        0.000     
      0.9375    -17.5000        0.000     
      0.9375    -16.2500        2.094     
      0.9375    -15.0000        2.084     
      0.9375    -13.7500        2.063     
      0.9375    -12.5000        2.036     
      0.9375    -11.2500        2.014     
      0.9375    -10.0000        2.008     
      0.9375     -8.7500        2.033     
      0.9375     -7.5000        2.096     
      0.9375     -6.2500        2.214     
      0.9375     -5.0000        2.411     
      0.9375     -3.7500        2.694     
      0.9375     -2.5000        3.015     
      0.9375     -1.2500        3.288     
      0.9375      0.0000        3.475     
      0.9375      1.2500        3.583     
      0.9375      2.5000        3.624     
      0.9375      3.7500        3.609     
      0.9375      5.0000        3.538     
      0.9375      6.2500        3.403     
      0.9375      7.5000        3.201     
      0.9375      8.7500        2.967     
      0.9375     10.0000        2.775     
      0.9375     11.2500        2.682     
      0.9375     12.5000        2.677     
      0.9375     13.7500        2.719     
      0.9375     15.0000        2.767     
      0.9375     16.2500        2.808     
      0.9375     17.5000        0.000     
      0.9375     18.7500        0.000     

      1.8750    -20.0000        0.000     
      1.8750    -18.7500        0.000     
      1.8750    -17.5000        0.000     
      1.8750    -16.2500        1.947     
      1.8750    -15.0000        1.942     
      1.8750    -13.7500        1.927     
      1.8750    -12.5000        1.907     
      1.8750    -11.2500        1.888     
      1.8750    -10.0000        1.874     
      1.8750     -8.7500        1.872     
      1.8750     -7.5000        1.886     
      1.8750     -6.2500        1.919     
      1.8750     -5.0000        1.990     
      1.8750     -3.7500        2.144     
      1.8750     -2.5000        2.458     
      1.8750     -1.2500        2.973     
      1.8750      0.0000        3.475     
      1.8750      1.2500        3.780     
      1.8750      2.5000        3.942     
      1.8750      3.7500        4.037     
      1.8750      5.0000        4.114     
      1.8750      6.2500        4.188     
      1.8750      7.5000        4.250     
      1.8750      8.7500        4.283     
      1.8750     10.0000        4.283     
      1.8750     11.2500        4.253     
      1.8750     12.5000        4.215     
      1.8750     13.7500        4.195     
      1.8750     15.0000        4.203     
      1.8750     16.2500        4.217     
      1.8750     17.5000        0.000     
      1.8750     18.7500        0.000     

      2.8125    -20.0000        0.000     
      2.8125    -18.7500        0.000     
      2.8125    -17.5000        0.000     
      2.8125    -16.2500        1.772     
      2.8125    -15.0000        1.771     
      2.8125    -13.7500        1.762     
      2.8125    -12.5000        1.753     
      2.8125    -11.2500        1.740     
      2.8125    -10.0000        1.721     
      2.8125     -8.7500        1.700     
      2.8125     -7.5000        1.674     
      2.8125     -6.2500        1.639     
      2.8125     -5.0000        1.601     
      2.8125     -3.7500        1.581     
      2.8125     -2.5000        1.609     
      2.8125     -1.2500        1.771     
      2.8125      0.0000        3.477     
      2.8125      1.2500        4.331     
      2.8125      2.5000        4.449     
      2.8125      3.7500        4.512     
      2.8125      5.0000        4.579     
      2.8125      6.2500        4.649     
      2.8125      7.5000        4.708     
      2.8125      8.7500        4.748     
      2.8125     10.0000        4.776     
      2.8125     11.2500        4.793     
      2.8125     12.5000        4.801     
      2.8125     13.7500        4.804     
      2.8125     15.0000        4.810     
      2.8125     16.2500        4.811     
      2.8125     17.5000        0.000     
      2.8125     18.7500        0.000     

      3.7500    -20.0000        0.000     
      3.7500    -18.7500        0.000     
      3.7500    -17.5000        0.000     
      3.7500    -16.2500        1.411     
      3.7500    -15.0000        1.408     
      3.7500    -13.7500        1.406     
      3.7500    -12.5000        1.415     
      3.7500    -11.2500        1.426     
      3.7500    -10.0000        1.421     
      3.7500     -8.7500        1.393     
      3.7500     -7.5000        1.341     
      3.7500     -6.2500        1.263     
      3.7500     -5.0000        1.171     
      3.7500     -3.7500        1.078     
      3.7500     -2.5000       0.9680     
      3.7500     -1.2500       0.7761     
      3.7500      0.0000       0.3326     
      3.7500      1.2500        5.821     
      3.7500      2.5000        5.276     
      3.7500      3.7500        5.057     
      3.7500      5.0000        4.976     
      3.7500      6.2500        4.952     
      3.7500      7.5000        4.948     
      3.7500      8.7500        4.950     
      3.7500     10.0000        4.960     
      3.7500     11.2500        4.977     
      3.7500     12.5000        4.995     
      3.7500     13.7500        5.011     
      3.7500     15.0000        5.023     
      3.7500     16.2500        5.026     
      3.7500     17.5000        0.000     
      3.7500     18.7500        0.000     

      4.6875    -20.0000        0.000     
      4.6875    -18.7500        0.000     
      4.6875    -17.5000        0.000     
      4.6875    -16.2500       0.1747     
      4.6875    -15.0000       0.1244     
      4.6875    -13.7500       0.7708E-001
      4.6875    -12.5000       0.5685E-001
      4.6875    -11.2500       0.1068     
      4.6875    -10.0000       0.2427     
      4.6875     -8.7500       0.4130     
      4.6875     -7.5000       0.5402     
      4.6875     -6.2500       0.6112     
      4.6875     -5.0000       0.6387     
      4.6875     -3.7500       0.6360     
      4.6875     -2.5000       0.5979     
      4.6875     -1.2500       0.5064     
      4.6875      0.0000       0.3329     
      4.6875      1.2500       0.5569E-001
      4.6875      2.5000        5.973     
      4.6875      3.7500        5.622     
      4.6875      5.0000        5.376     
      4.6875      6.2500        5.229     
      4.6875      7.5000        5.148     
      4.6875      8.7500        5.106     
      4.6875     10.0000        5.094     
      4.6875     11.2500        5.103     
      4.6875     12.5000        5.125     
      4.6875     13.7500        5.149     
      4.6875     15.0000        5.168     
      4.6875     16.2500        5.175     
      4.6875     17.5000        0.000     
      4.6875     18.7500        0.000     

      5.6250    -20.0000        0.000     
      5.6250    -18.7500        0.000     
      5.6250    -17.5000        0.000     
      5.6250    -16.2500        5.572     
      5.6250    -15.0000        5.547     
      5.6250    -13.7500        5.511     
      5.6250    -12.5000        5.472     
      5.6250    -11.2500        5.453     
      5.6250    -10.0000        5.486     
      5.6250     -8.7500        5.595     
      5.6250     -7.5000        5.789     
      5.6250     -6.2500        6.049     
      5.6250     -5.0000       0.2412E-001
      5.6250     -3.7500       0.2119     
      5.6250     -2.5000       0.3191     
      5.6250     -1.2500       0.3572     
      5.6250      0.0000       0.3330     
      5.6250      1.2500       0.2473     
      5.6250      2.5000       0.8817E-001
      5.6250      3.7500        6.134     
      5.6250      5.0000        5.848     
      5.6250      6.2500        5.588     
      5.6250      7.5000        5.407     
      5.6250      8.7500        5.301     
      5.6250     10.0000        5.252     
      5.6250     11.2500        5.248     
      5.6250     12.5000        5.271     
      5.6250     13.7500        5.302     
      5.6250     15.0000        5.329     
      5.6250     16.2500        5.343     
      5.6250     17.5000        0.000     
      5.6250     18.7500        0.000     

      6.5625    -20.0000        0.000     
      6.5625    -18.7500        0.000     
      6.5625    -17.5000        0.000     
      6.5625    -16.2500        5.304     
      6.5625    -15.0000        5.291     
      6.5625    -13.7500        5.267     
      6.5625    -12.5000        5.237     
      6.5625    -11.2500        5.214     
      6.5625    -10.0000        5.214     
      6.5625     -8.7500        5.254     
      6.5625     -7.5000        5.344     
      6.5625     -6.2500        5.503     
      6.5625     -5.0000        5.745     
      6.5625     -3.7500        6.037     
      6.5625     -2.5000       0.2252E-001
      6.5625     -1.2500       0.2165     
      6.5625      0.0000       0.3331     
      6.5625      1.2500       0.3841     
      6.5625      2.5000       0.3733     
      6.5625      3.7500       0.2977     
      6.5625      5.0000       0.1476     
      6.5625      6.2500        6.202     
      6.5625      7.5000        5.941     
      6.5625      8.7500        5.722     
      6.5625     10.0000        5.587     
      6.5625     11.2500        5.541     
      6.5625     12.5000        5.555     
      6.5625     13.7500        5.596     
      6.5625     15.0000        5.636     
      6.5625     16.2500        5.665     
      6.5625     17.5000        0.000     
      6.5625     18.7500        0.000     

      7.5000    -20.0000        0.000     
      7.5000    -18.7500        0.000     
      7.5000    -17.5000        0.000     
      7.5000    -16.2500        5.147     
      7.5000    -15.0000        5.140     
      7.5000    -13.7500        5.122     
      7.5000    -12.5000        5.100     
      7.5000    -11.2500        5.079     
      7.5000    -10.0000        5.067     
      7.5000     -8.7500        5.075     
      7.5000     -7.5000        5.107     
      7.5000     -6.2500        5.171     
      7.5000     -5.0000        5.292     
      7.5000     -3.7500        5.511     
      7.5000     -2.5000        5.864     
      7.5000     -1.2500        6.280     
      7.5000      0.0000       0.3333     
      7.5000      1.2500       0.5440     
      7.5000      2.5000       0.6606     
      7.5000      3.7500       0.7210     
      7.5000      5.0000       0.7548     
      7.5000      6.2500       0.7714     
      7.5000      7.5000       0.7623     
      7.5000      8.7500       0.7086     
      7.5000     10.0000       0.6063     
      7.5000     11.2500       0.4936     
      7.5000     12.5000       0.4288     
      7.5000     13.7500       0.4267     
      7.5000     15.0000       0.4619     
      7.5000     16.2500       0.5027     
      7.5000     17.5000        0.000     
      7.5000     18.7500        0.000     

      8.4375    -20.0000        0.000     
      8.4375    -18.7500        0.000     
      8.4375    -17.5000        0.000     
      8.4375    -16.2500        4.993     
      8.4375    -15.0000        4.990     
      8.4375    -13.7500        4.979     
      8.4375    -12.5000        4.964     
      8.4375    -11.2500        4.948     
      8.4375    -10.0000        4.931     
      8.4375     -8.7500        4.916     
      8.4375     -7.5000        4.906     
      8.4375     -6.2500        4.897     
      8.4375     -5.0000        4.899     
      8.4375     -3.7500        4.943     
      8.4375     -2.5000        5.099     
      8.4375     -1.2500        5.583     
      8.4375      0.0000       0.3337     
      8.4375      1.2500       0.8742     
      8.4375      2.5000        1.068     
      8.4375      3.7500        1.172     
      8.4375      5.0000        1.264     
      8.4375      6.2500        1.353     
      8.4375      7.5000        1.428     
      8.4375      8.7500        1.478     
      8.4375     10.0000        1.509     
      8.4375     11.2500        1.521     
      8.4375     12.5000        1.519     
      8.4375     13.7500        1.514     
      8.4375     15.0000        1.517     
      8.4375     16.2500        1.518     
      8.4375     17.5000        0.000     
      8.4375     18.7500        0.000     

      9.3750    -20.0000        0.000     
      9.3750    -18.7500        0.000     
      9.3750    -17.5000        0.000     
      9.3750    -16.2500        4.744     
      9.3750    -15.0000        4.743     
      9.3750    -13.7500        4.739     
      9.3750    -12.5000        4.739     
      9.3750    -11.2500        4.736     
      9.3750    -10.0000        4.720     
      9.3750     -8.7500        4.690     
      9.3750     -7.5000        4.643     
      9.3750     -6.2500        4.576     
      9.3750     -5.0000        4.494     
      9.3750     -3.7500        4.412     
      9.3750     -2.5000        4.322     
      9.3750     -1.2500        4.149     
      9.3750      0.0000        3.474     
      9.3750      1.2500        2.129     
      9.3750      2.5000        1.780     
      9.3750      3.7500        1.690     
      9.3750      5.0000        1.680     
      9.3750      6.2500        1.698     
      9.3750      7.5000        1.721     
      9.3750      8.7500        1.739     
      9.3750     10.0000        1.757     
      9.3750     11.2500        1.775     
      9.3750     12.5000        1.790     
      9.3750     13.7500        1.802     
      9.3750     15.0000        1.812     
      9.3750     16.2500        1.814     
      9.3750     17.5000        0.000     
      9.3750     18.7500        0.000     

     10.3125    -20.0000        0.000     
     10.3125    -18.7500        0.000     
     10.3125    -17.5000        0.000     
     10.3125    -16.2500        3.961     
     10.3125    -15.0000        3.933     
     10.3125    -13.7500        3.915     
     10.3125    -12.5000        3.931     
     10.3125    -11.2500        3.989     
     10.3125    -10.0000        4.056     
     10.3125     -8.7500        4.095     
     10.3125     -7.5000        4.093     
     10.3125     -6.2500        4.059     
     10.3125     -5.0000        4.007     
     10.3125     -3.7500        3.949     
     10.3125     -2.5000        3.869     
     10.3125     -1.2500        3.729     
     10.3125      0.0000        3.474     
     10.3125      1.2500        3.066     
     10.3125      2.5000        2.598     
     10.3125      3.7500        2.257     
     10.3125      5.0000        2.070     
     10.3125      6.2500        1.973     
     10.3125      7.5000        1.925     
     10.3125      8.7500        1.902     
     10.3125     10.0000        1.900     
     10.3125     11.2500        1.912     
     10.3125     12.5000        1.933     
     10.3125     13.7500        1.954     
     10.3125     15.0000        1.970     
     10.3125     16.2500        1.976     
     10.3125     17.5000        0.000     
     10.3125     18.7500        0.000     

     11.2500    -20.0000        0.000     
     11.2500    -18.7500        0.000     
     11.2500    -17.5000        0.000     
     11.2500    -16.2500        2.646     
     11.2500    -15.0000        2.610     
     11.2500    -13.7500        2.566     
     11.2500    -12.5000        2.524     
     11.2500    -11.2500        2.517     
     11.2500    -10.0000        2.583     
     11.2500     -8.7500        2.747     
     11.2500     -7.5000        2.983     
     11.2500     -6.2500        3.227     
     11.2500     -5.0000        3.414     
     11.2500     -3.7500        3.524     
     11.2500     -2.5000        3.569     
     11.2500     -1.2500        3.554     
     11.2500      0.0000        3.475     
     11.2500      1.2500        3.325     
     11.2500      2.5000        3.093     
     11.2500      3.7500        2.797     
     11.2500      5.0000        2.505     
     11.2500      6.2500        2.284     
     11.2500      7.5000        2.147     
     11.2500      8.7500        2.070     
     11.2500     10.0000        2.039     
     11.2500     11.2500        2.042     
     11.2500     12.5000        2.065     
     11.2500     13.7500        2.093     
     11.2500     15.0000        2.116     
     11.2500     16.2500        2.127     
     11.2500     17.5000        0.000     
     11.2500     18.7500        0.000     

     12.1875    -20.0000        0.000     
     12.1875    -18.7500        0.000     
     12.1875    -17.5000        0.000     
     12.1875    -16.2500        2.245     
     12.1875    -15.0000        2.229     
     12.1875    -13.7500        2.201     
     12.1875    -12.5000        2.167     
     12.1875    -11.2500        2.145     
     12.1875    -10.0000        2.154     
     12.1875     -8.7500        2.213     
     12.1875     -7.5000        2.338     
     12.1875     -6.2500        2.542     
     12.1875     -5.0000        2.815     
     12.1875     -3.7500        3.086     
     12.1875     -2.5000        3.291     
     12.1875     -1.2500        3.418     
     12.1875      0.0000        3.475     
     12.1875      1.2500        3.472     
     12.1875      2.5000        3.406     
     12.1875      3.7500        3.266     
     12.1875      5.0000        3.045     
     12.1875      6.2500        2.771     
     12.1875      7.5000        2.524     
     12.1875      8.7500        2.356     
     12.1875     10.0000        2.267     
     12.1875     11.2500        2.244     
     12.1875     12.5000        2.265     
     12.1875     13.7500        2.302     
     12.1875     15.0000        2.335     
     12.1875     16.2500        2.356     
     12.1875     17.5000        0.000     
     12.1875     18.7500        0.000     

     13.1250    -20.0000        0.000     
     13.1250    -18.7500        0.000     
     13.1250    -17.5000        0.000     
     13.1250    -16.2500        2.063     
     13.1250    -15.0000        2.055     
     13.1250    -13.7500        2.035     
     13.1250    -12.5000        2.009     
     13.1250    -11.2500        1.987     
     13.1250    -10.0000        1.980     
     13.1250     -8.7500        1.998     
     13.1250     -7.5000        2.050     
     13.1250     -6.2500        2.149     
     13.1250     -5.0000        2.321     
     13.1250     -3.7500        2.589     
     13.1250     -2.5000        2.928     
     13.1250     -1.2500        3.246     
     13.1250      0.0000        3.475     
     13.1250      1.2500        3.614     
     13.1250      2.5000        3.681     
     13.1250      3.7500        3.693     
     13.1250      5.0000        3.661     
     13.1250      6.2500        3.580     
     13.1250      7.5000        3.441     
     13.1250      8.7500        3.244     
     13.1250     10.0000        3.042     
     13.1250     11.2500        2.920     
     13.1250     12.5000        2.895     
     13.1250     13.7500        2.930     
     13.1250     15.0000        2.982     
     13.1250     16.2500        3.029     
     13.1250     17.5000        0.000     
     13.1250     18.7500        0.000     

     14.0625    -20.0000        0.000     
     14.0625    -18.7500        0.000     
     14.0625    -17.5000        0.000     
     14.0625    -16.2500        1.917     
     14.0625    -15.0000        1.912     
     14.0625    -13.7500        1.899     
     14.0625    -12.5000        1.881     
     14.0625    -11.2500        1.862     
     14.0625    -10.0000        1.847     
     14.0625     -8.7500        1.841     
     14.0625     -7.5000        1.846     
     14.0625     -6.2500        1.865     
     14.0625     -5.0000        1.912     
     14.0625     -3.7500        2.029     
     14.0625     -2.5000        2.303     
     14.0625     -1.2500        2.849     
     14.0625      0.0000        3.475     
     14.0625      1.2500        3.841     
     14.0625      2.5000        4.021     
     14.0625      3.7500        4.127     
     14.0625      5.0000        4.216     
     14.0625      6.2500        4.303     
     14.0625      7.5000        4.378     
     14.0625      8.7500        4.425     
     14.0625     10.0000        4.445     
     14.0625     11.2500        4.438     
     14.0625     12.5000        4.415     
     14.0625     13.7500        4.400     
     14.0625     15.0000        4.403     
     14.0625     16.2500        4.409     
     14.0625     17.5000        0.000     
     14.0625     18.7500        0.000     

     15.0000    -20.0000        0.000     
     15.0000    -18.7500        0.000     
     15.0000    -17.5000        0.000     
     15.0000    -16.2500        1.725     
     15.0000    -15.0000        1.724     
     15.0000    -13.7500        1.717     
     15.0000    -12.5000        1.710     
     15.0000    -11.2500        1.699     
     15.0000    -10.0000        1.681     
     15.0000     -8.7500        1.656     
     15.0000     -7.5000        1.623     
     15.0000     -6.2500        1.575     
     15.0000     -5.0000        1.520     
     15.0000     -3.7500        1.475     
     15.0000     -2.5000        1.451     
     15.0000     -1.2500        1.444     
     15.0000      0.0000        0.000     
     15.0000      1.2500        4.585     
     15.0000      2.5000        4.592     
     15.0000      3.7500        4.616     
     15.0000      5.0000        4.662     
     15.0000      6.2500        4.717     
     15.0000      7.5000        4.764     
     15.0000      8.7500        4.797     
     15.0000     10.0000        4.823     
     15.0000     11.2500        4.841     
     15.0000     12.5000        4.852     
     15.0000     13.7500        4.858     
     15.0000     15.0000        4.866     
     15.0000     16.2500        4.866     
     15.0000     17.5000        0.000     
     15.0000     18.7500        0.000     

     15.9375    -20.0000        0.000     
     15.9375    -18.7500        0.000     
     15.9375    -17.5000        0.000     
     15.9375    -16.2500        1.269     
     15.9375    -15.0000        1.261     
     15.9375    -13.7500        1.258     
     15.9375    -12.5000        1.273     
     15.9375    -11.2500        1.296     
     15.9375    -10.0000        1.303     
     15.9375     -8.7500        1.284     
     15.9375     -7.5000        1.236     
     15.9375     -6.2500        1.161     
     15.9375     -5.0000        1.074     
     15.9375     -3.7500       0.9857     
     15.9375     -2.5000       0.8793     
     15.9375     -1.2500       0.6997     
     15.9375      0.0000       0.3327     
     15.9375      1.2500        5.991     
     15.9375      2.5000        5.444     
     15.9375      3.7500        5.171     
     15.9375      5.0000        5.054     
     15.9375      6.2500        5.006     
     15.9375      7.5000        4.988     
     15.9375      8.7500        4.982     
     15.9375     10.0000        4.988     
     15.9375     11.2500        5.004     
     15.9375     12.5000        5.023     
     15.9375     13.7500        5.040     
     15.9375     15.0000        5.054     
     15.9375     16.2500        5.058     
     15.9375     17.5000        0.000     
     15.9375     18.7500        0.000     

     16.8750    -20.0000        0.000     
     16.8750    -18.7500        0.000     
     16.8750    -17.5000        0.000     
     16.8750    -16.2500        6.171     
     16.8750    -15.0000        6.123     
     16.8750    -13.7500        6.072     
     16.8750    -12.5000        6.037     
     16.8750    -11.2500        6.061     
     16.8750    -10.0000        6.183     
     16.8750     -8.7500       0.1026     
     16.8750     -7.5000       0.2987     
     16.8750     -6.2500       0.4391     
     16.8750     -5.0000       0.5190     
     16.8750     -3.7500       0.5514     
     16.8750     -2.5000       0.5389     
     16.8750     -1.2500       0.4724     
     16.8750      0.0000       0.3329     
     16.8750      1.2500       0.1046     
     16.8750      2.5000        6.070     
     16.8750      3.7500        5.730     
     16.8750      5.0000        5.462     
     16.8750      6.2500        5.290     
     16.8750      7.5000        5.192     
     16.8750      8.7500        5.139     
     16.8750     10.0000        5.121     
     16.8750     11.2500        5.129     
     16.8750     12.5000        5.151     
     16.8750     13.7500        5.176     
     16.8750     15.0000        5.196     
     16.8750     16.2500        5.205     
     16.8750     17.5000        0.000     
     16.8750     18.7500        0.000     

     17.8125    -20.0000        0.000     
     17.8125    -18.7500        0.000     
     17.8125    -17.5000        0.000     
     17.8125    -16.2500        5.498     
     17.8125    -15.0000        5.477     
     17.8125    -13.7500        5.444     
     17.8125    -12.5000        5.406     
     17.8125    -11.2500        5.386     
     17.8125    -10.0000        5.408     
     17.8125     -8.7500        5.497     
     17.8125     -7.5000        5.666     
     17.8125     -6.2500        5.912     
     17.8125     -5.0000        6.186     
     17.8125     -3.7500       0.1246     
     17.8125     -2.5000       0.2643     
     17.8125     -1.2500       0.3305     
     17.8125      0.0000       0.3330     
     17.8125      1.2500       0.2761     
     17.8125      2.5000       0.1497     
     17.8125      3.7500        6.228     
     17.8125      5.0000        5.956     
     17.8125      6.2500        5.683     
     17.8125      7.5000        5.479     
     17.8125      8.7500        5.355     
     17.8125     10.0000        5.295     
     17.8125     11.2500        5.286     
     17.8125     12.5000        5.309     
     17.8125     13.7500        5.343     
     17.8125     15.0000        5.371     
     17.8125     16.2500        5.387     
     17.8125     17.5000        0.000     
     17.8125     18.7500        0.000     

     18.7500    -20.0000        0.000     
     18.7500    -18.7500        0.000     
     18.7500    -17.5000        0.000     
     18.7500    -16.2500        5.269     
     18.7500    -15.0000        5.257     
     18.7500    -13.7500        5.235     
     18.7500    -12.5000        5.206     
     18.7500    -11.2500        5.183     
     18.7500    -10.0000        5.181     
     18.7500     -8.7500        5.212     
     18.7500     -7.5000        5.288     
     18.7500     -6.2500        5.426     
     18.7500     -5.0000        5.646     
     18.7500     -3.7500        5.938     
     18.7500     -2.5000        6.235     
     18.7500     -1.2500       0.1832     
     18.7500      0.0000       0.3331     
     18.7500      1.2500       0.4119     
     18.7500      2.5000       0.4275     
     18.7500      3.7500       0.3826     
     18.7500      5.0000       0.2722     
     18.7500      6.2500       0.8570E-001
     18.7500      7.5000        6.125     
     18.7500      8.7500        5.889     
     18.7500     10.0000        5.725     
     18.7500     11.2500        5.658     
     18.7500     12.5000        5.666     
     18.7500     13.7500        5.708     
     18.7500     15.0000        5.752     
     18.7500     16.2500        5.787     
     18.7500     17.5000        0.000     
     18.7500     18.7500        0.000     

     19.6875    -20.0000        0.000     
     19.6875    -18.7500        0.000     
     19.6875    -17.5000        0.000     
     19.6875    -16.2500        5.118     
     19.6875    -15.0000        5.112     
     19.6875    -13.7500        5.096     
     19.6875    -12.5000        5.075     
     19.6875    -11.2500        5.054     
     19.6875    -10.0000        5.041     
     19.6875     -8.7500        5.044     
     19.6875     -7.5000        5.067     
     19.6875     -6.2500        5.115     
     19.6875     -5.0000        5.211     
     19.6875     -3.7500        5.399     
     19.6875     -2.5000        5.740     
     19.6875     -1.2500        6.207     
     19.6875      0.0000       0.3333     
     19.6875      1.2500       0.5872     
     19.6875      2.5000       0.7274     
     19.6875      3.7500       0.8074     
     19.6875      5.0000       0.8661     
     19.6875      6.2500       0.9169     
     19.6875      7.5000       0.9521     
     19.6875      8.7500       0.9534     
     19.6875     10.0000       0.9143     
     19.6875     11.2500       0.8471     
     19.6875     12.5000       0.7900     
     19.6875     13.7500       0.7726     
     19.6875     15.0000       0.7918     
     19.6875     16.2500       0.8181     
     19.6875     17.5000        0.000     
     19.6875     18.7500        0.000     

     20.6250    -20.0000        0.000     
     20.6250    -18.7500        0.000     
     20.6250    -17.5000        0.000     
     20.6250    -16.2500        4.955     
     20.6250    -15.0000        4.953     
     20.6250    -13.7500        4.944     
     20.6250    -12.5000        4.931     
     20.6250    -11.2500        4.916     
     20.6250    -10.0000        4.899     
     20.6250     -8.7500        4.880     
     20.6250     -7.5000        4.862     
     20.6250     -6.2500        4.840     
     20.6250     -5.0000        4.821     
     20.6250     -3.7500        4.832     
     20.6250     -2.5000        4.922     
     20.6250     -1.2500        5.270     
     20.6250      0.0000       0.3341     
     20.6250      1.2500        1.007     
     20.6250      2.5000        1.180     
     20.6250      3.7500        1.270     
     20.6250      5.0000        1.352     
     20.6250      6.2500        1.434     
     20.6250      7.5000        1.502     
     20.6250      8.7500        1.548     
     20.6250     10.0000        1.578     
     20.6250     11.2500        1.594     
     20.6250     12.5000        1.597     
     20.6250     13.7500        1.597     
     20.6250     15.0000        1.602     
     20.6250     16.2500        1.602     
     20.6250     17.5000        0.000     
     20.6250     18.7500        0.000     

     21.5625    -20.0000        0.000     
     21.5625    -18.7500        0.000     
     21.5625    -17.5000        0.000     
     21.5625    -16.2500        4.660     
     21.5625    -15.0000        4.659     
     21.5625    -13.7500        4.656     
     21.5625    -12.5000        4.660     
     21.5625    -11.2500        4.663     
     21.5625    -10.0000        4.651     
     21.5625     -8.7500        4.620     
     21.5625     -7.5000        4.569     
     21.5625     -6.2500        4.495     
     21.5625     -5.0000        4.405     
     21.5625     -3.7500        4.314     
     21.5625     -2.5000        4.209     
     21.5625     -1.2500        4.016     
     21.5625      0.0000        3.474     
     21.5625      1.2500        2.442     
     21.5625      2.5000        1.958     
     21.5625      3.7500        1.802     
     21.5625      5.0000        1.758     
     21.5625      6.2500        1.755     
     21.5625      7.5000        1.765     
     21.5625      8.7500        1.775     
     21.5625     10.0000        1.789     
     21.5625     11.2500        1.806     
     21.5625     12.5000        1.823     
     21.5625     13.7500        1.837     
     21.5625     15.0000        1.848     
     21.5625     16.2500        1.851     
     21.5625     17.5000        0.000     
     21.5625     18.7500        0.000     

     22.5000    -20.0000        0.000     
     22.5000    -18.7500        0.000     
     22.5000    -17.5000        0.000     
     22.5000    -16.2500        3.646     
     22.5000    -15.0000        3.603     
     22.5000    -13.7500        3.569     
     22.5000    -12.5000        3.570     
     22.5000    -11.2500        3.636     
     22.5000    -10.0000        3.748     
     22.5000     -8.7500        3.850     
     22.5000     -7.5000        3.904     
     22.5000     -6.2500        3.913     
     22.5000     -5.0000        3.896     
     22.5000     -3.7500        3.863     
     22.5000     -2.5000        3.802     
     22.5000     -1.2500        3.686     
     22.5000      0.0000        3.474     
     22.5000      1.2500        3.139     
     22.5000      2.5000        2.722     
     22.5000      3.7500        2.370     
     22.5000      5.0000        2.151     
     22.5000      6.2500        2.029     
     22.5000      7.5000        1.965     
     22.5000      8.7500        1.933     
     22.5000     10.0000        1.926     
     22.5000     11.2500        1.937     
     22.5000     12.5000        1.958     
     22.5000     13.7500        1.981     
     22.5000     15.0000        1.998     
     22.5000     16.2500        2.005     
     22.5000     17.5000        0.000     
     22.5000     18.7500        0.000     

     23.4375    -20.0000        0.000     
     23.4375    -18.7500        0.000     
     23.4375    -17.5000        0.000     
     23.4375    -16.2500        2.524     
     23.4375    -15.0000        2.494     
     23.4375    -13.7500        2.454     
     23.4375    -12.5000        2.413     
     23.4375    -11.2500        2.399     
     23.4375    -10.0000        2.446     
     23.4375     -8.7500        2.580     
     23.4375     -7.5000        2.799     
     23.4375     -6.2500        3.061     
     23.4375     -5.0000        3.289     
     23.4375     -3.7500        3.439     
     23.4375     -2.5000        3.515     
     23.4375     -1.2500        3.526     
     23.4375      0.0000        3.475     
     23.4375      1.2500        3.358     
     23.4375      2.5000        3.164     
     23.4375      3.7500        2.896     
     23.4375      5.0000        2.603     
     23.4375      6.2500        2.361     
     23.4375      7.5000        2.202     
     23.4375      8.7500        2.112     
     23.4375     10.0000        2.073     
     23.4375     11.2500        2.072     
     23.4375     12.5000        2.095     
     23.4375     13.7500        2.125     
     23.4375     15.0000        2.150     
     23.4375     16.2500        2.162     
     23.4375     17.5000        0.000     
     23.4375     18.7500        0.000     

     24.3750    -20.0000        0.000     
     24.3750    -18.7500        0.000     
     24.3750    -17.5000        0.000     
     24.3750    -16.2500        2.201     
     24.3750    -15.0000        2.187     
     24.3750    -13.7500        2.161     
     24.3750    -12.5000        2.129     
     24.3750    -11.2500        2.106     
     24.3750    -10.0000        2.111     
     24.3750     -8.7500        2.159     
     24.3750     -7.5000        2.265     
     24.3750     -6.2500        2.446     
     24.3750     -5.0000        2.707     
     24.3750     -3.7500        2.992     
     24.3750     -2.5000        3.230     
     24.3750     -1.2500        3.389     
     24.3750      0.0000        3.475     
     24.3750      1.2500        3.499     
     24.3750      2.5000        3.461     
     24.3750      3.7500        3.353     
     24.3750      5.0000        3.166     
     24.3750      6.2500        2.908     
     24.3750      7.5000        2.648     
     24.3750      8.7500        2.454     
     24.3750     10.0000        2.344     
     24.3750     11.2500        2.312     
     24.3750     12.5000        2.330     
     24.3750     13.7500        2.369     
     24.3750     15.0000        2.405     
     24.3750     16.2500        2.430     
     24.3750     17.5000        0.000     
     24.3750     18.7500        0.000     

     25.3125    -20.0000        0.000     
     25.3125    -18.7500        0.000     
     25.3125    -17.5000        0.000     
     25.3125    -16.2500        2.034     
     25.3125    -15.0000        2.026     
     25.3125    -13.7500        2.008     
     25.3125    -12.5000        1.984     
     25.3125    -11.2500        1.962     
     25.3125    -10.0000        1.952     
     25.3125     -8.7500        1.965     
     25.3125     -7.5000        2.007     
     25.3125     -6.2500        2.088     
     25.3125     -5.0000        2.234     
     25.3125     -3.7500        2.480     
     25.3125     -2.5000        2.831     
     25.3125     -1.2500        3.197     
     25.3125      0.0000        3.475     
     25.3125      1.2500        3.648     
     25.3125      2.5000        3.740     
     25.3125      3.7500        3.777     
     25.3125      5.0000        3.781     
     25.3125      6.2500        3.753     
     25.3125      7.5000        3.682     
     25.3125      8.7500        3.554     
     25.3125     10.0000        3.384     
     25.3125     11.2500        3.248     
     25.3125     12.5000        3.199     
     25.3125     13.7500        3.219     
     25.3125     15.0000        3.266     
     25.3125     16.2500        3.315     
     25.3125     17.5000        0.000     
     25.3125     18.7500        0.000     

     26.2500    -20.0000        0.000     
     26.2500    -18.7500        0.000     
     26.2500    -17.5000        0.000     
     26.2500    -16.2500        1.885     
     26.2500    -15.0000        1.881     
     26.2500    -13.7500        1.869     
     26.2500    -12.5000        1.853     
     26.2500    -11.2500        1.835     
     26.2500    -10.0000        1.819     
     26.2500     -8.7500        1.808     
     26.2500     -7.5000        1.806     
     26.2500     -6.2500        1.810     
     26.2500     -5.0000        1.835     
     26.2500     -3.7500        1.915     
     26.2500     -2.5000        2.134     
     26.2500     -1.2500        2.678     
     26.2500      0.0000        3.475     
     26.2500      1.2500        3.917     
     26.2500      2.5000        4.110     
     26.2500      3.7500        4.219     
     26.2500      5.0000        4.313     
     26.2500      6.2500        4.404     
     26.2500      7.5000        4.482     
     26.2500      8.7500        4.534     
     26.2500     10.0000        4.563     
     26.2500     11.2500        4.568     
     26.2500     12.5000        4.557     
     26.2500     13.7500        4.547     
     26.2500     15.0000        4.550     
     26.2500     16.2500        4.552     
     26.2500     17.5000        0.000     
     26.2500     18.7500        0.000     

     27.1875    -20.0000        0.000     
     27.1875    -18.7500        0.000     
     27.1875    -17.5000        0.000     
     27.1875    -16.2500        1.669     
     27.1875    -15.0000        1.668     
     27.1875    -13.7500        1.663     
     27.1875    -12.5000        1.659     
     27.1875    -11.2500        1.652     
     27.1875    -10.0000        1.634     
     27.1875     -8.7500        1.606     
     27.1875     -7.5000        1.566     
     27.1875     -6.2500        1.508     
     27.1875     -5.0000        1.438     
     27.1875     -3.7500        1.371     
     27.1875     -2.5000        1.307     
     27.1875     -1.2500        1.190     
     27.1875      0.0000       0.3310     
     27.1875      1.2500        4.913     
     27.1875      2.5000        4.751     
     27.1875      3.7500        4.723     
     27.1875      5.0000        4.742     
     27.1875      6.2500        4.780     
     27.1875      7.5000        4.815     
     27.1875      8.7500        4.841     
     27.1875     10.0000        4.863     
     27.1875     11.2500        4.881     
     27.1875     12.5000        4.894     
     27.1875     13.7500        4.904     
     27.1875     15.0000        4.913     
     27.1875     16.2500        4.914     
     27.1875     17.5000        0.000     
     27.1875     18.7500        0.000     

     28.1250    -20.0000        0.000     
     28.1250    -18.7500        0.000     
     28.1250    -17.5000        0.000     
     28.1250    -16.2500        1.076     
     28.1250    -15.0000        1.061     
     28.1250    -13.7500        1.053     
     28.1250    -12.5000        1.073     
     28.1250    -11.2500        1.112     
     28.1250    -10.0000        1.141     
     28.1250     -8.7500        1.142     
     28.1250     -7.5000        1.108     
     28.1250     -6.2500        1.047     
     28.1250     -5.0000       0.9723     
     28.1250     -3.7500       0.8957     
     28.1250     -2.5000       0.7996     
     28.1250     -1.2500       0.6384     
     28.1250      0.0000       0.3327     
     28.1250      1.2500        6.115     
     28.1250      2.5000        5.600     
     28.1250      3.7500        5.285     
     28.1250      5.0000        5.132     
     28.1250      6.2500        5.060     
     28.1250      7.5000        5.027     
     28.1250      8.7500        5.013     
     28.1250     10.0000        5.015     
     28.1250     11.2500        5.029     
     28.1250     12.5000        5.049     
     28.1250     13.7500        5.068     
     28.1250     15.0000        5.083     
     28.1250     16.2500        5.088     
     28.1250     17.5000        0.000     
     28.1250     18.7500        0.000     

     29.0625    -20.0000        0.000     
     29.0625    -18.7500        0.000     
     29.0625    -17.5000        0.000     
     29.0625    -16.2500        5.951     
     29.0625    -15.0000        5.909     
     29.0625    -13.7500        5.860     
     29.0625    -12.5000        5.819     
     29.0625    -11.2500        5.824     
     29.0625    -10.0000        5.916     
     29.0625     -8.7500        6.109     
     29.0625     -7.5000       0.5903E-001
     29.0625     -6.2500       0.2615     
     29.0625     -5.0000       0.3964     
     29.0625     -3.7500       0.4671     
     29.0625     -2.5000       0.4823     
     29.0625     -1.2500       0.4412     
     29.0625      0.0000       0.3329     
     29.0625      1.2500       0.1465     
     29.0625      2.5000        6.156     
     29.0625      3.7500        5.836     
     29.0625      5.0000        5.552     
     29.0625      6.2500        5.355     
     29.0625      7.5000        5.238     
     29.0625      8.7500        5.174     
     29.0625     10.0000        5.150     
     29.0625     11.2500        5.155     
     29.0625     12.5000        5.178     
     29.0625     13.7500        5.205     
     29.0625     15.0000        5.226     
     29.0625     16.2500        5.236     
     29.0625     17.5000        0.000     
     29.0625     18.7500        0.000     

