    -30.0000    -20.0000        0.000     
    -30.0000    -18.7500        0.000     
    -30.0000    -17.5000        0.000     
    -30.0000    -16.2500        1.259     
    -30.0000    -15.0000        1.293     
    -30.0000    -13.7500        1.390     
    -30.0000    -12.5000        1.581     
    -30.0000    -11.2500        1.966     
    -30.0000    -10.0000        3.092     
    -30.0000     -8.7500        4.086     
    -30.0000     -7.5000        4.402     
    -30.0000     -6.2500        4.564     
    -30.0000     -5.0000        4.668     
    -30.0000     -3.7500        4.735     
    -30.0000     -2.5000        4.776     
    -30.0000     -1.2500        4.800     
    -30.0000      0.0000        4.808     
    -30.0000      1.2500        4.800     
    -30.0000      2.5000        4.776     
    -30.0000      3.7500        4.735     
    -30.0000      5.0000        4.668     
    -30.0000      6.2500        4.564     
    -30.0000      7.5000        4.402     
    -30.0000      8.7500        4.086     
    -30.0000     10.0000        3.092     
    -30.0000     11.2500        1.966     
    -30.0000     12.5000        1.581     
    -30.0000     13.7500        1.390     
    -30.0000     15.0000        1.293     
    -30.0000     16.2500        1.259     
    -30.0000     17.5000        0.000     
    -30.0000     18.7500        0.000     

    -29.0625    -20.0000        0.000     
    -29.0625    -18.7500        0.000     
    -29.0625    -17.5000        0.000     
    -29.0625    -16.2500        1.957     
    -29.0625    -15.0000        2.045     
    -29.0625    -13.7500        2.193     
    -29.0625    -12.5000        2.378     
    -29.0625    -11.2500        2.581     
    -29.0625    -10.0000        2.810     
    -29.0625     -8.7500        3.083     
    -29.0625     -7.5000        3.404     
    -29.0625     -6.2500        3.761     
    -29.0625     -5.0000        4.111     
    -29.0625     -3.7500        4.387     
    -29.0625     -2.5000        4.580     
    -29.0625     -1.2500        4.713     
    -29.0625      0.0000        4.808     
    -29.0625      1.2500        4.881     
    -29.0625      2.5000        4.951     
    -29.0625      3.7500        5.030     
    -29.0625      5.0000        5.134     
    -29.0625      6.2500        5.277     
    -29.0625      7.5000        5.453     
    -29.0625      8.7500        5.647     
    -29.0625     10.0000        5.854     
    -29.0625     11.2500        6.062     
    -29.0625     12.5000        6.246     
    -29.0625     13.7500       0.1075     
    -29.0625     15.0000       0.2098     
    -29.0625     16.2500       0.2761     
    -29.0625     17.5000        0.000     
    -29.0625     18.7500        0.000     

    -28.1250    -20.0000        0.000     
    -28.1250    -18.7500        0.000     
    -28.1250    -17.5000        0.000     
    -28.1250    -16.2500        2.293     
    -28.1250    -15.0000        2.357     
    -28.1250    -13.7500        2.450     
    -28.1250    -12.5000        2.555     
    -28.1250    -11.2500        2.665     
    -28.1250    -10.0000        2.785     
    -28.1250     -8.7500        2.921     
    -28.1250     -7.5000        3.080     
    -28.1250     -6.2500        3.270     
    -28.1250     -5.0000        3.521     
    -28.1250     -3.7500        3.847     
    -28.1250     -2.5000        4.214     
    -28.1250     -1.2500        4.547     
    -28.1250      0.0000        4.808     
    -28.1250      1.2500        5.014     
    -28.1250      2.5000        5.197     
    -28.1250      3.7500        5.374     
    -28.1250      5.0000        5.545     
    -28.1250      6.2500        5.692     
    -28.1250      7.5000        5.793     
    -28.1250      8.7500        5.852     
    -28.1250     10.0000        5.892     
    -28.1250     11.2500        5.926     
    -28.1250     12.5000        5.960     
    -28.1250     13.7500        5.994     
    -28.1250     15.0000        6.022     
    -28.1250     16.2500        6.040     
    -28.1250     17.5000        0.000     
    -28.1250     18.7500        0.000     

    -27.1875    -20.0000        0.000     
    -27.1875    -18.7500        0.000     
    -27.1875    -17.5000        0.000     
    -27.1875    -16.2500        2.527     
    -27.1875    -15.0000        2.562     
    -27.1875    -13.7500        2.608     
    -27.1875    -12.5000        2.659     
    -27.1875    -11.2500        2.712     
    -27.1875    -10.0000        2.771     
    -27.1875     -8.7500        2.835     
    -27.1875     -7.5000        2.899     
    -27.1875     -6.2500        2.954     
    -27.1875     -5.0000        3.002     
    -27.1875     -3.7500        3.058     
    -27.1875     -2.5000        3.163     
    -27.1875     -1.2500        3.482     
    -27.1875      0.0000        4.807     
    -27.1875      1.2500        5.590     
    -27.1875      2.5000        5.802     
    -27.1875      3.7500        5.904     
    -27.1875      5.0000        5.961     
    -27.1875      6.2500        5.985     
    -27.1875      7.5000        5.977     
    -27.1875      8.7500        5.945     
    -27.1875     10.0000        5.907     
    -27.1875     11.2500        5.872     
    -27.1875     12.5000        5.839     
    -27.1875     13.7500        5.810     
    -27.1875     15.0000        5.782     
    -27.1875     16.2500        5.760     
    -27.1875     17.5000        0.000     
    -27.1875     18.7500        0.000     

    -26.2500    -20.0000        0.000     
    -26.2500    -18.7500        0.000     
    -26.2500    -17.5000        0.000     
    -26.2500    -16.2500        2.772     
    -26.2500    -15.0000        2.772     
    -26.2500    -13.7500        2.768     
    -26.2500    -12.5000        2.763     
    -26.2500    -11.2500        2.759     
    -26.2500    -10.0000        2.757     
    -26.2500     -8.7500        2.753     
    -26.2500     -7.5000        2.733     
    -26.2500     -6.2500        2.675     
    -26.2500     -5.0000        2.566     
    -26.2500     -3.7500        2.412     
    -26.2500     -2.5000        2.220     
    -26.2500     -1.2500        1.980     
    -26.2500      0.0000        1.666     
    -26.2500      1.2500        1.242     
    -26.2500      2.5000       0.7742     
    -26.2500      3.7500       0.4059     
    -26.2500      5.0000       0.1597     
    -26.2500      6.2500        6.274     
    -26.2500      7.5000        6.142     
    -26.2500      8.7500        6.025     
    -26.2500     10.0000        5.920     
    -26.2500     11.2500        5.827     
    -26.2500     12.5000        5.742     
    -26.2500     13.7500        5.659     
    -26.2500     15.0000        5.586     
    -26.2500     16.2500        5.532     
    -26.2500     17.5000        0.000     
    -26.2500     18.7500        0.000     

    -25.3125    -20.0000        0.000     
    -25.3125    -18.7500        0.000     
    -25.3125    -17.5000        0.000     
    -25.3125    -16.2500        3.159     
    -25.3125    -15.0000        3.110     
    -25.3125    -13.7500        3.037     
    -25.3125    -12.5000        2.945     
    -25.3125    -11.2500        2.842     
    -25.3125    -10.0000        2.734     
    -25.3125     -8.7500        2.618     
    -25.3125     -7.5000        2.485     
    -25.3125     -6.2500        2.327     
    -25.3125     -5.0000        2.161     
    -25.3125     -3.7500        2.014     
    -25.3125     -2.5000        1.891     
    -25.3125     -1.2500        1.781     
    -25.3125      0.0000        1.666     
    -25.3125      1.2500        1.523     
    -25.3125      2.5000        1.328     
    -25.3125      3.7500        1.062     
    -25.3125      5.0000       0.7302     
    -25.3125      6.2500       0.3891     
    -25.3125      7.5000       0.9788E-001
    -25.3125      8.7500        6.140     
    -25.3125     10.0000        5.938     
    -25.3125     11.2500        5.766     
    -25.3125     12.5000        5.609     
    -25.3125     13.7500        5.462     
    -25.3125     15.0000        5.337     
    -25.3125     16.2500        5.256     
    -25.3125     17.5000        0.000     
    -25.3125     18.7500        0.000     

    -24.3750    -20.0000        0.000     
    -24.3750    -18.7500        0.000     
    -24.3750    -17.5000        0.000     
    -24.3750    -16.2500        3.980     
    -24.3750    -15.0000        3.946     
    -24.3750    -13.7500        3.898     
    -24.3750    -12.5000        3.787     
    -24.3750    -11.2500        3.424     
    -24.3750    -10.0000        2.562     
    -24.3750     -8.7500        2.007     
    -24.3750     -7.5000        1.819     
    -24.3750     -6.2500        1.750     
    -24.3750     -5.0000        1.723     
    -24.3750     -3.7500        1.712     
    -24.3750     -2.5000        1.703     
    -24.3750     -1.2500        1.689     
    -24.3750      0.0000        1.666     
    -24.3750      1.2500        1.626     
    -24.3750      2.5000        1.564     
    -24.3750      3.7500        1.466     
    -24.3750      5.0000        1.314     
    -24.3750      6.2500        1.074     
    -24.3750      7.5000       0.7213     
    -24.3750      8.7500       0.2433     
    -24.3750     10.0000        6.003     
    -24.3750     11.2500        5.569     
    -24.3750     12.5000        5.238     
    -24.3750     13.7500        4.989     
    -24.3750     15.0000        4.827     
    -24.3750     16.2500        4.748     
    -24.3750     17.5000        0.000     
    -24.3750     18.7500        0.000     

    -23.4375    -20.0000        0.000     
    -23.4375    -18.7500        0.000     
    -23.4375    -17.5000        0.000     
    -23.4375    -16.2500        4.885     
    -23.4375    -15.0000        4.972     
    -23.4375    -13.7500        5.136     
    -23.4375    -12.5000        5.366     
    -23.4375    -11.2500        5.643     
    -23.4375    -10.0000        5.977     
    -23.4375     -8.7500       0.9788E-001
    -23.4375     -7.5000       0.5265     
    -23.4375     -6.2500       0.9091     
    -23.4375     -5.0000        1.202     
    -23.4375     -3.7500        1.398     
    -23.4375     -2.5000        1.525     
    -23.4375     -1.2500        1.610     
    -23.4375      0.0000        1.666     
    -23.4375      1.2500        1.705     
    -23.4375      2.5000        1.737     
    -23.4375      3.7500        1.770     
    -23.4375      5.0000        1.816     
    -23.4375      6.2500        1.893     
    -23.4375      7.5000        2.028     
    -23.4375      8.7500        2.264     
    -23.4375     10.0000        2.655     
    -23.4375     11.2500        3.122     
    -23.4375     12.5000        3.450     
    -23.4375     13.7500        3.622     
    -23.4375     15.0000        3.714     
    -23.4375     16.2500        3.772     
    -23.4375     17.5000        0.000     
    -23.4375     18.7500        0.000     

    -22.5000    -20.0000        0.000     
    -22.5000    -18.7500        0.000     
    -22.5000    -17.5000        0.000     
    -22.5000    -16.2500        5.322     
    -22.5000    -15.0000        5.397     
    -22.5000    -13.7500        5.511     
    -22.5000    -12.5000        5.643     
    -22.5000    -11.2500        5.782     
    -22.5000    -10.0000        5.934     
    -22.5000     -8.7500        6.110     
    -22.5000     -7.5000       0.3664E-001
    -22.5000     -6.2500       0.2926     
    -22.5000     -5.0000       0.6113     
    -22.5000     -3.7500       0.9555     
    -22.5000     -2.5000        1.259     
    -22.5000     -1.2500        1.493     
    -22.5000      0.0000        1.666     
    -22.5000      1.2500        1.806     
    -22.5000      2.5000        1.939     
    -22.5000      3.7500        2.082     
    -22.5000      5.0000        2.242     
    -22.5000      6.2500        2.409     
    -22.5000      7.5000        2.550     
    -22.5000      8.7500        2.655     
    -22.5000     10.0000        2.740     
    -22.5000     11.2500        2.819     
    -22.5000     12.5000        2.894     
    -22.5000     13.7500        2.964     
    -22.5000     15.0000        3.021     
    -22.5000     16.2500        3.059     
    -22.5000     17.5000        0.000     
    -22.5000     18.7500        0.000     

    -21.5625    -20.0000        0.000     
    -21.5625    -18.7500        0.000     
    -21.5625    -17.5000        0.000     
    -21.5625    -16.2500        5.579     
    -21.5625    -15.0000        5.626     
    -21.5625    -13.7500        5.690     
    -21.5625    -12.5000        5.762     
    -21.5625    -11.2500        5.836     
    -21.5625    -10.0000        5.917     
    -21.5625     -8.7500        6.008     
    -21.5625     -7.5000        6.107     
    -21.5625     -6.2500        6.212     
    -21.5625     -5.0000       0.5607E-001
    -21.5625     -3.7500       0.2429     
    -21.5625     -2.5000       0.5615     
    -21.5625     -1.2500        1.088     
    -21.5625      0.0000        1.666     
    -21.5625      1.2500        2.070     
    -21.5625      2.5000        2.332     
    -21.5625      3.7500        2.517     
    -21.5625      5.0000        2.648     
    -21.5625      6.2500        2.732     
    -21.5625      7.5000        2.769     
    -21.5625      8.7500        2.771     
    -21.5625     10.0000        2.760     
    -21.5625     11.2500        2.749     
    -21.5625     12.5000        2.740     
    -21.5625     13.7500        2.733     
    -21.5625     15.0000        2.725     
    -21.5625     16.2500        2.717     
    -21.5625     17.5000        0.000     
    -21.5625     18.7500        0.000     

    -20.6250    -20.0000        0.000     
    -20.6250    -18.7500        0.000     
    -20.6250    -17.5000        0.000     
    -20.6250    -16.2500        5.808     
    -20.6250    -15.0000        5.823     
    -20.6250    -13.7500        5.841     
    -20.6250    -12.5000        5.860     
    -20.6250    -11.2500        5.881     
    -20.6250    -10.0000        5.905     
    -20.6250     -8.7500        5.929     
    -20.6250     -7.5000        5.944     
    -20.6250     -6.2500        5.930     
    -20.6250     -5.0000        5.875     
    -20.6250     -3.7500        5.774     
    -20.6250     -2.5000        5.618     
    -20.6250     -1.2500        5.350     
    -20.6250      0.0000        4.808     
    -20.6250      1.2500        3.960     
    -20.6250      2.5000        3.445     
    -20.6250      3.7500        3.220     
    -20.6250      5.0000        3.098     
    -20.6250      6.2500        3.011     
    -20.6250      7.5000        2.932     
    -20.6250      8.7500        2.850     
    -20.6250     10.0000        2.773     
    -20.6250     11.2500        2.704     
    -20.6250     12.5000        2.640     
    -20.6250     13.7500        2.579     
    -20.6250     15.0000        2.523     
    -20.6250     16.2500        2.482     
    -20.6250     17.5000        0.000     
    -20.6250     18.7500        0.000     

    -19.6875    -20.0000        0.000     
    -19.6875    -18.7500        0.000     
    -19.6875    -17.5000        0.000     
    -19.6875    -16.2500        6.114     
    -19.6875    -15.0000        6.087     
    -19.6875    -13.7500        6.045     
    -19.6875    -12.5000        5.994     
    -19.6875    -11.2500        5.941     
    -19.6875    -10.0000        5.887     
    -19.6875     -8.7500        5.827     
    -19.6875     -7.5000        5.746     
    -19.6875     -6.2500        5.624     
    -19.6875     -5.0000        5.465     
    -19.6875     -3.7500        5.296     
    -19.6875     -2.5000        5.134     
    -19.6875     -1.2500        4.977     
    -19.6875      0.0000        4.808     
    -19.6875      1.2500        4.596     
    -19.6875      2.5000        4.317     
    -19.6875      3.7500        3.978     
    -19.6875      5.0000        3.635     
    -19.6875      6.2500        3.348     
    -19.6875      7.5000        3.126     
    -19.6875      8.7500        2.943     
    -19.6875     10.0000        2.788     
    -19.6875     11.2500        2.654     
    -19.6875     12.5000        2.530     
    -19.6875     13.7500        2.412     
    -19.6875     15.0000        2.309     
    -19.6875     16.2500        2.238     
    -19.6875     17.5000        0.000     
    -19.6875     18.7500        0.000     

    -18.7500    -20.0000        0.000     
    -18.7500    -18.7500        0.000     
    -18.7500    -17.5000        0.000     
    -18.7500    -16.2500       0.4404     
    -18.7500    -15.0000       0.3739     
    -18.7500    -13.7500       0.2664     
    -18.7500    -12.5000       0.9802E-001
    -18.7500    -11.2500        6.133     
    -18.7500    -10.0000        5.834     
    -18.7500     -8.7500        5.553     
    -18.7500     -7.5000        5.330     
    -18.7500     -6.2500        5.163     
    -18.7500     -5.0000        5.048     
    -18.7500     -3.7500        4.970     
    -18.7500     -2.5000        4.914     
    -18.7500     -1.2500        4.863     
    -18.7500      0.0000        4.808     
    -18.7500      1.2500        4.733     
    -18.7500      2.5000        4.625     
    -18.7500      3.7500        4.466     
    -18.7500      5.0000        4.228     
    -18.7500      6.2500        3.898     
    -18.7500      7.5000        3.519     
    -18.7500      8.7500        3.147     
    -18.7500     10.0000        2.820     
    -18.7500     11.2500        2.548     
    -18.7500     12.5000        2.313     
    -18.7500     13.7500        2.106     
    -18.7500     15.0000        1.948     
    -18.7500     16.2500        1.858     
    -18.7500     17.5000        0.000     
    -18.7500     18.7500        0.000     

    -17.8125    -20.0000        0.000     
    -17.8125    -18.7500        0.000     
    -17.8125    -17.5000        0.000     
    -17.8125    -16.2500        1.446     
    -17.8125    -15.0000        1.506     
    -17.8125    -13.7500        1.650     
    -17.8125    -12.5000        1.899     
    -17.8125    -11.2500        2.290     
    -17.8125    -10.0000        2.914     
    -17.8125     -8.7500        3.636     
    -17.8125     -7.5000        4.111     
    -17.8125     -6.2500        4.389     
    -17.8125     -5.0000        4.564     
    -17.8125     -3.7500        4.673     
    -17.8125     -2.5000        4.741     
    -17.8125     -1.2500        4.784     
    -17.8125      0.0000        4.808     
    -17.8125      1.2500        4.815     
    -17.8125      2.5000        4.810     
    -17.8125      3.7500        4.795     
    -17.8125      5.0000        4.768     
    -17.8125      6.2500        4.733     
    -17.8125      7.5000        4.699     
    -17.8125      8.7500        4.691     
    -17.8125     10.0000        5.047     
    -17.8125     11.2500        1.103     
    -17.8125     12.5000        1.119     
    -17.8125     13.7500        1.077     
    -17.8125     15.0000        1.052     
    -17.8125     16.2500        1.053     
    -17.8125     17.5000        0.000     
    -17.8125     18.7500        0.000     

    -16.8750    -20.0000        0.000     
    -16.8750    -18.7500        0.000     
    -16.8750    -17.5000        0.000     
    -16.8750    -16.2500        2.041     
    -16.8750    -15.0000        2.126     
    -16.8750    -13.7500        2.262     
    -16.8750    -12.5000        2.427     
    -16.8750    -11.2500        2.605     
    -16.8750    -10.0000        2.803     
    -16.8750     -8.7500        3.036     
    -16.8750     -7.5000        3.313     
    -16.8750     -6.2500        3.639     
    -16.8750     -5.0000        3.992     
    -16.8750     -3.7500        4.300     
    -16.8750     -2.5000        4.529     
    -16.8750     -1.2500        4.691     
    -16.8750      0.0000        4.808     
    -16.8750      1.2500        4.901     
    -16.8750      2.5000        4.990     
    -16.8750      3.7500        5.092     
    -16.8750      5.0000        5.219     
    -16.8750      6.2500        5.379     
    -16.8750      7.5000        5.549     
    -16.8750      8.7500        5.711     
    -16.8750     10.0000        5.866     
    -16.8750     11.2500        6.016     
    -16.8750     12.5000        6.154     
    -16.8750     13.7500        6.271     
    -16.8750     15.0000       0.7690E-001
    -16.8750     16.2500       0.1360     
    -16.8750     17.5000        0.000     
    -16.8750     18.7500        0.000     

    -15.9375    -20.0000        0.000     
    -15.9375    -18.7500        0.000     
    -15.9375    -17.5000        0.000     
    -15.9375    -16.2500        2.343     
    -15.9375    -15.0000        2.402     
    -15.9375    -13.7500        2.485     
    -15.9375    -12.5000        2.579     
    -15.9375    -11.2500        2.676     
    -15.9375    -10.0000        2.781     
    -15.9375     -8.7500        2.901     
    -15.9375     -7.5000        3.038     
    -15.9375     -6.2500        3.198     
    -15.9375     -5.0000        3.409     
    -15.9375     -3.7500        3.703     
    -15.9375     -2.5000        4.083     
    -15.9375     -1.2500        4.481     
    -15.9375      0.0000        4.808     
    -15.9375      1.2500        5.060     
    -15.9375      2.5000        5.271     
    -15.9375      3.7500        5.460     
    -15.9375      5.0000        5.626     
    -15.9375      6.2500        5.756     
    -15.9375      7.5000        5.836     
    -15.9375      8.7500        5.875     
    -15.9375     10.0000        5.895     
    -15.9375     11.2500        5.913     
    -15.9375     12.5000        5.931     
    -15.9375     13.7500        5.949     
    -15.9375     15.0000        5.965     
    -15.9375     16.2500        5.973     
    -15.9375     17.5000        0.000     
    -15.9375     18.7500        0.000     

    -15.0000    -20.0000        0.000     
    -15.0000    -18.7500        0.000     
    -15.0000    -17.5000        0.000     
    -15.0000    -16.2500        2.572     
    -15.0000    -15.0000        2.601     
    -15.0000    -13.7500        2.638     
    -15.0000    -12.5000        2.678     
    -15.0000    -11.2500        2.721     
    -15.0000    -10.0000        2.768     
    -15.0000     -8.7500        2.819     
    -15.0000     -7.5000        2.867     
    -15.0000     -6.2500        2.898     
    -15.0000     -5.0000        2.909     
    -15.0000     -3.7500        2.904     
    -15.0000     -2.5000        2.892     
    -15.0000     -1.2500        2.877     
    -15.0000      0.0000        0.000     
    -15.0000      1.2500        6.020     
    -15.0000      2.5000        6.033     
    -15.0000      3.7500        6.046     
    -15.0000      5.0000        6.050     
    -15.0000      6.2500        6.040     
    -15.0000      7.5000        6.009     
    -15.0000      8.7500        5.961     
    -15.0000     10.0000        5.910     
    -15.0000     11.2500        5.863     
    -15.0000     12.5000        5.820     
    -15.0000     13.7500        5.779     
    -15.0000     15.0000        5.742     
    -15.0000     16.2500        5.713     
    -15.0000     17.5000        0.000     
    -15.0000     18.7500        0.000     

    -14.0625    -20.0000        0.000     
    -14.0625    -18.7500        0.000     
    -14.0625    -17.5000        0.000     
    -14.0625    -16.2500        2.832     
    -14.0625    -15.0000        2.823     
    -14.0625    -13.7500        2.808     
    -14.0625    -12.5000        2.789     
    -14.0625    -11.2500        2.771     
    -14.0625    -10.0000        2.754     
    -14.0625     -8.7500        2.733     
    -14.0625     -7.5000        2.694     
    -14.0625     -6.2500        2.614     
    -14.0625     -5.0000        2.484     
    -14.0625     -3.7500        2.318     
    -14.0625     -2.5000        2.130     
    -14.0625     -1.2500        1.918     
    -14.0625      0.0000        1.666     
    -14.0625      1.2500        1.339     
    -14.0625      2.5000       0.9416     
    -14.0625      3.7500       0.5612     
    -14.0625      5.0000       0.2675     
    -14.0625      6.2500       0.5696E-001
    -14.0625      7.5000        6.180     
    -14.0625      8.7500        6.043     
    -14.0625     10.0000        5.923     
    -14.0625     11.2500        5.818     
    -14.0625     12.5000        5.720     
    -14.0625     13.7500        5.627     
    -14.0625     15.0000        5.544     
    -14.0625     16.2500        5.484     
    -14.0625     17.5000        0.000     
    -14.0625     18.7500        0.000     

    -13.1250    -20.0000        0.000     
    -13.1250    -18.7500        0.000     
    -13.1250    -17.5000        0.000     
    -13.1250    -16.2500        3.277     
    -13.1250    -15.0000        3.219     
    -13.1250    -13.7500        3.129     
    -13.1250    -12.5000        3.013     
    -13.1250    -11.2500        2.874     
    -13.1250    -10.0000        2.725     
    -13.1250     -8.7500        2.570     
    -13.1250     -7.5000        2.408     
    -13.1250     -6.2500        2.237     
    -13.1250     -5.0000        2.078     
    -13.1250     -3.7500        1.950     
    -13.1250     -2.5000        1.848     
    -13.1250     -1.2500        1.759     
    -13.1250      0.0000        1.666     
    -13.1250      1.2500        1.549     
    -13.1250      2.5000        1.387     
    -13.1250      3.7500        1.158     
    -13.1250      5.0000       0.8499     
    -13.1250      6.2500       0.4975     
    -13.1250      7.5000       0.1715     
    -13.1250      8.7500        6.177     
    -13.1250     10.0000        5.944     
    -13.1250     11.2500        5.747     
    -13.1250     12.5000        5.569     
    -13.1250     13.7500        5.404     
    -13.1250     15.0000        5.268     
    -13.1250     16.2500        5.182     
    -13.1250     17.5000        0.000     
    -13.1250     18.7500        0.000     

    -12.1875    -20.0000        0.000     
    -12.1875    -18.7500        0.000     
    -12.1875    -17.5000        0.000     
    -12.1875    -16.2500        4.195     
    -12.1875    -15.0000        4.194     
    -12.1875    -13.7500        4.218     
    -12.1875    -12.5000        4.261     
    -12.1875    -11.2500        4.244     
    -12.1875    -10.0000        1.906     
    -12.1875     -8.7500        1.550     
    -12.1875     -7.5000        1.557     
    -12.1875     -6.2500        1.592     
    -12.1875     -5.0000        1.627     
    -12.1875     -3.7500        1.653     
    -12.1875     -2.5000        1.669     
    -12.1875     -1.2500        1.674     
    -12.1875      0.0000        1.666     
    -12.1875      1.2500        1.643     
    -12.1875      2.5000        1.600     
    -12.1875      3.7500        1.531     
    -12.1875      5.0000        1.422     
    -12.1875      6.2500        1.248     
    -12.1875      7.5000       0.9693     
    -12.1875      8.7500       0.4947     
    -12.1875     10.0000        6.055     
    -12.1875     11.2500        5.431     
    -12.1875     12.5000        5.040     
    -12.1875     13.7500        4.791     
    -12.1875     15.0000        4.648     
    -12.1875     16.2500        4.587     
    -12.1875     17.5000        0.000     
    -12.1875     18.7500        0.000     

    -11.2500    -20.0000        0.000     
    -11.2500    -18.7500        0.000     
    -11.2500    -17.5000        0.000     
    -11.2500    -16.2500        5.001     
    -11.2500    -15.0000        5.090     
    -11.2500    -13.7500        5.248     
    -11.2500    -12.5000        5.454     
    -11.2500    -11.2500        5.690     
    -11.2500    -10.0000        5.962     
    -11.2500     -8.7500       0.5413E-002
    -11.2500     -7.5000       0.3775     
    -11.2500     -6.2500       0.7569     
    -11.2500     -5.0000        1.087     
    -11.2500     -3.7500        1.325     
    -11.2500     -2.5000        1.484     
    -11.2500     -1.2500        1.591     
    -11.2500      0.0000        1.666     
    -11.2500      1.2500        1.722     
    -11.2500      2.5000        1.772     
    -11.2500      3.7500        1.829     
    -11.2500      5.0000        1.906     
    -11.2500      6.2500        2.022     
    -11.2500      7.5000        2.188     
    -11.2500      8.7500        2.411     
    -11.2500     10.0000        2.692     
    -11.2500     11.2500        2.992     
    -11.2500     12.5000        3.239     
    -11.2500     13.7500        3.408     
    -11.2500     15.0000        3.515     
    -11.2500     16.2500        3.583     
    -11.2500     17.5000        0.000     
    -11.2500     18.7500        0.000     

    -10.3125    -20.0000        0.000     
    -10.3125    -18.7500        0.000     
    -10.3125    -17.5000        0.000     
    -10.3125    -16.2500        5.381     
    -10.3125    -15.0000        5.450     
    -10.3125    -13.7500        5.553     
    -10.3125    -12.5000        5.672     
    -10.3125    -11.2500        5.795     
    -10.3125    -10.0000        5.930     
    -10.3125     -8.7500        6.085     
    -10.3125     -7.5000        6.267     
    -10.3125     -6.2500       0.2063     
    -10.3125     -5.0000       0.4939     
    -10.3125     -3.7500       0.8369     
    -10.3125     -2.5000        1.175     
    -10.3125     -1.2500        1.455     
    -10.3125      0.0000        1.666     
    -10.3125      1.2500        1.836     
    -10.3125      2.5000        1.993     
    -10.3125      3.7500        2.154     
    -10.3125      5.0000        2.323     
    -10.3125      6.2500        2.483     
    -10.3125      7.5000        2.604     
    -10.3125      8.7500        2.685     
    -10.3125     10.0000        2.746     
    -10.3125     11.2500        2.800     
    -10.3125     12.5000        2.853     
    -10.3125     13.7500        2.903     
    -10.3125     15.0000        2.945     
    -10.3125     16.2500        2.973     
    -10.3125     17.5000        0.000     
    -10.3125     18.7500        0.000     

     -9.3750    -20.0000        0.000     
     -9.3750    -18.7500        0.000     
     -9.3750    -17.5000        0.000     
     -9.3750    -16.2500        5.624     
     -9.3750    -15.0000        5.665     
     -9.3750    -13.7500        5.720     
     -9.3750    -12.5000        5.781     
     -9.3750    -11.2500        5.845     
     -9.3750    -10.0000        5.915     
     -9.3750     -8.7500        5.992     
     -9.3750     -7.5000        6.073     
     -9.3750     -6.2500        6.153     
     -9.3750     -5.0000        6.239     
     -9.3750     -3.7500       0.7778E-001
     -9.3750     -2.5000       0.3037     
     -9.3750     -1.2500       0.8183     
     -9.3750      0.0000        1.666     
     -9.3750      1.2500        2.209     
     -9.3750      2.5000        2.476     
     -9.3750      3.7500        2.633     
     -9.3750      5.0000        2.733     
     -9.3750      6.2500        2.789     
     -9.3750      7.5000        2.803     
     -9.3750      8.7500        2.788     
     -9.3750     10.0000        2.763     
     -9.3750     11.2500        2.739     
     -9.3750     12.5000        2.718     
     -9.3750     13.7500        2.699     
     -9.3750     15.0000        2.682     
     -9.3750     16.2500        2.666     
     -9.3750     17.5000        0.000     
     -9.3750     18.7500        0.000     

     -8.4375    -20.0000        0.000     
     -8.4375    -18.7500        0.000     
     -8.4375    -17.5000        0.000     
     -8.4375    -16.2500        5.859     
     -8.4375    -15.0000        5.867     
     -8.4375    -13.7500        5.874     
     -8.4375    -12.5000        5.881     
     -8.4375    -11.2500        5.890     
     -8.4375    -10.0000        5.902     
     -8.4375     -8.7500        5.912     
     -8.4375     -7.5000        5.910     
     -8.4375     -6.2500        5.874     
     -8.4375     -5.0000        5.790     
     -8.4375     -3.7500        5.658     
     -8.4375     -2.5000        5.474     
     -8.4375     -1.2500        5.211     
     -8.4375      0.0000        4.808     
     -8.4375      1.2500        4.230     
     -8.4375      2.5000        3.703     
     -8.4375      3.7500        3.385     
     -8.4375      5.0000        3.197     
     -8.4375      6.2500        3.070     
     -8.4375      7.5000        2.965     
     -8.4375      8.7500        2.867     
     -8.4375     10.0000        2.776     
     -8.4375     11.2500        2.695     
     -8.4375     12.5000        2.620     
     -8.4375     13.7500        2.549     
     -8.4375     15.0000        2.484     
     -8.4375     16.2500        2.437     
     -8.4375     17.5000        0.000     
     -8.4375     18.7500        0.000     

     -7.5000    -20.0000        0.000     
     -7.5000    -18.7500        0.000     
     -7.5000    -17.5000        0.000     
     -7.5000    -16.2500        6.200     
     -7.5000    -15.0000        6.162     
     -7.5000    -13.7500        6.105     
     -7.5000    -12.5000        6.036     
     -7.5000    -11.2500        5.960     
     -7.5000    -10.0000        5.882     
     -7.5000     -8.7500        5.796     
     -7.5000     -7.5000        5.691     
     -7.5000     -6.2500        5.550     
     -7.5000     -5.0000        5.384     
     -7.5000     -3.7500        5.223     
     -7.5000     -2.5000        5.081     
     -7.5000     -1.2500        4.948     
     -7.5000      0.0000        4.808     
     -7.5000      1.2500        4.634     
     -7.5000      2.5000        4.401     
     -7.5000      3.7500        4.097     
     -7.5000      5.0000        3.753     
     -7.5000      6.2500        3.434     
     -7.5000      7.5000        3.178     
     -7.5000      8.7500        2.969     
     -7.5000     10.0000        2.792     
     -7.5000     11.2500        2.640     
     -7.5000     12.5000        2.501     
     -7.5000     13.7500        2.369     
     -7.5000     15.0000        2.255     
     -7.5000     16.2500        2.179     
     -7.5000     17.5000        0.000     
     -7.5000     18.7500        0.000     

     -6.5625    -20.0000        0.000     
     -6.5625    -18.7500        0.000     
     -6.5625    -17.5000        0.000     
     -6.5625    -16.2500       0.6299     
     -6.5625    -15.0000       0.5729     
     -6.5625    -13.7500       0.4798     
     -6.5625    -12.5000       0.3085     
     -6.5625    -11.2500        6.264     
     -6.5625    -10.0000        5.797     
     -6.5625     -8.7500        5.405     
     -6.5625     -7.5000        5.169     
     -6.5625     -6.2500        5.035     
     -6.5625     -5.0000        4.958     
     -6.5625     -3.7500        4.912     
     -6.5625     -2.5000        4.878     
     -6.5625     -1.2500        4.847     
     -6.5625      0.0000        4.808     
     -6.5625      1.2500        4.751     
     -6.5625      2.5000        4.667     
     -6.5625      3.7500        4.540     
     -6.5625      5.0000        4.343     
     -6.5625      6.2500        4.051     
     -6.5625      7.5000        3.668     
     -6.5625      8.7500        3.240     
     -6.5625     10.0000        2.836     
     -6.5625     11.2500        2.502     
     -6.5625     12.5000        2.225     
     -6.5625     13.7500        1.995     
     -6.5625     15.0000        1.830     
     -6.5625     16.2500        1.743     
     -6.5625     17.5000        0.000     
     -6.5625     18.7500        0.000     

     -5.6250    -20.0000        0.000     
     -5.6250    -18.7500        0.000     
     -5.6250    -17.5000        0.000     
     -5.6250    -16.2500        1.607     
     -5.6250    -15.0000        1.685     
     -5.6250    -13.7500        1.847     
     -5.6250    -12.5000        2.097     
     -5.6250    -11.2500        2.427     
     -5.6250    -10.0000        2.861     
     -5.6250     -8.7500        3.385     
     -5.6250     -7.5000        3.863     
     -5.6250     -6.2500        4.216     
     -5.6250     -5.0000        4.455     
     -5.6250     -3.7500        4.608     
     -5.6250     -2.5000        4.705     
     -5.6250     -1.2500        4.768     
     -5.6250      0.0000        4.808     
     -5.6250      1.2500        4.831     
     -5.6250      2.5000        4.844     
     -5.6250      3.7500        4.853     
     -5.6250      5.0000        4.865     
     -5.6250      6.2500        4.891     
     -5.6250      7.5000        4.961     
     -5.6250      8.7500        5.149     
     -5.6250     10.0000        5.703     
     -5.6250     11.2500       0.2827     
     -5.6250     12.5000       0.6456     
     -5.6250     13.7500       0.7563     
     -5.6250     15.0000       0.8039     
     -5.6250     16.2500       0.8387     
     -5.6250     17.5000        0.000     
     -5.6250     18.7500        0.000     

     -4.6875    -20.0000        0.000     
     -4.6875    -18.7500        0.000     
     -4.6875    -17.5000        0.000     
     -4.6875    -16.2500        2.115     
     -4.6875    -15.0000        2.195     
     -4.6875    -13.7500        2.320     
     -4.6875    -12.5000        2.468     
     -4.6875    -11.2500        2.624     
     -4.6875    -10.0000        2.797     
     -4.6875     -8.7500        2.999     
     -4.6875     -7.5000        3.240     
     -4.6875     -6.2500        3.531     
     -4.6875     -5.0000        3.872     
     -4.6875     -3.7500        4.204     
     -4.6875     -2.5000        4.470     
     -4.6875     -1.2500        4.665     
     -4.6875      0.0000        4.808     
     -4.6875      1.2500        4.923     
     -4.6875      2.5000        5.033     
     -4.6875      3.7500        5.156     
     -4.6875      5.0000        5.302     
     -4.6875      6.2500        5.469     
     -4.6875      7.5000        5.627     
     -4.6875      8.7500        5.759     
     -4.6875     10.0000        5.875     
     -4.6875     11.2500        5.984     
     -4.6875     12.5000        6.087     
     -4.6875     13.7500        6.179     
     -4.6875     15.0000        6.252     
     -4.6875     16.2500       0.1771E-001
     -4.6875     17.5000        0.000     
     -4.6875     18.7500        0.000     

     -3.7500    -20.0000        0.000     
     -3.7500    -18.7500        0.000     
     -3.7500    -17.5000        0.000     
     -3.7500    -16.2500        2.391     
     -3.7500    -15.0000        2.444     
     -3.7500    -13.7500        2.518     
     -3.7500    -12.5000        2.600     
     -3.7500    -11.2500        2.686     
     -3.7500    -10.0000        2.779     
     -3.7500     -8.7500        2.883     
     -3.7500     -7.5000        3.001     
     -3.7500     -6.2500        3.132     
     -3.7500     -5.0000        3.301     
     -3.7500     -3.7500        3.547     
     -3.7500     -2.5000        3.916     
     -3.7500     -1.2500        4.384     
     -3.7500      0.0000        4.808     
     -3.7500      1.2500        5.122     
     -3.7500      2.5000        5.361     
     -3.7500      3.7500        5.554     
     -3.7500      5.0000        5.707     
     -3.7500      6.2500        5.816     
     -3.7500      7.5000        5.874     
     -3.7500      8.7500        5.894     
     -3.7500     10.0000        5.899     
     -3.7500     11.2500        5.901     
     -3.7500     12.5000        5.905     
     -3.7500     13.7500        5.910     
     -3.7500     15.0000        5.913     
     -3.7500     16.2500        5.913     
     -3.7500     17.5000        0.000     
     -3.7500     18.7500        0.000     

     -2.8125    -20.0000        0.000     
     -2.8125    -18.7500        0.000     
     -2.8125    -17.5000        0.000     
     -2.8125    -16.2500        2.618     
     -2.8125    -15.0000        2.640     
     -2.8125    -13.7500        2.668     
     -2.8125    -12.5000        2.698     
     -2.8125    -11.2500        2.730     
     -2.8125    -10.0000        2.766     
     -2.8125     -8.7500        2.804     
     -2.8125     -7.5000        2.835     
     -2.8125     -6.2500        2.843     
     -2.8125     -5.0000        2.820     
     -2.8125     -3.7500        2.762     
     -2.8125     -2.5000        2.661     
     -2.8125     -1.2500        2.447     
     -2.8125      0.0000        1.667     
     -2.8125      1.2500       0.3412     
     -2.8125      2.5000       0.2071E-001
     -2.8125      3.7500        6.200     
     -2.8125      5.0000        6.143     
     -2.8125      6.2500        6.096     
     -2.8125      7.5000        6.041     
     -2.8125      8.7500        5.976     
     -2.8125     10.0000        5.912     
     -2.8125     11.2500        5.854     
     -2.8125     12.5000        5.801     
     -2.8125     13.7500        5.750     
     -2.8125     15.0000        5.704     
     -2.8125     16.2500        5.668     
     -2.8125     17.5000        0.000     
     -2.8125     18.7500        0.000     

     -1.8750    -20.0000        0.000     
     -1.8750    -18.7500        0.000     
     -1.8750    -17.5000        0.000     
     -1.8750    -16.2500        2.898     
     -1.8750    -15.0000        2.880     
     -1.8750    -13.7500        2.852     
     -1.8750    -12.5000        2.818     
     -1.8750    -11.2500        2.784     
     -1.8750    -10.0000        2.750     
     -1.8750     -8.7500        2.711     
     -1.8750     -7.5000        2.652     
     -1.8750     -6.2500        2.551     
     -1.8750     -5.0000        2.404     
     -1.8750     -3.7500        2.232     
     -1.8750     -2.5000        2.055     
     -1.8750     -1.2500        1.872     
     -1.8750      0.0000        1.666     
     -1.8750      1.2500        1.406     
     -1.8750      2.5000        1.072     
     -1.8750      3.7500       0.7054     
     -1.8750      5.0000       0.3790     
     -1.8750      6.2500       0.1284     
     -1.8750      7.5000        6.221     
     -1.8750      8.7500        6.063     
     -1.8750     10.0000        5.926     
     -1.8750     11.2500        5.807     
     -1.8750     12.5000        5.697     
     -1.8750     13.7500        5.592     
     -1.8750     15.0000        5.499     
     -1.8750     16.2500        5.434     
     -1.8750     17.5000        0.000     
     -1.8750     18.7500        0.000     

     -0.9375    -20.0000        0.000     
     -0.9375    -18.7500        0.000     
     -0.9375    -17.5000        0.000     
     -0.9375    -16.2500        3.417     
     -0.9375    -15.0000        3.352     
     -0.9375    -13.7500        3.249     
     -0.9375    -12.5000        3.105     
     -0.9375    -11.2500        2.920     
     -0.9375    -10.0000        2.712     
     -0.9375     -8.7500        2.505     
     -0.9375     -7.5000        2.311     
     -0.9375     -6.2500        2.136     
     -0.9375     -5.0000        1.993     
     -0.9375     -3.7500        1.888     
     -0.9375     -2.5000        1.809     
     -0.9375     -1.2500        1.740     
     -0.9375      0.0000        1.666     
     -0.9375      1.2500        1.571     
     -0.9375      2.5000        1.438     
     -0.9375      3.7500        1.245     
     -0.9375      5.0000       0.9691     
     -0.9375      6.2500       0.6197     
     -0.9375      7.5000       0.2623     
     -0.9375      8.7500        6.225     
     -0.9375     10.0000        5.952     
     -0.9375     11.2500        5.723     
     -0.9375     12.5000        5.519     
     -0.9375     13.7500        5.334     
     -0.9375     15.0000        5.187     
     -0.9375     16.2500        5.098     
     -0.9375     17.5000        0.000     
     -0.9375     18.7500        0.000     

      0.0000    -20.0000        0.000     
      0.0000    -18.7500        0.000     
      0.0000    -17.5000        0.000     
      0.0000    -16.2500        4.401     
      0.0000    -15.0000        4.434     
      0.0000    -13.7500        4.531     
      0.0000    -12.5000        4.722     
      0.0000    -11.2500        5.108     
      0.0000    -10.0000        6.233     
      0.0000     -8.7500       0.9441     
      0.0000     -7.5000        1.260     
      0.0000     -6.2500        1.422     
      0.0000     -5.0000        1.526     
      0.0000     -3.7500        1.593     
      0.0000     -2.5000        1.635     
      0.0000     -1.2500        1.658     
      0.0000      0.0000        1.666     
      0.0000      1.2500        1.658     
      0.0000      2.5000        1.635     
      0.0000      3.7500        1.593     
      0.0000      5.0000        1.526     
      0.0000      6.2500        1.422     
      0.0000      7.5000        1.260     
      0.0000      8.7500       0.9441     
      0.0000     10.0000        6.233     
      0.0000     11.2500        5.108     
      0.0000     12.5000        4.722     
      0.0000     13.7500        4.531     
      0.0000     15.0000        4.434     
      0.0000     16.2500        4.401     
      0.0000     17.5000        0.000     
      0.0000     18.7500        0.000     

      0.9375    -20.0000        0.000     
      0.9375    -18.7500        0.000     
      0.9375    -17.5000        0.000     
      0.9375    -16.2500        5.099     
      0.9375    -15.0000        5.186     
      0.9375    -13.7500        5.334     
      0.9375    -12.5000        5.519     
      0.9375    -11.2500        5.722     
      0.9375    -10.0000        5.952     
      0.9375     -8.7500        6.225     
      0.9375     -7.5000       0.2625     
      0.9375     -6.2500       0.6196     
      0.9375     -5.0000       0.9691     
      0.9375     -3.7500        1.245     
      0.9375     -2.5000        1.438     
      0.9375     -1.2500        1.572     
      0.9375      0.0000        1.666     
      0.9375      1.2500        1.740     
      0.9375      2.5000        1.809     
      0.9375      3.7500        1.888     
      0.9375      5.0000        1.993     
      0.9375      6.2500        2.136     
      0.9375      7.5000        2.311     
      0.9375      8.7500        2.505     
      0.9375     10.0000        2.712     
      0.9375     11.2500        2.920     
      0.9375     12.5000        3.105     
      0.9375     13.7500        3.249     
      0.9375     15.0000        3.351     
      0.9375     16.2500        3.418     
      0.9375     17.5000        0.000     
      0.9375     18.7500        0.000     

      1.8750    -20.0000        0.000     
      1.8750    -18.7500        0.000     
      1.8750    -17.5000        0.000     
      1.8750    -16.2500        5.435     
      1.8750    -15.0000        5.499     
      1.8750    -13.7500        5.592     
      1.8750    -12.5000        5.697     
      1.8750    -11.2500        5.807     
      1.8750    -10.0000        5.926     
      1.8750     -8.7500        6.062     
      1.8750     -7.5000        6.221     
      1.8750     -6.2500       0.1282     
      1.8750     -5.0000       0.3792     
      1.8750     -3.7500       0.7054     
      1.8750     -2.5000        1.072     
      1.8750     -1.2500        1.406     
      1.8750      0.0000        1.666     
      1.8750      1.2500        1.872     
      1.8750      2.5000        2.055     
      1.8750      3.7500        2.233     
      1.8750      5.0000        2.403     
      1.8750      6.2500        2.551     
      1.8750      7.5000        2.652     
      1.8750      8.7500        2.711     
      1.8750     10.0000        2.750     
      1.8750     11.2500        2.784     
      1.8750     12.5000        2.818     
      1.8750     13.7500        2.852     
      1.8750     15.0000        2.880     
      1.8750     16.2500        2.898     
      1.8750     17.5000        0.000     
      1.8750     18.7500        0.000     

      2.8125    -20.0000        0.000     
      2.8125    -18.7500        0.000     
      2.8125    -17.5000        0.000     
      2.8125    -16.2500        5.669     
      2.8125    -15.0000        5.704     
      2.8125    -13.7500        5.750     
      2.8125    -12.5000        5.801     
      2.8125    -11.2500        5.854     
      2.8125    -10.0000        5.912     
      2.8125     -8.7500        5.976     
      2.8125     -7.5000        6.041     
      2.8125     -6.2500        6.096     
      2.8125     -5.0000        6.143     
      2.8125     -3.7500        6.199     
      2.8125     -2.5000       0.2125E-001
      2.8125     -1.2500       0.3405     
      2.8125      0.0000        1.665     
      2.8125      1.2500        2.448     
      2.8125      2.5000        2.660     
      2.8125      3.7500        2.762     
      2.8125      5.0000        2.819     
      2.8125      6.2500        2.844     
      2.8125      7.5000        2.835     
      2.8125      8.7500        2.804     
      2.8125     10.0000        2.766     
      2.8125     11.2500        2.730     
      2.8125     12.5000        2.698     
      2.8125     13.7500        2.668     
      2.8125     15.0000        2.640     
      2.8125     16.2500        2.618     
      2.8125     17.5000        0.000     
      2.8125     18.7500        0.000     

      3.7500    -20.0000        0.000     
      3.7500    -18.7500        0.000     
      3.7500    -17.5000        0.000     
      3.7500    -16.2500        5.914     
      3.7500    -15.0000        5.914     
      3.7500    -13.7500        5.910     
      3.7500    -12.5000        5.905     
      3.7500    -11.2500        5.901     
      3.7500    -10.0000        5.899     
      3.7500     -8.7500        5.894     
      3.7500     -7.5000        5.875     
      3.7500     -6.2500        5.816     
      3.7500     -5.0000        5.707     
      3.7500     -3.7500        5.554     
      3.7500     -2.5000        5.361     
      3.7500     -1.2500        5.122     
      3.7500      0.0000        4.808     
      3.7500      1.2500        4.384     
      3.7500      2.5000        3.916     
      3.7500      3.7500        3.548     
      3.7500      5.0000        3.301     
      3.7500      6.2500        3.132     
      3.7500      7.5000        3.000     
      3.7500      8.7500        2.883     
      3.7500     10.0000        2.778     
      3.7500     11.2500        2.686     
      3.7500     12.5000        2.600     
      3.7500     13.7500        2.518     
      3.7500     15.0000        2.444     
      3.7500     16.2500        2.390     
      3.7500     17.5000        0.000     
      3.7500     18.7500        0.000     

      4.6875    -20.0000        0.000     
      4.6875    -18.7500        0.000     
      4.6875    -17.5000        0.000     
      4.6875    -16.2500       0.1742E-001
      4.6875    -15.0000        6.252     
      4.6875    -13.7500        6.179     
      4.6875    -12.5000        6.087     
      4.6875    -11.2500        5.984     
      4.6875    -10.0000        5.875     
      4.6875     -8.7500        5.759     
      4.6875     -7.5000        5.627     
      4.6875     -6.2500        5.469     
      4.6875     -5.0000        5.302     
      4.6875     -3.7500        5.155     
      4.6875     -2.5000        5.033     
      4.6875     -1.2500        4.923     
      4.6875      0.0000        4.808     
      4.6875      1.2500        4.665     
      4.6875      2.5000        4.470     
      4.6875      3.7500        4.204     
      4.6875      5.0000        3.872     
      4.6875      6.2500        3.531     
      4.6875      7.5000        3.239     
      4.6875      8.7500        2.999     
      4.6875     10.0000        2.797     
      4.6875     11.2500        2.624     
      4.6875     12.5000        2.468     
      4.6875     13.7500        2.320     
      4.6875     15.0000        2.195     
      4.6875     16.2500        2.114     
      4.6875     17.5000        0.000     
      4.6875     18.7500        0.000     

      5.6250    -20.0000        0.000     
      5.6250    -18.7500        0.000     
      5.6250    -17.5000        0.000     
      5.6250    -16.2500       0.8382     
      5.6250    -15.0000       0.8041     
      5.6250    -13.7500       0.7562     
      5.6250    -12.5000       0.6457     
      5.6250    -11.2500       0.2825     
      5.6250    -10.0000        5.703     
      5.6250     -8.7500        5.149     
      5.6250     -7.5000        4.961     
      5.6250     -6.2500        4.891     
      5.6250     -5.0000        4.865     
      5.6250     -3.7500        4.853     
      5.6250     -2.5000        4.844     
      5.6250     -1.2500        4.831     
      5.6250      0.0000        4.808     
      5.6250      1.2500        4.768     
      5.6250      2.5000        4.705     
      5.6250      3.7500        4.608     
      5.6250      5.0000        4.455     
      5.6250      6.2500        4.216     
      5.6250      7.5000        3.863     
      5.6250      8.7500        3.385     
      5.6250     10.0000        2.861     
      5.6250     11.2500        2.427     
      5.6250     12.5000        2.097     
      5.6250     13.7500        1.847     
      5.6250     15.0000        1.685     
      5.6250     16.2500        1.606     
      5.6250     17.5000        0.000     
      5.6250     18.7500        0.000     

      6.5625    -20.0000        0.000     
      6.5625    -18.7500        0.000     
      6.5625    -17.5000        0.000     
      6.5625    -16.2500        1.744     
      6.5625    -15.0000        1.830     
      6.5625    -13.7500        1.995     
      6.5625    -12.5000        2.225     
      6.5625    -11.2500        2.502     
      6.5625    -10.0000        2.836     
      6.5625     -8.7500        3.239     
      6.5625     -7.5000        3.668     
      6.5625     -6.2500        4.051     
      6.5625     -5.0000        4.343     
      6.5625     -3.7500        4.540     
      6.5625     -2.5000        4.667     
      6.5625     -1.2500        4.751     
      6.5625      0.0000        4.808     
      6.5625      1.2500        4.847     
      6.5625      2.5000        4.878     
      6.5625      3.7500        4.912     
      6.5625      5.0000        4.958     
      6.5625      6.2500        5.035     
      6.5625      7.5000        5.169     
      6.5625      8.7500        5.405     
      6.5625     10.0000        5.797     
      6.5625     11.2500        6.264     
      6.5625     12.5000       0.3083     
      6.5625     13.7500       0.4800     
      6.5625     15.0000       0.5727     
      6.5625     16.2500       0.6305     
      6.5625     17.5000        0.000     
      6.5625     18.7500        0.000     

      7.5000    -20.0000        0.000     
      7.5000    -18.7500        0.000     
      7.5000    -17.5000        0.000     
      7.5000    -16.2500        2.180     
      7.5000    -15.0000        2.255     
      7.5000    -13.7500        2.369     
      7.5000    -12.5000        2.501     
      7.5000    -11.2500        2.640     
      7.5000    -10.0000        2.792     
      7.5000     -8.7500        2.968     
      7.5000     -7.5000        3.178     
      7.5000     -6.2500        3.434     
      7.5000     -5.0000        3.753     
      7.5000     -3.7500        4.097     
      7.5000     -2.5000        4.400     
      7.5000     -1.2500        4.634     
      7.5000      0.0000        4.808     
      7.5000      1.2500        4.948     
      7.5000      2.5000        5.080     
      7.5000      3.7500        5.223     
      7.5000      5.0000        5.384     
      7.5000      6.2500        5.550     
      7.5000      7.5000        5.691     
      7.5000      8.7500        5.797     
      7.5000     10.0000        5.882     
      7.5000     11.2500        5.960     
      7.5000     12.5000        6.035     
      7.5000     13.7500        6.105     
      7.5000     15.0000        6.162     
      7.5000     16.2500        6.201     
      7.5000     17.5000        0.000     
      7.5000     18.7500        0.000     

      8.4375    -20.0000        0.000     
      8.4375    -18.7500        0.000     
      8.4375    -17.5000        0.000     
      8.4375    -16.2500        2.437     
      8.4375    -15.0000        2.484     
      8.4375    -13.7500        2.549     
      8.4375    -12.5000        2.620     
      8.4375    -11.2500        2.695     
      8.4375    -10.0000        2.776     
      8.4375     -8.7500        2.866     
      8.4375     -7.5000        2.965     
      8.4375     -6.2500        3.070     
      8.4375     -5.0000        3.198     
      8.4375     -3.7500        3.385     
      8.4375     -2.5000        3.703     
      8.4375     -1.2500        4.230     
      8.4375      0.0000        4.808     
      8.4375      1.2500        5.211     
      8.4375      2.5000        5.474     
      8.4375      3.7500        5.659     
      8.4375      5.0000        5.790     
      8.4375      6.2500        5.874     
      8.4375      7.5000        5.910     
      8.4375      8.7500        5.912     
      8.4375     10.0000        5.902     
      8.4375     11.2500        5.890     
      8.4375     12.5000        5.881     
      8.4375     13.7500        5.874     
      8.4375     15.0000        5.867     
      8.4375     16.2500        5.859     
      8.4375     17.5000        0.000     
      8.4375     18.7500        0.000     

      9.3750    -20.0000        0.000     
      9.3750    -18.7500        0.000     
      9.3750    -17.5000        0.000     
      9.3750    -16.2500        2.666     
      9.3750    -15.0000        2.682     
      9.3750    -13.7500        2.699     
      9.3750    -12.5000        2.718     
      9.3750    -11.2500        2.739     
      9.3750    -10.0000        2.763     
      9.3750     -8.7500        2.788     
      9.3750     -7.5000        2.803     
      9.3750     -6.2500        2.788     
      9.3750     -5.0000        2.733     
      9.3750     -3.7500        2.633     
      9.3750     -2.5000        2.476     
      9.3750     -1.2500        2.208     
      9.3750      0.0000        1.667     
      9.3750      1.2500       0.8184     
      9.3750      2.5000       0.3033     
      9.3750      3.7500       0.7811E-001
      9.3750      5.0000        6.239     
      9.3750      6.2500        6.153     
      9.3750      7.5000        6.073     
      9.3750      8.7500        5.992     
      9.3750     10.0000        5.915     
      9.3750     11.2500        5.845     
      9.3750     12.5000        5.781     
      9.3750     13.7500        5.720     
      9.3750     15.0000        5.665     
      9.3750     16.2500        5.623     
      9.3750     17.5000        0.000     
      9.3750     18.7500        0.000     

     10.3125    -20.0000        0.000     
     10.3125    -18.7500        0.000     
     10.3125    -17.5000        0.000     
     10.3125    -16.2500        2.973     
     10.3125    -15.0000        2.945     
     10.3125    -13.7500        2.903     
     10.3125    -12.5000        2.853     
     10.3125    -11.2500        2.800     
     10.3125    -10.0000        2.746     
     10.3125     -8.7500        2.685     
     10.3125     -7.5000        2.604     
     10.3125     -6.2500        2.482     
     10.3125     -5.0000        2.323     
     10.3125     -3.7500        2.154     
     10.3125     -2.5000        1.993     
     10.3125     -1.2500        1.836     
     10.3125      0.0000        1.666     
     10.3125      1.2500        1.455     
     10.3125      2.5000        1.176     
     10.3125      3.7500       0.8369     
     10.3125      5.0000       0.4938     
     10.3125      6.2500       0.2065     
     10.3125      7.5000        6.267     
     10.3125      8.7500        6.085     
     10.3125     10.0000        5.930     
     10.3125     11.2500        5.795     
     10.3125     12.5000        5.672     
     10.3125     13.7500        5.553     
     10.3125     15.0000        5.450     
     10.3125     16.2500        5.380     
     10.3125     17.5000        0.000     
     10.3125     18.7500        0.000     

     11.2500    -20.0000        0.000     
     11.2500    -18.7500        0.000     
     11.2500    -17.5000        0.000     
     11.2500    -16.2500        3.582     
     11.2500    -15.0000        3.515     
     11.2500    -13.7500        3.408     
     11.2500    -12.5000        3.240     
     11.2500    -11.2500        2.991     
     11.2500    -10.0000        2.692     
     11.2500     -8.7500        2.411     
     11.2500     -7.5000        2.188     
     11.2500     -6.2500        2.022     
     11.2500     -5.0000        1.906     
     11.2500     -3.7500        1.829     
     11.2500     -2.5000        1.772     
     11.2500     -1.2500        1.722     
     11.2500      0.0000        1.666     
     11.2500      1.2500        1.591     
     11.2500      2.5000        1.484     
     11.2500      3.7500        1.325     
     11.2500      5.0000        1.087     
     11.2500      6.2500       0.7569     
     11.2500      7.5000       0.3774     
     11.2500      8.7500       0.5553E-002
     11.2500     10.0000        5.962     
     11.2500     11.2500        5.690     
     11.2500     12.5000        5.454     
     11.2500     13.7500        5.248     
     11.2500     15.0000        5.090     
     11.2500     16.2500        5.000     
     11.2500     17.5000        0.000     
     11.2500     18.7500        0.000     

     12.1875    -20.0000        0.000     
     12.1875    -18.7500        0.000     
     12.1875    -17.5000        0.000     
     12.1875    -16.2500        4.587     
     12.1875    -15.0000        4.648     
     12.1875    -13.7500        4.791     
     12.1875    -12.5000        5.040     
     12.1875    -11.2500        5.431     
     12.1875    -10.0000        6.055     
     12.1875     -8.7500       0.4946     
     12.1875     -7.5000       0.9693     
     12.1875     -6.2500        1.248     
     12.1875     -5.0000        1.422     
     12.1875     -3.7500        1.531     
     12.1875     -2.5000        1.600     
     12.1875     -1.2500        1.643     
     12.1875      0.0000        1.666     
     12.1875      1.2500        1.674     
     12.1875      2.5000        1.669     
     12.1875      3.7500        1.653     
     12.1875      5.0000        1.627     
     12.1875      6.2500        1.592     
     12.1875      7.5000        1.557     
     12.1875      8.7500        1.550     
     12.1875     10.0000        1.906     
     12.1875     11.2500        4.244     
     12.1875     12.5000        4.261     
     12.1875     13.7500        4.218     
     12.1875     15.0000        4.194     
     12.1875     16.2500        4.195     
     12.1875     17.5000        0.000     
     12.1875     18.7500        0.000     

     13.1250    -20.0000        0.000     
     13.1250    -18.7500        0.000     
     13.1250    -17.5000        0.000     
     13.1250    -16.2500        5.183     
     13.1250    -15.0000        5.267     
     13.1250    -13.7500        5.404     
     13.1250    -12.5000        5.569     
     13.1250    -11.2500        5.747     
     13.1250    -10.0000        5.944     
     13.1250     -8.7500        6.177     
     13.1250     -7.5000       0.1717     
     13.1250     -6.2500       0.4974     
     13.1250     -5.0000       0.8499     
     13.1250     -3.7500        1.158     
     13.1250     -2.5000        1.387     
     13.1250     -1.2500        1.549     
     13.1250      0.0000        1.666     
     13.1250      1.2500        1.759     
     13.1250      2.5000        1.848     
     13.1250      3.7500        1.950     
     13.1250      5.0000        2.078     
     13.1250      6.2500        2.237     
     13.1250      7.5000        2.408     
     13.1250      8.7500        2.570     
     13.1250     10.0000        2.725     
     13.1250     11.2500        2.874     
     13.1250     12.5000        3.012     
     13.1250     13.7500        3.129     
     13.1250     15.0000        3.219     
     13.1250     16.2500        3.278     
     13.1250     17.5000        0.000     
     13.1250     18.7500        0.000     

     14.0625    -20.0000        0.000     
     14.0625    -18.7500        0.000     
     14.0625    -17.5000        0.000     
     14.0625    -16.2500        5.485     
     14.0625    -15.0000        5.543     
     14.0625    -13.7500        5.627     
     14.0625    -12.5000        5.720     
     14.0625    -11.2500        5.817     
     14.0625    -10.0000        5.923     
     14.0625     -8.7500        6.043     
     14.0625     -7.5000        6.180     
     14.0625     -6.2500       0.5677E-001
     14.0625     -5.0000       0.2677     
     14.0625     -3.7500       0.5611     
     14.0625     -2.5000       0.9416     
     14.0625     -1.2500        1.339     
     14.0625      0.0000        1.666     
     14.0625      1.2500        1.918     
     14.0625      2.5000        2.129     
     14.0625      3.7500        2.318     
     14.0625      5.0000        2.484     
     14.0625      6.2500        2.615     
     14.0625      7.5000        2.694     
     14.0625      8.7500        2.733     
     14.0625     10.0000        2.754     
     14.0625     11.2500        2.771     
     14.0625     12.5000        2.789     
     14.0625     13.7500        2.808     
     14.0625     15.0000        2.823     
     14.0625     16.2500        2.832     
     14.0625     17.5000        0.000     
     14.0625     18.7500        0.000     

     15.0000    -20.0000        0.000     
     15.0000    -18.7500        0.000     
     15.0000    -17.5000        0.000     
     15.0000    -16.2500        5.714     
     15.0000    -15.0000        5.742     
     15.0000    -13.7500        5.779     
     15.0000    -12.5000        5.820     
     15.0000    -11.2500        5.863     
     15.0000    -10.0000        5.910     
     15.0000     -8.7500        5.961     
     15.0000     -7.5000        6.009     
     15.0000     -6.2500        6.040     
     15.0000     -5.0000        6.051     
     15.0000     -3.7500        6.046     
     15.0000     -2.5000        6.033     
     15.0000     -1.2500        6.019     
     15.0000      0.0000        0.000     
     15.0000      1.2500        2.879     
     15.0000      2.5000        2.891     
     15.0000      3.7500        2.904     
     15.0000      5.0000        2.909     
     15.0000      6.2500        2.899     
     15.0000      7.5000        2.867     
     15.0000      8.7500        2.819     
     15.0000     10.0000        2.768     
     15.0000     11.2500        2.721     
     15.0000     12.5000        2.678     
     15.0000     13.7500        2.638     
     15.0000     15.0000        2.601     
     15.0000     16.2500        2.572     
     15.0000     17.5000        0.000     
     15.0000     18.7500        0.000     

     15.9375    -20.0000        0.000     
     15.9375    -18.7500        0.000     
     15.9375    -17.5000        0.000     
     15.9375    -16.2500        5.973     
     15.9375    -15.0000        5.965     
     15.9375    -13.7500        5.949     
     15.9375    -12.5000        5.931     
     15.9375    -11.2500        5.912     
     15.9375    -10.0000        5.896     
     15.9375     -8.7500        5.874     
     15.9375     -7.5000        5.836     
     15.9375     -6.2500        5.756     
     15.9375     -5.0000        5.626     
     15.9375     -3.7500        5.459     
     15.9375     -2.5000        5.271     
     15.9375     -1.2500        5.060     
     15.9375      0.0000        4.808     
     15.9375      1.2500        4.481     
     15.9375      2.5000        4.083     
     15.9375      3.7500        3.703     
     15.9375      5.0000        3.409     
     15.9375      6.2500        3.199     
     15.9375      7.5000        3.038     
     15.9375      8.7500        2.901     
     15.9375     10.0000        2.781     
     15.9375     11.2500        2.676     
     15.9375     12.5000        2.579     
     15.9375     13.7500        2.485     
     15.9375     15.0000        2.402     
     15.9375     16.2500        2.343     
     15.9375     17.5000        0.000     
     15.9375     18.7500        0.000     

     16.8750    -20.0000        0.000     
     16.8750    -18.7500        0.000     
     16.8750    -17.5000        0.000     
     16.8750    -16.2500       0.1355     
     16.8750    -15.0000       0.7713E-001
     16.8750    -13.7500        6.271     
     16.8750    -12.5000        6.154     
     16.8750    -11.2500        6.016     
     16.8750    -10.0000        5.867     
     16.8750     -8.7500        5.711     
     16.8750     -7.5000        5.549     
     16.8750     -6.2500        5.378     
     16.8750     -5.0000        5.219     
     16.8750     -3.7500        5.091     
     16.8750     -2.5000        4.990     
     16.8750     -1.2500        4.901     
     16.8750      0.0000        4.808     
     16.8750      1.2500        4.691     
     16.8750      2.5000        4.529     
     16.8750      3.7500        4.300     
     16.8750      5.0000        3.991     
     16.8750      6.2500        3.639     
     16.8750      7.5000        3.313     
     16.8750      8.7500        3.036     
     16.8750     10.0000        2.803     
     16.8750     11.2500        2.605     
     16.8750     12.5000        2.427     
     16.8750     13.7500        2.262     
     16.8750     15.0000        2.126     
     16.8750     16.2500        2.040     
     16.8750     17.5000        0.000     
     16.8750     18.7500        0.000     

     17.8125    -20.0000        0.000     
     17.8125    -18.7500        0.000     
     17.8125    -17.5000        0.000     
     17.8125    -16.2500        1.053     
     17.8125    -15.0000        1.052     
     17.8125    -13.7500        1.077     
     17.8125    -12.5000        1.119     
     17.8125    -11.2500        1.103     
     17.8125    -10.0000        5.047     
     17.8125     -8.7500        4.691     
     17.8125     -7.5000        4.699     
     17.8125     -6.2500        4.733     
     17.8125     -5.0000        4.768     
     17.8125     -3.7500        4.795     
     17.8125     -2.5000        4.810     
     17.8125     -1.2500        4.815     
     17.8125      0.0000        4.808     
     17.8125      1.2500        4.784     
     17.8125      2.5000        4.741     
     17.8125      3.7500        4.673     
     17.8125      5.0000        4.564     
     17.8125      6.2500        4.389     
     17.8125      7.5000        4.111     
     17.8125      8.7500        3.636     
     17.8125     10.0000        2.914     
     17.8125     11.2500        2.290     
     17.8125     12.5000        1.899     
     17.8125     13.7500        1.650     
     17.8125     15.0000        1.507     
     17.8125     16.2500        1.445     
     17.8125     17.5000        0.000     
     17.8125     18.7500        0.000     

     18.7500    -20.0000        0.000     
     18.7500    -18.7500        0.000     
     18.7500    -17.5000        0.000     
     18.7500    -16.2500        1.859     
     18.7500    -15.0000        1.948     
     18.7500    -13.7500        2.106     
     18.7500    -12.5000        2.313     
     18.7500    -11.2500        2.548     
     18.7500    -10.0000        2.821     
     18.7500     -8.7500        3.147     
     18.7500     -7.5000        3.519     
     18.7500     -6.2500        3.898     
     18.7500     -5.0000        4.228     
     18.7500     -3.7500        4.466     
     18.7500     -2.5000        4.625     
     18.7500     -1.2500        4.733     
     18.7500      0.0000        4.808     
     18.7500      1.2500        4.863     
     18.7500      2.5000        4.914     
     18.7500      3.7500        4.970     
     18.7500      5.0000        5.047     
     18.7500      6.2500        5.163     
     18.7500      7.5000        5.330     
     18.7500      8.7500        5.553     
     18.7500     10.0000        5.834     
     18.7500     11.2500        6.133     
     18.7500     12.5000       0.9784E-001
     18.7500     13.7500       0.2666     
     18.7500     15.0000       0.3736     
     18.7500     16.2500       0.4410     
     18.7500     17.5000        0.000     
     18.7500     18.7500        0.000     

     19.6875    -20.0000        0.000     
     19.6875    -18.7500        0.000     
     19.6875    -17.5000        0.000     
     19.6875    -16.2500        2.239     
     19.6875    -15.0000        2.309     
     19.6875    -13.7500        2.412     
     19.6875    -12.5000        2.530     
     19.6875    -11.2500        2.654     
     19.6875    -10.0000        2.788     
     19.6875     -8.7500        2.943     
     19.6875     -7.5000        3.126     
     19.6875     -6.2500        3.348     
     19.6875     -5.0000        3.636     
     19.6875     -3.7500        3.978     
     19.6875     -2.5000        4.317     
     19.6875     -1.2500        4.596     
     19.6875      0.0000        4.808     
     19.6875      1.2500        4.977     
     19.6875      2.5000        5.134     
     19.6875      3.7500        5.296     
     19.6875      5.0000        5.464     
     19.6875      6.2500        5.624     
     19.6875      7.5000        5.746     
     19.6875      8.7500        5.827     
     19.6875     10.0000        5.887     
     19.6875     11.2500        5.941     
     19.6875     12.5000        5.994     
     19.6875     13.7500        6.045     
     19.6875     15.0000        6.087     
     19.6875     16.2500        6.115     
     19.6875     17.5000        0.000     
     19.6875     18.7500        0.000     

     20.6250    -20.0000        0.000     
     20.6250    -18.7500        0.000     
     20.6250    -17.5000        0.000     
     20.6250    -16.2500        2.482     
     20.6250    -15.0000        2.523     
     20.6250    -13.7500        2.579     
     20.6250    -12.5000        2.640     
     20.6250    -11.2500        2.704     
     20.6250    -10.0000        2.773     
     20.6250     -8.7500        2.850     
     20.6250     -7.5000        2.932     
     20.6250     -6.2500        3.011     
     20.6250     -5.0000        3.098     
     20.6250     -3.7500        3.219     
     20.6250     -2.5000        3.445     
     20.6250     -1.2500        3.960     
     20.6250      0.0000        4.807     
     20.6250      1.2500        5.351     
     20.6250      2.5000        5.617     
     20.6250      3.7500        5.775     
     20.6250      5.0000        5.874     
     20.6250      6.2500        5.930     
     20.6250      7.5000        5.944     
     20.6250      8.7500        5.929     
     20.6250     10.0000        5.905     
     20.6250     11.2500        5.881     
     20.6250     12.5000        5.860     
     20.6250     13.7500        5.841     
     20.6250     15.0000        5.823     
     20.6250     16.2500        5.808     
     20.6250     17.5000        0.000     
     20.6250     18.7500        0.000     

     21.5625    -20.0000        0.000     
     21.5625    -18.7500        0.000     
     21.5625    -17.5000        0.000     
     21.5625    -16.2500        2.717     
     21.5625    -15.0000        2.725     
     21.5625    -13.7500        2.732     
     21.5625    -12.5000        2.740     
     21.5625    -11.2500        2.749     
     21.5625    -10.0000        2.760     
     21.5625     -8.7500        2.771     
     21.5625     -7.5000        2.769     
     21.5625     -6.2500        2.732     
     21.5625     -5.0000        2.649     
     21.5625     -3.7500        2.517     
     21.5625     -2.5000        2.333     
     21.5625     -1.2500        2.069     
     21.5625      0.0000        1.666     
     21.5625      1.2500        1.088     
     21.5625      2.5000       0.5613     
     21.5625      3.7500       0.2432     
     21.5625      5.0000       0.5583E-001
     21.5625      6.2500        6.212     
     21.5625      7.5000        6.107     
     21.5625      8.7500        6.008     
     21.5625     10.0000        5.917     
     21.5625     11.2500        5.837     
     21.5625     12.5000        5.762     
     21.5625     13.7500        5.690     
     21.5625     15.0000        5.626     
     21.5625     16.2500        5.578     
     21.5625     17.5000        0.000     
     21.5625     18.7500        0.000     

     22.5000    -20.0000        0.000     
     22.5000    -18.7500        0.000     
     22.5000    -17.5000        0.000     
     22.5000    -16.2500        3.059     
     22.5000    -15.0000        3.021     
     22.5000    -13.7500        2.963     
     22.5000    -12.5000        2.894     
     22.5000    -11.2500        2.819     
     22.5000    -10.0000        2.740     
     22.5000     -8.7500        2.655     
     22.5000     -7.5000        2.550     
     22.5000     -6.2500        2.408     
     22.5000     -5.0000        2.242     
     22.5000     -3.7500        2.082     
     22.5000     -2.5000        1.939     
     22.5000     -1.2500        1.806     
     22.5000      0.0000        1.666     
     22.5000      1.2500        1.492     
     22.5000      2.5000        1.259     
     22.5000      3.7500       0.9555     
     22.5000      5.0000       0.6112     
     22.5000      6.2500       0.2928     
     22.5000      7.5000       0.3647E-001
     22.5000      8.7500        6.110     
     22.5000     10.0000        5.934     
     22.5000     11.2500        5.782     
     22.5000     12.5000        5.643     
     22.5000     13.7500        5.511     
     22.5000     15.0000        5.397     
     22.5000     16.2500        5.321     
     22.5000     17.5000        0.000     
     22.5000     18.7500        0.000     

     23.4375    -20.0000        0.000     
     23.4375    -18.7500        0.000     
     23.4375    -17.5000        0.000     
     23.4375    -16.2500        3.771     
     23.4375    -15.0000        3.715     
     23.4375    -13.7500        3.621     
     23.4375    -12.5000        3.450     
     23.4375    -11.2500        3.122     
     23.4375    -10.0000        2.656     
     23.4375     -8.7500        2.263     
     23.4375     -7.5000        2.028     
     23.4375     -6.2500        1.893     
     23.4375     -5.0000        1.816     
     23.4375     -3.7500        1.770     
     23.4375     -2.5000        1.737     
     23.4375     -1.2500        1.705     
     23.4375      0.0000        1.666     
     23.4375      1.2500        1.610     
     23.4375      2.5000        1.525     
     23.4375      3.7500        1.398     
     23.4375      5.0000        1.202     
     23.4375      6.2500       0.9091     
     23.4375      7.5000       0.5265     
     23.4375      8.7500       0.9801E-001
     23.4375     10.0000        5.977     
     23.4375     11.2500        5.643     
     23.4375     12.5000        5.366     
     23.4375     13.7500        5.136     
     23.4375     15.0000        4.972     
     23.4375     16.2500        4.885     
     23.4375     17.5000        0.000     
     23.4375     18.7500        0.000     

     24.3750    -20.0000        0.000     
     24.3750    -18.7500        0.000     
     24.3750    -17.5000        0.000     
     24.3750    -16.2500        4.749     
     24.3750    -15.0000        4.826     
     24.3750    -13.7500        4.989     
     24.3750    -12.5000        5.238     
     24.3750    -11.2500        5.569     
     24.3750    -10.0000        6.003     
     24.3750     -8.7500       0.2432     
     24.3750     -7.5000       0.7213     
     24.3750     -6.2500        1.074     
     24.3750     -5.0000        1.314     
     24.3750     -3.7500        1.466     
     24.3750     -2.5000        1.564     
     24.3750     -1.2500        1.627     
     24.3750      0.0000        1.666     
     24.3750      1.2500        1.689     
     24.3750      2.5000        1.702     
     24.3750      3.7500        1.712     
     24.3750      5.0000        1.723     
     24.3750      6.2500        1.750     
     24.3750      7.5000        1.819     
     24.3750      8.7500        2.007     
     24.3750     10.0000        2.561     
     24.3750     11.2500        3.424     
     24.3750     12.5000        3.787     
     24.3750     13.7500        3.898     
     24.3750     15.0000        3.945     
     24.3750     16.2500        3.980     
     24.3750     17.5000        0.000     
     24.3750     18.7500        0.000     

     25.3125    -20.0000        0.000     
     25.3125    -18.7500        0.000     
     25.3125    -17.5000        0.000     
     25.3125    -16.2500        5.256     
     25.3125    -15.0000        5.337     
     25.3125    -13.7500        5.462     
     25.3125    -12.5000        5.609     
     25.3125    -11.2500        5.766     
     25.3125    -10.0000        5.938     
     25.3125     -8.7500        6.140     
     25.3125     -7.5000       0.9803E-001
     25.3125     -6.2500       0.3890     
     25.3125     -5.0000       0.7303     
     25.3125     -3.7500        1.062     
     25.3125     -2.5000        1.328     
     25.3125     -1.2500        1.523     
     25.3125      0.0000        1.666     
     25.3125      1.2500        1.781     
     25.3125      2.5000        1.891     
     25.3125      3.7500        2.014     
     25.3125      5.0000        2.160     
     25.3125      6.2500        2.327     
     25.3125      7.5000        2.485     
     25.3125      8.7500        2.618     
     25.3125     10.0000        2.734     
     25.3125     11.2500        2.843     
     25.3125     12.5000        2.945     
     25.3125     13.7500        3.037     
     25.3125     15.0000        3.110     
     25.3125     16.2500        3.159     
     25.3125     17.5000        0.000     
     25.3125     18.7500        0.000     

     26.2500    -20.0000        0.000     
     26.2500    -18.7500        0.000     
     26.2500    -17.5000        0.000     
     26.2500    -16.2500        5.533     
     26.2500    -15.0000        5.586     
     26.2500    -13.7500        5.659     
     26.2500    -12.5000        5.742     
     26.2500    -11.2500        5.827     
     26.2500    -10.0000        5.920     
     26.2500     -8.7500        6.025     
     26.2500     -7.5000        6.142     
     26.2500     -6.2500        6.274     
     26.2500     -5.0000       0.1599     
     26.2500     -3.7500       0.4057     
     26.2500     -2.5000       0.7742     
     26.2500     -1.2500        1.242     
     26.2500      0.0000        1.666     
     26.2500      1.2500        1.981     
     26.2500      2.5000        2.220     
     26.2500      3.7500        2.412     
     26.2500      5.0000        2.566     
     26.2500      6.2500        2.675     
     26.2500      7.5000        2.733     
     26.2500      8.7500        2.753     
     26.2500     10.0000        2.757     
     26.2500     11.2500        2.759     
     26.2500     12.5000        2.763     
     26.2500     13.7500        2.768     
     26.2500     15.0000        2.772     
     26.2500     16.2500        2.772     
     26.2500     17.5000        0.000     
     26.2500     18.7500        0.000     

     27.1875    -20.0000        0.000     
     27.1875    -18.7500        0.000     
     27.1875    -17.5000        0.000     
     27.1875    -16.2500        5.760     
     27.1875    -15.0000        5.782     
     27.1875    -13.7500        5.810     
     27.1875    -12.5000        5.839     
     27.1875    -11.2500        5.871     
     27.1875    -10.0000        5.907     
     27.1875     -8.7500        5.945     
     27.1875     -7.5000        5.977     
     27.1875     -6.2500        5.985     
     27.1875     -5.0000        5.961     
     27.1875     -3.7500        5.904     
     27.1875     -2.5000        5.802     
     27.1875     -1.2500        5.589     
     27.1875      0.0000        4.809     
     27.1875      1.2500        3.483     
     27.1875      2.5000        3.162     
     27.1875      3.7500        3.058     
     27.1875      5.0000        3.001     
     27.1875      6.2500        2.954     
     27.1875      7.5000        2.899     
     27.1875      8.7500        2.835     
     27.1875     10.0000        2.771     
     27.1875     11.2500        2.712     
     27.1875     12.5000        2.659     
     27.1875     13.7500        2.608     
     27.1875     15.0000        2.562     
     27.1875     16.2500        2.526     
     27.1875     17.5000        0.000     
     27.1875     18.7500        0.000     

     28.1250    -20.0000        0.000     
     28.1250    -18.7500        0.000     
     28.1250    -17.5000        0.000     
     28.1250    -16.2500        6.040     
     28.1250    -15.0000        6.022     
     28.1250    -13.7500        5.994     
     28.1250    -12.5000        5.960     
     28.1250    -11.2500        5.926     
     28.1250    -10.0000        5.892     
     28.1250     -8.7500        5.852     
     28.1250     -7.5000        5.794     
     28.1250     -6.2500        5.692     
     28.1250     -5.0000        5.545     
     28.1250     -3.7500        5.374     
     28.1250     -2.5000        5.197     
     28.1250     -1.2500        5.013     
     28.1250      0.0000        4.808     
     28.1250      1.2500        4.547     
     28.1250      2.5000        4.214     
     28.1250      3.7500        3.847     
     28.1250      5.0000        3.521     
     28.1250      6.2500        3.270     
     28.1250      7.5000        3.079     
     28.1250      8.7500        2.921     
     28.1250     10.0000        2.784     
     28.1250     11.2500        2.665     
     28.1250     12.5000        2.555     
     28.1250     13.7500        2.450     
     28.1250     15.0000        2.357     
     28.1250     16.2500        2.292     
     28.1250     17.5000        0.000     
     28.1250     18.7500        0.000     

     29.0625    -20.0000        0.000     
     29.0625    -18.7500        0.000     
     29.0625    -17.5000        0.000     
     29.0625    -16.2500       0.2755     
     29.0625    -15.0000       0.2100     
     29.0625    -13.7500       0.1073     
     29.0625    -12.5000        6.246     
     29.0625    -11.2500        6.061     
     29.0625    -10.0000        5.854     
     29.0625     -8.7500        5.647     
     29.0625     -7.5000        5.453     
     29.0625     -6.2500        5.277     
     29.0625     -5.0000        5.135     
     29.0625     -3.7500        5.030     
     29.0625     -2.5000        4.951     
     29.0625     -1.2500        4.881     
     29.0625      0.0000        4.808     
     29.0625      1.2500        4.713     
     29.0625      2.5000        4.580     
     29.0625      3.7500        4.387     
     29.0625      5.0000        4.111     
     29.0625      6.2500        3.761     
     29.0625      7.5000        3.404     
     29.0625      8.7500        3.083     
     29.0625     10.0000        2.810     
     29.0625     11.2500        2.581     
     29.0625     12.5000        2.377     
     29.0625     13.7500        2.193     
     29.0625     15.0000        2.045     
     29.0625     16.2500        1.956     
     29.0625     17.5000        0.000     
     29.0625     18.7500        0.000     

