    -30.0000    -20.0000        0.000     
    -30.0000    -18.7500        0.000     
    -30.0000    -17.5000        0.000     
    -30.0000    -16.2500        6.244     
    -30.0000    -15.0000        6.243     
    -30.0000    -13.7500        6.242     
    -30.0000    -12.5000        6.238     
    -30.0000    -11.2500        6.231     
    -30.0000    -10.0000        6.228     
    -30.0000     -8.7500        6.249     
    -30.0000     -7.5000       0.4743E-001
    -30.0000     -6.2500       0.2250     
    -30.0000     -5.0000       0.4935     
    -30.0000     -3.7500       0.7724     
    -30.0000     -2.5000       0.9841     
    -30.0000     -1.2500        1.107     
    -30.0000      0.0000        1.146     
    -30.0000      1.2500        1.107     
    -30.0000      2.5000       0.9841     
    -30.0000      3.7500       0.7724     
    -30.0000      5.0000       0.4935     
    -30.0000      6.2500       0.2250     
    -30.0000      7.5000       0.4743E-001
    -30.0000      8.7500        6.249     
    -30.0000     10.0000        6.228     
    -30.0000     11.2500        6.231     
    -30.0000     12.5000        6.238     
    -30.0000     13.7500        6.242     
    -30.0000     15.0000        6.243     
    -30.0000     16.2500        6.244     
    -30.0000     17.5000        0.000     
    -30.0000     18.7500        0.000     

    -29.0625    -20.0000        0.000     
    -29.0625    -18.7500        0.000     
    -29.0625    -17.5000        0.000     
    -29.0625    -16.2500        6.059     
    -29.0625    -15.0000        6.059     
    -29.0625    -13.7500        6.056     
    -29.0625    -12.5000        6.050     
    -29.0625    -11.2500        6.040     
    -29.0625    -10.0000        6.027     
    -29.0625     -8.7500        6.018     
    -29.0625     -7.5000        6.036     
    -29.0625     -6.2500        6.109     
    -29.0625     -5.0000        6.272     
    -29.0625     -3.7500       0.2575     
    -29.0625     -2.5000       0.6026     
    -29.0625     -1.2500       0.9252     
    -29.0625      0.0000        1.146     
    -29.0625      1.2500        1.267     
    -29.0625      2.5000        1.309     
    -29.0625      3.7500        1.280     
    -29.0625      5.0000        1.174     
    -29.0625      6.2500       0.9780     
    -29.0625      7.5000       0.7303     
    -29.0625      8.7500       0.5403     
    -29.0625     10.0000       0.4521     
    -29.0625     11.2500       0.4329     
    -29.0625     12.5000       0.4369     
    -29.0625     13.7500       0.4410     
    -29.0625     15.0000       0.4458     
    -29.0625     16.2500       0.4603     
    -29.0625     17.5000        0.000     
    -29.0625     18.7500        0.000     

    -28.1250    -20.0000        0.000     
    -28.1250    -18.7500        0.000     
    -28.1250    -17.5000        0.000     
    -28.1250    -16.2500        5.926     
    -28.1250    -15.0000        5.924     
    -28.1250    -13.7500        5.920     
    -28.1250    -12.5000        5.911     
    -28.1250    -11.2500        5.899     
    -28.1250    -10.0000        5.879     
    -28.1250     -8.7500        5.853     
    -28.1250     -7.5000        5.832     
    -28.1250     -6.2500        5.840     
    -28.1250     -5.0000        5.899     
    -28.1250     -3.7500        6.041     
    -28.1250     -2.5000       0.4795E-001
    -28.1250     -1.2500       0.5755     
    -28.1250      0.0000        1.146     
    -28.1250      1.2500        1.493     
    -28.1250      2.5000        1.673     
    -28.1250      3.7500        1.766     
    -28.1250      5.0000        1.813     
    -28.1250      6.2500        1.835     
    -28.1250      7.5000        1.838     
    -28.1250      8.7500        1.844     
    -28.1250     10.0000        1.858     
    -28.1250     11.2500        1.879     
    -28.1250     12.5000        1.897     
    -28.1250     13.7500        1.919     
    -28.1250     15.0000        1.942     
    -28.1250     16.2500        1.974     
    -28.1250     17.5000        0.000     
    -28.1250     18.7500        0.000     

    -27.1875    -20.0000        0.000     
    -27.1875    -18.7500        0.000     
    -27.1875    -17.5000        0.000     
    -27.1875    -16.2500        5.769     
    -27.1875    -15.0000        5.764     
    -27.1875    -13.7500        5.756     
    -27.1875    -12.5000        5.744     
    -27.1875    -11.2500        5.730     
    -27.1875    -10.0000        5.704     
    -27.1875     -8.7500        5.663     
    -27.1875     -7.5000        5.615     
    -27.1875     -6.2500        5.577     
    -27.1875     -5.0000        5.558     
    -27.1875     -3.7500        5.563     
    -27.1875     -2.5000        5.601     
    -27.1875     -1.2500        5.747     
    -27.1875      0.0000        1.146     
    -27.1875      1.2500        2.077     
    -27.1875      2.5000        2.189     
    -27.1875      3.7500        2.235     
    -27.1875      5.0000        2.268     
    -27.1875      6.2500        2.308     
    -27.1875      7.5000        2.357     
    -27.1875      8.7500        2.413     
    -27.1875     10.0000        2.458     
    -27.1875     11.2500        2.487     
    -27.1875     12.5000        2.502     
    -27.1875     13.7500        2.516     
    -27.1875     15.0000        2.526     
    -27.1875     16.2500        2.534     
    -27.1875     17.5000        0.000     
    -27.1875     18.7500        0.000     

    -26.2500    -20.0000        0.000     
    -26.2500    -18.7500        0.000     
    -26.2500    -17.5000        0.000     
    -26.2500    -16.2500        5.439     
    -26.2500    -15.0000        5.421     
    -26.2500    -13.7500        5.404     
    -26.2500    -12.5000        5.387     
    -26.2500    -11.2500        5.368     
    -26.2500    -10.0000        5.339     
    -26.2500     -8.7500        5.296     
    -26.2500     -7.5000        5.247     
    -26.2500     -6.2500        5.203     
    -26.2500     -5.0000        5.156     
    -26.2500     -3.7500        5.096     
    -26.2500     -2.5000        4.995     
    -26.2500     -1.2500        4.788     
    -26.2500      0.0000        4.288     
    -26.2500      1.2500        3.416     
    -26.2500      2.5000        2.905     
    -26.2500      3.7500        2.706     
    -26.2500      5.0000        2.622     
    -26.2500      6.2500        2.598     
    -26.2500      7.5000        2.610     
    -26.2500      8.7500        2.643     
    -26.2500     10.0000        2.675     
    -26.2500     11.2500        2.698     
    -26.2500     12.5000        2.710     
    -26.2500     13.7500        2.720     
    -26.2500     15.0000        2.726     
    -26.2500     16.2500        2.728     
    -26.2500     17.5000        0.000     
    -26.2500     18.7500        0.000     

    -25.3125    -20.0000        0.000     
    -25.3125    -18.7500        0.000     
    -25.3125    -17.5000        0.000     
    -25.3125    -16.2500        4.146     
    -25.3125    -15.0000        4.111     
    -25.3125    -13.7500        4.093     
    -25.3125    -12.5000        4.082     
    -25.3125    -11.2500        4.074     
    -25.3125    -10.0000        4.096     
    -25.3125     -8.7500        4.187     
    -25.3125     -7.5000        4.344     
    -25.3125     -6.2500        4.500     
    -25.3125     -5.0000        4.592     
    -25.3125     -3.7500        4.618     
    -25.3125     -2.5000        4.586     
    -25.3125     -1.2500        4.483     
    -25.3125      0.0000        4.288     
    -25.3125      1.2500        3.964     
    -25.3125      2.5000        3.550     
    -25.3125      3.7500        3.196     
    -25.3125      5.0000        2.971     
    -25.3125      6.2500        2.853     
    -25.3125      7.5000        2.809     
    -25.3125      8.7500        2.808     
    -25.3125     10.0000        2.825     
    -25.3125     11.2500        2.841     
    -25.3125     12.5000        2.851     
    -25.3125     13.7500        2.859     
    -25.3125     15.0000        2.862     
    -25.3125     16.2500        2.862     
    -25.3125     17.5000        0.000     
    -25.3125     18.7500        0.000     

    -24.3750    -20.0000        0.000     
    -24.3750    -18.7500        0.000     
    -24.3750    -17.5000        0.000     
    -24.3750    -16.2500        3.228     
    -24.3750    -15.0000        3.226     
    -24.3750    -13.7500        3.225     
    -24.3750    -12.5000        3.222     
    -24.3750    -11.2500        3.216     
    -24.3750    -10.0000        3.220     
    -24.3750     -8.7500        3.262     
    -24.3750     -7.5000        3.385     
    -24.3750     -6.2500        3.613     
    -24.3750     -5.0000        3.892     
    -24.3750     -3.7500        4.119     
    -24.3750     -2.5000        4.257     
    -24.3750     -1.2500        4.311     
    -24.3750      0.0000        4.288     
    -24.3750      1.2500        4.183     
    -24.3750      2.5000        3.986     
    -24.3750      3.7500        3.708     
    -24.3750      5.0000        3.411     
    -24.3750      6.2500        3.179     
    -24.3750      7.5000        3.049     
    -24.3750      8.7500        2.999     
    -24.3750     10.0000        2.992     
    -24.3750     11.2500        3.000     
    -24.3750     12.5000        3.008     
    -24.3750     13.7500        3.013     
    -24.3750     15.0000        3.015     
    -24.3750     16.2500        3.014     
    -24.3750     17.5000        0.000     
    -24.3750     18.7500        0.000     

    -23.4375    -20.0000        0.000     
    -23.4375    -18.7500        0.000     
    -23.4375    -17.5000        0.000     
    -23.4375    -16.2500        2.979     
    -23.4375    -15.0000        2.979     
    -23.4375    -13.7500        2.977     
    -23.4375    -12.5000        2.972     
    -23.4375    -11.2500        2.963     
    -23.4375    -10.0000        2.953     
    -23.4375     -8.7500        2.954     
    -23.4375     -7.5000        2.992     
    -23.4375     -6.2500        3.102     
    -23.4375     -5.0000        3.310     
    -23.4375     -3.7500        3.604     
    -23.4375     -2.5000        3.910     
    -23.4375     -1.2500        4.148     
    -23.4375      0.0000        4.288     
    -23.4375      1.2500        4.342     
    -23.4375      2.5000        4.321     
    -23.4375      3.7500        4.221     
    -23.4375      5.0000        4.030     
    -23.4375      6.2500        3.765     
    -23.4375      7.5000        3.516     
    -23.4375      8.7500        3.368     
    -23.4375     10.0000        3.312     
    -23.4375     11.2500        3.304     
    -23.4375     12.5000        3.309     
    -23.4375     13.7500        3.312     
    -23.4375     15.0000        3.313     
    -23.4375     16.2500        3.318     
    -23.4375     17.5000        0.000     
    -23.4375     18.7500        0.000     

    -22.5000    -20.0000        0.000     
    -22.5000    -18.7500        0.000     
    -22.5000    -17.5000        0.000     
    -22.5000    -16.2500        2.836     
    -22.5000    -15.0000        2.836     
    -22.5000    -13.7500        2.832     
    -22.5000    -12.5000        2.824     
    -22.5000    -11.2500        2.813     
    -22.5000    -10.0000        2.796     
    -22.5000     -8.7500        2.776     
    -22.5000     -7.5000        2.769     
    -22.5000     -6.2500        2.800     
    -22.5000     -5.0000        2.898     
    -22.5000     -3.7500        3.096     
    -22.5000     -2.5000        3.439     
    -22.5000     -1.2500        3.898     
    -22.5000      0.0000        4.288     
    -22.5000      1.2500        4.527     
    -22.5000      2.5000        4.657     
    -22.5000      3.7500        4.716     
    -22.5000      5.0000        4.721     
    -22.5000      6.2500        4.677     
    -22.5000      7.5000        4.584     
    -22.5000      8.7500        4.484     
    -22.5000     10.0000        4.424     
    -22.5000     11.2500        4.415     
    -22.5000     12.5000        4.427     
    -22.5000     13.7500        4.445     
    -22.5000     15.0000        4.469     
    -22.5000     16.2500        4.512     
    -22.5000     17.5000        0.000     
    -22.5000     18.7500        0.000     

    -21.5625    -20.0000        0.000     
    -21.5625    -18.7500        0.000     
    -21.5625    -17.5000        0.000     
    -21.5625    -16.2500        2.698     
    -21.5625    -15.0000        2.695     
    -21.5625    -13.7500        2.688     
    -21.5625    -12.5000        2.678     
    -21.5625    -11.2500        2.665     
    -21.5625    -10.0000        2.641     
    -21.5625     -8.7500        2.606     
    -21.5625     -7.5000        2.568     
    -21.5625     -6.2500        2.546     
    -21.5625     -5.0000        2.555     
    -21.5625     -3.7500        2.610     
    -21.5625     -2.5000        2.756     
    -21.5625     -1.2500        3.192     
    -21.5625      0.0000        4.288     
    -21.5625      1.2500        4.896     
    -21.5625      2.5000        5.097     
    -21.5625      3.7500        5.189     
    -21.5625      5.0000        5.246     
    -21.5625      6.2500        5.295     
    -21.5625      7.5000        5.346     
    -21.5625      8.7500        5.401     
    -21.5625     10.0000        5.447     
    -21.5625     11.2500        5.478     
    -21.5625     12.5000        5.495     
    -21.5625     13.7500        5.511     
    -21.5625     15.0000        5.525     
    -21.5625     16.2500        5.538     
    -21.5625     17.5000        0.000     
    -21.5625     18.7500        0.000     

    -20.6250    -20.0000        0.000     
    -20.6250    -18.7500        0.000     
    -20.6250    -17.5000        0.000     
    -20.6250    -16.2500        2.473     
    -20.6250    -15.0000        2.463     
    -20.6250    -13.7500        2.451     
    -20.6250    -12.5000        2.436     
    -20.6250    -11.2500        2.420     
    -20.6250    -10.0000        2.391     
    -20.6250     -8.7500        2.344     
    -20.6250     -7.5000        2.287     
    -20.6250     -6.2500        2.235     
    -20.6250     -5.0000        2.189     
    -20.6250     -3.7500        2.141     
    -20.6250     -2.5000        2.068     
    -20.6250     -1.2500        1.893     
    -20.6250      0.0000        1.147     
    -20.6250      1.2500        6.055     
    -20.6250      2.5000        5.747     
    -20.6250      3.7500        5.657     
    -20.6250      5.0000        5.628     
    -20.6250      6.2500        5.634     
    -20.6250      7.5000        5.664     
    -20.6250      8.7500        5.707     
    -20.6250     10.0000        5.745     
    -20.6250     11.2500        5.770     
    -20.6250     12.5000        5.784     
    -20.6250     13.7500        5.795     
    -20.6250     15.0000        5.802     
    -20.6250     16.2500        5.806     
    -20.6250     17.5000        0.000     
    -20.6250     18.7500        0.000     

    -19.6875    -20.0000        0.000     
    -19.6875    -18.7500        0.000     
    -19.6875    -17.5000        0.000     
    -19.6875    -16.2500        1.711     
    -19.6875    -15.0000        1.671     
    -19.6875    -13.7500        1.644     
    -19.6875    -12.5000        1.624     
    -19.6875    -11.2500        1.607     
    -19.6875    -10.0000        1.599     
    -19.6875     -8.7500        1.617     
    -19.6875     -7.5000        1.658     
    -19.6875     -6.2500        1.694     
    -19.6875     -5.0000        1.700     
    -19.6875     -3.7500        1.670     
    -19.6875     -2.5000        1.592     
    -19.6875     -1.2500        1.435     
    -19.6875      0.0000        1.146     
    -19.6875      1.2500       0.6761     
    -19.6875      2.5000       0.1777     
    -19.6875      3.7500        6.139     
    -19.6875      5.0000        5.968     
    -19.6875      6.2500        5.890     
    -19.6875      7.5000        5.871     
    -19.6875      8.7500        5.885     
    -19.6875     10.0000        5.908     
    -19.6875     11.2500        5.927     
    -19.6875     12.5000        5.938     
    -19.6875     13.7500        5.947     
    -19.6875     15.0000        5.951     
    -19.6875     16.2500        5.952     
    -19.6875     17.5000        0.000     
    -19.6875     18.7500        0.000     

    -18.7500    -20.0000        0.000     
    -18.7500    -18.7500        0.000     
    -18.7500    -17.5000        0.000     
    -18.7500    -16.2500       0.2949     
    -18.7500    -15.0000       0.2874     
    -18.7500    -13.7500       0.2847     
    -18.7500    -12.5000       0.2817     
    -18.7500    -11.2500       0.2771     
    -18.7500    -10.0000       0.2909     
    -18.7500     -8.7500       0.3628     
    -18.7500     -7.5000       0.5351     
    -18.7500     -6.2500       0.7931     
    -18.7500     -5.0000        1.031     
    -18.7500     -3.7500        1.180     
    -18.7500     -2.5000        1.244     
    -18.7500     -1.2500        1.233     
    -18.7500      0.0000        1.146     
    -18.7500      1.2500       0.9676     
    -18.7500      2.5000       0.6887     
    -18.7500      3.7500       0.3599     
    -18.7500      5.0000       0.7557E-001
    -18.7500      6.2500        6.173     
    -18.7500      7.5000        6.082     
    -18.7500      8.7500        6.055     
    -18.7500     10.0000        6.059     
    -18.7500     11.2500        6.071     
    -18.7500     12.5000        6.080     
    -18.7500     13.7500        6.086     
    -18.7500     15.0000        6.089     
    -18.7500     16.2500        6.088     
    -18.7500     17.5000        0.000     
    -18.7500     18.7500        0.000     

    -17.8125    -20.0000        0.000     
    -17.8125    -18.7500        0.000     
    -17.8125    -17.5000        0.000     
    -17.8125    -16.2500        6.197     
    -17.8125    -15.0000        6.197     
    -17.8125    -13.7500        6.195     
    -17.8125    -12.5000        6.191     
    -17.8125    -11.2500        6.183     
    -17.8125    -10.0000        6.177     
    -17.8125     -8.7500        6.191     
    -17.8125     -7.5000        6.256     
    -17.8125     -6.2500       0.1252     
    -17.8125     -5.0000       0.3770     
    -17.8125     -3.7500       0.6693     
    -17.8125     -2.5000       0.9157     
    -17.8125     -1.2500        1.075     
    -17.8125      0.0000        1.146     
    -17.8125      1.2500        1.138     
    -17.8125      2.5000        1.050     
    -17.8125      3.7500       0.8753     
    -17.8125      5.0000       0.6182     
    -17.8125      6.2500       0.3397     
    -17.8125      7.5000       0.1362     
    -17.8125      8.7500       0.3567E-001
    -17.8125     10.0000       0.4586E-002
    -17.8125     11.2500       0.4446E-002
    -17.8125     12.5000       0.1107E-001
    -17.8125     13.7500       0.1498E-001
    -17.8125     15.0000       0.1582E-001
    -17.8125     16.2500       0.1687E-001
    -17.8125     17.5000        0.000     
    -17.8125     18.7500        0.000     

    -16.8750    -20.0000        0.000     
    -16.8750    -18.7500        0.000     
    -16.8750    -17.5000        0.000     
    -16.8750    -16.2500        6.031     
    -16.8750    -15.0000        6.031     
    -16.8750    -13.7500        6.028     
    -16.8750    -12.5000        6.021     
    -16.8750    -11.2500        6.011     
    -16.8750    -10.0000        5.996     
    -16.8750     -8.7500        5.983     
    -16.8750     -7.5000        5.992     
    -16.8750     -6.2500        6.050     
    -16.8750     -5.0000        6.190     
    -16.8750     -3.7500       0.1558     
    -16.8750     -2.5000       0.5094     
    -16.8750     -1.2500       0.8773     
    -16.8750      0.0000        1.146     
    -16.8750      1.2500        1.303     
    -16.8750      2.5000        1.375     
    -16.8750      3.7500        1.379     
    -16.8750      5.0000        1.314     
    -16.8750      6.2500        1.170     
    -16.8750      7.5000       0.9575     
    -16.8750      8.7500       0.7688     
    -16.8750     10.0000       0.6701     
    -16.8750     11.2500       0.6471     
    -16.8750     12.5000       0.6516     
    -16.8750     13.7500       0.6581     
    -16.8750     15.0000       0.6677     
    -16.8750     16.2500       0.6921     
    -16.8750     17.5000        0.000     
    -16.8750     18.7500        0.000     

    -15.9375    -20.0000        0.000     
    -15.9375    -18.7500        0.000     
    -15.9375    -17.5000        0.000     
    -15.9375    -16.2500        5.899     
    -15.9375    -15.0000        5.897     
    -15.9375    -13.7500        5.891     
    -15.9375    -12.5000        5.882     
    -15.9375    -11.2500        5.870     
    -15.9375    -10.0000        5.849     
    -15.9375     -8.7500        5.819     
    -15.9375     -7.5000        5.793     
    -15.9375     -6.2500        5.790     
    -15.9375     -5.0000        5.831     
    -15.9375     -3.7500        5.944     
    -15.9375     -2.5000        6.192     
    -15.9375     -1.2500       0.4457     
    -15.9375      0.0000        1.146     
    -15.9375      1.2500        1.562     
    -15.9375      2.5000        1.759     
    -15.9375      3.7500        1.860     
    -15.9375      5.0000        1.917     
    -15.9375      6.2500        1.956     
    -15.9375      7.5000        1.986     
    -15.9375      8.7500        2.020     
    -15.9375     10.0000        2.053     
    -15.9375     11.2500        2.081     
    -15.9375     12.5000        2.099     
    -15.9375     13.7500        2.119     
    -15.9375     15.0000        2.139     
    -15.9375     16.2500        2.162     
    -15.9375     17.5000        0.000     
    -15.9375     18.7500        0.000     

    -15.0000    -20.0000        0.000     
    -15.0000    -18.7500        0.000     
    -15.0000    -17.5000        0.000     
    -15.0000    -16.2500        5.726     
    -15.0000    -15.0000        5.720     
    -15.0000    -13.7500        5.710     
    -15.0000    -12.5000        5.698     
    -15.0000    -11.2500        5.683     
    -15.0000    -10.0000        5.656     
    -15.0000     -8.7500        5.612     
    -15.0000     -7.5000        5.560     
    -15.0000     -6.2500        5.516     
    -15.0000     -5.0000        5.485     
    -15.0000     -3.7500        5.469     
    -15.0000     -2.5000        5.461     
    -15.0000     -1.2500        5.457     
    -15.0000      0.0000        0.000     
    -15.0000      1.2500        2.316     
    -15.0000      2.5000        2.320     
    -15.0000      3.7500        2.328     
    -15.0000      5.0000        2.344     
    -15.0000      6.2500        2.374     
    -15.0000      7.5000        2.419     
    -15.0000      8.7500        2.471     
    -15.0000     10.0000        2.514     
    -15.0000     11.2500        2.542     
    -15.0000     12.5000        2.556     
    -15.0000     13.7500        2.569     
    -15.0000     15.0000        2.578     
    -15.0000     16.2500        2.584     
    -15.0000     17.5000        0.000     
    -15.0000     18.7500        0.000     

    -14.0625    -20.0000        0.000     
    -14.0625    -18.7500        0.000     
    -14.0625    -17.5000        0.000     
    -14.0625    -16.2500        5.304     
    -14.0625    -15.0000        5.281     
    -14.0625    -13.7500        5.260     
    -14.0625    -12.5000        5.241     
    -14.0625    -11.2500        5.222     
    -14.0625    -10.0000        5.195     
    -14.0625     -8.7500        5.161     
    -14.0625     -7.5000        5.127     
    -14.0625     -6.2500        5.097     
    -14.0625     -5.0000        5.059     
    -14.0625     -3.7500        5.002     
    -14.0625     -2.5000        4.901     
    -14.0625     -1.2500        4.703     
    -14.0625      0.0000        4.288     
    -14.0625      1.2500        3.587     
    -14.0625      2.5000        3.051     
    -14.0625      3.7500        2.802     
    -14.0625      5.0000        2.690     
    -14.0625      6.2500        2.648     
    -14.0625      7.5000        2.651     
    -14.0625      8.7500        2.678     
    -14.0625     10.0000        2.707     
    -14.0625     11.2500        2.728     
    -14.0625     12.5000        2.741     
    -14.0625     13.7500        2.750     
    -14.0625     15.0000        2.755     
    -14.0625     16.2500        2.757     
    -14.0625     17.5000        0.000     
    -14.0625     18.7500        0.000     

    -13.1250    -20.0000        0.000     
    -13.1250    -18.7500        0.000     
    -13.1250    -17.5000        0.000     
    -13.1250    -16.2500        3.833     
    -13.1250    -15.0000        3.810     
    -13.1250    -13.7500        3.799     
    -13.1250    -12.5000        3.793     
    -13.1250    -11.2500        3.788     
    -13.1250    -10.0000        3.812     
    -13.1250     -8.7500        3.910     
    -13.1250     -7.5000        4.099     
    -13.1250     -6.2500        4.311     
    -13.1250     -5.0000        4.456     
    -13.1250     -3.7500        4.521     
    -13.1250     -2.5000        4.517     
    -13.1250     -1.2500        4.444     
    -13.1250      0.0000        4.288     
    -13.1250      1.2500        4.019     
    -13.1250      2.5000        3.651     
    -13.1250      3.7500        3.297     
    -13.1250      5.0000        3.049     
    -13.1250      6.2500        2.909     
    -13.1250      7.5000        2.850     
    -13.1250      8.7500        2.842     
    -13.1250     10.0000        2.854     
    -13.1250     11.2500        2.869     
    -13.1250     12.5000        2.879     
    -13.1250     13.7500        2.886     
    -13.1250     15.0000        2.889     
    -13.1250     16.2500        2.889     
    -13.1250     17.5000        0.000     
    -13.1250     18.7500        0.000     

    -12.1875    -20.0000        0.000     
    -12.1875    -18.7500        0.000     
    -12.1875    -17.5000        0.000     
    -12.1875    -16.2500        3.158     
    -12.1875    -15.0000        3.157     
    -12.1875    -13.7500        3.157     
    -12.1875    -12.5000        3.153     
    -12.1875    -11.2500        3.146     
    -12.1875    -10.0000        3.146     
    -12.1875     -8.7500        3.177     
    -12.1875     -7.5000        3.278     
    -12.1875     -6.2500        3.481     
    -12.1875     -5.0000        3.760     
    -12.1875     -3.7500        4.017     
    -12.1875     -2.5000        4.192     
    -12.1875     -1.2500        4.280     
    -12.1875      0.0000        4.288     
    -12.1875      1.2500        4.216     
    -12.1875      2.5000        4.057     
    -12.1875      3.7500        3.811     
    -12.1875      5.0000        3.519     
    -12.1875      6.2500        3.267     
    -12.1875      7.5000        3.114     
    -12.1875      8.7500        3.049     
    -12.1875     10.0000        3.036     
    -12.1875     11.2500        3.041     
    -12.1875     12.5000        3.049     
    -12.1875     13.7500        3.054     
    -12.1875     15.0000        3.055     
    -12.1875     16.2500        3.055     
    -12.1875     17.5000        0.000     
    -12.1875     18.7500        0.000     

    -11.2500    -20.0000        0.000     
    -11.2500    -18.7500        0.000     
    -11.2500    -17.5000        0.000     
    -11.2500    -16.2500        2.947     
    -11.2500    -15.0000        2.947     
    -11.2500    -13.7500        2.945     
    -11.2500    -12.5000        2.939     
    -11.2500    -11.2500        2.929     
    -11.2500    -10.0000        2.918     
    -11.2500     -8.7500        2.914     
    -11.2500     -7.5000        2.941     
    -11.2500     -6.2500        3.032     
    -11.2500     -5.0000        3.217     
    -11.2500     -3.7500        3.502     
    -11.2500     -2.5000        3.830     
    -11.2500     -1.2500        4.109     
    -11.2500      0.0000        4.288     
    -11.2500      1.2500        4.374     
    -11.2500      2.5000        4.385     
    -11.2500      3.7500        4.322     
    -11.2500      5.0000        4.172     
    -11.2500      6.2500        3.935     
    -11.2500      7.5000        3.677     
    -11.2500      8.7500        3.504     
    -11.2500     10.0000        3.432     
    -11.2500     11.2500        3.419     
    -11.2500     12.5000        3.423     
    -11.2500     13.7500        3.426     
    -11.2500     15.0000        3.429     
    -11.2500     16.2500        3.437     
    -11.2500     17.5000        0.000     
    -11.2500     18.7500        0.000     

    -10.3125    -20.0000        0.000     
    -10.3125    -18.7500        0.000     
    -10.3125    -17.5000        0.000     
    -10.3125    -16.2500        2.811     
    -10.3125    -15.0000        2.809     
    -10.3125    -13.7500        2.805     
    -10.3125    -12.5000        2.797     
    -10.3125    -11.2500        2.785     
    -10.3125    -10.0000        2.767     
    -10.3125     -8.7500        2.744     
    -10.3125     -7.5000        2.730     
    -10.3125     -6.2500        2.749     
    -10.3125     -5.0000        2.827     
    -10.3125     -3.7500        2.997     
    -10.3125     -2.5000        3.319     
    -10.3125     -1.2500        3.818     
    -10.3125      0.0000        4.288     
    -10.3125      1.2500        4.577     
    -10.3125      2.5000        4.733     
    -10.3125      3.7500        4.812     
    -10.3125      5.0000        4.842     
    -10.3125      6.2500        4.836     
    -10.3125      7.5000        4.799     
    -10.3125      8.7500        4.759     
    -10.3125     10.0000        4.740     
    -10.3125     11.2500        4.749     
    -10.3125     12.5000        4.765     
    -10.3125     13.7500        4.786     
    -10.3125     15.0000        4.812     
    -10.3125     16.2500        4.853     
    -10.3125     17.5000        0.000     
    -10.3125     18.7500        0.000     

     -9.3750    -20.0000        0.000     
     -9.3750    -18.7500        0.000     
     -9.3750    -17.5000        0.000     
     -9.3750    -16.2500        2.665     
     -9.3750    -15.0000        2.660     
     -9.3750    -13.7500        2.653     
     -9.3750    -12.5000        2.642     
     -9.3750    -11.2500        2.629     
     -9.3750    -10.0000        2.604     
     -9.3750     -8.7500        2.566     
     -9.3750     -7.5000        2.522     
     -9.3750     -6.2500        2.492     
     -9.3750     -5.0000        2.486     
     -9.3750     -3.7500        2.516     
     -9.3750     -2.5000        2.606     
     -9.3750     -1.2500        2.913     
     -9.3750      0.0000        4.287     
     -9.3750      1.2500        5.035     
     -9.3750      2.5000        5.209     
     -9.3750      3.7500        5.283     
     -9.3750      5.0000        5.330     
     -9.3750      6.2500        5.377     
     -9.3750      7.5000        5.428     
     -9.3750      8.7500        5.485     
     -9.3750     10.0000        5.532     
     -9.3750     11.2500        5.562     
     -9.3750     12.5000        5.578     
     -9.3750     13.7500        5.592     
     -9.3750     15.0000        5.604     
     -9.3750     16.2500        5.614     
     -9.3750     17.5000        0.000     
     -9.3750     18.7500        0.000     

     -8.4375    -20.0000        0.000     
     -8.4375    -18.7500        0.000     
     -8.4375    -17.5000        0.000     
     -8.4375    -16.2500        2.397     
     -8.4375    -15.0000        2.383     
     -8.4375    -13.7500        2.369     
     -8.4375    -12.5000        2.353     
     -8.4375    -11.2500        2.336     
     -8.4375    -10.0000        2.306     
     -8.4375     -8.7500        2.260     
     -8.4375     -7.5000        2.205     
     -8.4375     -6.2500        2.154     
     -8.4375     -5.0000        2.104     
     -8.4375     -3.7500        2.048     
     -8.4375     -2.5000        1.956     
     -8.4375     -1.2500        1.754     
     -8.4375      0.0000        1.146     
     -8.4375      1.2500       0.5093E-001
     -8.4375      2.5000        5.897     
     -8.4375      3.7500        5.752     
     -8.4375      5.0000        5.696     
     -8.4375      6.2500        5.688     
     -8.4375      7.5000        5.709     
     -8.4375      8.7500        5.747     
     -8.4375     10.0000        5.783     
     -8.4375     11.2500        5.806     
     -8.4375     12.5000        5.819     
     -8.4375     13.7500        5.830     
     -8.4375     15.0000        5.836     
     -8.4375     16.2500        5.839     
     -8.4375     17.5000        0.000     
     -8.4375     18.7500        0.000     

     -7.5000    -20.0000        0.000     
     -7.5000    -18.7500        0.000     
     -7.5000    -17.5000        0.000     
     -7.5000    -16.2500        1.370     
     -7.5000    -15.0000        1.328     
     -7.5000    -13.7500        1.302     
     -7.5000    -12.5000        1.286     
     -7.5000    -11.2500        1.273     
     -7.5000    -10.0000        1.282     
     -7.5000     -8.7500        1.342     
     -7.5000     -7.5000        1.443     
     -7.5000     -6.2500        1.535     
     -7.5000     -5.0000        1.579     
     -7.5000     -3.7500        1.574     
     -7.5000     -2.5000        1.516     
     -7.5000     -1.2500        1.386     
     -7.5000      0.0000        1.146     
     -7.5000      1.2500       0.7562     
     -7.5000      2.5000       0.2978     
     -7.5000      3.7500        6.238     
     -7.5000      5.0000        6.039     
     -7.5000      6.2500        5.942     
     -7.5000      7.5000        5.910     
     -7.5000      8.7500        5.917     
     -7.5000     10.0000        5.937     
     -7.5000     11.2500        5.955     
     -7.5000     12.5000        5.966     
     -7.5000     13.7500        5.974     
     -7.5000     15.0000        5.977     
     -7.5000     16.2500        5.978     
     -7.5000     17.5000        0.000     
     -7.5000     18.7500        0.000     

     -6.5625    -20.0000        0.000     
     -6.5625    -18.7500        0.000     
     -6.5625    -17.5000        0.000     
     -6.5625    -16.2500       0.1758     
     -6.5625    -15.0000       0.1718     
     -6.5625    -13.7500       0.1703     
     -6.5625    -12.5000       0.1672     
     -6.5625    -11.2500       0.1620     
     -6.5625    -10.0000       0.1704     
     -6.5625     -8.7500       0.2265     
     -6.5625     -7.5000       0.3742     
     -6.5625     -6.2500       0.6231     
     -6.5625     -5.0000       0.8888     
     -6.5625     -3.7500        1.079     
     -6.5625     -2.5000        1.180     
     -6.5625     -1.2500        1.200     
     -6.5625      0.0000        1.146     
     -6.5625      1.2500        1.006     
     -6.5625      2.5000       0.7689     
     -6.5625      3.7500       0.4628     
     -6.5625      5.0000       0.1687     
     -6.5625      6.2500        6.243     
     -6.5625      7.5000        6.134     
     -6.5625      8.7500        6.096     
     -6.5625     10.0000        6.094     
     -6.5625     11.2500        6.104     
     -6.5625     12.5000        6.113     
     -6.5625     13.7500        6.119     
     -6.5625     15.0000        6.121     
     -6.5625     16.2500        6.120     
     -6.5625     17.5000        0.000     
     -6.5625     18.7500        0.000     

     -5.6250    -20.0000        0.000     
     -5.6250    -18.7500        0.000     
     -5.6250    -17.5000        0.000     
     -5.6250    -16.2500        6.156     
     -5.6250    -15.0000        6.156     
     -5.6250    -13.7500        6.155     
     -5.6250    -12.5000        6.150     
     -5.6250    -11.2500        6.141     
     -5.6250    -10.0000        6.133     
     -5.6250     -8.7500        6.140     
     -5.6250     -7.5000        6.191     
     -5.6250     -6.2500       0.3767E-001
     -5.6250     -5.0000       0.2689     
     -5.6250     -3.7500       0.5660     
     -5.6250     -2.5000       0.8442     
     -5.6250     -1.2500        1.041     
     -5.6250      0.0000        1.146     
     -5.6250      1.2500        1.169     
     -5.6250      2.5000        1.115     
     -5.6250      3.7500       0.9776     
     -5.6250      5.0000       0.7504     
     -5.6250      6.2500       0.4718     
     -5.6250      7.5000       0.2432     
     -5.6250      8.7500       0.1204     
     -5.6250     10.0000       0.7793E-001
     -5.6250     11.2500       0.7405E-001
     -5.6250     12.5000       0.7994E-001
     -5.6250     13.7500       0.8344E-001
     -5.6250     15.0000       0.8433E-001
     -5.6250     16.2500       0.8666E-001
     -5.6250     17.5000        0.000     
     -5.6250     18.7500        0.000     

     -4.6875    -20.0000        0.000     
     -4.6875    -18.7500        0.000     
     -4.6875    -17.5000        0.000     
     -4.6875    -16.2500        6.004     
     -4.6875    -15.0000        6.004     
     -4.6875    -13.7500        6.000     
     -4.6875    -12.5000        5.993     
     -4.6875    -11.2500        5.982     
     -4.6875    -10.0000        5.966     
     -4.6875     -8.7500        5.950     
     -4.6875     -7.5000        5.950     
     -4.6875     -6.2500        5.995     
     -4.6875     -5.0000        6.113     
     -4.6875     -3.7500       0.5486E-001
     -4.6875     -2.5000       0.4082     
     -4.6875     -1.2500       0.8220     
     -4.6875      0.0000        1.146     
     -4.6875      1.2500        1.342     
     -4.6875      2.5000        1.444     
     -4.6875      3.7500        1.477     
     -4.6875      5.0000        1.450     
     -4.6875      6.2500        1.359     
     -4.6875      7.5000        1.203     
     -4.6875      8.7500        1.045     
     -4.6875     10.0000       0.9538     
     -4.6875     11.2500       0.9331     
     -4.6875     12.5000       0.9402     
     -4.6875     13.7500       0.9516     
     -4.6875     15.0000       0.9686     
     -4.6875     16.2500        1.005     
     -4.6875     17.5000        0.000     
     -4.6875     18.7500        0.000     

     -3.7500    -20.0000        0.000     
     -3.7500    -18.7500        0.000     
     -3.7500    -17.5000        0.000     
     -3.7500    -16.2500        5.870     
     -3.7500    -15.0000        5.867     
     -3.7500    -13.7500        5.862     
     -3.7500    -12.5000        5.852     
     -3.7500    -11.2500        5.839     
     -3.7500    -10.0000        5.817     
     -3.7500     -8.7500        5.784     
     -3.7500     -7.5000        5.752     
     -3.7500     -6.2500        5.739     
     -3.7500     -5.0000        5.764     
     -3.7500     -3.7500        5.847     
     -3.7500     -2.5000        6.047     
     -3.7500     -1.2500       0.2748     
     -3.7500      0.0000        1.146     
     -3.7500      1.2500        1.647     
     -3.7500      2.5000        1.853     
     -3.7500      3.7500        1.954     
     -3.7500      5.0000        2.014     
     -3.7500      6.2500        2.062     
     -3.7500      7.5000        2.106     
     -3.7500      8.7500        2.155     
     -3.7500     10.0000        2.197     
     -3.7500     11.2500        2.227     
     -3.7500     12.5000        2.245     
     -3.7500     13.7500        2.263     
     -3.7500     15.0000        2.279     
     -3.7500     16.2500        2.297     
     -3.7500     17.5000        0.000     
     -3.7500     18.7500        0.000     

     -2.8125    -20.0000        0.000     
     -2.8125    -18.7500        0.000     
     -2.8125    -17.5000        0.000     
     -2.8125    -16.2500        5.676     
     -2.8125    -15.0000        5.668     
     -2.8125    -13.7500        5.657     
     -2.8125    -12.5000        5.644     
     -2.8125    -11.2500        5.628     
     -2.8125    -10.0000        5.600     
     -2.8125     -8.7500        5.554     
     -2.8125     -7.5000        5.499     
     -2.8125     -6.2500        5.450     
     -2.8125     -5.0000        5.410     
     -2.8125     -3.7500        5.376     
     -2.8125     -2.5000        5.330     
     -2.8125     -1.2500        5.218     
     -2.8125      0.0000        4.289     
     -2.8125      1.2500        2.606     
     -2.8125      2.5000        2.459     
     -2.8125      3.7500        2.422     
     -2.8125      5.0000        2.416     
     -2.8125      6.2500        2.435     
     -2.8125      7.5000        2.473     
     -2.8125      8.7500        2.521     
     -2.8125     10.0000        2.562     
     -2.8125     11.2500        2.588     
     -2.8125     12.5000        2.602     
     -2.8125     13.7500        2.614     
     -2.8125     15.0000        2.622     
     -2.8125     16.2500        2.627     
     -2.8125     17.5000        0.000     
     -2.8125     18.7500        0.000     

     -1.8750    -20.0000        0.000     
     -1.8750    -18.7500        0.000     
     -1.8750    -17.5000        0.000     
     -1.8750    -16.2500        5.116     
     -1.8750    -15.0000        5.084     
     -1.8750    -13.7500        5.060     
     -1.8750    -12.5000        5.039     
     -1.8750    -11.2500        5.020     
     -1.8750    -10.0000        5.000     
     -1.8750     -8.7500        4.985     
     -1.8750     -7.5000        4.980     
     -1.8750     -6.2500        4.976     
     -1.8750     -5.0000        4.955     
     -1.8750     -3.7500        4.907     
     -1.8750     -2.5000        4.814     
     -1.8750     -1.2500        4.634     
     -1.8750      0.0000        4.288     
     -1.8750      1.2500        3.717     
     -1.8750      2.5000        3.189     
     -1.8750      3.7500        2.899     
     -1.8750      5.0000        2.757     
     -1.8750      6.2500        2.699     
     -1.8750      7.5000        2.691     
     -1.8750      8.7500        2.711     
     -1.8750     10.0000        2.737     
     -1.8750     11.2500        2.757     
     -1.8750     12.5000        2.769     
     -1.8750     13.7500        2.778     
     -1.8750     15.0000        2.783     
     -1.8750     16.2500        2.784     
     -1.8750     17.5000        0.000     
     -1.8750     18.7500        0.000     

     -0.9375    -20.0000        0.000     
     -0.9375    -18.7500        0.000     
     -0.9375    -17.5000        0.000     
     -0.9375    -16.2500        3.601     
     -0.9375    -15.0000        3.588     
     -0.9375    -13.7500        3.582     
     -0.9375    -12.5000        3.579     
     -0.9375    -11.2500        3.574     
     -0.9375    -10.0000        3.594     
     -0.9375     -8.7500        3.682     
     -0.9375     -7.5000        3.872     
     -0.9375     -6.2500        4.119     
     -0.9375     -5.0000        4.315     
     -0.9375     -3.7500        4.422     
     -0.9375     -2.5000        4.450     
     -0.9375     -1.2500        4.408     
     -0.9375      0.0000        4.288     
     -0.9375      1.2500        4.067     
     -0.9375      2.5000        3.744     
     -0.9375      3.7500        3.399     
     -0.9375      5.0000        3.130     
     -0.9375      6.2500        2.968     
     -0.9375      7.5000        2.894     
     -0.9375      8.7500        2.877     
     -0.9375     10.0000        2.885     
     -0.9375     11.2500        2.898     
     -0.9375     12.5000        2.908     
     -0.9375     13.7500        2.915     
     -0.9375     15.0000        2.917     
     -0.9375     16.2500        2.917     
     -0.9375     17.5000        0.000     
     -0.9375     18.7500        0.000     

      0.0000    -20.0000        0.000     
      0.0000    -18.7500        0.000     
      0.0000    -17.5000        0.000     
      0.0000    -16.2500        3.102     
      0.0000    -15.0000        3.102     
      0.0000    -13.7500        3.101     
      0.0000    -12.5000        3.096     
      0.0000    -11.2500        3.089     
      0.0000    -10.0000        3.086     
      0.0000     -8.7500        3.108     
      0.0000     -7.5000        3.189     
      0.0000     -6.2500        3.367     
      0.0000     -5.0000        3.635     
      0.0000     -3.7500        3.914     
      0.0000     -2.5000        4.126     
      0.0000     -1.2500        4.248     
      0.0000      0.0000        4.288     
      0.0000      1.2500        4.248     
      0.0000      2.5000        4.126     
      0.0000      3.7500        3.914     
      0.0000      5.0000        3.635     
      0.0000      6.2500        3.367     
      0.0000      7.5000        3.189     
      0.0000      8.7500        3.108     
      0.0000     10.0000        3.086     
      0.0000     11.2500        3.089     
      0.0000     12.5000        3.096     
      0.0000     13.7500        3.101     
      0.0000     15.0000        3.102     
      0.0000     16.2500        3.102     
      0.0000     17.5000        0.000     
      0.0000     18.7500        0.000     

      0.9375    -20.0000        0.000     
      0.9375    -18.7500        0.000     
      0.9375    -17.5000        0.000     
      0.9375    -16.2500        2.917     
      0.9375    -15.0000        2.917     
      0.9375    -13.7500        2.915     
      0.9375    -12.5000        2.908     
      0.9375    -11.2500        2.898     
      0.9375    -10.0000        2.885     
      0.9375     -8.7500        2.877     
      0.9375     -7.5000        2.894     
      0.9375     -6.2500        2.968     
      0.9375     -5.0000        3.130     
      0.9375     -3.7500        3.399     
      0.9375     -2.5000        3.744     
      0.9375     -1.2500        4.067     
      0.9375      0.0000        4.288     
      0.9375      1.2500        4.408     
      0.9375      2.5000        4.450     
      0.9375      3.7500        4.422     
      0.9375      5.0000        4.315     
      0.9375      6.2500        4.120     
      0.9375      7.5000        3.872     
      0.9375      8.7500        3.682     
      0.9375     10.0000        3.594     
      0.9375     11.2500        3.575     
      0.9375     12.5000        3.579     
      0.9375     13.7500        3.583     
      0.9375     15.0000        3.587     
      0.9375     16.2500        3.602     
      0.9375     17.5000        0.000     
      0.9375     18.7500        0.000     

      1.8750    -20.0000        0.000     
      1.8750    -18.7500        0.000     
      1.8750    -17.5000        0.000     
      1.8750    -16.2500        2.784     
      1.8750    -15.0000        2.783     
      1.8750    -13.7500        2.778     
      1.8750    -12.5000        2.769     
      1.8750    -11.2500        2.757     
      1.8750    -10.0000        2.738     
      1.8750     -8.7500        2.711     
      1.8750     -7.5000        2.691     
      1.8750     -6.2500        2.699     
      1.8750     -5.0000        2.758     
      1.8750     -3.7500        2.899     
      1.8750     -2.5000        3.190     
      1.8750     -1.2500        3.717     
      1.8750      0.0000        4.288     
      1.8750      1.2500        4.635     
      1.8750      2.5000        4.814     
      1.8750      3.7500        4.907     
      1.8750      5.0000        4.954     
      1.8750      6.2500        4.976     
      1.8750      7.5000        4.980     
      1.8750      8.7500        4.986     
      1.8750     10.0000        5.000     
      1.8750     11.2500        5.021     
      1.8750     12.5000        5.039     
      1.8750     13.7500        5.060     
      1.8750     15.0000        5.084     
      1.8750     16.2500        5.115     
      1.8750     17.5000        0.000     
      1.8750     18.7500        0.000     

      2.8125    -20.0000        0.000     
      2.8125    -18.7500        0.000     
      2.8125    -17.5000        0.000     
      2.8125    -16.2500        2.627     
      2.8125    -15.0000        2.622     
      2.8125    -13.7500        2.614     
      2.8125    -12.5000        2.602     
      2.8125    -11.2500        2.588     
      2.8125    -10.0000        2.562     
      2.8125     -8.7500        2.521     
      2.8125     -7.5000        2.473     
      2.8125     -6.2500        2.435     
      2.8125     -5.0000        2.416     
      2.8125     -3.7500        2.422     
      2.8125     -2.5000        2.460     
      2.8125     -1.2500        2.605     
      2.8125      0.0000        4.287     
      2.8125      1.2500        5.218     
      2.8125      2.5000        5.330     
      2.8125      3.7500        5.376     
      2.8125      5.0000        5.410     
      2.8125      6.2500        5.450     
      2.8125      7.5000        5.499     
      2.8125      8.7500        5.554     
      2.8125     10.0000        5.600     
      2.8125     11.2500        5.628     
      2.8125     12.5000        5.644     
      2.8125     13.7500        5.657     
      2.8125     15.0000        5.668     
      2.8125     16.2500        5.675     
      2.8125     17.5000        0.000     
      2.8125     18.7500        0.000     

      3.7500    -20.0000        0.000     
      3.7500    -18.7500        0.000     
      3.7500    -17.5000        0.000     
      3.7500    -16.2500        2.297     
      3.7500    -15.0000        2.280     
      3.7500    -13.7500        2.262     
      3.7500    -12.5000        2.245     
      3.7500    -11.2500        2.227     
      3.7500    -10.0000        2.197     
      3.7500     -8.7500        2.154     
      3.7500     -7.5000        2.106     
      3.7500     -6.2500        2.061     
      3.7500     -5.0000        2.014     
      3.7500     -3.7500        1.954     
      3.7500     -2.5000        1.854     
      3.7500     -1.2500        1.646     
      3.7500      0.0000        1.146     
      3.7500      1.2500       0.2749     
      3.7500      2.5000        6.047     
      3.7500      3.7500        5.848     
      3.7500      5.0000        5.764     
      3.7500      6.2500        5.739     
      3.7500      7.5000        5.752     
      3.7500      8.7500        5.784     
      3.7500     10.0000        5.817     
      3.7500     11.2500        5.839     
      3.7500     12.5000        5.852     
      3.7500     13.7500        5.862     
      3.7500     15.0000        5.867     
      3.7500     16.2500        5.870     
      3.7500     17.5000        0.000     
      3.7500     18.7500        0.000     

      4.6875    -20.0000        0.000     
      4.6875    -18.7500        0.000     
      4.6875    -17.5000        0.000     
      4.6875    -16.2500        1.004     
      4.6875    -15.0000       0.9692     
      4.6875    -13.7500       0.9510     
      4.6875    -12.5000       0.9406     
      4.6875    -11.2500       0.9326     
      4.6875    -10.0000       0.9541     
      4.6875     -8.7500        1.045     
      4.6875     -7.5000        1.203     
      4.6875     -6.2500        1.359     
      4.6875     -5.0000        1.450     
      4.6875     -3.7500        1.477     
      4.6875     -2.5000        1.444     
      4.6875     -1.2500        1.342     
      4.6875      0.0000        1.146     
      4.6875      1.2500       0.8219     
      4.6875      2.5000       0.4082     
      4.6875      3.7500       0.5490E-001
      4.6875      5.0000        6.113     
      4.6875      6.2500        5.995     
      4.6875      7.5000        5.950     
      4.6875      8.7500        5.950     
      4.6875     10.0000        5.966     
      4.6875     11.2500        5.982     
      4.6875     12.5000        5.993     
      4.6875     13.7500        6.000     
      4.6875     15.0000        6.004     
      4.6875     16.2500        6.004     
      4.6875     17.5000        0.000     
      4.6875     18.7500        0.000     

      5.6250    -20.0000        0.000     
      5.6250    -18.7500        0.000     
      5.6250    -17.5000        0.000     
      5.6250    -16.2500       0.8645E-001
      5.6250    -15.0000       0.8438E-001
      5.6250    -13.7500       0.8341E-001
      5.6250    -12.5000       0.7997E-001
      5.6250    -11.2500       0.7403E-001
      5.6250    -10.0000       0.7794E-001
      5.6250     -8.7500       0.1204     
      5.6250     -7.5000       0.2432     
      5.6250     -6.2500       0.4718     
      5.6250     -5.0000       0.7505     
      5.6250     -3.7500       0.9776     
      5.6250     -2.5000        1.115     
      5.6250     -1.2500        1.169     
      5.6250      0.0000        1.146     
      5.6250      1.2500        1.041     
      5.6250      2.5000       0.8443     
      5.6250      3.7500       0.5660     
      5.6250      5.0000       0.2689     
      5.6250      6.2500       0.3767E-001
      5.6250      7.5000        6.191     
      5.6250      8.7500        6.140     
      5.6250     10.0000        6.133     
      5.6250     11.2500        6.141     
      5.6250     12.5000        6.150     
      5.6250     13.7500        6.155     
      5.6250     15.0000        6.156     
      5.6250     16.2500        6.156     
      5.6250     17.5000        0.000     
      5.6250     18.7500        0.000     

      6.5625    -20.0000        0.000     
      6.5625    -18.7500        0.000     
      6.5625    -17.5000        0.000     
      6.5625    -16.2500        6.121     
      6.5625    -15.0000        6.121     
      6.5625    -13.7500        6.119     
      6.5625    -12.5000        6.113     
      6.5625    -11.2500        6.104     
      6.5625    -10.0000        6.094     
      6.5625     -8.7500        6.096     
      6.5625     -7.5000        6.134     
      6.5625     -6.2500        6.243     
      6.5625     -5.0000       0.1687     
      6.5625     -3.7500       0.4628     
      6.5625     -2.5000       0.7689     
      6.5625     -1.2500        1.006     
      6.5625      0.0000        1.146     
      6.5625      1.2500        1.200     
      6.5625      2.5000        1.179     
      6.5625      3.7500        1.079     
      6.5625      5.0000       0.8888     
      6.5625      6.2500       0.6231     
      6.5625      7.5000       0.3741     
      6.5625      8.7500       0.2265     
      6.5625     10.0000       0.1704     
      6.5625     11.2500       0.1620     
      6.5625     12.5000       0.1671     
      6.5625     13.7500       0.1704     
      6.5625     15.0000       0.1716     
      6.5625     16.2500       0.1762     
      6.5625     17.5000        0.000     
      6.5625     18.7500        0.000     

      7.5000    -20.0000        0.000     
      7.5000    -18.7500        0.000     
      7.5000    -17.5000        0.000     
      7.5000    -16.2500        5.978     
      7.5000    -15.0000        5.977     
      7.5000    -13.7500        5.974     
      7.5000    -12.5000        5.966     
      7.5000    -11.2500        5.955     
      7.5000    -10.0000        5.937     
      7.5000     -8.7500        5.917     
      7.5000     -7.5000        5.910     
      7.5000     -6.2500        5.942     
      7.5000     -5.0000        6.039     
      7.5000     -3.7500        6.238     
      7.5000     -2.5000       0.2978     
      7.5000     -1.2500       0.7563     
      7.5000      0.0000        1.146     
      7.5000      1.2500        1.386     
      7.5000      2.5000        1.516     
      7.5000      3.7500        1.574     
      7.5000      5.0000        1.579     
      7.5000      6.2500        1.536     
      7.5000      7.5000        1.443     
      7.5000      8.7500        1.342     
      7.5000     10.0000        1.282     
      7.5000     11.2500        1.274     
      7.5000     12.5000        1.285     
      7.5000     13.7500        1.303     
      7.5000     15.0000        1.327     
      7.5000     16.2500        1.371     
      7.5000     17.5000        0.000     
      7.5000     18.7500        0.000     

      8.4375    -20.0000        0.000     
      8.4375    -18.7500        0.000     
      8.4375    -17.5000        0.000     
      8.4375    -16.2500        5.840     
      8.4375    -15.0000        5.836     
      8.4375    -13.7500        5.830     
      8.4375    -12.5000        5.820     
      8.4375    -11.2500        5.806     
      8.4375    -10.0000        5.783     
      8.4375     -8.7500        5.747     
      8.4375     -7.5000        5.709     
      8.4375     -6.2500        5.687     
      8.4375     -5.0000        5.696     
      8.4375     -3.7500        5.752     
      8.4375     -2.5000        5.897     
      8.4375     -1.2500       0.5068E-001
      8.4375      0.0000        1.146     
      8.4375      1.2500        1.754     
      8.4375      2.5000        1.956     
      8.4375      3.7500        2.048     
      8.4375      5.0000        2.104     
      8.4375      6.2500        2.154     
      8.4375      7.5000        2.204     
      8.4375      8.7500        2.260     
      8.4375     10.0000        2.306     
      8.4375     11.2500        2.336     
      8.4375     12.5000        2.353     
      8.4375     13.7500        2.369     
      8.4375     15.0000        2.383     
      8.4375     16.2500        2.396     
      8.4375     17.5000        0.000     
      8.4375     18.7500        0.000     

      9.3750    -20.0000        0.000     
      9.3750    -18.7500        0.000     
      9.3750    -17.5000        0.000     
      9.3750    -16.2500        5.615     
      9.3750    -15.0000        5.604     
      9.3750    -13.7500        5.592     
      9.3750    -12.5000        5.578     
      9.3750    -11.2500        5.561     
      9.3750    -10.0000        5.532     
      9.3750     -8.7500        5.485     
      9.3750     -7.5000        5.429     
      9.3750     -6.2500        5.377     
      9.3750     -5.0000        5.330     
      9.3750     -3.7500        5.283     
      9.3750     -2.5000        5.209     
      9.3750     -1.2500        5.034     
      9.3750      0.0000        4.288     
      9.3750      1.2500        2.914     
      9.3750      2.5000        2.606     
      9.3750      3.7500        2.516     
      9.3750      5.0000        2.486     
      9.3750      6.2500        2.492     
      9.3750      7.5000        2.522     
      9.3750      8.7500        2.566     
      9.3750     10.0000        2.604     
      9.3750     11.2500        2.629     
      9.3750     12.5000        2.642     
      9.3750     13.7500        2.653     
      9.3750     15.0000        2.660     
      9.3750     16.2500        2.664     
      9.3750     17.5000        0.000     
      9.3750     18.7500        0.000     

     10.3125    -20.0000        0.000     
     10.3125    -18.7500        0.000     
     10.3125    -17.5000        0.000     
     10.3125    -16.2500        4.852     
     10.3125    -15.0000        4.813     
     10.3125    -13.7500        4.786     
     10.3125    -12.5000        4.766     
     10.3125    -11.2500        4.748     
     10.3125    -10.0000        4.741     
     10.3125     -8.7500        4.759     
     10.3125     -7.5000        4.799     
     10.3125     -6.2500        4.836     
     10.3125     -5.0000        4.842     
     10.3125     -3.7500        4.812     
     10.3125     -2.5000        4.733     
     10.3125     -1.2500        4.577     
     10.3125      0.0000        4.288     
     10.3125      1.2500        3.818     
     10.3125      2.5000        3.319     
     10.3125      3.7500        2.997     
     10.3125      5.0000        2.827     
     10.3125      6.2500        2.749     
     10.3125      7.5000        2.730     
     10.3125      8.7500        2.744     
     10.3125     10.0000        2.767     
     10.3125     11.2500        2.785     
     10.3125     12.5000        2.797     
     10.3125     13.7500        2.805     
     10.3125     15.0000        2.809     
     10.3125     16.2500        2.810     
     10.3125     17.5000        0.000     
     10.3125     18.7500        0.000     

     11.2500    -20.0000        0.000     
     11.2500    -18.7500        0.000     
     11.2500    -17.5000        0.000     
     11.2500    -16.2500        3.436     
     11.2500    -15.0000        3.429     
     11.2500    -13.7500        3.426     
     11.2500    -12.5000        3.423     
     11.2500    -11.2500        3.419     
     11.2500    -10.0000        3.433     
     11.2500     -8.7500        3.504     
     11.2500     -7.5000        3.677     
     11.2500     -6.2500        3.935     
     11.2500     -5.0000        4.173     
     11.2500     -3.7500        4.322     
     11.2500     -2.5000        4.385     
     11.2500     -1.2500        4.374     
     11.2500      0.0000        4.288     
     11.2500      1.2500        4.109     
     11.2500      2.5000        3.830     
     11.2500      3.7500        3.502     
     11.2500      5.0000        3.217     
     11.2500      6.2500        3.032     
     11.2500      7.5000        2.941     
     11.2500      8.7500        2.914     
     11.2500     10.0000        2.918     
     11.2500     11.2500        2.929     
     11.2500     12.5000        2.939     
     11.2500     13.7500        2.945     
     11.2500     15.0000        2.947     
     11.2500     16.2500        2.947     
     11.2500     17.5000        0.000     
     11.2500     18.7500        0.000     

     12.1875    -20.0000        0.000     
     12.1875    -18.7500        0.000     
     12.1875    -17.5000        0.000     
     12.1875    -16.2500        3.055     
     12.1875    -15.0000        3.055     
     12.1875    -13.7500        3.054     
     12.1875    -12.5000        3.049     
     12.1875    -11.2500        3.041     
     12.1875    -10.0000        3.036     
     12.1875     -8.7500        3.049     
     12.1875     -7.5000        3.114     
     12.1875     -6.2500        3.267     
     12.1875     -5.0000        3.519     
     12.1875     -3.7500        3.811     
     12.1875     -2.5000        4.057     
     12.1875     -1.2500        4.216     
     12.1875      0.0000        4.288     
     12.1875      1.2500        4.280     
     12.1875      2.5000        4.192     
     12.1875      3.7500        4.017     
     12.1875      5.0000        3.760     
     12.1875      6.2500        3.481     
     12.1875      7.5000        3.278     
     12.1875      8.7500        3.177     
     12.1875     10.0000        3.146     
     12.1875     11.2500        3.146     
     12.1875     12.5000        3.153     
     12.1875     13.7500        3.157     
     12.1875     15.0000        3.157     
     12.1875     16.2500        3.158     
     12.1875     17.5000        0.000     
     12.1875     18.7500        0.000     

     13.1250    -20.0000        0.000     
     13.1250    -18.7500        0.000     
     13.1250    -17.5000        0.000     
     13.1250    -16.2500        2.889     
     13.1250    -15.0000        2.889     
     13.1250    -13.7500        2.886     
     13.1250    -12.5000        2.879     
     13.1250    -11.2500        2.869     
     13.1250    -10.0000        2.854     
     13.1250     -8.7500        2.842     
     13.1250     -7.5000        2.850     
     13.1250     -6.2500        2.909     
     13.1250     -5.0000        3.049     
     13.1250     -3.7500        3.297     
     13.1250     -2.5000        3.651     
     13.1250     -1.2500        4.019     
     13.1250      0.0000        4.288     
     13.1250      1.2500        4.444     
     13.1250      2.5000        4.517     
     13.1250      3.7500        4.521     
     13.1250      5.0000        4.456     
     13.1250      6.2500        4.311     
     13.1250      7.5000        4.099     
     13.1250      8.7500        3.910     
     13.1250     10.0000        3.812     
     13.1250     11.2500        3.789     
     13.1250     12.5000        3.793     
     13.1250     13.7500        3.800     
     13.1250     15.0000        3.809     
     13.1250     16.2500        3.834     
     13.1250     17.5000        0.000     
     13.1250     18.7500        0.000     

     14.0625    -20.0000        0.000     
     14.0625    -18.7500        0.000     
     14.0625    -17.5000        0.000     
     14.0625    -16.2500        2.757     
     14.0625    -15.0000        2.755     
     14.0625    -13.7500        2.750     
     14.0625    -12.5000        2.741     
     14.0625    -11.2500        2.728     
     14.0625    -10.0000        2.707     
     14.0625     -8.7500        2.678     
     14.0625     -7.5000        2.651     
     14.0625     -6.2500        2.648     
     14.0625     -5.0000        2.690     
     14.0625     -3.7500        2.802     
     14.0625     -2.5000        3.051     
     14.0625     -1.2500        3.587     
     14.0625      0.0000        4.288     
     14.0625      1.2500        4.704     
     14.0625      2.5000        4.901     
     14.0625      3.7500        5.002     
     14.0625      5.0000        5.059     
     14.0625      6.2500        5.098     
     14.0625      7.5000        5.127     
     14.0625      8.7500        5.161     
     14.0625     10.0000        5.195     
     14.0625     11.2500        5.222     
     14.0625     12.5000        5.240     
     14.0625     13.7500        5.260     
     14.0625     15.0000        5.280     
     14.0625     16.2500        5.304     
     14.0625     17.5000        0.000     
     14.0625     18.7500        0.000     

     15.0000    -20.0000        0.000     
     15.0000    -18.7500        0.000     
     15.0000    -17.5000        0.000     
     15.0000    -16.2500        2.585     
     15.0000    -15.0000        2.578     
     15.0000    -13.7500        2.569     
     15.0000    -12.5000        2.556     
     15.0000    -11.2500        2.542     
     15.0000    -10.0000        2.514     
     15.0000     -8.7500        2.471     
     15.0000     -7.5000        2.419     
     15.0000     -6.2500        2.374     
     15.0000     -5.0000        2.344     
     15.0000     -3.7500        2.328     
     15.0000     -2.5000        2.320     
     15.0000     -1.2500        2.315     
     15.0000      0.0000        0.000     
     15.0000      1.2500        5.457     
     15.0000      2.5000        5.461     
     15.0000      3.7500        5.470     
     15.0000      5.0000        5.485     
     15.0000      6.2500        5.516     
     15.0000      7.5000        5.560     
     15.0000      8.7500        5.613     
     15.0000     10.0000        5.656     
     15.0000     11.2500        5.683     
     15.0000     12.5000        5.698     
     15.0000     13.7500        5.711     
     15.0000     15.0000        5.720     
     15.0000     16.2500        5.726     
     15.0000     17.5000        0.000     
     15.0000     18.7500        0.000     

     15.9375    -20.0000        0.000     
     15.9375    -18.7500        0.000     
     15.9375    -17.5000        0.000     
     15.9375    -16.2500        2.162     
     15.9375    -15.0000        2.139     
     15.9375    -13.7500        2.118     
     15.9375    -12.5000        2.099     
     15.9375    -11.2500        2.080     
     15.9375    -10.0000        2.053     
     15.9375     -8.7500        2.019     
     15.9375     -7.5000        1.986     
     15.9375     -6.2500        1.956     
     15.9375     -5.0000        1.917     
     15.9375     -3.7500        1.860     
     15.9375     -2.5000        1.760     
     15.9375     -1.2500        1.562     
     15.9375      0.0000        1.146     
     15.9375      1.2500       0.4457     
     15.9375      2.5000        6.192     
     15.9375      3.7500        5.944     
     15.9375      5.0000        5.831     
     15.9375      6.2500        5.790     
     15.9375      7.5000        5.793     
     15.9375      8.7500        5.819     
     15.9375     10.0000        5.849     
     15.9375     11.2500        5.870     
     15.9375     12.5000        5.882     
     15.9375     13.7500        5.891     
     15.9375     15.0000        5.897     
     15.9375     16.2500        5.898     
     15.9375     17.5000        0.000     
     15.9375     18.7500        0.000     

     16.8750    -20.0000        0.000     
     16.8750    -18.7500        0.000     
     16.8750    -17.5000        0.000     
     16.8750    -16.2500       0.6911     
     16.8750    -15.0000       0.6682     
     16.8750    -13.7500       0.6578     
     16.8750    -12.5000       0.6519     
     16.8750    -11.2500       0.6468     
     16.8750    -10.0000       0.6704     
     16.8750     -8.7500       0.7685     
     16.8750     -7.5000       0.9577     
     16.8750     -6.2500        1.170     
     16.8750     -5.0000        1.315     
     16.8750     -3.7500        1.379     
     16.8750     -2.5000        1.375     
     16.8750     -1.2500        1.303     
     16.8750      0.0000        1.146     
     16.8750      1.2500       0.8773     
     16.8750      2.5000       0.5094     
     16.8750      3.7500       0.1558     
     16.8750      5.0000        6.190     
     16.8750      6.2500        6.050     
     16.8750      7.5000        5.992     
     16.8750      8.7500        5.983     
     16.8750     10.0000        5.996     
     16.8750     11.2500        6.011     
     16.8750     12.5000        6.021     
     16.8750     13.7500        6.028     
     16.8750     15.0000        6.031     
     16.8750     16.2500        6.031     
     16.8750     17.5000        0.000     
     16.8750     18.7500        0.000     

     17.8125    -20.0000        0.000     
     17.8125    -18.7500        0.000     
     17.8125    -17.5000        0.000     
     17.8125    -16.2500       0.1678E-001
     17.8125    -15.0000       0.1585E-001
     17.8125    -13.7500       0.1497E-001
     17.8125    -12.5000       0.1107E-001
     17.8125    -11.2500       0.4440E-002
     17.8125    -10.0000       0.4591E-002
     17.8125     -8.7500       0.3567E-001
     17.8125     -7.5000       0.1362     
     17.8125     -6.2500       0.3397     
     17.8125     -5.0000       0.6182     
     17.8125     -3.7500       0.8753     
     17.8125     -2.5000        1.050     
     17.8125     -1.2500        1.138     
     17.8125      0.0000        1.146     
     17.8125      1.2500        1.075     
     17.8125      2.5000       0.9157     
     17.8125      3.7500       0.6693     
     17.8125      5.0000       0.3770     
     17.8125      6.2500       0.1252     
     17.8125      7.5000        6.256     
     17.8125      8.7500        6.191     
     17.8125     10.0000        6.177     
     17.8125     11.2500        6.183     
     17.8125     12.5000        6.191     
     17.8125     13.7500        6.195     
     17.8125     15.0000        6.197     
     17.8125     16.2500        6.197     
     17.8125     17.5000        0.000     
     17.8125     18.7500        0.000     

     18.7500    -20.0000        0.000     
     18.7500    -18.7500        0.000     
     18.7500    -17.5000        0.000     
     18.7500    -16.2500        6.088     
     18.7500    -15.0000        6.089     
     18.7500    -13.7500        6.086     
     18.7500    -12.5000        6.080     
     18.7500    -11.2500        6.071     
     18.7500    -10.0000        6.059     
     18.7500     -8.7500        6.055     
     18.7500     -7.5000        6.082     
     18.7500     -6.2500        6.173     
     18.7500     -5.0000       0.7557E-001
     18.7500     -3.7500       0.3599     
     18.7500     -2.5000       0.6887     
     18.7500     -1.2500       0.9676     
     18.7500      0.0000        1.146     
     18.7500      1.2500        1.233     
     18.7500      2.5000        1.244     
     18.7500      3.7500        1.180     
     18.7500      5.0000        1.031     
     18.7500      6.2500       0.7932     
     18.7500      7.5000       0.5350     
     18.7500      8.7500       0.3628     
     18.7500     10.0000       0.2908     
     18.7500     11.2500       0.2772     
     18.7500     12.5000       0.2816     
     18.7500     13.7500       0.2848     
     18.7500     15.0000       0.2872     
     18.7500     16.2500       0.2954     
     18.7500     17.5000        0.000     
     18.7500     18.7500        0.000     

     19.6875    -20.0000        0.000     
     19.6875    -18.7500        0.000     
     19.6875    -17.5000        0.000     
     19.6875    -16.2500        5.952     
     19.6875    -15.0000        5.951     
     19.6875    -13.7500        5.947     
     19.6875    -12.5000        5.938     
     19.6875    -11.2500        5.927     
     19.6875    -10.0000        5.908     
     19.6875     -8.7500        5.885     
     19.6875     -7.5000        5.871     
     19.6875     -6.2500        5.890     
     19.6875     -5.0000        5.968     
     19.6875     -3.7500        6.139     
     19.6875     -2.5000       0.1777     
     19.6875     -1.2500       0.6762     
     19.6875      0.0000        1.146     
     19.6875      1.2500        1.435     
     19.6875      2.5000        1.592     
     19.6875      3.7500        1.670     
     19.6875      5.0000        1.700     
     19.6875      6.2500        1.695     
     19.6875      7.5000        1.657     
     19.6875      8.7500        1.618     
     19.6875     10.0000        1.599     
     19.6875     11.2500        1.607     
     19.6875     12.5000        1.623     
     19.6875     13.7500        1.645     
     19.6875     15.0000        1.671     
     19.6875     16.2500        1.711     
     19.6875     17.5000        0.000     
     19.6875     18.7500        0.000     

     20.6250    -20.0000        0.000     
     20.6250    -18.7500        0.000     
     20.6250    -17.5000        0.000     
     20.6250    -16.2500        5.806     
     20.6250    -15.0000        5.802     
     20.6250    -13.7500        5.795     
     20.6250    -12.5000        5.784     
     20.6250    -11.2500        5.770     
     20.6250    -10.0000        5.746     
     20.6250     -8.7500        5.707     
     20.6250     -7.5000        5.664     
     20.6250     -6.2500        5.634     
     20.6250     -5.0000        5.628     
     20.6250     -3.7500        5.657     
     20.6250     -2.5000        5.747     
     20.6250     -1.2500        6.055     
     20.6250      0.0000        1.146     
     20.6250      1.2500        1.893     
     20.6250      2.5000        2.067     
     20.6250      3.7500        2.141     
     20.6250      5.0000        2.189     
     20.6250      6.2500        2.235     
     20.6250      7.5000        2.287     
     20.6250      8.7500        2.344     
     20.6250     10.0000        2.390     
     20.6250     11.2500        2.420     
     20.6250     12.5000        2.436     
     20.6250     13.7500        2.451     
     20.6250     15.0000        2.463     
     20.6250     16.2500        2.473     
     20.6250     17.5000        0.000     
     20.6250     18.7500        0.000     

     21.5625    -20.0000        0.000     
     21.5625    -18.7500        0.000     
     21.5625    -17.5000        0.000     
     21.5625    -16.2500        5.538     
     21.5625    -15.0000        5.525     
     21.5625    -13.7500        5.511     
     21.5625    -12.5000        5.495     
     21.5625    -11.2500        5.477     
     21.5625    -10.0000        5.448     
     21.5625     -8.7500        5.401     
     21.5625     -7.5000        5.346     
     21.5625     -6.2500        5.295     
     21.5625     -5.0000        5.246     
     21.5625     -3.7500        5.189     
     21.5625     -2.5000        5.098     
     21.5625     -1.2500        4.895     
     21.5625      0.0000        4.288     
     21.5625      1.2500        3.193     
     21.5625      2.5000        2.755     
     21.5625      3.7500        2.611     
     21.5625      5.0000        2.555     
     21.5625      6.2500        2.546     
     21.5625      7.5000        2.568     
     21.5625      8.7500        2.606     
     21.5625     10.0000        2.641     
     21.5625     11.2500        2.665     
     21.5625     12.5000        2.678     
     21.5625     13.7500        2.688     
     21.5625     15.0000        2.695     
     21.5625     16.2500        2.698     
     21.5625     17.5000        0.000     
     21.5625     18.7500        0.000     

     22.5000    -20.0000        0.000     
     22.5000    -18.7500        0.000     
     22.5000    -17.5000        0.000     
     22.5000    -16.2500        4.512     
     22.5000    -15.0000        4.469     
     22.5000    -13.7500        4.444     
     22.5000    -12.5000        4.428     
     22.5000    -11.2500        4.415     
     22.5000    -10.0000        4.424     
     22.5000     -8.7500        4.484     
     22.5000     -7.5000        4.585     
     22.5000     -6.2500        4.677     
     22.5000     -5.0000        4.721     
     22.5000     -3.7500        4.716     
     22.5000     -2.5000        4.658     
     22.5000     -1.2500        4.527     
     22.5000      0.0000        4.288     
     22.5000      1.2500        3.898     
     22.5000      2.5000        3.439     
     22.5000      3.7500        3.096     
     22.5000      5.0000        2.898     
     22.5000      6.2500        2.800     
     22.5000      7.5000        2.769     
     22.5000      8.7500        2.776     
     22.5000     10.0000        2.796     
     22.5000     11.2500        2.813     
     22.5000     12.5000        2.824     
     22.5000     13.7500        2.832     
     22.5000     15.0000        2.836     
     22.5000     16.2500        2.836     
     22.5000     17.5000        0.000     
     22.5000     18.7500        0.000     

     23.4375    -20.0000        0.000     
     23.4375    -18.7500        0.000     
     23.4375    -17.5000        0.000     
     23.4375    -16.2500        3.317     
     23.4375    -15.0000        3.313     
     23.4375    -13.7500        3.312     
     23.4375    -12.5000        3.309     
     23.4375    -11.2500        3.304     
     23.4375    -10.0000        3.312     
     23.4375     -8.7500        3.368     
     23.4375     -7.5000        3.516     
     23.4375     -6.2500        3.765     
     23.4375     -5.0000        4.030     
     23.4375     -3.7500        4.221     
     23.4375     -2.5000        4.321     
     23.4375     -1.2500        4.342     
     23.4375      0.0000        4.288     
     23.4375      1.2500        4.148     
     23.4375      2.5000        3.911     
     23.4375      3.7500        3.604     
     23.4375      5.0000        3.310     
     23.4375      6.2500        3.102     
     23.4375      7.5000        2.992     
     23.4375      8.7500        2.954     
     23.4375     10.0000        2.953     
     23.4375     11.2500        2.963     
     23.4375     12.5000        2.972     
     23.4375     13.7500        2.977     
     23.4375     15.0000        2.979     
     23.4375     16.2500        2.979     
     23.4375     17.5000        0.000     
     23.4375     18.7500        0.000     

     24.3750    -20.0000        0.000     
     24.3750    -18.7500        0.000     
     24.3750    -17.5000        0.000     
     24.3750    -16.2500        3.015     
     24.3750    -15.0000        3.015     
     24.3750    -13.7500        3.013     
     24.3750    -12.5000        3.008     
     24.3750    -11.2500        3.000     
     24.3750    -10.0000        2.992     
     24.3750     -8.7500        2.999     
     24.3750     -7.5000        3.049     
     24.3750     -6.2500        3.179     
     24.3750     -5.0000        3.411     
     24.3750     -3.7500        3.708     
     24.3750     -2.5000        3.986     
     24.3750     -1.2500        4.183     
     24.3750      0.0000        4.288     
     24.3750      1.2500        4.311     
     24.3750      2.5000        4.257     
     24.3750      3.7500        4.119     
     24.3750      5.0000        3.892     
     24.3750      6.2500        3.613     
     24.3750      7.5000        3.385     
     24.3750      8.7500        3.262     
     24.3750     10.0000        3.220     
     24.3750     11.2500        3.216     
     24.3750     12.5000        3.222     
     24.3750     13.7500        3.225     
     24.3750     15.0000        3.226     
     24.3750     16.2500        3.228     
     24.3750     17.5000        0.000     
     24.3750     18.7500        0.000     

     25.3125    -20.0000        0.000     
     25.3125    -18.7500        0.000     
     25.3125    -17.5000        0.000     
     25.3125    -16.2500        2.863     
     25.3125    -15.0000        2.862     
     25.3125    -13.7500        2.859     
     25.3125    -12.5000        2.851     
     25.3125    -11.2500        2.841     
     25.3125    -10.0000        2.825     
     25.3125     -8.7500        2.808     
     25.3125     -7.5000        2.809     
     25.3125     -6.2500        2.853     
     25.3125     -5.0000        2.971     
     25.3125     -3.7500        3.196     
     25.3125     -2.5000        3.550     
     25.3125     -1.2500        3.964     
     25.3125      0.0000        4.288     
     25.3125      1.2500        4.484     
     25.3125      2.5000        4.586     
     25.3125      3.7500        4.619     
     25.3125      5.0000        4.592     
     25.3125      6.2500        4.500     
     25.3125      7.5000        4.344     
     25.3125      8.7500        4.187     
     25.3125     10.0000        4.095     
     25.3125     11.2500        4.075     
     25.3125     12.5000        4.082     
     25.3125     13.7500        4.093     
     25.3125     15.0000        4.110     
     25.3125     16.2500        4.147     
     25.3125     17.5000        0.000     
     25.3125     18.7500        0.000     

     26.2500    -20.0000        0.000     
     26.2500    -18.7500        0.000     
     26.2500    -17.5000        0.000     
     26.2500    -16.2500        2.729     
     26.2500    -15.0000        2.726     
     26.2500    -13.7500        2.720     
     26.2500    -12.5000        2.710     
     26.2500    -11.2500        2.698     
     26.2500    -10.0000        2.675     
     26.2500     -8.7500        2.643     
     26.2500     -7.5000        2.610     
     26.2500     -6.2500        2.598     
     26.2500     -5.0000        2.622     
     26.2500     -3.7500        2.706     
     26.2500     -2.5000        2.905     
     26.2500     -1.2500        3.416     
     26.2500      0.0000        4.288     
     26.2500      1.2500        4.788     
     26.2500      2.5000        4.995     
     26.2500      3.7500        5.096     
     26.2500      5.0000        5.156     
     26.2500      6.2500        5.203     
     26.2500      7.5000        5.247     
     26.2500      8.7500        5.296     
     26.2500     10.0000        5.339     
     26.2500     11.2500        5.369     
     26.2500     12.5000        5.386     
     26.2500     13.7500        5.404     
     26.2500     15.0000        5.421     
     26.2500     16.2500        5.438     
     26.2500     17.5000        0.000     
     26.2500     18.7500        0.000     

     27.1875    -20.0000        0.000     
     27.1875    -18.7500        0.000     
     27.1875    -17.5000        0.000     
     27.1875    -16.2500        2.534     
     27.1875    -15.0000        2.526     
     27.1875    -13.7500        2.516     
     27.1875    -12.5000        2.502     
     27.1875    -11.2500        2.487     
     27.1875    -10.0000        2.458     
     27.1875     -8.7500        2.413     
     27.1875     -7.5000        2.357     
     27.1875     -6.2500        2.308     
     27.1875     -5.0000        2.268     
     27.1875     -3.7500        2.234     
     27.1875     -2.5000        2.189     
     27.1875     -1.2500        2.076     
     27.1875      0.0000        1.147     
     27.1875      1.2500        5.747     
     27.1875      2.5000        5.601     
     27.1875      3.7500        5.563     
     27.1875      5.0000        5.558     
     27.1875      6.2500        5.577     
     27.1875      7.5000        5.615     
     27.1875      8.7500        5.663     
     27.1875     10.0000        5.704     
     27.1875     11.2500        5.730     
     27.1875     12.5000        5.744     
     27.1875     13.7500        5.756     
     27.1875     15.0000        5.764     
     27.1875     16.2500        5.768     
     27.1875     17.5000        0.000     
     27.1875     18.7500        0.000     

     28.1250    -20.0000        0.000     
     28.1250    -18.7500        0.000     
     28.1250    -17.5000        0.000     
     28.1250    -16.2500        1.974     
     28.1250    -15.0000        1.943     
     28.1250    -13.7500        1.918     
     28.1250    -12.5000        1.898     
     28.1250    -11.2500        1.879     
     28.1250    -10.0000        1.858     
     28.1250     -8.7500        1.844     
     28.1250     -7.5000        1.838     
     28.1250     -6.2500        1.834     
     28.1250     -5.0000        1.813     
     28.1250     -3.7500        1.765     
     28.1250     -2.5000        1.673     
     28.1250     -1.2500        1.493     
     28.1250      0.0000        1.146     
     28.1250      1.2500       0.5755     
     28.1250      2.5000       0.4785E-001
     28.1250      3.7500        6.041     
     28.1250      5.0000        5.899     
     28.1250      6.2500        5.840     
     28.1250      7.5000        5.832     
     28.1250      8.7500        5.853     
     28.1250     10.0000        5.879     
     28.1250     11.2500        5.899     
     28.1250     12.5000        5.911     
     28.1250     13.7500        5.920     
     28.1250     15.0000        5.924     
     28.1250     16.2500        5.925     
     28.1250     17.5000        0.000     
     28.1250     18.7500        0.000     

     29.0625    -20.0000        0.000     
     29.0625    -18.7500        0.000     
     29.0625    -17.5000        0.000     
     29.0625    -16.2500       0.4595     
     29.0625    -15.0000       0.4461     
     29.0625    -13.7500       0.4408     
     29.0625    -12.5000       0.4371     
     29.0625    -11.2500       0.4328     
     29.0625    -10.0000       0.4523     
     29.0625     -8.7500       0.5402     
     29.0625     -7.5000       0.7305     
     29.0625     -6.2500       0.9779     
     29.0625     -5.0000        1.174     
     29.0625     -3.7500        1.280     
     29.0625     -2.5000        1.309     
     29.0625     -1.2500        1.267     
     29.0625      0.0000        1.146     
     29.0625      1.2500       0.9252     
     29.0625      2.5000       0.6026     
     29.0625      3.7500       0.2575     
     29.0625      5.0000        6.272     
     29.0625      6.2500        6.109     
     29.0625      7.5000        6.036     
     29.0625      8.7500        6.018     
     29.0625     10.0000        6.027     
     29.0625     11.2500        6.040     
     29.0625     12.5000        6.050     
     29.0625     13.7500        6.056     
     29.0625     15.0000        6.059     
     29.0625     16.2500        6.059     
     29.0625     17.5000        0.000     
     29.0625     18.7500        0.000     

