    -30.0000    -20.0000        0.000     
    -30.0000    -18.7500        0.000     
    -30.0000    -17.5000        0.000     
    -30.0000    -16.2500        5.127     
    -30.0000    -15.0000        5.167     
    -30.0000    -13.7500        5.220     
    -30.0000    -12.5000        5.277     
    -30.0000    -11.2500        5.329     
    -30.0000    -10.0000        5.364     
    -30.0000     -8.7500        5.379     
    -30.0000     -7.5000        5.369     
    -30.0000     -6.2500        5.329     
    -30.0000     -5.0000        5.249     
    -30.0000     -3.7500        5.112     
    -30.0000     -2.5000        4.909     
    -30.0000     -1.2500        4.702     
    -30.0000      0.0000        4.615     
    -30.0000      1.2500        4.702     
    -30.0000      2.5000        4.909     
    -30.0000      3.7500        5.112     
    -30.0000      5.0000        5.249     
    -30.0000      6.2500        5.329     
    -30.0000      7.5000        5.369     
    -30.0000      8.7500        5.379     
    -30.0000     10.0000        5.364     
    -30.0000     11.2500        5.329     
    -30.0000     12.5000        5.277     
    -30.0000     13.7500        5.220     
    -30.0000     15.0000        5.167     
    -30.0000     16.2500        5.127     
    -30.0000     17.5000        0.000     
    -30.0000     18.7500        0.000     

    -29.0625    -20.0000        0.000     
    -29.0625    -18.7500        0.000     
    -29.0625    -17.5000        0.000     
    -29.0625    -16.2500        5.001     
    -29.0625    -15.0000        5.054     
    -29.0625    -13.7500        5.133     
    -29.0625    -12.5000        5.227     
    -29.0625    -11.2500        5.309     
    -29.0625    -10.0000        5.369     
    -29.0625     -8.7500        5.398     
    -29.0625     -7.5000        5.391     
    -29.0625     -6.2500        5.323     
    -29.0625     -5.0000        5.151     
    -29.0625     -3.7500        4.846     
    -29.0625     -2.5000        4.569     
    -29.0625     -1.2500        4.499     
    -29.0625      0.0000        4.615     
    -29.0625      1.2500        4.828     
    -29.0625      2.5000        5.037     
    -29.0625      3.7500        5.182     
    -29.0625      5.0000        5.273     
    -29.0625      6.2500        5.331     
    -29.0625      7.5000        5.363     
    -29.0625      8.7500        5.373     
    -29.0625     10.0000        5.363     
    -29.0625     11.2500        5.335     
    -29.0625     12.5000        5.292     
    -29.0625     13.7500        5.245     
    -29.0625     15.0000        5.200     
    -29.0625     16.2500        5.164     
    -29.0625     17.5000        0.000     
    -29.0625     18.7500        0.000     

    -28.1250    -20.0000        0.000     
    -28.1250    -18.7500        0.000     
    -28.1250    -17.5000        0.000     
    -28.1250    -16.2500        2.278     
    -28.1250    -15.0000        2.283     
    -28.1250    -13.7500        2.281     
    -28.1250    -12.5000        2.266     
    -28.1250    -11.2500        2.243     
    -28.1250    -10.0000        2.211     
    -28.1250     -8.7500        2.189     
    -28.1250     -7.5000        2.180     
    -28.1250     -6.2500        2.199     
    -28.1250     -5.0000        2.260     
    -28.1250     -3.7500        2.417     
    -28.1250     -2.5000        2.817     
    -28.1250     -1.2500        3.796     
    -28.1250      0.0000        4.615     
    -28.1250      1.2500        4.962     
    -28.1250      2.5000        5.134     
    -28.1250      3.7500        5.229     
    -28.1250      5.0000        5.289     
    -28.1250      6.2500        5.332     
    -28.1250      7.5000        5.358     
    -28.1250      8.7500        5.369     
    -28.1250     10.0000        5.362     
    -28.1250     11.2500        5.339     
    -28.1250     12.5000        5.303     
    -28.1250     13.7500        5.263     
    -28.1250     15.0000        5.223     
    -28.1250     16.2500        5.190     
    -28.1250     17.5000        0.000     
    -28.1250     18.7500        0.000     

    -27.1875    -20.0000        0.000     
    -27.1875    -18.7500        0.000     
    -27.1875    -17.5000        0.000     
    -27.1875    -16.2500        2.101     
    -27.1875    -15.0000        2.127     
    -27.1875    -13.7500        2.157     
    -27.1875    -12.5000        2.184     
    -27.1875    -11.2500        2.207     
    -27.1875    -10.0000        2.219     
    -27.1875     -8.7500        2.219     
    -27.1875     -7.5000        2.208     
    -27.1875     -6.2500        2.193     
    -27.1875     -5.0000        2.177     
    -27.1875     -3.7500        2.175     
    -27.1875     -2.5000        2.196     
    -27.1875     -1.2500        2.276     
    -27.1875      0.0000        4.618     
    -27.1875      1.2500        5.203     
    -27.1875      2.5000        5.258     
    -27.1875      3.7500        5.283     
    -27.1875      5.0000        5.307     
    -27.1875      6.2500        5.333     
    -27.1875      7.5000        5.353     
    -27.1875      8.7500        5.364     
    -27.1875     10.0000        5.361     
    -27.1875     11.2500        5.345     
    -27.1875     12.5000        5.317     
    -27.1875     13.7500        5.285     
    -27.1875     15.0000        5.251     
    -27.1875     16.2500        5.222     
    -27.1875     17.5000        0.000     
    -27.1875     18.7500        0.000     

    -26.2500    -20.0000        0.000     
    -26.2500    -18.7500        0.000     
    -26.2500    -17.5000        0.000     
    -26.2500    -16.2500        2.060     
    -26.2500    -15.0000        2.091     
    -26.2500    -13.7500        2.129     
    -26.2500    -12.5000        2.166     
    -26.2500    -11.2500        2.199     
    -26.2500    -10.0000        2.220     
    -26.2500     -8.7500        2.226     
    -26.2500     -7.5000        2.215     
    -26.2500     -6.2500        2.191     
    -26.2500     -5.0000        2.154     
    -26.2500     -3.7500        2.107     
    -26.2500     -2.5000        2.035     
    -26.2500     -1.2500        1.893     
    -26.2500      0.0000        1.473     
    -26.2500      1.2500        6.193     
    -26.2500      2.5000        5.568     
    -26.2500      3.7500        5.405     
    -26.2500      5.0000        5.349     
    -26.2500      6.2500        5.336     
    -26.2500      7.5000        5.340     
    -26.2500      8.7500        5.351     
    -26.2500     10.0000        5.358     
    -26.2500     11.2500        5.359     
    -26.2500     12.5000        5.351     
    -26.2500     13.7500        5.339     
    -26.2500     15.0000        5.321     
    -26.2500     16.2500        5.300     
    -26.2500     17.5000        0.000     
    -26.2500     18.7500        0.000     

    -25.3125    -20.0000        0.000     
    -25.3125    -18.7500        0.000     
    -25.3125    -17.5000        0.000     
    -25.3125    -16.2500        2.033     
    -25.3125    -15.0000        2.068     
    -25.3125    -13.7500        2.111     
    -25.3125    -12.5000        2.155     
    -25.3125    -11.2500        2.195     
    -25.3125    -10.0000        2.221     
    -25.3125     -8.7500        2.230     
    -25.3125     -7.5000        2.219     
    -25.3125     -6.2500        2.190     
    -25.3125     -5.0000        2.138     
    -25.3125     -3.7500        2.060     
    -25.3125     -2.5000        1.934     
    -25.3125     -1.2500        1.736     
    -25.3125      0.0000        1.473     
    -25.3125      1.2500        1.200     
    -25.3125      2.5000       0.9737     
    -25.3125      3.7500       0.9036     
    -25.3125      5.0000        1.369     
    -25.3125      6.2500        2.145     
    -25.3125      7.5000        2.337     
    -25.3125      8.7500        2.316     
    -25.3125     10.0000        2.238     
    -25.3125     11.2500        2.116     
    -25.3125     12.5000        1.936     
    -25.3125     13.7500        1.718     
    -25.3125     15.0000        1.554     
    -25.3125     16.2500        0.000     
    -25.3125     17.5000        0.000     
    -25.3125     18.7500        0.000     

    -24.3750    -20.0000        0.000     
    -24.3750    -18.7500        0.000     
    -24.3750    -17.5000        0.000     
    -24.3750    -16.2500        2.003     
    -24.3750    -15.0000        2.041     
    -24.3750    -13.7500        2.090     
    -24.3750    -12.5000        2.142     
    -24.3750    -11.2500        2.190     
    -24.3750    -10.0000        2.222     
    -24.3750     -8.7500        2.234     
    -24.3750     -7.5000        2.224     
    -24.3750     -6.2500        2.188     
    -24.3750     -5.0000        2.119     
    -24.3750     -3.7500        2.004     
    -24.3750     -2.5000        1.827     
    -24.3750     -1.2500        1.614     
    -24.3750      0.0000        1.473     
    -24.3750      1.2500        1.496     
    -24.3750      2.5000        1.682     
    -24.3750      3.7500        1.917     
    -24.3750      5.0000        2.089     
    -24.3750      6.2500        2.186     
    -24.3750      7.5000        2.232     
    -24.3750      8.7500        2.241     
    -24.3750     10.0000        2.224     
    -24.3750     11.2500        2.183     
    -24.3750     12.5000        2.124     
    -24.3750     13.7500        2.060     
    -24.3750     15.0000        2.001     
    -24.3750     16.2500        1.959     
    -24.3750     17.5000        0.000     
    -24.3750     18.7500        0.000     

    -23.4375    -20.0000        0.000     
    -23.4375    -18.7500        0.000     
    -23.4375    -17.5000        0.000     
    -23.4375    -16.2500        1.938     
    -23.4375    -15.0000        1.983     
    -23.4375    -13.7500        2.046     
    -23.4375    -12.5000        2.116     
    -23.4375    -11.2500        2.180     
    -23.4375    -10.0000        2.224     
    -23.4375     -8.7500        2.244     
    -23.4375     -7.5000        2.235     
    -23.4375     -6.2500        2.185     
    -23.4375     -5.0000        2.074     
    -23.4375     -3.7500        1.875     
    -23.4375     -2.5000        1.622     
    -23.4375     -1.2500        1.458     
    -23.4375      0.0000        1.474     
    -23.4375      1.2500        1.639     
    -23.4375      2.5000        1.852     
    -23.4375      3.7500        2.018     
    -23.4375      5.0000        2.124     
    -23.4375      6.2500        2.189     
    -23.4375      7.5000        2.223     
    -23.4375      8.7500        2.233     
    -23.4375     10.0000        2.222     
    -23.4375     11.2500        2.191     
    -23.4375     12.5000        2.145     
    -23.4375     13.7500        2.095     
    -23.4375     15.0000        2.047     
    -23.4375     16.2500        2.010     
    -23.4375     17.5000        0.000     
    -23.4375     18.7500        0.000     

    -22.5000    -20.0000        0.000     
    -22.5000    -18.7500        0.000     
    -22.5000    -17.5000        0.000     
    -22.5000    -16.2500        0.000     
    -22.5000    -15.0000        0.000     
    -22.5000    -13.7500       0.1902     
    -22.5000    -12.5000        0.000     
    -22.5000    -11.2500        0.000     
    -22.5000    -10.0000        0.000     
    -22.5000     -8.7500        0.000     
    -22.5000     -7.5000        5.039     
    -22.5000     -6.2500        5.379     
    -22.5000     -5.0000        5.729     
    -22.5000     -3.7500        6.222     
    -22.5000     -2.5000       0.5476     
    -22.5000     -1.2500        1.078     
    -22.5000      0.0000        1.474     
    -22.5000      1.2500        1.762     
    -22.5000      2.5000        1.954     
    -22.5000      3.7500        2.069     
    -22.5000      5.0000        2.141     
    -22.5000      6.2500        2.190     
    -22.5000      7.5000        2.218     
    -22.5000      8.7500        2.229     
    -22.5000     10.0000        2.221     
    -22.5000     11.2500        2.196     
    -22.5000     12.5000        2.157     
    -22.5000     13.7500        2.114     
    -22.5000     15.0000        2.072     
    -22.5000     16.2500        2.038     
    -22.5000     17.5000        0.000     
    -22.5000     18.7500        0.000     

    -21.5625    -20.0000        0.000     
    -21.5625    -18.7500        0.000     
    -21.5625    -17.5000        0.000     
    -21.5625    -16.2500        5.275     
    -21.5625    -15.0000        5.297     
    -21.5625    -13.7500        5.321     
    -21.5625    -12.5000        5.339     
    -21.5625    -11.2500        5.354     
    -21.5625    -10.0000        5.359     
    -21.5625     -8.7500        5.355     
    -21.5625     -7.5000        5.344     
    -21.5625     -6.2500        5.336     
    -21.5625     -5.0000        5.335     
    -21.5625     -3.7500        5.367     
    -21.5625     -2.5000        5.465     
    -21.5625     -1.2500        5.845     
    -21.5625      0.0000        1.474     
    -21.5625      1.2500        1.938     
    -21.5625      2.5000        2.059     
    -21.5625      3.7500        2.117     
    -21.5625      5.0000        2.158     
    -21.5625      6.2500        2.191     
    -21.5625      7.5000        2.214     
    -21.5625      8.7500        2.224     
    -21.5625     10.0000        2.220     
    -21.5625     11.2500        2.200     
    -21.5625     12.5000        2.169     
    -21.5625     13.7500        2.133     
    -21.5625     15.0000        2.097     
    -21.5625     16.2500        2.066     
    -21.5625     17.5000        0.000     
    -21.5625     18.7500        0.000     

    -20.6250    -20.0000        0.000     
    -20.6250    -18.7500        0.000     
    -20.6250    -17.5000        0.000     
    -20.6250    -16.2500        5.215     
    -20.6250    -15.0000        5.244     
    -20.6250    -13.7500        5.280     
    -20.6250    -12.5000        5.313     
    -20.6250    -11.2500        5.343     
    -20.6250    -10.0000        5.361     
    -20.6250     -8.7500        5.365     
    -20.6250     -7.5000        5.354     
    -20.6250     -6.2500        5.333     
    -20.6250     -5.0000        5.303     
    -20.6250     -3.7500        5.271     
    -20.6250     -2.5000        5.227     
    -20.6250     -1.2500        5.135     
    -20.6250      0.0000        4.614     
    -20.6250      1.2500        2.449     
    -20.6250      2.5000        2.251     
    -20.6250      3.7500        2.197     
    -20.6250      5.0000        2.184     
    -20.6250      6.2500        2.193     
    -20.6250      7.5000        2.206     
    -20.6250      8.7500        2.217     
    -20.6250     10.0000        2.218     
    -20.6250     11.2500        2.209     
    -20.6250     12.5000        2.190     
    -20.6250     13.7500        2.166     
    -20.6250     15.0000        2.140     
    -20.6250     16.2500        2.114     
    -20.6250     17.5000        0.000     
    -20.6250     18.7500        0.000     

    -19.6875    -20.0000        0.000     
    -19.6875    -18.7500        0.000     
    -19.6875    -17.5000        0.000     
    -19.6875    -16.2500        5.185     
    -19.6875    -15.0000        5.218     
    -19.6875    -13.7500        5.259     
    -19.6875    -12.5000        5.301     
    -19.6875    -11.2500        5.338     
    -19.6875    -10.0000        5.362     
    -19.6875     -8.7500        5.370     
    -19.6875     -7.5000        5.359     
    -19.6875     -6.2500        5.332     
    -19.6875     -5.0000        5.286     
    -19.6875     -3.7500        5.220     
    -19.6875     -2.5000        5.114     
    -19.6875     -1.2500        4.932     
    -19.6875      0.0000        4.615     
    -19.6875      1.2500        4.047     
    -19.6875      2.5000        3.198     
    -19.6875      3.7500        2.605     
    -19.6875      5.0000        2.331     
    -19.6875      6.2500        2.205     
    -19.6875      7.5000        2.149     
    -19.6875      8.7500        2.149     
    -19.6875     10.0000        2.201     
    -19.6875     11.2500        2.296     
    -19.6875     12.5000        2.374     
    -19.6875     13.7500        2.424     
    -19.6875     15.0000        2.453     
    -19.6875     16.2500        0.000     
    -19.6875     17.5000        0.000     
    -19.6875     18.7500        0.000     

    -18.7500    -20.0000        0.000     
    -18.7500    -18.7500        0.000     
    -18.7500    -17.5000        0.000     
    -18.7500    -16.2500        5.158     
    -18.7500    -15.0000        5.195     
    -18.7500    -13.7500        5.241     
    -18.7500    -12.5000        5.290     
    -18.7500    -11.2500        5.334     
    -18.7500    -10.0000        5.363     
    -18.7500     -8.7500        5.374     
    -18.7500     -7.5000        5.363     
    -18.7500     -6.2500        5.331     
    -18.7500     -5.0000        5.269     
    -18.7500     -3.7500        5.171     
    -18.7500     -2.5000        5.016     
    -18.7500     -1.2500        4.805     
    -18.7500      0.0000        4.615     
    -18.7500      1.2500        4.554     
    -18.7500      2.5000        4.683     
    -18.7500      3.7500        4.954     
    -18.7500      5.0000        5.192     
    -18.7500      6.2500        5.325     
    -18.7500      7.5000        5.382     
    -18.7500      8.7500        5.390     
    -18.7500     10.0000        5.367     
    -18.7500     11.2500        5.317     
    -18.7500     12.5000        5.246     
    -18.7500     13.7500        5.167     
    -18.7500     15.0000        5.098     
    -18.7500     16.2500        5.051     
    -18.7500     17.5000        0.000     
    -18.7500     18.7500        0.000     

    -17.8125    -20.0000        0.000     
    -17.8125    -18.7500        0.000     
    -17.8125    -17.5000        0.000     
    -17.8125    -16.2500        5.115     
    -17.8125    -15.0000        5.156     
    -17.8125    -13.7500        5.212     
    -17.8125    -12.5000        5.272     
    -17.8125    -11.2500        5.327     
    -17.8125    -10.0000        5.365     
    -17.8125     -8.7500        5.380     
    -17.8125     -7.5000        5.371     
    -17.8125     -6.2500        5.329     
    -17.8125     -5.0000        5.241     
    -17.8125     -3.7500        5.089     
    -17.8125     -2.5000        4.871     
    -17.8125     -1.2500        4.672     
    -17.8125      0.0000        4.615     
    -17.8125      1.2500        4.730     
    -17.8125      2.5000        4.941     
    -17.8125      3.7500        5.130     
    -17.8125      5.0000        5.255     
    -17.8125      6.2500        5.330     
    -17.8125      7.5000        5.367     
    -17.8125      8.7500        5.377     
    -17.8125     10.0000        5.364     
    -17.8125     11.2500        5.330     
    -17.8125     12.5000        5.281     
    -17.8125     13.7500        5.226     
    -17.8125     15.0000        5.175     
    -17.8125     16.2500        5.137     
    -17.8125     17.5000        0.000     
    -17.8125     18.7500        0.000     

    -16.8750    -20.0000        0.000     
    -16.8750    -18.7500        0.000     
    -16.8750    -17.5000        0.000     
    -16.8750    -16.2500        4.903     
    -16.8750    -15.0000        4.965     
    -16.8750    -13.7500        5.065     
    -16.8750    -12.5000        5.189     
    -16.8750    -11.2500        5.295     
    -16.8750    -10.0000        5.372     
    -16.8750     -8.7500        5.412     
    -16.8750     -7.5000        5.410     
    -16.8750     -6.2500        5.316     
    -16.8750     -5.0000        5.050     
    -16.8750     -3.7500        4.624     
    -16.8750     -2.5000        4.395     
    -16.8750     -1.2500        4.431     
    -16.8750      0.0000        4.615     
    -16.8750      1.2500        4.853     
    -16.8750      2.5000        5.057     
    -16.8750      3.7500        5.192     
    -16.8750      5.0000        5.276     
    -16.8750      6.2500        5.331     
    -16.8750      7.5000        5.362     
    -16.8750      8.7500        5.372     
    -16.8750     10.0000        5.363     
    -16.8750     11.2500        5.336     
    -16.8750     12.5000        5.294     
    -16.8750     13.7500        5.249     
    -16.8750     15.0000        5.205     
    -16.8750     16.2500        5.169     
    -16.8750     17.5000        0.000     
    -16.8750     18.7500        0.000     

    -15.9375    -20.0000        0.000     
    -15.9375    -18.7500        0.000     
    -15.9375    -17.5000        0.000     
    -15.9375    -16.2500        2.201     
    -15.9375    -15.0000        2.215     
    -15.9375    -13.7500        2.227     
    -15.9375    -12.5000        2.229     
    -15.9375    -11.2500        2.226     
    -15.9375    -10.0000        2.215     
    -15.9375     -8.7500        2.202     
    -15.9375     -7.5000        2.192     
    -15.9375     -6.2500        2.197     
    -15.9375     -5.0000        2.226     
    -15.9375     -3.7500        2.322     
    -15.9375     -2.5000        2.577     
    -15.9375     -1.2500        3.449     
    -15.9375      0.0000        4.616     
    -15.9375      1.2500        4.995     
    -15.9375      2.5000        5.155     
    -15.9375      3.7500        5.238     
    -15.9375      5.0000        5.292     
    -15.9375      6.2500        5.332     
    -15.9375      7.5000        5.357     
    -15.9375      8.7500        5.368     
    -15.9375     10.0000        5.362     
    -15.9375     11.2500        5.340     
    -15.9375     12.5000        5.305     
    -15.9375     13.7500        5.266     
    -15.9375     15.0000        5.228     
    -15.9375     16.2500        5.195     
    -15.9375     17.5000        0.000     
    -15.9375     18.7500        0.000     

    -15.0000    -20.0000        0.000     
    -15.0000    -18.7500        0.000     
    -15.0000    -17.5000        0.000     
    -15.0000    -16.2500        2.090     
    -15.0000    -15.0000        2.118     
    -15.0000    -13.7500        2.150     
    -15.0000    -12.5000        2.179     
    -15.0000    -11.2500        2.205     
    -15.0000    -10.0000        2.219     
    -15.0000     -8.7500        2.221     
    -15.0000     -7.5000        2.210     
    -15.0000     -6.2500        2.192     
    -15.0000     -5.0000        2.171     
    -15.0000     -3.7500        2.157     
    -15.0000     -2.5000        2.152     
    -15.0000     -1.2500        2.153     
    -15.0000      0.0000        0.000     
    -15.0000      1.2500        5.293     
    -15.0000      2.5000        5.294     
    -15.0000      3.7500        5.298     
    -15.0000      5.0000        5.312     
    -15.0000      6.2500        5.334     
    -15.0000      7.5000        5.352     
    -15.0000      8.7500        5.362     
    -15.0000     10.0000        5.361     
    -15.0000     11.2500        5.346     
    -15.0000     12.5000        5.321     
    -15.0000     13.7500        5.291     
    -15.0000     15.0000        5.260     
    -15.0000     16.2500        5.231     
    -15.0000     17.5000        0.000     
    -15.0000     18.7500        0.000     

    -14.0625    -20.0000        0.000     
    -14.0625    -18.7500        0.000     
    -14.0625    -17.5000        0.000     
    -14.0625    -16.2500        2.054     
    -14.0625    -15.0000        2.086     
    -14.0625    -13.7500        2.125     
    -14.0625    -12.5000        2.164     
    -14.0625    -11.2500        2.198     
    -14.0625    -10.0000        2.220     
    -14.0625     -8.7500        2.226     
    -14.0625     -7.5000        2.216     
    -14.0625     -6.2500        2.191     
    -14.0625     -5.0000        2.150     
    -14.0625     -3.7500        2.097     
    -14.0625     -2.5000        2.013     
    -14.0625     -1.2500        1.854     
    -14.0625      0.0000        1.473     
    -14.0625      1.2500       0.3077     
    -14.0625      2.5000        5.719     
    -14.0625      3.7500        5.463     
    -14.0625      5.0000        5.368     
    -14.0625      6.2500        5.338     
    -14.0625      7.5000        5.334     
    -14.0625      8.7500        5.344     
    -14.0625     10.0000        5.357     
    -14.0625     11.2500        5.367     
    -14.0625     12.5000        5.371     
    -14.0625     13.7500        5.368     
    -14.0625     15.0000        5.358     
    -14.0625     16.2500        5.341     
    -14.0625     17.5000        0.000     
    -14.0625     18.7500        0.000     

    -13.1250    -20.0000        0.000     
    -13.1250    -18.7500        0.000     
    -13.1250    -17.5000        0.000     
    -13.1250    -16.2500        2.028     
    -13.1250    -15.0000        2.063     
    -13.1250    -13.7500        2.107     
    -13.1250    -12.5000        2.153     
    -13.1250    -11.2500        2.194     
    -13.1250    -10.0000        2.221     
    -13.1250     -8.7500        2.231     
    -13.1250     -7.5000        2.220     
    -13.1250     -6.2500        2.190     
    -13.1250     -5.0000        2.135     
    -13.1250     -3.7500        2.050     
    -13.1250     -2.5000        1.915     
    -13.1250     -1.2500        1.711     
    -13.1250      0.0000        1.473     
    -13.1250      1.2500        1.289     
    -13.1250      2.5000        1.253     
    -13.1250      3.7500        1.483     
    -13.1250      5.0000        1.907     
    -13.1250      6.2500        2.175     
    -13.1250      7.5000        2.268     
    -13.1250      8.7500        2.271     
    -13.1250     10.0000        2.230     
    -13.1250     11.2500        2.154     
    -13.1250     12.5000        2.047     
    -13.1250     13.7500        1.924     
    -13.1250     15.0000        1.823     
    -13.1250     16.2500        1.764     
    -13.1250     17.5000        0.000     
    -13.1250     18.7500        0.000     

    -12.1875    -20.0000        0.000     
    -12.1875    -18.7500        0.000     
    -12.1875    -17.5000        0.000     
    -12.1875    -16.2500        1.995     
    -12.1875    -15.0000        2.034     
    -12.1875    -13.7500        2.085     
    -12.1875    -12.5000        2.139     
    -12.1875    -11.2500        2.189     
    -12.1875    -10.0000        2.223     
    -12.1875     -8.7500        2.236     
    -12.1875     -7.5000        2.226     
    -12.1875     -6.2500        2.188     
    -12.1875     -5.0000        2.114     
    -12.1875     -3.7500        1.989     
    -12.1875     -2.5000        1.799     
    -12.1875     -1.2500        1.588     
    -12.1875      0.0000        1.473     
    -12.1875      1.2500        1.530     
    -12.1875      2.5000        1.729     
    -12.1875      3.7500        1.947     
    -12.1875      5.0000        2.099     
    -12.1875      6.2500        2.187     
    -12.1875      7.5000        2.229     
    -12.1875      8.7500        2.239     
    -12.1875     10.0000        2.223     
    -12.1875     11.2500        2.185     
    -12.1875     12.5000        2.130     
    -12.1875     13.7500        2.070     
    -12.1875     15.0000        2.015     
    -12.1875     16.2500        1.974     
    -12.1875     17.5000        0.000     
    -12.1875     18.7500        0.000     

    -11.2500    -20.0000        0.000     
    -11.2500    -18.7500        0.000     
    -11.2500    -17.5000        0.000     
    -11.2500    -16.2500        1.908     
    -11.2500    -15.0000        1.957     
    -11.2500    -13.7500        2.025     
    -11.2500    -12.5000        2.104     
    -11.2500    -11.2500        2.175     
    -11.2500    -10.0000        2.225     
    -11.2500     -8.7500        2.249     
    -11.2500     -7.5000        2.241     
    -11.2500     -6.2500        2.184     
    -11.2500     -5.0000        2.051     
    -11.2500     -3.7500        1.812     
    -11.2500     -2.5000        1.542     
    -11.2500     -1.2500        1.412     
    -11.2500      0.0000        1.474     
    -11.2500      1.2500        1.663     
    -11.2500      2.5000        1.874     
    -11.2500      3.7500        2.029     
    -11.2500      5.0000        2.128     
    -11.2500      6.2500        2.189     
    -11.2500      7.5000        2.222     
    -11.2500      8.7500        2.232     
    -11.2500     10.0000        2.222     
    -11.2500     11.2500        2.192     
    -11.2500     12.5000        2.148     
    -11.2500     13.7500        2.099     
    -11.2500     15.0000        2.053     
    -11.2500     16.2500        2.017     
    -11.2500     17.5000        0.000     
    -11.2500     18.7500        0.000     

    -10.3125    -20.0000        0.000     
    -10.3125    -18.7500        0.000     
    -10.3125    -17.5000        0.000     
    -10.3125    -16.2500        0.000     
    -10.3125    -15.0000        5.594     
    -10.3125    -13.7500        5.566     
    -10.3125    -12.5000        5.515     
    -10.3125    -11.2500        5.438     
    -10.3125    -10.0000        5.341     
    -10.3125     -8.7500        5.291     
    -10.3125     -7.5000        5.290     
    -10.3125     -6.2500        5.347     
    -10.3125     -5.0000        5.472     
    -10.3125     -3.7500        5.747     
    -10.3125     -2.5000       0.5575E-001
    -10.3125     -1.2500       0.9050     
    -10.3125      0.0000        1.474     
    -10.3125      1.2500        1.790     
    -10.3125      2.5000        1.973     
    -10.3125      3.7500        2.078     
    -10.3125      5.0000        2.144     
    -10.3125      6.2500        2.190     
    -10.3125      7.5000        2.217     
    -10.3125      8.7500        2.228     
    -10.3125     10.0000        2.221     
    -10.3125     11.2500        2.197     
    -10.3125     12.5000        2.159     
    -10.3125     13.7500        2.118     
    -10.3125     15.0000        2.077     
    -10.3125     16.2500        2.043     
    -10.3125     17.5000        0.000     
    -10.3125     18.7500        0.000     

     -9.3750    -20.0000        0.000     
     -9.3750    -18.7500        0.000     
     -9.3750    -17.5000        0.000     
     -9.3750    -16.2500        5.257     
     -9.3750    -15.0000        5.281     
     -9.3750    -13.7500        5.308     
     -9.3750    -12.5000        5.331     
     -9.3750    -11.2500        5.351     
     -9.3750    -10.0000        5.360     
     -9.3750     -8.7500        5.358     
     -9.3750     -7.5000        5.347     
     -9.3750     -6.2500        5.335     
     -9.3750     -5.0000        5.326     
     -9.3750     -3.7500        5.339     
     -9.3750     -2.5000        5.392     
     -9.3750     -1.2500        5.592     
     -9.3750      0.0000        1.475     
     -9.3750      1.2500        1.993     
     -9.3750      2.5000        2.086     
     -9.3750      3.7500        2.129     
     -9.3750      5.0000        2.161     
     -9.3750      6.2500        2.191     
     -9.3750      7.5000        2.213     
     -9.3750      8.7500        2.223     
     -9.3750     10.0000        2.220     
     -9.3750     11.2500        2.202     
     -9.3750     12.5000        2.172     
     -9.3750     13.7500        2.138     
     -9.3750     15.0000        2.103     
     -9.3750     16.2500        2.072     
     -9.3750     17.5000        0.000     
     -9.3750     18.7500        0.000     

     -8.4375    -20.0000        0.000     
     -8.4375    -18.7500        0.000     
     -8.4375    -17.5000        0.000     
     -8.4375    -16.2500        5.208     
     -8.4375    -15.0000        5.238     
     -8.4375    -13.7500        5.275     
     -8.4375    -12.5000        5.310     
     -8.4375    -11.2500        5.342     
     -8.4375    -10.0000        5.362     
     -8.4375     -8.7500        5.366     
     -8.4375     -7.5000        5.355     
     -8.4375     -6.2500        5.333     
     -8.4375     -5.0000        5.299     
     -8.4375     -3.7500        5.259     
     -8.4375     -2.5000        5.201     
     -8.4375     -1.2500        5.080     
     -8.4375      0.0000        4.614     
     -8.4375      1.2500        2.703     
     -8.4375      2.5000        2.324     
     -8.4375      3.7500        2.225     
     -8.4375      5.0000        2.194     
     -8.4375      6.2500        2.194     
     -8.4375      7.5000        2.203     
     -8.4375      8.7500        2.214     
     -8.4375     10.0000        2.218     
     -8.4375     11.2500        2.212     
     -8.4375     12.5000        2.198     
     -8.4375     13.7500        2.179     
     -8.4375     15.0000        2.156     
     -8.4375     16.2500        2.132     
     -8.4375     17.5000        0.000     
     -8.4375     18.7500        0.000     

     -7.5000    -20.0000        0.000     
     -7.5000    -18.7500        0.000     
     -7.5000    -17.5000        0.000     
     -7.5000    -16.2500        5.180     
     -7.5000    -15.0000        5.214     
     -7.5000    -13.7500        5.256     
     -7.5000    -12.5000        5.299     
     -7.5000    -11.2500        5.337     
     -7.5000    -10.0000        5.363     
     -7.5000     -8.7500        5.370     
     -7.5000     -7.5000        5.360     
     -7.5000     -6.2500        5.332     
     -7.5000     -5.0000        5.283     
     -7.5000     -3.7500        5.211     
     -7.5000     -2.5000        5.095     
     -7.5000     -1.2500        4.904     
     -7.5000      0.0000        4.615     
     -7.5000      1.2500        4.220     
     -7.5000      2.5000        3.689     
     -7.5000      3.7500        3.079     
     -7.5000      5.0000        2.589     
     -7.5000      6.2500        2.235     
     -7.5000      7.5000        1.901     
     -7.5000      8.7500        0.000     
     -7.5000     10.0000        0.000     
     -7.5000     11.2500        0.000     
     -7.5000     12.5000        0.000     
     -7.5000     13.7500        3.334     
     -7.5000     15.0000        0.000     
     -7.5000     16.2500        0.000     
     -7.5000     17.5000        0.000     
     -7.5000     18.7500        0.000     

     -6.5625    -20.0000        0.000     
     -6.5625    -18.7500        0.000     
     -6.5625    -17.5000        0.000     
     -6.5625    -16.2500        5.152     
     -6.5625    -15.0000        5.189     
     -6.5625    -13.7500        5.237     
     -6.5625    -12.5000        5.287     
     -6.5625    -11.2500        5.333     
     -6.5625    -10.0000        5.364     
     -6.5625     -8.7500        5.375     
     -6.5625     -7.5000        5.365     
     -6.5625     -6.2500        5.330     
     -6.5625     -5.0000        5.265     
     -6.5625     -3.7500        5.159     
     -6.5625     -2.5000        4.993     
     -6.5625     -1.2500        4.781     
     -6.5625      0.0000        4.615     
     -6.5625      1.2500        4.599     
     -6.5625      2.5000        4.764     
     -6.5625      3.7500        5.017     
     -6.5625      5.0000        5.215     
     -6.5625      6.2500        5.327     
     -6.5625      7.5000        5.377     
     -6.5625      8.7500        5.386     
     -6.5625     10.0000        5.366     
     -6.5625     11.2500        5.321     
     -6.5625     12.5000        5.258     
     -6.5625     13.7500        5.187     
     -6.5625     15.0000        5.125     
     -6.5625     16.2500        5.080     
     -6.5625     17.5000        0.000     
     -6.5625     18.7500        0.000     

     -5.6250    -20.0000        0.000     
     -5.6250    -18.7500        0.000     
     -5.6250    -17.5000        0.000     
     -5.6250    -16.2500        5.100     
     -5.6250    -15.0000        5.143     
     -5.6250    -13.7500        5.201     
     -5.6250    -12.5000        5.266     
     -5.6250    -11.2500        5.324     
     -5.6250    -10.0000        5.365     
     -5.6250     -8.7500        5.383     
     -5.6250     -7.5000        5.373     
     -5.6250     -6.2500        5.328     
     -5.6250     -5.0000        5.230     
     -5.6250     -3.7500        5.059     
     -5.6250     -2.5000        4.824     
     -5.6250     -1.2500        4.638     
     -5.6250      0.0000        4.615     
     -5.6250      1.2500        4.756     
     -5.6250      2.5000        4.968     
     -5.6250      3.7500        5.146     
     -5.6250      5.0000        5.261     
     -5.6250      6.2500        5.330     
     -5.6250      7.5000        5.366     
     -5.6250      8.7500        5.376     
     -5.6250     10.0000        5.364     
     -5.6250     11.2500        5.331     
     -5.6250     12.5000        5.284     
     -5.6250     13.7500        5.232     
     -5.6250     15.0000        5.183     
     -5.6250     16.2500        5.145     
     -5.6250     17.5000        0.000     
     -5.6250     18.7500        0.000     

     -4.6875    -20.0000        0.000     
     -4.6875    -18.7500        0.000     
     -4.6875    -17.5000        0.000     
     -4.6875    -16.2500        0.000     
     -4.6875    -15.0000        4.698     
     -4.6875    -13.7500        4.858     
     -4.6875    -12.5000        5.079     
     -4.6875    -11.2500        5.257     
     -4.6875    -10.0000        5.380     
     -4.6875     -8.7500        5.457     
     -4.6875     -7.5000        5.480     
     -4.6875     -6.2500        5.285     
     -4.6875     -5.0000        4.513     
     -4.6875     -3.7500        4.044     
     -4.6875     -2.5000        4.116     
     -4.6875     -1.2500        4.341     
     -4.6875      0.0000        4.615     
     -4.6875      1.2500        4.877     
     -4.6875      2.5000        5.076     
     -4.6875      3.7500        5.201     
     -4.6875      5.0000        5.280     
     -4.6875      6.2500        5.331     
     -4.6875      7.5000        5.361     
     -4.6875      8.7500        5.371     
     -4.6875     10.0000        5.363     
     -4.6875     11.2500        5.336     
     -4.6875     12.5000        5.297     
     -4.6875     13.7500        5.252     
     -4.6875     15.0000        5.209     
     -4.6875     16.2500        5.175     
     -4.6875     17.5000        0.000     
     -4.6875     18.7500        0.000     

     -3.7500    -20.0000        0.000     
     -3.7500    -18.7500        0.000     
     -3.7500    -17.5000        0.000     
     -3.7500    -16.2500        2.160     
     -3.7500    -15.0000        2.179     
     -3.7500    -13.7500        2.198     
     -3.7500    -12.5000        2.210     
     -3.7500    -11.2500        2.218     
     -3.7500    -10.0000        2.216     
     -3.7500     -8.7500        2.209     
     -3.7500     -7.5000        2.198     
     -3.7500     -6.2500        2.195     
     -3.7500     -5.0000        2.207     
     -3.7500     -3.7500        2.264     
     -3.7500     -2.5000        2.425     
     -3.7500     -1.2500        3.052     
     -3.7500      0.0000        4.616     
     -3.7500      1.2500        5.034     
     -3.7500      2.5000        5.177     
     -3.7500      3.7500        5.248     
     -3.7500      5.0000        5.296     
     -3.7500      6.2500        5.332     
     -3.7500      7.5000        5.356     
     -3.7500      8.7500        5.367     
     -3.7500     10.0000        5.362     
     -3.7500     11.2500        5.341     
     -3.7500     12.5000        5.308     
     -3.7500     13.7500        5.270     
     -3.7500     15.0000        5.233     
     -3.7500     16.2500        5.201     
     -3.7500     17.5000        0.000     
     -3.7500     18.7500        0.000     

     -2.8125    -20.0000        0.000     
     -2.8125    -18.7500        0.000     
     -2.8125    -17.5000        0.000     
     -2.8125    -16.2500        2.081     
     -2.8125    -15.0000        2.110     
     -2.8125    -13.7500        2.143     
     -2.8125    -12.5000        2.175     
     -2.8125    -11.2500        2.203     
     -2.8125    -10.0000        2.220     
     -2.8125     -8.7500        2.222     
     -2.8125     -7.5000        2.211     
     -2.8125     -6.2500        2.192     
     -2.8125     -5.0000        2.166     
     -2.8125     -3.7500        2.142     
     -2.8125     -2.5000        2.116     
     -2.8125     -1.2500        2.063     
     -2.8125      0.0000        1.471     
     -2.8125      1.2500        5.416     
     -2.8125      2.5000        5.338     
     -2.8125      3.7500        5.316     
     -2.8125      5.0000        5.318     
     -2.8125      6.2500        5.334     
     -2.8125      7.5000        5.350     
     -2.8125      8.7500        5.360     
     -2.8125     10.0000        5.360     
     -2.8125     11.2500        5.348     
     -2.8125     12.5000        5.325     
     -2.8125     13.7500        5.298     
     -2.8125     15.0000        5.269     
     -2.8125     16.2500        5.242     
     -2.8125     17.5000        0.000     
     -2.8125     18.7500        0.000     

     -1.8750    -20.0000        0.000     
     -1.8750    -18.7500        0.000     
     -1.8750    -17.5000        0.000     
     -1.8750    -16.2500        2.049     
     -1.8750    -15.0000        2.081     
     -1.8750    -13.7500        2.121     
     -1.8750    -12.5000        2.161     
     -1.8750    -11.2500        2.198     
     -1.8750    -10.0000        2.221     
     -1.8750     -8.7500        2.227     
     -1.8750     -7.5000        2.217     
     -1.8750     -6.2500        2.190     
     -1.8750     -5.0000        2.147     
     -1.8750     -3.7500        2.087     
     -1.8750     -2.5000        1.992     
     -1.8750     -1.2500        1.821     
     -1.8750      0.0000        1.473     
     -1.8750      1.2500       0.6545     
     -1.8750      2.5000        5.960     
     -1.8750      3.7500        5.558     
     -1.8750      5.0000        5.402     
     -1.8750      6.2500        5.340     
     -1.8750      7.5000        5.322     
     -1.8750      8.7500        5.330     
     -1.8750     10.0000        5.353     
     -1.8750     11.2500        5.384     
     -1.8750     12.5000        5.408     
     -1.8750     13.7500        5.423     
     -1.8750     15.0000        5.425     
     -1.8750     16.2500        5.417     
     -1.8750     17.5000        0.000     
     -1.8750     18.7500        0.000     

     -0.9375    -20.0000        0.000     
     -0.9375    -18.7500        0.000     
     -0.9375    -17.5000        0.000     
     -0.9375    -16.2500        2.023     
     -0.9375    -15.0000        2.058     
     -0.9375    -13.7500        2.103     
     -0.9375    -12.5000        2.150     
     -0.9375    -11.2500        2.193     
     -0.9375    -10.0000        2.222     
     -0.9375     -8.7500        2.231     
     -0.9375     -7.5000        2.221     
     -0.9375     -6.2500        2.189     
     -0.9375     -5.0000        2.131     
     -0.9375     -3.7500        2.040     
     -0.9375     -2.5000        1.895     
     -0.9375     -1.2500        1.687     
     -0.9375      0.0000        1.473     
     -0.9375      1.2500        1.358     
     -0.9375      2.5000        1.427     
     -0.9375      3.7500        1.705     
     -0.9375      5.0000        2.008     
     -0.9375      6.2500        2.181     
     -0.9375      7.5000        2.249     
     -0.9375      8.7500        2.256     
     -0.9375     10.0000        2.227     
     -0.9375     11.2500        2.168     
     -0.9375     12.5000        2.085     
     -0.9375     13.7500        1.992     
     -0.9375     15.0000        1.912     
     -0.9375     16.2500        1.860     
     -0.9375     17.5000        0.000     
     -0.9375     18.7500        0.000     

      0.0000    -20.0000        0.000     
      0.0000    -18.7500        0.000     
      0.0000    -17.5000        0.000     
      0.0000    -16.2500        1.986     
      0.0000    -15.0000        2.025     
      0.0000    -13.7500        2.078     
      0.0000    -12.5000        2.135     
      0.0000    -11.2500        2.187     
      0.0000    -10.0000        2.223     
      0.0000     -8.7500        2.237     
      0.0000     -7.5000        2.227     
      0.0000     -6.2500        2.188     
      0.0000     -5.0000        2.107     
      0.0000     -3.7500        1.970     
      0.0000     -2.5000        1.767     
      0.0000     -1.2500        1.560     
      0.0000      0.0000        1.473     
      0.0000      1.2500        1.560     
      0.0000      2.5000        1.767     
      0.0000      3.7500        1.970     
      0.0000      5.0000        2.107     
      0.0000      6.2500        2.188     
      0.0000      7.5000        2.227     
      0.0000      8.7500        2.237     
      0.0000     10.0000        2.223     
      0.0000     11.2500        2.187     
      0.0000     12.5000        2.135     
      0.0000     13.7500        2.078     
      0.0000     15.0000        2.025     
      0.0000     16.2500        1.986     
      0.0000     17.5000        0.000     
      0.0000     18.7500        0.000     

      0.9375    -20.0000        0.000     
      0.9375    -18.7500        0.000     
      0.9375    -17.5000        0.000     
      0.9375    -16.2500        1.859     
      0.9375    -15.0000        1.912     
      0.9375    -13.7500        1.991     
      0.9375    -12.5000        2.085     
      0.9375    -11.2500        2.168     
      0.9375    -10.0000        2.227     
      0.9375     -8.7500        2.256     
      0.9375     -7.5000        2.250     
      0.9375     -6.2500        2.181     
      0.9375     -5.0000        2.009     
      0.9375     -3.7500        1.705     
      0.9375     -2.5000        1.428     
      0.9375     -1.2500        1.358     
      0.9375      0.0000        1.474     
      0.9375      1.2500        1.687     
      0.9375      2.5000        1.895     
      0.9375      3.7500        2.040     
      0.9375      5.0000        2.131     
      0.9375      6.2500        2.189     
      0.9375      7.5000        2.221     
      0.9375      8.7500        2.231     
      0.9375     10.0000        2.222     
      0.9375     11.2500        2.193     
      0.9375     12.5000        2.150     
      0.9375     13.7500        2.103     
      0.9375     15.0000        2.058     
      0.9375     16.2500        2.022     
      0.9375     17.5000        0.000     
      0.9375     18.7500        0.000     

      1.8750    -20.0000        0.000     
      1.8750    -18.7500        0.000     
      1.8750    -17.5000        0.000     
      1.8750    -16.2500        5.420     
      1.8750    -15.0000        5.424     
      1.8750    -13.7500        5.423     
      1.8750    -12.5000        5.408     
      1.8750    -11.2500        5.384     
      1.8750    -10.0000        5.353     
      1.8750     -8.7500        5.330     
      1.8750     -7.5000        5.321     
      1.8750     -6.2500        5.341     
      1.8750     -5.0000        5.401     
      1.8750     -3.7500        5.559     
      1.8750     -2.5000        5.959     
      1.8750     -1.2500       0.6540     
      1.8750      0.0000        1.474     
      1.8750      1.2500        1.820     
      1.8750      2.5000        1.993     
      1.8750      3.7500        2.087     
      1.8750      5.0000        2.147     
      1.8750      6.2500        2.190     
      1.8750      7.5000        2.217     
      1.8750      8.7500        2.227     
      1.8750     10.0000        2.221     
      1.8750     11.2500        2.197     
      1.8750     12.5000        2.161     
      1.8750     13.7500        2.121     
      1.8750     15.0000        2.082     
      1.8750     16.2500        2.048     
      1.8750     17.5000        0.000     
      1.8750     18.7500        0.000     

      2.8125    -20.0000        0.000     
      2.8125    -18.7500        0.000     
      2.8125    -17.5000        0.000     
      2.8125    -16.2500        5.243     
      2.8125    -15.0000        5.269     
      2.8125    -13.7500        5.299     
      2.8125    -12.5000        5.325     
      2.8125    -11.2500        5.348     
      2.8125    -10.0000        5.360     
      2.8125     -8.7500        5.361     
      2.8125     -7.5000        5.350     
      2.8125     -6.2500        5.334     
      2.8125     -5.0000        5.318     
      2.8125     -3.7500        5.317     
      2.8125     -2.5000        5.337     
      2.8125     -1.2500        5.417     
      2.8125      0.0000        1.476     
      2.8125      1.2500        2.062     
      2.8125      2.5000        2.117     
      2.8125      3.7500        2.142     
      2.8125      5.0000        2.166     
      2.8125      6.2500        2.192     
      2.8125      7.5000        2.211     
      2.8125      8.7500        2.222     
      2.8125     10.0000        2.220     
      2.8125     11.2500        2.203     
      2.8125     12.5000        2.175     
      2.8125     13.7500        2.143     
      2.8125     15.0000        2.110     
      2.8125     16.2500        2.080     
      2.8125     17.5000        0.000     
      2.8125     18.7500        0.000     

      3.7500    -20.0000        0.000     
      3.7500    -18.7500        0.000     
      3.7500    -17.5000        0.000     
      3.7500    -16.2500        5.202     
      3.7500    -15.0000        5.233     
      3.7500    -13.7500        5.271     
      3.7500    -12.5000        5.308     
      3.7500    -11.2500        5.341     
      3.7500    -10.0000        5.362     
      3.7500     -8.7500        5.367     
      3.7500     -7.5000        5.356     
      3.7500     -6.2500        5.333     
      3.7500     -5.0000        5.295     
      3.7500     -3.7500        5.248     
      3.7500     -2.5000        5.177     
      3.7500     -1.2500        5.035     
      3.7500      0.0000        4.614     
      3.7500      1.2500        3.051     
      3.7500      2.5000        2.426     
      3.7500      3.7500        2.264     
      3.7500      5.0000        2.207     
      3.7500      6.2500        2.195     
      3.7500      7.5000        2.199     
      3.7500      8.7500        2.209     
      3.7500     10.0000        2.217     
      3.7500     11.2500        2.217     
      3.7500     12.5000        2.210     
      3.7500     13.7500        2.197     
      3.7500     15.0000        2.179     
      3.7500     16.2500        2.158     
      3.7500     17.5000        0.000     
      3.7500     18.7500        0.000     

      4.6875    -20.0000        0.000     
      4.6875    -18.7500        0.000     
      4.6875    -17.5000        0.000     
      4.6875    -16.2500        5.175     
      4.6875    -15.0000        5.209     
      4.6875    -13.7500        5.252     
      4.6875    -12.5000        5.297     
      4.6875    -11.2500        5.336     
      4.6875    -10.0000        5.363     
      4.6875     -8.7500        5.371     
      4.6875     -7.5000        5.361     
      4.6875     -6.2500        5.331     
      4.6875     -5.0000        5.279     
      4.6875     -3.7500        5.201     
      4.6875     -2.5000        5.076     
      4.6875     -1.2500        4.878     
      4.6875      0.0000        4.615     
      4.6875      1.2500        4.342     
      4.6875      2.5000        4.115     
      4.6875      3.7500        4.045     
      4.6875      5.0000        4.510     
      4.6875      6.2500        5.287     
      4.6875      7.5000        5.479     
      4.6875      8.7500        5.457     
      4.6875     10.0000        5.379     
      4.6875     11.2500        5.257     
      4.6875     12.5000        5.078     
      4.6875     13.7500        4.860     
      4.6875     15.0000        4.696     
      4.6875     16.2500        0.000     
      4.6875     17.5000        0.000     
      4.6875     18.7500        0.000     

      5.6250    -20.0000        0.000     
      5.6250    -18.7500        0.000     
      5.6250    -17.5000        0.000     
      5.6250    -16.2500        5.145     
      5.6250    -15.0000        5.183     
      5.6250    -13.7500        5.232     
      5.6250    -12.5000        5.284     
      5.6250    -11.2500        5.331     
      5.6250    -10.0000        5.364     
      5.6250     -8.7500        5.376     
      5.6250     -7.5000        5.366     
      5.6250     -6.2500        5.330     
      5.6250     -5.0000        5.261     
      5.6250     -3.7500        5.146     
      5.6250     -2.5000        4.968     
      5.6250     -1.2500        4.756     
      5.6250      0.0000        4.615     
      5.6250      1.2500        4.638     
      5.6250      2.5000        4.824     
      5.6250      3.7500        5.059     
      5.6250      5.0000        5.230     
      5.6250      6.2500        5.328     
      5.6250      7.5000        5.373     
      5.6250      8.7500        5.383     
      5.6250     10.0000        5.365     
      5.6250     11.2500        5.324     
      5.6250     12.5000        5.266     
      5.6250     13.7500        5.201     
      5.6250     15.0000        5.143     
      5.6250     16.2500        5.101     
      5.6250     17.5000        0.000     
      5.6250     18.7500        0.000     

      6.5625    -20.0000        0.000     
      6.5625    -18.7500        0.000     
      6.5625    -17.5000        0.000     
      6.5625    -16.2500        5.080     
      6.5625    -15.0000        5.125     
      6.5625    -13.7500        5.187     
      6.5625    -12.5000        5.258     
      6.5625    -11.2500        5.321     
      6.5625    -10.0000        5.366     
      6.5625     -8.7500        5.386     
      6.5625     -7.5000        5.377     
      6.5625     -6.2500        5.327     
      6.5625     -5.0000        5.215     
      6.5625     -3.7500        5.017     
      6.5625     -2.5000        4.764     
      6.5625     -1.2500        4.599     
      6.5625      0.0000        4.615     
      6.5625      1.2500        4.780     
      6.5625      2.5000        4.993     
      6.5625      3.7500        5.159     
      6.5625      5.0000        5.265     
      6.5625      6.2500        5.330     
      6.5625      7.5000        5.365     
      6.5625      8.7500        5.375     
      6.5625     10.0000        5.364     
      6.5625     11.2500        5.333     
      6.5625     12.5000        5.287     
      6.5625     13.7500        5.236     
      6.5625     15.0000        5.189     
      6.5625     16.2500        5.152     
      6.5625     17.5000        0.000     
      6.5625     18.7500        0.000     

      7.5000    -20.0000        0.000     
      7.5000    -18.7500        0.000     
      7.5000    -17.5000        0.000     
      7.5000    -16.2500        0.000     
      7.5000    -15.0000        0.000     
      7.5000    -13.7500        3.332     
      7.5000    -12.5000        0.000     
      7.5000    -11.2500        0.000     
      7.5000    -10.0000        0.000     
      7.5000     -8.7500        0.000     
      7.5000     -7.5000        1.897     
      7.5000     -6.2500        2.238     
      7.5000     -5.0000        2.587     
      7.5000     -3.7500        3.080     
      7.5000     -2.5000        3.689     
      7.5000     -1.2500        4.220     
      7.5000      0.0000        4.615     
      7.5000      1.2500        4.904     
      7.5000      2.5000        5.095     
      7.5000      3.7500        5.211     
      7.5000      5.0000        5.283     
      7.5000      6.2500        5.332     
      7.5000      7.5000        5.360     
      7.5000      8.7500        5.370     
      7.5000     10.0000        5.363     
      7.5000     11.2500        5.337     
      7.5000     12.5000        5.299     
      7.5000     13.7500        5.256     
      7.5000     15.0000        5.214     
      7.5000     16.2500        5.180     
      7.5000     17.5000        0.000     
      7.5000     18.7500        0.000     

      8.4375    -20.0000        0.000     
      8.4375    -18.7500        0.000     
      8.4375    -17.5000        0.000     
      8.4375    -16.2500        2.133     
      8.4375    -15.0000        2.156     
      8.4375    -13.7500        2.179     
      8.4375    -12.5000        2.198     
      8.4375    -11.2500        2.213     
      8.4375    -10.0000        2.218     
      8.4375     -8.7500        2.214     
      8.4375     -7.5000        2.203     
      8.4375     -6.2500        2.194     
      8.4375     -5.0000        2.194     
      8.4375     -3.7500        2.225     
      8.4375     -2.5000        2.324     
      8.4375     -1.2500        2.704     
      8.4375      0.0000        4.616     
      8.4375      1.2500        5.079     
      8.4375      2.5000        5.201     
      8.4375      3.7500        5.259     
      8.4375      5.0000        5.299     
      8.4375      6.2500        5.333     
      8.4375      7.5000        5.355     
      8.4375      8.7500        5.366     
      8.4375     10.0000        5.362     
      8.4375     11.2500        5.342     
      8.4375     12.5000        5.310     
      8.4375     13.7500        5.275     
      8.4375     15.0000        5.239     
      8.4375     16.2500        5.207     
      8.4375     17.5000        0.000     
      8.4375     18.7500        0.000     

      9.3750    -20.0000        0.000     
      9.3750    -18.7500        0.000     
      9.3750    -17.5000        0.000     
      9.3750    -16.2500        2.073     
      9.3750    -15.0000        2.103     
      9.3750    -13.7500        2.138     
      9.3750    -12.5000        2.172     
      9.3750    -11.2500        2.202     
      9.3750    -10.0000        2.220     
      9.3750     -8.7500        2.223     
      9.3750     -7.5000        2.213     
      9.3750     -6.2500        2.192     
      9.3750     -5.0000        2.161     
      9.3750     -3.7500        2.129     
      9.3750     -2.5000        2.086     
      9.3750     -1.2500        1.994     
      9.3750      0.0000        1.472     
      9.3750      1.2500        5.591     
      9.3750      2.5000        5.393     
      9.3750      3.7500        5.338     
      9.3750      5.0000        5.326     
      9.3750      6.2500        5.335     
      9.3750      7.5000        5.348     
      9.3750      8.7500        5.358     
      9.3750     10.0000        5.360     
      9.3750     11.2500        5.351     
      9.3750     12.5000        5.331     
      9.3750     13.7500        5.308     
      9.3750     15.0000        5.282     
      9.3750     16.2500        5.255     
      9.3750     17.5000        0.000     
      9.3750     18.7500        0.000     

     10.3125    -20.0000        0.000     
     10.3125    -18.7500        0.000     
     10.3125    -17.5000        0.000     
     10.3125    -16.2500        2.044     
     10.3125    -15.0000        2.077     
     10.3125    -13.7500        2.118     
     10.3125    -12.5000        2.159     
     10.3125    -11.2500        2.197     
     10.3125    -10.0000        2.221     
     10.3125     -8.7500        2.228     
     10.3125     -7.5000        2.217     
     10.3125     -6.2500        2.190     
     10.3125     -5.0000        2.144     
     10.3125     -3.7500        2.078     
     10.3125     -2.5000        1.973     
     10.3125     -1.2500        1.790     
     10.3125      0.0000        1.473     
     10.3125      1.2500       0.9056     
     10.3125      2.5000       0.5614E-001
     10.3125      3.7500        5.746     
     10.3125      5.0000        5.473     
     10.3125      6.2500        5.347     
     10.3125      7.5000        5.291     
     10.3125      8.7500        5.291     
     10.3125     10.0000        5.342     
     10.3125     11.2500        5.437     
     10.3125     12.5000        5.516     
     10.3125     13.7500        5.565     
     10.3125     15.0000        5.595     
     10.3125     16.2500        0.000     
     10.3125     17.5000        0.000     
     10.3125     18.7500        0.000     

     11.2500    -20.0000        0.000     
     11.2500    -18.7500        0.000     
     11.2500    -17.5000        0.000     
     11.2500    -16.2500        2.017     
     11.2500    -15.0000        2.053     
     11.2500    -13.7500        2.099     
     11.2500    -12.5000        2.148     
     11.2500    -11.2500        2.192     
     11.2500    -10.0000        2.222     
     11.2500     -8.7500        2.232     
     11.2500     -7.5000        2.222     
     11.2500     -6.2500        2.189     
     11.2500     -5.0000        2.128     
     11.2500     -3.7500        2.029     
     11.2500     -2.5000        1.874     
     11.2500     -1.2500        1.663     
     11.2500      0.0000        1.473     
     11.2500      1.2500        1.413     
     11.2500      2.5000        1.542     
     11.2500      3.7500        1.813     
     11.2500      5.0000        2.050     
     11.2500      6.2500        2.184     
     11.2500      7.5000        2.241     
     11.2500      8.7500        2.249     
     11.2500     10.0000        2.225     
     11.2500     11.2500        2.175     
     11.2500     12.5000        2.104     
     11.2500     13.7500        2.025     
     11.2500     15.0000        1.956     
     11.2500     16.2500        1.909     
     11.2500     17.5000        0.000     
     11.2500     18.7500        0.000     

     12.1875    -20.0000        0.000     
     12.1875    -18.7500        0.000     
     12.1875    -17.5000        0.000     
     12.1875    -16.2500        1.974     
     12.1875    -15.0000        2.015     
     12.1875    -13.7500        2.070     
     12.1875    -12.5000        2.130     
     12.1875    -11.2500        2.185     
     12.1875    -10.0000        2.223     
     12.1875     -8.7500        2.239     
     12.1875     -7.5000        2.229     
     12.1875     -6.2500        2.187     
     12.1875     -5.0000        2.099     
     12.1875     -3.7500        1.947     
     12.1875     -2.5000        1.729     
     12.1875     -1.2500        1.530     
     12.1875      0.0000        1.474     
     12.1875      1.2500        1.588     
     12.1875      2.5000        1.799     
     12.1875      3.7500        1.989     
     12.1875      5.0000        2.114     
     12.1875      6.2500        2.188     
     12.1875      7.5000        2.226     
     12.1875      8.7500        2.236     
     12.1875     10.0000        2.223     
     12.1875     11.2500        2.189     
     12.1875     12.5000        2.139     
     12.1875     13.7500        2.085     
     12.1875     15.0000        2.034     
     12.1875     16.2500        1.995     
     12.1875     17.5000        0.000     
     12.1875     18.7500        0.000     

     13.1250    -20.0000        0.000     
     13.1250    -18.7500        0.000     
     13.1250    -17.5000        0.000     
     13.1250    -16.2500        1.762     
     13.1250    -15.0000        1.824     
     13.1250    -13.7500        1.924     
     13.1250    -12.5000        2.047     
     13.1250    -11.2500        2.154     
     13.1250    -10.0000        2.230     
     13.1250     -8.7500        2.271     
     13.1250     -7.5000        2.269     
     13.1250     -6.2500        2.175     
     13.1250     -5.0000        1.908     
     13.1250     -3.7500        1.482     
     13.1250     -2.5000        1.254     
     13.1250     -1.2500        1.289     
     13.1250      0.0000        1.474     
     13.1250      1.2500        1.711     
     13.1250      2.5000        1.915     
     13.1250      3.7500        2.050     
     13.1250      5.0000        2.135     
     13.1250      6.2500        2.189     
     13.1250      7.5000        2.220     
     13.1250      8.7500        2.230     
     13.1250     10.0000        2.221     
     13.1250     11.2500        2.194     
     13.1250     12.5000        2.153     
     13.1250     13.7500        2.107     
     13.1250     15.0000        2.063     
     13.1250     16.2500        2.028     
     13.1250     17.5000        0.000     
     13.1250     18.7500        0.000     

     14.0625    -20.0000        0.000     
     14.0625    -18.7500        0.000     
     14.0625    -17.5000        0.000     
     14.0625    -16.2500        5.343     
     14.0625    -15.0000        5.357     
     14.0625    -13.7500        5.368     
     14.0625    -12.5000        5.370     
     14.0625    -11.2500        5.368     
     14.0625    -10.0000        5.356     
     14.0625     -8.7500        5.344     
     14.0625     -7.5000        5.333     
     14.0625     -6.2500        5.338     
     14.0625     -5.0000        5.368     
     14.0625     -3.7500        5.463     
     14.0625     -2.5000        5.718     
     14.0625     -1.2500       0.3078     
     14.0625      0.0000        1.474     
     14.0625      1.2500        1.854     
     14.0625      2.5000        2.013     
     14.0625      3.7500        2.097     
     14.0625      5.0000        2.151     
     14.0625      6.2500        2.191     
     14.0625      7.5000        2.216     
     14.0625      8.7500        2.226     
     14.0625     10.0000        2.221     
     14.0625     11.2500        2.198     
     14.0625     12.5000        2.164     
     14.0625     13.7500        2.125     
     14.0625     15.0000        2.086     
     14.0625     16.2500        2.054     
     14.0625     17.5000        0.000     
     14.0625     18.7500        0.000     

     15.0000    -20.0000        0.000     
     15.0000    -18.7500        0.000     
     15.0000    -17.5000        0.000     
     15.0000    -16.2500        5.232     
     15.0000    -15.0000        5.259     
     15.0000    -13.7500        5.291     
     15.0000    -12.5000        5.320     
     15.0000    -11.2500        5.346     
     15.0000    -10.0000        5.361     
     15.0000     -8.7500        5.362     
     15.0000     -7.5000        5.351     
     15.0000     -6.2500        5.334     
     15.0000     -5.0000        5.312     
     15.0000     -3.7500        5.299     
     15.0000     -2.5000        5.294     
     15.0000     -1.2500        5.294     
     15.0000      0.0000        0.000     
     15.0000      1.2500        2.152     
     15.0000      2.5000        2.153     
     15.0000      3.7500        2.157     
     15.0000      5.0000        2.171     
     15.0000      6.2500        2.192     
     15.0000      7.5000        2.210     
     15.0000      8.7500        2.221     
     15.0000     10.0000        2.219     
     15.0000     11.2500        2.205     
     15.0000     12.5000        2.179     
     15.0000     13.7500        2.149     
     15.0000     15.0000        2.118     
     15.0000     16.2500        2.089     
     15.0000     17.5000        0.000     
     15.0000     18.7500        0.000     

     15.9375    -20.0000        0.000     
     15.9375    -18.7500        0.000     
     15.9375    -17.5000        0.000     
     15.9375    -16.2500        5.196     
     15.9375    -15.0000        5.228     
     15.9375    -13.7500        5.267     
     15.9375    -12.5000        5.305     
     15.9375    -11.2500        5.340     
     15.9375    -10.0000        5.362     
     15.9375     -8.7500        5.368     
     15.9375     -7.5000        5.357     
     15.9375     -6.2500        5.332     
     15.9375     -5.0000        5.292     
     15.9375     -3.7500        5.239     
     15.9375     -2.5000        5.155     
     15.9375     -1.2500        4.996     
     15.9375      0.0000        4.615     
     15.9375      1.2500        3.449     
     15.9375      2.5000        2.578     
     15.9375      3.7500        2.321     
     15.9375      5.0000        2.227     
     15.9375      6.2500        2.196     
     15.9375      7.5000        2.192     
     15.9375      8.7500        2.202     
     15.9375     10.0000        2.215     
     15.9375     11.2500        2.226     
     15.9375     12.5000        2.229     
     15.9375     13.7500        2.226     
     15.9375     15.0000        2.216     
     15.9375     16.2500        2.199     
     15.9375     17.5000        0.000     
     15.9375     18.7500        0.000     

     16.8750    -20.0000        0.000     
     16.8750    -18.7500        0.000     
     16.8750    -17.5000        0.000     
     16.8750    -16.2500        5.170     
     16.8750    -15.0000        5.205     
     16.8750    -13.7500        5.249     
     16.8750    -12.5000        5.294     
     16.8750    -11.2500        5.336     
     16.8750    -10.0000        5.363     
     16.8750     -8.7500        5.372     
     16.8750     -7.5000        5.362     
     16.8750     -6.2500        5.331     
     16.8750     -5.0000        5.276     
     16.8750     -3.7500        5.192     
     16.8750     -2.5000        5.057     
     16.8750     -1.2500        4.853     
     16.8750      0.0000        4.615     
     16.8750      1.2500        4.431     
     16.8750      2.5000        4.395     
     16.8750      3.7500        4.625     
     16.8750      5.0000        5.049     
     16.8750      6.2500        5.317     
     16.8750      7.5000        5.410     
     16.8750      8.7500        5.413     
     16.8750     10.0000        5.371     
     16.8750     11.2500        5.296     
     16.8750     12.5000        5.189     
     16.8750     13.7500        5.066     
     16.8750     15.0000        4.964     
     16.8750     16.2500        4.905     
     16.8750     17.5000        0.000     
     16.8750     18.7500        0.000     

     17.8125    -20.0000        0.000     
     17.8125    -18.7500        0.000     
     17.8125    -17.5000        0.000     
     17.8125    -16.2500        5.137     
     17.8125    -15.0000        5.175     
     17.8125    -13.7500        5.226     
     17.8125    -12.5000        5.281     
     17.8125    -11.2500        5.330     
     17.8125    -10.0000        5.364     
     17.8125     -8.7500        5.377     
     17.8125     -7.5000        5.367     
     17.8125     -6.2500        5.330     
     17.8125     -5.0000        5.255     
     17.8125     -3.7500        5.130     
     17.8125     -2.5000        4.941     
     17.8125     -1.2500        4.730     
     17.8125      0.0000        4.615     
     17.8125      1.2500        4.672     
     17.8125      2.5000        4.870     
     17.8125      3.7500        5.089     
     17.8125      5.0000        5.241     
     17.8125      6.2500        5.329     
     17.8125      7.5000        5.371     
     17.8125      8.7500        5.380     
     17.8125     10.0000        5.365     
     17.8125     11.2500        5.327     
     17.8125     12.5000        5.272     
     17.8125     13.7500        5.212     
     17.8125     15.0000        5.156     
     17.8125     16.2500        5.116     
     17.8125     17.5000        0.000     
     17.8125     18.7500        0.000     

     18.7500    -20.0000        0.000     
     18.7500    -18.7500        0.000     
     18.7500    -17.5000        0.000     
     18.7500    -16.2500        5.050     
     18.7500    -15.0000        5.098     
     18.7500    -13.7500        5.167     
     18.7500    -12.5000        5.246     
     18.7500    -11.2500        5.317     
     18.7500    -10.0000        5.367     
     18.7500     -8.7500        5.390     
     18.7500     -7.5000        5.382     
     18.7500     -6.2500        5.325     
     18.7500     -5.0000        5.192     
     18.7500     -3.7500        4.954     
     18.7500     -2.5000        4.684     
     18.7500     -1.2500        4.554     
     18.7500      0.0000        4.615     
     18.7500      1.2500        4.805     
     18.7500      2.5000        5.016     
     18.7500      3.7500        5.171     
     18.7500      5.0000        5.269     
     18.7500      6.2500        5.331     
     18.7500      7.5000        5.364     
     18.7500      8.7500        5.374     
     18.7500     10.0000        5.363     
     18.7500     11.2500        5.334     
     18.7500     12.5000        5.290     
     18.7500     13.7500        5.241     
     18.7500     15.0000        5.195     
     18.7500     16.2500        5.158     
     18.7500     17.5000        0.000     
     18.7500     18.7500        0.000     

     19.6875    -20.0000        0.000     
     19.6875    -18.7500        0.000     
     19.6875    -17.5000        0.000     
     19.6875    -16.2500        0.000     
     19.6875    -15.0000        2.452     
     19.6875    -13.7500        2.424     
     19.6875    -12.5000        2.374     
     19.6875    -11.2500        2.296     
     19.6875    -10.0000        2.200     
     19.6875     -8.7500        2.150     
     19.6875     -7.5000        2.149     
     19.6875     -6.2500        2.206     
     19.6875     -5.0000        2.331     
     19.6875     -3.7500        2.606     
     19.6875     -2.5000        3.197     
     19.6875     -1.2500        4.047     
     19.6875      0.0000        4.615     
     19.6875      1.2500        4.931     
     19.6875      2.5000        5.115     
     19.6875      3.7500        5.220     
     19.6875      5.0000        5.286     
     19.6875      6.2500        5.332     
     19.6875      7.5000        5.359     
     19.6875      8.7500        5.370     
     19.6875     10.0000        5.363     
     19.6875     11.2500        5.338     
     19.6875     12.5000        5.301     
     19.6875     13.7500        5.259     
     19.6875     15.0000        5.219     
     19.6875     16.2500        5.185     
     19.6875     17.5000        0.000     
     19.6875     18.7500        0.000     

     20.6250    -20.0000        0.000     
     20.6250    -18.7500        0.000     
     20.6250    -17.5000        0.000     
     20.6250    -16.2500        2.115     
     20.6250    -15.0000        2.140     
     20.6250    -13.7500        2.167     
     20.6250    -12.5000        2.190     
     20.6250    -11.2500        2.209     
     20.6250    -10.0000        2.218     
     20.6250     -8.7500        2.217     
     20.6250     -7.5000        2.206     
     20.6250     -6.2500        2.193     
     20.6250     -5.0000        2.184     
     20.6250     -3.7500        2.197     
     20.6250     -2.5000        2.251     
     20.6250     -1.2500        2.450     
     20.6250      0.0000        4.616     
     20.6250      1.2500        5.134     
     20.6250      2.5000        5.228     
     20.6250      3.7500        5.270     
     20.6250      5.0000        5.303     
     20.6250      6.2500        5.333     
     20.6250      7.5000        5.354     
     20.6250      8.7500        5.365     
     20.6250     10.0000        5.361     
     20.6250     11.2500        5.343     
     20.6250     12.5000        5.313     
     20.6250     13.7500        5.279     
     20.6250     15.0000        5.245     
     20.6250     16.2500        5.214     
     20.6250     17.5000        0.000     
     20.6250     18.7500        0.000     

     21.5625    -20.0000        0.000     
     21.5625    -18.7500        0.000     
     21.5625    -17.5000        0.000     
     21.5625    -16.2500        2.066     
     21.5625    -15.0000        2.097     
     21.5625    -13.7500        2.133     
     21.5625    -12.5000        2.169     
     21.5625    -11.2500        2.201     
     21.5625    -10.0000        2.220     
     21.5625     -8.7500        2.225     
     21.5625     -7.5000        2.214     
     21.5625     -6.2500        2.191     
     21.5625     -5.0000        2.157     
     21.5625     -3.7500        2.117     
     21.5625     -2.5000        2.059     
     21.5625     -1.2500        1.939     
     21.5625      0.0000        1.473     
     21.5625      1.2500        5.844     
     21.5625      2.5000        5.466     
     21.5625      3.7500        5.366     
     21.5625      5.0000        5.335     
     21.5625      6.2500        5.335     
     21.5625      7.5000        5.345     
     21.5625      8.7500        5.355     
     21.5625     10.0000        5.359     
     21.5625     11.2500        5.354     
     21.5625     12.5000        5.340     
     21.5625     13.7500        5.321     
     21.5625     15.0000        5.298     
     21.5625     16.2500        5.274     
     21.5625     17.5000        0.000     
     21.5625     18.7500        0.000     

     22.5000    -20.0000        0.000     
     22.5000    -18.7500        0.000     
     22.5000    -17.5000        0.000     
     22.5000    -16.2500        2.039     
     22.5000    -15.0000        2.072     
     22.5000    -13.7500        2.114     
     22.5000    -12.5000        2.157     
     22.5000    -11.2500        2.196     
     22.5000    -10.0000        2.221     
     22.5000     -8.7500        2.229     
     22.5000     -7.5000        2.218     
     22.5000     -6.2500        2.190     
     22.5000     -5.0000        2.141     
     22.5000     -3.7500        2.069     
     22.5000     -2.5000        1.953     
     22.5000     -1.2500        1.762     
     22.5000      0.0000        1.473     
     22.5000      1.2500        1.079     
     22.5000      2.5000       0.5473     
     22.5000      3.7500        6.221     
     22.5000      5.0000        5.730     
     22.5000      6.2500        5.377     
     22.5000      7.5000        5.043     
     22.5000      8.7500        0.000     
     22.5000     10.0000        0.000     
     22.5000     11.2500        0.000     
     22.5000     12.5000        0.000     
     22.5000     13.7500       0.1925     
     22.5000     15.0000        0.000     
     22.5000     16.2500        0.000     
     22.5000     17.5000        0.000     
     22.5000     18.7500        0.000     

     23.4375    -20.0000        0.000     
     23.4375    -18.7500        0.000     
     23.4375    -17.5000        0.000     
     23.4375    -16.2500        2.010     
     23.4375    -15.0000        2.047     
     23.4375    -13.7500        2.095     
     23.4375    -12.5000        2.145     
     23.4375    -11.2500        2.191     
     23.4375    -10.0000        2.222     
     23.4375     -8.7500        2.233     
     23.4375     -7.5000        2.223     
     23.4375     -6.2500        2.189     
     23.4375     -5.0000        2.124     
     23.4375     -3.7500        2.018     
     23.4375     -2.5000        1.851     
     23.4375     -1.2500        1.639     
     23.4375      0.0000        1.473     
     23.4375      1.2500        1.458     
     23.4375      2.5000        1.622     
     23.4375      3.7500        1.876     
     23.4375      5.0000        2.074     
     23.4375      6.2500        2.185     
     23.4375      7.5000        2.235     
     23.4375      8.7500        2.244     
     23.4375     10.0000        2.224     
     23.4375     11.2500        2.180     
     23.4375     12.5000        2.116     
     23.4375     13.7500        2.046     
     23.4375     15.0000        1.983     
     23.4375     16.2500        1.939     
     23.4375     17.5000        0.000     
     23.4375     18.7500        0.000     

     24.3750    -20.0000        0.000     
     24.3750    -18.7500        0.000     
     24.3750    -17.5000        0.000     
     24.3750    -16.2500        1.959     
     24.3750    -15.0000        2.001     
     24.3750    -13.7500        2.060     
     24.3750    -12.5000        2.124     
     24.3750    -11.2500        2.183     
     24.3750    -10.0000        2.224     
     24.3750     -8.7500        2.241     
     24.3750     -7.5000        2.232     
     24.3750     -6.2500        2.186     
     24.3750     -5.0000        2.089     
     24.3750     -3.7500        1.917     
     24.3750     -2.5000        1.682     
     24.3750     -1.2500        1.496     
     24.3750      0.0000        1.474     
     24.3750      1.2500        1.614     
     24.3750      2.5000        1.827     
     24.3750      3.7500        2.004     
     24.3750      5.0000        2.119     
     24.3750      6.2500        2.188     
     24.3750      7.5000        2.224     
     24.3750      8.7500        2.234     
     24.3750     10.0000        2.222     
     24.3750     11.2500        2.190     
     24.3750     12.5000        2.143     
     24.3750     13.7500        2.090     
     24.3750     15.0000        2.041     
     24.3750     16.2500        2.003     
     24.3750     17.5000        0.000     
     24.3750     18.7500        0.000     

     25.3125    -20.0000        0.000     
     25.3125    -18.7500        0.000     
     25.3125    -17.5000        0.000     
     25.3125    -16.2500        0.000     
     25.3125    -15.0000        1.556     
     25.3125    -13.7500        1.717     
     25.3125    -12.5000        1.937     
     25.3125    -11.2500        2.115     
     25.3125    -10.0000        2.238     
     25.3125     -8.7500        2.315     
     25.3125     -7.5000        2.338     
     25.3125     -6.2500        2.143     
     25.3125     -5.0000        1.372     
     25.3125     -3.7500       0.9025     
     25.3125     -2.5000       0.9744     
     25.3125     -1.2500        1.200     
     25.3125      0.0000        1.474     
     25.3125      1.2500        1.736     
     25.3125      2.5000        1.935     
     25.3125      3.7500        2.060     
     25.3125      5.0000        2.138     
     25.3125      6.2500        2.190     
     25.3125      7.5000        2.219     
     25.3125      8.7500        2.230     
     25.3125     10.0000        2.221     
     25.3125     11.2500        2.195     
     25.3125     12.5000        2.155     
     25.3125     13.7500        2.111     
     25.3125     15.0000        2.068     
     25.3125     16.2500        2.033     
     25.3125     17.5000        0.000     
     25.3125     18.7500        0.000     

     26.2500    -20.0000        0.000     
     26.2500    -18.7500        0.000     
     26.2500    -17.5000        0.000     
     26.2500    -16.2500        5.301     
     26.2500    -15.0000        5.320     
     26.2500    -13.7500        5.339     
     26.2500    -12.5000        5.351     
     26.2500    -11.2500        5.359     
     26.2500    -10.0000        5.358     
     26.2500     -8.7500        5.351     
     26.2500     -7.5000        5.340     
     26.2500     -6.2500        5.337     
     26.2500     -5.0000        5.348     
     26.2500     -3.7500        5.406     
     26.2500     -2.5000        5.567     
     26.2500     -1.2500        6.194     
     26.2500      0.0000        1.474     
     26.2500      1.2500        1.893     
     26.2500      2.5000        2.035     
     26.2500      3.7500        2.107     
     26.2500      5.0000        2.154     
     26.2500      6.2500        2.191     
     26.2500      7.5000        2.215     
     26.2500      8.7500        2.225     
     26.2500     10.0000        2.220     
     26.2500     11.2500        2.199     
     26.2500     12.5000        2.166     
     26.2500     13.7500        2.129     
     26.2500     15.0000        2.091     
     26.2500     16.2500        2.059     
     26.2500     17.5000        0.000     
     26.2500     18.7500        0.000     

     27.1875    -20.0000        0.000     
     27.1875    -18.7500        0.000     
     27.1875    -17.5000        0.000     
     27.1875    -16.2500        5.223     
     27.1875    -15.0000        5.251     
     27.1875    -13.7500        5.285     
     27.1875    -12.5000        5.317     
     27.1875    -11.2500        5.345     
     27.1875    -10.0000        5.361     
     27.1875     -8.7500        5.364     
     27.1875     -7.5000        5.353     
     27.1875     -6.2500        5.333     
     27.1875     -5.0000        5.307     
     27.1875     -3.7500        5.284     
     27.1875     -2.5000        5.258     
     27.1875     -1.2500        5.204     
     27.1875      0.0000        4.612     
     27.1875      1.2500        2.274     
     27.1875      2.5000        2.196     
     27.1875      3.7500        2.175     
     27.1875      5.0000        2.177     
     27.1875      6.2500        2.192     
     27.1875      7.5000        2.208     
     27.1875      8.7500        2.219     
     27.1875     10.0000        2.219     
     27.1875     11.2500        2.207     
     27.1875     12.5000        2.184     
     27.1875     13.7500        2.157     
     27.1875     15.0000        2.128     
     27.1875     16.2500        2.100     
     27.1875     17.5000        0.000     
     27.1875     18.7500        0.000     

     28.1250    -20.0000        0.000     
     28.1250    -18.7500        0.000     
     28.1250    -17.5000        0.000     
     28.1250    -16.2500        5.191     
     28.1250    -15.0000        5.223     
     28.1250    -13.7500        5.263     
     28.1250    -12.5000        5.303     
     28.1250    -11.2500        5.339     
     28.1250    -10.0000        5.362     
     28.1250     -8.7500        5.369     
     28.1250     -7.5000        5.358     
     28.1250     -6.2500        5.332     
     28.1250     -5.0000        5.289     
     28.1250     -3.7500        5.229     
     28.1250     -2.5000        5.134     
     28.1250     -1.2500        4.962     
     28.1250      0.0000        4.615     
     28.1250      1.2500        3.796     
     28.1250      2.5000        2.818     
     28.1250      3.7500        2.416     
     28.1250      5.0000        2.260     
     28.1250      6.2500        2.199     
     28.1250      7.5000        2.180     
     28.1250      8.7500        2.188     
     28.1250     10.0000        2.212     
     28.1250     11.2500        2.242     
     28.1250     12.5000        2.266     
     28.1250     13.7500        2.281     
     28.1250     15.0000        2.284     
     28.1250     16.2500        2.276     
     28.1250     17.5000        0.000     
     28.1250     18.7500        0.000     

     29.0625    -20.0000        0.000     
     29.0625    -18.7500        0.000     
     29.0625    -17.5000        0.000     
     29.0625    -16.2500        5.164     
     29.0625    -15.0000        5.200     
     29.0625    -13.7500        5.245     
     29.0625    -12.5000        5.292     
     29.0625    -11.2500        5.335     
     29.0625    -10.0000        5.363     
     29.0625     -8.7500        5.373     
     29.0625     -7.5000        5.362     
     29.0625     -6.2500        5.331     
     29.0625     -5.0000        5.273     
     29.0625     -3.7500        5.182     
     29.0625     -2.5000        5.037     
     29.0625     -1.2500        4.829     
     29.0625      0.0000        4.615     
     29.0625      1.2500        4.500     
     29.0625      2.5000        4.569     
     29.0625      3.7500        4.847     
     29.0625      5.0000        5.150     
     29.0625      6.2500        5.323     
     29.0625      7.5000        5.391     
     29.0625      8.7500        5.398     
     29.0625     10.0000        5.368     
     29.0625     11.2500        5.309     
     29.0625     12.5000        5.226     
     29.0625     13.7500        5.133     
     29.0625     15.0000        5.053     
     29.0625     16.2500        5.002     
     29.0625     17.5000        0.000     
     29.0625     18.7500        0.000     

