     79.0000      0.0000       0.1943E+006
     79.0000      0.1571       0.1040E+006
     79.0000      0.3142       0.1032E+005
     79.0000      0.4712        6262.     
     79.0000      0.6283        4082.     
     79.0000      0.7854        663.8     
     79.0000      0.9425        611.3     
     79.0000      1.0996        320.0     
     79.0000      1.2566        94.19     
     79.0000      1.4137        78.65     
     79.0000      1.5708        38.25     
     79.0000      1.7279        8.002     
     79.0000      1.8850        10.96     
     79.0000      2.0420        2.897     
     79.0000      2.1991        2.551     
     79.0000      2.3562        1.658     
     79.0000      2.5133       0.4842     
     79.0000      2.6704       0.3853     
     79.0000      2.8274       0.8503E-001
     79.0000      2.9845       0.1153     
     79.0000      3.1416       0.7794E-001
     79.0000      3.2987       0.1335     
     79.0000      3.4558       0.8937E-001
     79.0000      3.6128       0.8708E-001
     79.0000      3.7699       0.9636E-001
     79.0000      3.9270       0.8795E-001
     79.0000      4.0841       0.2236E-001
     79.0000      4.2412       0.4411E-001
     79.0000      4.3982       0.4223E-001
     79.0000      4.5553       0.3117E-001
     79.0000      4.7124       0.2132E-001
     79.0000      4.8695       0.3632E-001
     79.0000      5.0265       0.2095E-001
     79.0000      5.1836       0.4554E-001
     79.0000      5.3407       0.5720E-001
     79.0000      5.4978       0.3604E-001
     79.0000      5.6549       0.1575E-001
     79.0000      5.8119       0.2029E-001
     79.0000      5.9690       0.2646E-001
     79.0000      6.1261       0.3445E-001
     79.0000      6.2832       0.5578E-001
     79.0000      6.4403       0.3383E-001
     79.0000      6.5973       0.4236E-001
     79.0000      6.7544       0.5356E-001
     79.0000      6.9115       0.1921E-001
     79.0000      7.0686       0.1490E-001
     79.0000      7.2257       0.2012E-001
     79.0000      7.3827       0.1426E-001
     79.0000      7.5398       0.4661E-001
     79.0000      7.6969       0.1093     
     79.0000      7.8540       0.2142E-001
     79.0000      8.0111       0.1745E-001
     79.0000      8.1681       0.6197E-001
     79.0000      8.3252       0.3350E-002
     79.0000      8.4823       0.6752E-002
     79.0000      8.6394       0.2747E-001
     79.0000      8.7965       0.6602E-001
     79.0000      8.9535       0.4126E-001
     79.0000      9.1106       0.2149E-001
     79.0000      9.2677       0.7332E-001
     79.0000      9.4248       0.5534E-001
     79.0000      9.5819       0.5110E-001
     79.0000      9.7389       0.1870E-001
     79.0000      9.8960       0.2301E-001
     79.0000    -10.0531       0.3437E-001
     79.0000     -9.8960       0.3265E-001
     79.0000     -9.7389       0.2724E-001
     79.0000     -9.5819       0.5120E-001
     79.0000     -9.4248       0.9800E-001
     79.0000     -9.2677       0.7112E-001
     79.0000     -9.1106       0.3735E-001
     79.0000     -8.9535       0.4553E-001
     79.0000     -8.7965       0.5494E-001
     79.0000     -8.6394       0.2280E-001
     79.0000     -8.4823       0.5180E-002
     79.0000     -8.3252       0.2652E-001
     79.0000     -8.1681       0.5446E-001
     79.0000     -8.0111       0.3363E-001
     79.0000     -7.8540       0.2237E-001
     79.0000     -7.6969       0.1050     
     79.0000     -7.5398       0.4512E-001
     79.0000     -7.3827       0.1296E-001
     79.0000     -7.2257       0.3186E-001
     79.0000     -7.0686       0.2151E-001
     79.0000     -6.9115       0.1776E-001
     79.0000     -6.7544       0.4978E-001
     79.0000     -6.5973       0.5170E-001
     79.0000     -6.4403       0.3560E-001
     79.0000     -6.2832       0.5250E-001
     79.0000     -6.1261       0.3395E-001
     79.0000     -5.9690       0.2206E-001
     79.0000     -5.8119       0.3571E-001
     79.0000     -5.6549       0.1112E-001
     79.0000     -5.4978       0.4257E-001
     79.0000     -5.3407       0.5912E-001
     79.0000     -5.1836       0.3828E-001
     79.0000     -5.0265       0.2967E-001
     79.0000     -4.8695       0.4350E-001
     79.0000     -4.7124       0.2416E-001
     79.0000     -4.5553       0.3057E-001
     79.0000     -4.3982       0.3625E-001
     79.0000     -4.2412       0.3670E-001
     79.0000     -4.0841       0.2924E-001
     79.0000     -3.9270       0.9602E-001
     79.0000     -3.7699       0.9085E-001
     79.0000     -3.6128       0.9730E-001
     79.0000     -3.4558       0.1069     
     79.0000     -3.2987       0.1407     
     79.0000     -3.1416       0.8602E-001
     79.0000     -2.9845       0.1180     
     79.0000     -2.8274       0.9112E-001
     79.0000     -2.6704       0.3766     
     79.0000     -2.5133       0.4774     
     79.0000     -2.3562        1.619     
     79.0000     -2.1991        2.540     
     79.0000     -2.0420        2.899     
     79.0000     -1.8850        11.04     
     79.0000     -1.7279        8.151     
     79.0000     -1.5708        38.54     
     79.0000     -1.4137        78.77     
     79.0000     -1.2566        94.28     
     79.0000     -1.0996        319.9     
     79.0000     -0.9425        611.2     
     79.0000     -0.7854        663.9     
     79.0000     -0.6283        4082.     
     79.0000     -0.4712        6262.     
     79.0000     -0.3142       0.1032E+005
     79.0000     -0.1571       0.1040E+006
