    141.0000      0.0000       0.1846E+006
    141.0000      0.1571       0.9250E+005
    141.0000      0.3142       0.2863E+005
    141.0000      0.4712        1877.     
    141.0000      0.6283        3427.     
    141.0000      0.7854        3956.     
    141.0000      0.9425        236.9     
    141.0000      1.0996        464.7     
    141.0000      1.2566        106.8     
    141.0000      1.4137        65.79     
    141.0000      1.5708        44.50     
    141.0000      1.7279        61.34     
    141.0000      1.8850        14.60     
    141.0000      2.0420        8.096     
    141.0000      2.1991        2.762     
    141.0000      2.3562        1.801     
    141.0000      2.5133       0.8592     
    141.0000      2.6704       0.5389     
    141.0000      2.8274       0.2626     
    141.0000      2.9845       0.1741     
    141.0000      3.1416       0.1212     
    141.0000      3.2987       0.5568E-001
    141.0000      3.4558       0.1075     
    141.0000      3.6128       0.9918E-001
    141.0000      3.7699       0.4555E-001
    141.0000      3.9270       0.7058E-001
    141.0000      4.0841       0.6256E-001
    141.0000      4.2412       0.8321E-001
    141.0000      4.3982       0.3405E-001
    141.0000      4.5553       0.3804E-001
    141.0000      4.7124       0.5390E-001
    141.0000      4.8695       0.4276E-001
    141.0000      5.0265       0.9588E-001
    141.0000      5.1836       0.6105E-001
    141.0000      5.3407       0.4405E-001
    141.0000      5.4978       0.4496E-001
    141.0000      5.6549       0.2458E-001
    141.0000      5.8119       0.2263E-001
    141.0000      5.9690       0.4422E-001
    141.0000      6.1261       0.5483E-001
    141.0000      6.2832       0.5083E-001
    141.0000      6.4403       0.6941E-001
    141.0000      6.5973       0.4254E-001
    141.0000      6.7544       0.5894E-001
    141.0000      6.9115       0.3445E-001
    141.0000      7.0686       0.4224E-001
    141.0000      7.2257       0.6705E-001
    141.0000      7.3827       0.5292E-001
    141.0000      7.5398       0.6117E-001
    141.0000      7.6969       0.5782E-001
    141.0000      7.8540       0.8276E-001
    141.0000      8.0111       0.9650E-001
    141.0000      8.1681       0.9747E-001
    141.0000      8.3252       0.4585E-001
    141.0000      8.4823       0.3292E-001
    141.0000      8.6394       0.6804E-001
    141.0000      8.7965       0.1478     
    141.0000      8.9535       0.6430E-001
    141.0000      9.1106       0.2161     
    141.0000      9.2677       0.2721     
    141.0000      9.4248       0.1155     
    141.0000      9.5819       0.8309E-001
    141.0000      9.7389       0.7072E-001
    141.0000      9.8960       0.1080     
    141.0000    -10.0531       0.3611E-001
    141.0000     -9.8960       0.8128E-001
    141.0000     -9.7389       0.6344E-001
    141.0000     -9.5819       0.1170     
    141.0000     -9.4248       0.1133     
    141.0000     -9.2677       0.2335     
    141.0000     -9.1106       0.2229     
    141.0000     -8.9535       0.4560E-001
    141.0000     -8.7965       0.1383     
    141.0000     -8.6394       0.8608E-001
    141.0000     -8.4823       0.4298E-001
    141.0000     -8.3252       0.5867E-001
    141.0000     -8.1681       0.9249E-001
    141.0000     -8.0111       0.1160     
    141.0000     -7.8540       0.9005E-001
    141.0000     -7.6969       0.5642E-001
    141.0000     -7.5398       0.6127E-001
    141.0000     -7.3827       0.7774E-001
    141.0000     -7.2257       0.7165E-001
    141.0000     -7.0686       0.3973E-001
    141.0000     -6.9115       0.3680E-001
    141.0000     -6.7544       0.6196E-001
    141.0000     -6.5973       0.4777E-001
    141.0000     -6.4403       0.8261E-001
    141.0000     -6.2832       0.4979E-001
    141.0000     -6.1261       0.6448E-001
    141.0000     -5.9690       0.4347E-001
    141.0000     -5.8119       0.3425E-001
    141.0000     -5.6549       0.2507E-001
    141.0000     -5.4978       0.4293E-001
    141.0000     -5.3407       0.4753E-001
    141.0000     -5.1836       0.7227E-001
    141.0000     -5.0265       0.8829E-001
    141.0000     -4.8695       0.4862E-001
    141.0000     -4.7124       0.4972E-001
    141.0000     -4.5553       0.4292E-001
    141.0000     -4.3982       0.3122E-001
    141.0000     -4.2412       0.8706E-001
    141.0000     -4.0841       0.6399E-001
    141.0000     -3.9270       0.7179E-001
    141.0000     -3.7699       0.5935E-001
    141.0000     -3.6128       0.9155E-001
    141.0000     -3.4558       0.1169     
    141.0000     -3.2987       0.4542E-001
    141.0000     -3.1416       0.1093     
    141.0000     -2.9845       0.2071     
    141.0000     -2.8274       0.2610     
    141.0000     -2.6704       0.5541     
    141.0000     -2.5133       0.8573     
    141.0000     -2.3562        1.857     
    141.0000     -2.1991        2.792     
    141.0000     -2.0420        8.074     
    141.0000     -1.8850        14.60     
    141.0000     -1.7279        61.42     
    141.0000     -1.5708        44.51     
    141.0000     -1.4137        65.80     
    141.0000     -1.2566        106.6     
    141.0000     -1.0996        464.8     
    141.0000     -0.9425        237.2     
    141.0000     -0.7854        3954.     
    141.0000     -0.6283        3429.     
    141.0000     -0.4712        1878.     
    141.0000     -0.3142       0.2863E+005
    141.0000     -0.1571       0.9250E+005
