      5.0000      0.0000       0.1665E+006
      5.0000      0.1571       0.1091E+006
      5.0000      0.3142       0.2323E+005
      5.0000      0.4712        72.04     
      5.0000      0.6283        4923.     
      5.0000      0.7854        1786.     
      5.0000      0.9425        78.06     
      5.0000      1.0996        816.2     
      5.0000      1.2566        183.6     
      5.0000      1.4137        53.35     
      5.0000      1.5708        145.8     
      5.0000      1.7279        10.83     
      5.0000      1.8850        22.89     
      5.0000      2.0420        21.38     
      5.0000      2.1991       0.4865E-001
      5.0000      2.3562        6.495     
      5.0000      2.5133        1.939     
      5.0000      2.6704       0.3370     
      5.0000      2.8274        1.290     
      5.0000      2.9845       0.5299E-001
      5.0000      3.1416       0.3378     
      5.0000      3.2987       0.1881     
      5.0000      3.4558       0.8831E-001
      5.0000      3.6128       0.1284     
      5.0000      3.7699       0.7995E-001
      5.0000      3.9270       0.8341E-001
      5.0000      4.0841       0.5039E-001
      5.0000      4.2412       0.3272E-001
      5.0000      4.3982       0.1008     
      5.0000      4.5553       0.1581E-001
      5.0000      4.7124       0.1955E-001
      5.0000      4.8695       0.3426E-001
      5.0000      5.0265       0.2197E-001
      5.0000      5.1836       0.2918E-001
      5.0000      5.3407       0.4148E-001
      5.0000      5.4978       0.5225E-001
      5.0000      5.6549       0.7884E-002
      5.0000      5.8119       0.1989E-001
      5.0000      5.9690       0.5002E-002
      5.0000      6.1261       0.9690E-002
      5.0000      6.2832       0.1401E-001
      5.0000      6.4403       0.1080E-001
      5.0000      6.5973       0.1143E-001
      5.0000      6.7544       0.4298E-001
      5.0000      6.9115       0.1808E-001
      5.0000      7.0686       0.8704E-002
      5.0000      7.2257       0.2483E-001
      5.0000      7.3827       0.1097E-001
      5.0000      7.5398       0.9391E-002
      5.0000      7.6969       0.2911E-002
      5.0000      7.8540       0.1092E-001
      5.0000      8.0111       0.2450E-001
      5.0000      8.1681       0.3843E-001
      5.0000      8.3252       0.6503E-002
      5.0000      8.4823       0.1055E-001
      5.0000      8.6394       0.2033E-001
      5.0000      8.7965       0.8246E-002
      5.0000      8.9535       0.1336E-001
      5.0000      9.1106       0.1916E-001
      5.0000      9.2677       0.1142E-001
      5.0000      9.4248       0.6012E-002
      5.0000      9.5819       0.1280E-001
      5.0000      9.7389       0.2182E-001
      5.0000      9.8960       0.1172E-001
      5.0000    -10.0531       0.1612E-001
      5.0000     -9.8960       0.1723E-001
      5.0000     -9.7389       0.3223E-001
      5.0000     -9.5819       0.1763E-001
      5.0000     -9.4248       0.3892E-002
      5.0000     -9.2677       0.1375E-001
      5.0000     -9.1106       0.1520E-001
      5.0000     -8.9535       0.8576E-002
      5.0000     -8.7965       0.1461E-001
      5.0000     -8.6394       0.1438E-001
      5.0000     -8.4823       0.1311E-001
      5.0000     -8.3252       0.7584E-002
      5.0000     -8.1681       0.3177E-001
      5.0000     -8.0111       0.2948E-001
      5.0000     -7.8540       0.1076E-001
      5.0000     -7.6969       0.3184E-002
      5.0000     -7.5398       0.4429E-002
      5.0000     -7.3827       0.2303E-001
      5.0000     -7.2257       0.1916E-001
      5.0000     -7.0686       0.9069E-002
      5.0000     -6.9115       0.1573E-001
      5.0000     -6.7544       0.3887E-001
      5.0000     -6.5973       0.1823E-001
      5.0000     -6.4403       0.1271E-001
      5.0000     -6.2832       0.1359E-001
      5.0000     -6.1261       0.1105E-001
      5.0000     -5.9690       0.8150E-002
      5.0000     -5.8119       0.1278E-001
      5.0000     -5.6549       0.1125E-001
      5.0000     -5.4978       0.4685E-001
      5.0000     -5.3407       0.4232E-001
      5.0000     -5.1836       0.3200E-001
      5.0000     -5.0265       0.2145E-001
      5.0000     -4.8695       0.2979E-001
      5.0000     -4.7124       0.3287E-001
      5.0000     -4.5553       0.8902E-002
      5.0000     -4.3982       0.9661E-001
      5.0000     -4.2412       0.3512E-001
      5.0000     -4.0841       0.4761E-001
      5.0000     -3.9270       0.7353E-001
      5.0000     -3.7699       0.9195E-001
      5.0000     -3.6128       0.9529E-001
      5.0000     -3.4558       0.1054     
      5.0000     -3.2987       0.1840     
      5.0000     -3.1416       0.3533     
      5.0000     -2.9845       0.5187E-001
      5.0000     -2.8274        1.444     
      5.0000     -2.6704       0.3248     
      5.0000     -2.5133        1.966     
      5.0000     -2.3562        6.493     
      5.0000     -2.1991       0.5090E-001
      5.0000     -2.0420        21.39     
      5.0000     -1.8850        22.61     
      5.0000     -1.7279        10.84     
      5.0000     -1.5708        145.3     
      5.0000     -1.4137        53.30     
      5.0000     -1.2566        183.1     
      5.0000     -1.0996        816.0     
      5.0000     -0.9425        78.24     
      5.0000     -0.7854        1785.     
      5.0000     -0.6283        4924.     
      5.0000     -0.4712        72.14     
      5.0000     -0.3142       0.2323E+005
      5.0000     -0.1571       0.1091E+006
