    187.0000      0.0000       0.1553E+006
    187.0000      0.1571       0.9401E+005
    187.0000      0.3142       0.3214E+005
    187.0000      0.4712       0.1216E+005
    187.0000      0.6283        4691.     
    187.0000      0.7854        1646.     
    187.0000      0.9425        1561.     
    187.0000      1.0996        648.2     
    187.0000      1.2566        324.0     
    187.0000      1.4137        346.9     
    187.0000      1.5708        280.1     
    187.0000      1.7279        149.1     
    187.0000      1.8850        113.0     
    187.0000      2.0420        68.72     
    187.0000      2.1991        27.36     
    187.0000      2.3562        19.80     
    187.0000      2.5133        16.51     
    187.0000      2.6704        9.900     
    187.0000      2.8274        4.718     
    187.0000      2.9845        2.097     
    187.0000      3.1416        1.751     
    187.0000      3.2987       0.9000     
    187.0000      3.4558       0.4003     
    187.0000      3.6128       0.3062     
    187.0000      3.7699       0.1447     
    187.0000      3.9270       0.1219     
    187.0000      4.0841       0.9580E-001
    187.0000      4.2412       0.6735E-001
    187.0000      4.3982       0.6069E-001
    187.0000      4.5553       0.7018E-001
    187.0000      4.7124       0.6336E-001
    187.0000      4.8695       0.5577E-001
    187.0000      5.0265       0.6880E-001
    187.0000      5.1836       0.7413E-001
    187.0000      5.3407       0.5463E-001
    187.0000      5.4978       0.5777E-001
    187.0000      5.6549       0.4628E-001
    187.0000      5.8119       0.5267E-001
    187.0000      5.9690       0.6623E-001
    187.0000      6.1261       0.6708E-001
    187.0000      6.2832       0.9223E-001
    187.0000      6.4403       0.9441E-001
    187.0000      6.5973       0.6683E-001
    187.0000      6.7544       0.9016E-001
    187.0000      6.9115       0.8031E-001
    187.0000      7.0686       0.8066E-001
    187.0000      7.2257       0.9444E-001
    187.0000      7.3827       0.1394     
    187.0000      7.5398       0.1481     
    187.0000      7.6969       0.1373     
    187.0000      7.8540       0.1010     
    187.0000      8.0111       0.1170     
    187.0000      8.1681       0.1147     
    187.0000      8.3252       0.1130     
    187.0000      8.4823       0.9457E-001
    187.0000      8.6394       0.1432     
    187.0000      8.7965       0.2245     
    187.0000      8.9535       0.3290     
    187.0000      9.1106       0.3541     
    187.0000      9.2677       0.4300     
    187.0000      9.4248       0.2840     
    187.0000      9.5819       0.2183     
    187.0000      9.7389       0.1717     
    187.0000      9.8960       0.1437     
    187.0000    -10.0531       0.7135E-001
    187.0000     -9.8960       0.1494     
    187.0000     -9.7389       0.2117     
    187.0000     -9.5819       0.2294     
    187.0000     -9.4248       0.2735     
    187.0000     -9.2677       0.3799     
    187.0000     -9.1106       0.2870     
    187.0000     -8.9535       0.2935     
    187.0000     -8.7965       0.2276     
    187.0000     -8.6394       0.1519     
    187.0000     -8.4823       0.7731E-001
    187.0000     -8.3252       0.1496     
    187.0000     -8.1681       0.1440     
    187.0000     -8.0111       0.1643     
    187.0000     -7.8540       0.1091     
    187.0000     -7.6969       0.1732     
    187.0000     -7.5398       0.1576     
    187.0000     -7.3827       0.1327     
    187.0000     -7.2257       0.1277     
    187.0000     -7.0686       0.1012     
    187.0000     -6.9115       0.9339E-001
    187.0000     -6.7544       0.7552E-001
    187.0000     -6.5973       0.7997E-001
    187.0000     -6.4403       0.8483E-001
    187.0000     -6.2832       0.9435E-001
    187.0000     -6.1261       0.9343E-001
    187.0000     -5.9690       0.7214E-001
    187.0000     -5.8119       0.6364E-001
    187.0000     -5.6549       0.4865E-001
    187.0000     -5.4978       0.6137E-001
    187.0000     -5.3407       0.5782E-001
    187.0000     -5.1836       0.7726E-001
    187.0000     -5.0265       0.6699E-001
    187.0000     -4.8695       0.6583E-001
    187.0000     -4.7124       0.6370E-001
    187.0000     -4.5553       0.6359E-001
    187.0000     -4.3982       0.6227E-001
    187.0000     -4.2412       0.5853E-001
    187.0000     -4.0841       0.1017     
    187.0000     -3.9270       0.1303     
    187.0000     -3.7699       0.1699     
    187.0000     -3.6128       0.2001     
    187.0000     -3.4558       0.3962     
    187.0000     -3.2987       0.8375     
    187.0000     -3.1416        1.034     
    187.0000     -2.9845        1.477     
    187.0000     -2.8274        3.557     
    187.0000     -2.6704        6.485     
    187.0000     -2.5133        15.31     
    187.0000     -2.3562        22.87     
    187.0000     -2.1991        34.21     
    187.0000     -2.0420        45.13     
    187.0000     -1.8850        77.41     
    187.0000     -1.7279        178.5     
    187.0000     -1.5708        184.4     
    187.0000     -1.4137        306.3     
    187.0000     -1.2566        413.1     
    187.0000     -1.0996        758.4     
    187.0000     -0.9425        689.7     
    187.0000     -0.7854        2395.     
    187.0000     -0.6283        4273.     
    187.0000     -0.4712       0.1032E+005
    187.0000     -0.3142       0.4045E+005
    187.0000     -0.1571       0.8367E+005
