     84.0000      0.0000       0.1824E+006
     84.0000      0.1571       0.1089E+006
     84.0000      0.3142       0.1636E+005
     84.0000      0.4712        3518.     
     84.0000      0.6283        2501.     
     84.0000      0.7854        442.0     
     84.0000      0.9425        383.1     
     84.0000      1.0996        206.0     
     84.0000      1.2566        79.06     
     84.0000      1.4137        45.37     
     84.0000      1.5708        25.47     
     84.0000      1.7279        12.17     
     84.0000      1.8850        7.451     
     84.0000      2.0420        2.558     
     84.0000      2.1991        1.315     
     84.0000      2.3562       0.7811     
     84.0000      2.5133       0.4160     
     84.0000      2.6704       0.3962     
     84.0000      2.8274       0.1856     
     84.0000      2.9845       0.2066     
     84.0000      3.1416       0.1574     
     84.0000      3.2987       0.1724     
     84.0000      3.4558       0.7962E-001
     84.0000      3.6128       0.6716E-001
     84.0000      3.7699       0.1253     
     84.0000      3.9270       0.5116E-001
     84.0000      4.0841       0.3377E-001
     84.0000      4.2412       0.2564E-001
     84.0000      4.3982       0.4740E-001
     84.0000      4.5553       0.4248E-001
     84.0000      4.7124       0.1830E-001
     84.0000      4.8695       0.2677E-001
     84.0000      5.0265       0.4017E-001
     84.0000      5.1836       0.3361E-001
     84.0000      5.3407       0.3589E-001
     84.0000      5.4978       0.5292E-001
     84.0000      5.6549       0.2566E-001
     84.0000      5.8119       0.3600E-001
     84.0000      5.9690       0.2617E-001
     84.0000      6.1261       0.2485E-001
     84.0000      6.2832       0.2471E-001
     84.0000      6.4403       0.7815E-001
     84.0000      6.5973       0.3555E-001
     84.0000      6.7544       0.2761E-001
     84.0000      6.9115       0.2525E-001
     84.0000      7.0686       0.2459E-001
     84.0000      7.2257       0.1925E-001
     84.0000      7.3827       0.2178E-001
     84.0000      7.5398       0.6212E-001
     84.0000      7.6969       0.7268E-001
     84.0000      7.8540       0.5713E-001
     84.0000      8.0111       0.1828E-001
     84.0000      8.1681       0.1637E-001
     84.0000      8.3252       0.2601E-001
     84.0000      8.4823       0.1770E-001
     84.0000      8.6394       0.1679E-001
     84.0000      8.7965       0.7831E-001
     84.0000      8.9535       0.4665E-001
     84.0000      9.1106       0.3783E-001
     84.0000      9.2677       0.9947E-001
     84.0000      9.4248       0.8798E-002
     84.0000      9.5819       0.7289E-001
     84.0000      9.7389       0.5804E-001
     84.0000      9.8960       0.9920E-002
     84.0000    -10.0531       0.2743E-001
     84.0000     -9.8960       0.2187E-001
     84.0000     -9.7389       0.5744E-001
     84.0000     -9.5819       0.6104E-001
     84.0000     -9.4248       0.2914E-001
     84.0000     -9.2677       0.9232E-001
     84.0000     -9.1106       0.4802E-001
     84.0000     -8.9535       0.5648E-001
     84.0000     -8.7965       0.7157E-001
     84.0000     -8.6394       0.2849E-001
     84.0000     -8.4823       0.3878E-001
     84.0000     -8.3252       0.3119E-001
     84.0000     -8.1681       0.2669E-001
     84.0000     -8.0111       0.2012E-001
     84.0000     -7.8540       0.5925E-001
     84.0000     -7.6969       0.6892E-001
     84.0000     -7.5398       0.5570E-001
     84.0000     -7.3827       0.2103E-001
     84.0000     -7.2257       0.2412E-001
     84.0000     -7.0686       0.2016E-001
     84.0000     -6.9115       0.2537E-001
     84.0000     -6.7544       0.3112E-001
     84.0000     -6.5973       0.4130E-001
     84.0000     -6.4403       0.8111E-001
     84.0000     -6.2832       0.2085E-001
     84.0000     -6.1261       0.2395E-001
     84.0000     -5.9690       0.1805E-001
     84.0000     -5.8119       0.4514E-001
     84.0000     -5.6549       0.2796E-001
     84.0000     -5.4978       0.5804E-001
     84.0000     -5.3407       0.4706E-001
     84.0000     -5.1836       0.4089E-001
     84.0000     -5.0265       0.3613E-001
     84.0000     -4.8695       0.3861E-001
     84.0000     -4.7124       0.1623E-001
     84.0000     -4.5553       0.4559E-001
     84.0000     -4.3982       0.5291E-001
     84.0000     -4.2412       0.3034E-001
     84.0000     -4.0841       0.3724E-001
     84.0000     -3.9270       0.4191E-001
     84.0000     -3.7699       0.1312     
     84.0000     -3.6128       0.6668E-001
     84.0000     -3.4558       0.7229E-001
     84.0000     -3.2987       0.1395     
     84.0000     -3.1416       0.1603     
     84.0000     -2.9845       0.2307     
     84.0000     -2.8274       0.2165     
     84.0000     -2.6704       0.3923     
     84.0000     -2.5133       0.4548     
     84.0000     -2.3562       0.7779     
     84.0000     -2.1991        1.292     
     84.0000     -2.0420        2.488     
     84.0000     -1.8850        7.347     
     84.0000     -1.7279        12.04     
     84.0000     -1.5708        25.32     
     84.0000     -1.4137        45.35     
     84.0000     -1.2566        79.09     
     84.0000     -1.0996        206.2     
     84.0000     -0.9425        383.2     
     84.0000     -0.7854        441.8     
     84.0000     -0.6283        2500.     
     84.0000     -0.4712        3517.     
     84.0000     -0.3142       0.1636E+005
     84.0000     -0.1571       0.1089E+006
