    121.0000      0.0000       0.1672E+006
    121.0000      0.1571       0.1026E+006
    121.0000      0.3142       0.3038E+005
    121.0000      0.4712        1666.     
    121.0000      0.6283        2843.     
    121.0000      0.7854        1645.     
    121.0000      0.9425        415.5     
    121.0000      1.0996        223.9     
    121.0000      1.2566        100.4     
    121.0000      1.4137        111.9     
    121.0000      1.5708        49.36     
    121.0000      1.7279        17.57     
    121.0000      1.8850        5.755     
    121.0000      2.0420        3.773     
    121.0000      2.1991        2.326     
    121.0000      2.3562        2.123     
    121.0000      2.5133       0.8362     
    121.0000      2.6704       0.4330     
    121.0000      2.8274       0.2486     
    121.0000      2.9845       0.1954     
    121.0000      3.1416       0.1625     
    121.0000      3.2987       0.2120     
    121.0000      3.4558       0.9859E-001
    121.0000      3.6128       0.7360E-001
    121.0000      3.7699       0.4160E-001
    121.0000      3.9270       0.6818E-001
    121.0000      4.0841       0.5062E-001
    121.0000      4.2412       0.5292E-001
    121.0000      4.3982       0.4322E-001
    121.0000      4.5553       0.3958E-001
    121.0000      4.7124       0.5202E-001
    121.0000      4.8695       0.4524E-001
    121.0000      5.0265       0.4146E-001
    121.0000      5.1836       0.4562E-001
    121.0000      5.3407       0.4443E-001
    121.0000      5.4978       0.3882E-001
    121.0000      5.6549       0.2681E-001
    121.0000      5.8119       0.3407E-001
    121.0000      5.9690       0.3539E-001
    121.0000      6.1261       0.4362E-001
    121.0000      6.2832       0.4331E-001
    121.0000      6.4403       0.7769E-001
    121.0000      6.5973       0.6169E-001
    121.0000      6.7544       0.7562E-001
    121.0000      6.9115       0.3875E-001
    121.0000      7.0686       0.3115E-001
    121.0000      7.2257       0.5550E-001
    121.0000      7.3827       0.9013E-001
    121.0000      7.5398       0.3417E-001
    121.0000      7.6969       0.2231E-001
    121.0000      7.8540       0.6290E-001
    121.0000      8.0111       0.4771E-001
    121.0000      8.1681       0.5207E-001
    121.0000      8.3252       0.1998E-001
    121.0000      8.4823       0.4076E-001
    121.0000      8.6394       0.2820E-001
    121.0000      8.7965       0.5849E-001
    121.0000      8.9535       0.5564E-001
    121.0000      9.1106       0.1021     
    121.0000      9.2677       0.1482     
    121.0000      9.4248       0.1711     
    121.0000      9.5819       0.7005E-001
    121.0000      9.7389       0.5704E-001
    121.0000      9.8960       0.1197     
    121.0000    -10.0531       0.4400E-001
    121.0000     -9.8960       0.6573E-001
    121.0000     -9.7389       0.5844E-001
    121.0000     -9.5819       0.6763E-001
    121.0000     -9.4248       0.1662     
    121.0000     -9.2677       0.1615     
    121.0000     -9.1106       0.1024     
    121.0000     -8.9535       0.5788E-001
    121.0000     -8.7965       0.5213E-001
    121.0000     -8.6394       0.2784E-001
    121.0000     -8.4823       0.7807E-001
    121.0000     -8.3252       0.3101E-001
    121.0000     -8.1681       0.7148E-001
    121.0000     -8.0111       0.5337E-001
    121.0000     -7.8540       0.8560E-001
    121.0000     -7.6969       0.2364E-001
    121.0000     -7.5398       0.4656E-001
    121.0000     -7.3827       0.8785E-001
    121.0000     -7.2257       0.6738E-001
    121.0000     -7.0686       0.2952E-001
    121.0000     -6.9115       0.4498E-001
    121.0000     -6.7544       0.6152E-001
    121.0000     -6.5973       0.6455E-001
    121.0000     -6.4403       0.8587E-001
    121.0000     -6.2832       0.4270E-001
    121.0000     -6.1261       0.5328E-001
    121.0000     -5.9690       0.4149E-001
    121.0000     -5.8119       0.3846E-001
    121.0000     -5.6549       0.2581E-001
    121.0000     -5.4978       0.4111E-001
    121.0000     -5.3407       0.4552E-001
    121.0000     -5.1836       0.4282E-001
    121.0000     -5.0265       0.3775E-001
    121.0000     -4.8695       0.5268E-001
    121.0000     -4.7124       0.5097E-001
    121.0000     -4.5553       0.5572E-001
    121.0000     -4.3982       0.3743E-001
    121.0000     -4.2412       0.5251E-001
    121.0000     -4.0841       0.6526E-001
    121.0000     -3.9270       0.7168E-001
    121.0000     -3.7699       0.4657E-001
    121.0000     -3.6128       0.7601E-001
    121.0000     -3.4558       0.1051     
    121.0000     -3.2987       0.2095     
    121.0000     -3.1416       0.1391     
    121.0000     -2.9845       0.1706     
    121.0000     -2.8274       0.2336     
    121.0000     -2.6704       0.4293     
    121.0000     -2.5133       0.8272     
    121.0000     -2.3562        2.078     
    121.0000     -2.1991        2.334     
    121.0000     -2.0420        3.779     
    121.0000     -1.8850        5.749     
    121.0000     -1.7279        17.49     
    121.0000     -1.5708        49.16     
    121.0000     -1.4137        111.8     
    121.0000     -1.2566        100.2     
    121.0000     -1.0996        224.1     
    121.0000     -0.9425        415.9     
    121.0000     -0.7854        1646.     
    121.0000     -0.6283        2843.     
    121.0000     -0.4712        1667.     
    121.0000     -0.3142       0.3038E+005
    121.0000     -0.1571       0.1026E+006
