     40.0000      0.0000       0.1937E+006
     40.0000      0.1571       0.1060E+006
     40.0000      0.3142       0.1272E+005
     40.0000      0.4712        4057.     
     40.0000      0.6283        2964.     
     40.0000      0.7854        181.8     
     40.0000      0.9425        580.7     
     40.0000      1.0996        135.7     
     40.0000      1.2566        81.40     
     40.0000      1.4137        56.81     
     40.0000      1.5708        17.82     
     40.0000      1.7279        17.11     
     40.0000      1.8850        5.315     
     40.0000      2.0420        3.934     
     40.0000      2.1991        1.916     
     40.0000      2.3562       0.8891     
     40.0000      2.5133       0.6752     
     40.0000      2.6704       0.3523     
     40.0000      2.8274       0.2062     
     40.0000      2.9845       0.1389     
     40.0000      3.1416       0.1014     
     40.0000      3.2987       0.1300     
     40.0000      3.4558       0.1370     
     40.0000      3.6128       0.5891E-001
     40.0000      3.7699       0.9998E-001
     40.0000      3.9270       0.9203E-001
     40.0000      4.0841       0.4585E-001
     40.0000      4.2412       0.2971E-001
     40.0000      4.3982       0.3242E-001
     40.0000      4.5553       0.4139E-001
     40.0000      4.7124       0.2066E-001
     40.0000      4.8695       0.2575E-001
     40.0000      5.0265       0.1895E-001
     40.0000      5.1836       0.5460E-001
     40.0000      5.3407       0.5315E-001
     40.0000      5.4978       0.4012E-001
     40.0000      5.6549       0.1921E-001
     40.0000      5.8119       0.1201E-001
     40.0000      5.9690       0.8788E-002
     40.0000      6.1261       0.2220E-001
     40.0000      6.2832       0.2465E-001
     40.0000      6.4403       0.4689E-001
     40.0000      6.5973       0.3364E-001
     40.0000      6.7544       0.3270E-001
     40.0000      6.9115       0.2239E-001
     40.0000      7.0686       0.2178E-001
     40.0000      7.2257       0.1266E-001
     40.0000      7.3827       0.8473E-002
     40.0000      7.5398       0.3623E-001
     40.0000      7.6969       0.3893E-001
     40.0000      7.8540       0.7442E-002
     40.0000      8.0111       0.1881E-001
     40.0000      8.1681       0.2587E-001
     40.0000      8.3252       0.1952E-001
     40.0000      8.4823       0.1444E-001
     40.0000      8.6394       0.1281E-001
     40.0000      8.7965       0.1344E-001
     40.0000      8.9535       0.1319E-001
     40.0000      9.1106       0.2430E-001
     40.0000      9.2677       0.6058E-001
     40.0000      9.4248       0.2430E-001
     40.0000      9.5819       0.3175E-001
     40.0000      9.7389       0.2124E-001
     40.0000      9.8960       0.5620E-001
     40.0000    -10.0531       0.2135E-001
     40.0000     -9.8960       0.1918E-001
     40.0000     -9.7389       0.8108E-002
     40.0000     -9.5819       0.3642E-001
     40.0000     -9.4248       0.2628E-001
     40.0000     -9.2677       0.6014E-001
     40.0000     -9.1106       0.1387E-001
     40.0000     -8.9535       0.2073E-001
     40.0000     -8.7965       0.1727E-001
     40.0000     -8.6394       0.5034E-002
     40.0000     -8.4823       0.2719E-001
     40.0000     -8.3252       0.2266E-001
     40.0000     -8.1681       0.2923E-001
     40.0000     -8.0111       0.1321E-001
     40.0000     -7.8540       0.1094E-001
     40.0000     -7.6969       0.3578E-001
     40.0000     -7.5398       0.3745E-001
     40.0000     -7.3827       0.9617E-002
     40.0000     -7.2257       0.1078E-001
     40.0000     -7.0686       0.2106E-001
     40.0000     -6.9115       0.2306E-001
     40.0000     -6.7544       0.2974E-001
     40.0000     -6.5973       0.3872E-001
     40.0000     -6.4403       0.5079E-001
     40.0000     -6.2832       0.2269E-001
     40.0000     -6.1261       0.1761E-001
     40.0000     -5.9690       0.7682E-002
     40.0000     -5.8119       0.8182E-002
     40.0000     -5.6549       0.2337E-001
     40.0000     -5.4978       0.4064E-001
     40.0000     -5.3407       0.5358E-001
     40.0000     -5.1836       0.5184E-001
     40.0000     -5.0265       0.2443E-001
     40.0000     -4.8695       0.9834E-002
     40.0000     -4.7124       0.3333E-001
     40.0000     -4.5553       0.4753E-001
     40.0000     -4.3982       0.3132E-001
     40.0000     -4.2412       0.3810E-001
     40.0000     -4.0841       0.5338E-001
     40.0000     -3.9270       0.8855E-001
     40.0000     -3.7699       0.9421E-001
     40.0000     -3.6128       0.5645E-001
     40.0000     -3.4558       0.1429     
     40.0000     -3.2987       0.1194     
     40.0000     -3.1416       0.8600E-001
     40.0000     -2.9845       0.1120     
     40.0000     -2.8274       0.1940     
     40.0000     -2.6704       0.2968     
     40.0000     -2.5133       0.5831     
     40.0000     -2.3562       0.9041     
     40.0000     -2.1991        1.905     
     40.0000     -2.0420        3.951     
     40.0000     -1.8850        5.247     
     40.0000     -1.7279        16.92     
     40.0000     -1.5708        17.51     
     40.0000     -1.4137        56.58     
     40.0000     -1.2566        81.36     
     40.0000     -1.0996        136.0     
     40.0000     -0.9425        581.2     
     40.0000     -0.7854        182.3     
     40.0000     -0.6283        2963.     
     40.0000     -0.4712        4058.     
     40.0000     -0.3142       0.1272E+005
     40.0000     -0.1571       0.1060E+006
