     27.0000      0.0000       0.1884E+006
     27.0000      0.1571       0.1088E+006
     27.0000      0.3142       0.1390E+005
     27.0000      0.4712        1662.     
     27.0000      0.6283        3725.     
     27.0000      0.7854        389.8     
     27.0000      0.9425        415.6     
     27.0000      1.0996        377.8     
     27.0000      1.2566        29.34     
     27.0000      1.4137        98.30     
     27.0000      1.5708        36.55     
     27.0000      1.7279        10.23     
     27.0000      1.8850        17.19     
     27.0000      2.0420        2.118     
     27.0000      2.1991        3.790     
     27.0000      2.3562        1.589     
     27.0000      2.5133       0.6584     
     27.0000      2.6704       0.6421     
     27.0000      2.8274       0.1083     
     27.0000      2.9845       0.1445     
     27.0000      3.1416       0.1177     
     27.0000      3.2987       0.2839E-001
     27.0000      3.4558       0.1417     
     27.0000      3.6128       0.7173E-001
     27.0000      3.7699       0.4778E-001
     27.0000      3.9270       0.2192E-001
     27.0000      4.0841       0.1071     
     27.0000      4.2412       0.6749E-002
     27.0000      4.3982       0.7044E-001
     27.0000      4.5553       0.3092E-001
     27.0000      4.7124       0.3411E-001
     27.0000      4.8695       0.1362E-001
     27.0000      5.0265       0.2407E-001
     27.0000      5.1836       0.7222E-001
     27.0000      5.3407       0.2386E-001
     27.0000      5.4978       0.2596E-001
     27.0000      5.6549       0.9491E-002
     27.0000      5.8119       0.6684E-002
     27.0000      5.9690       0.1309E-001
     27.0000      6.1261       0.2844E-001
     27.0000      6.2832       0.3502E-001
     27.0000      6.4403       0.5000E-001
     27.0000      6.5973       0.7126E-002
     27.0000      6.7544       0.1783E-001
     27.0000      6.9115       0.8453E-002
     27.0000      7.0686       0.1356E-001
     27.0000      7.2257       0.2493E-001
     27.0000      7.3827       0.1571E-001
     27.0000      7.5398       0.4579E-001
     27.0000      7.6969       0.7497E-002
     27.0000      7.8540       0.1177E-001
     27.0000      8.0111       0.2256E-001
     27.0000      8.1681       0.4185E-002
     27.0000      8.3252       0.1503E-001
     27.0000      8.4823       0.5244E-002
     27.0000      8.6394       0.2836E-001
     27.0000      8.7965       0.1240E-001
     27.0000      8.9535       0.4985E-001
     27.0000      9.1106       0.1261E-001
     27.0000      9.2677       0.3289E-002
     27.0000      9.4248       0.3074E-001
     27.0000      9.5819       0.2271E-001
     27.0000      9.7389       0.2564E-001
     27.0000      9.8960       0.2095E-001
     27.0000    -10.0531       0.2377E-001
     27.0000     -9.8960       0.1410E-001
     27.0000     -9.7389       0.2849E-001
     27.0000     -9.5819       0.2109E-001
     27.0000     -9.4248       0.2918E-001
     27.0000     -9.2677       0.5544E-002
     27.0000     -9.1106       0.1010E-001
     27.0000     -8.9535       0.5100E-001
     27.0000     -8.7965       0.1916E-001
     27.0000     -8.6394       0.2391E-001
     27.0000     -8.4823       0.1180E-001
     27.0000     -8.3252       0.1345E-001
     27.0000     -8.1681       0.9039E-002
     27.0000     -8.0111       0.2412E-001
     27.0000     -7.8540       0.1317E-001
     27.0000     -7.6969       0.5572E-002
     27.0000     -7.5398       0.4465E-001
     27.0000     -7.3827       0.1149E-001
     27.0000     -7.2257       0.2988E-001
     27.0000     -7.0686       0.1281E-001
     27.0000     -6.9115       0.1552E-001
     27.0000     -6.7544       0.1904E-001
     27.0000     -6.5973       0.1034E-001
     27.0000     -6.4403       0.5166E-001
     27.0000     -6.2832       0.2775E-001
     27.0000     -6.1261       0.2906E-001
     27.0000     -5.9690       0.1594E-001
     27.0000     -5.8119       0.1482E-001
     27.0000     -5.6549       0.1271E-001
     27.0000     -5.4978       0.2923E-001
     27.0000     -5.3407       0.2022E-001
     27.0000     -5.1836       0.7340E-001
     27.0000     -5.0265       0.2896E-001
     27.0000     -4.8695       0.1487E-001
     27.0000     -4.7124       0.2016E-001
     27.0000     -4.5553       0.3058E-001
     27.0000     -4.3982       0.7177E-001
     27.0000     -4.2412       0.6321E-002
     27.0000     -4.0841       0.9683E-001
     27.0000     -3.9270       0.1631E-001
     27.0000     -3.7699       0.4818E-001
     27.0000     -3.6128       0.8769E-001
     27.0000     -3.4558       0.1454     
     27.0000     -3.2987       0.1848E-001
     27.0000     -3.1416       0.1183     
     27.0000     -2.9845       0.9646E-001
     27.0000     -2.8274       0.1187     
     27.0000     -2.6704       0.8031     
     27.0000     -2.5133       0.6454     
     27.0000     -2.3562        1.671     
     27.0000     -2.1991        3.784     
     27.0000     -2.0420        2.110     
     27.0000     -1.8850        17.16     
     27.0000     -1.7279        10.13     
     27.0000     -1.5708        36.44     
     27.0000     -1.4137        98.24     
     27.0000     -1.2566        29.27     
     27.0000     -1.0996        378.0     
     27.0000     -0.9425        416.3     
     27.0000     -0.7854        390.7     
     27.0000     -0.6283        3727.     
     27.0000     -0.4712        1662.     
     27.0000     -0.3142       0.1390E+005
     27.0000     -0.1571       0.1088E+006
