    -30.0000    -20.0000       0.7835E-010
    -30.0000    -18.7500       0.4825E-011
    -30.0000    -17.5000       0.2058E-006
    -30.0000    -16.2500       0.1826E-004
    -30.0000    -15.0000       0.1300E-003
    -30.0000    -13.7500       0.3583E-003
    -30.0000    -12.5000       0.6450E-003
    -30.0000    -11.2500       0.8953E-003
    -30.0000    -10.0000       0.1017E-002
    -30.0000     -8.7500       0.9744E-003
    -30.0000     -7.5000       0.8044E-003
    -30.0000     -6.2500       0.5868E-003
    -30.0000     -5.0000       0.4022E-003
    -30.0000     -3.7500       0.2859E-003
    -30.0000     -2.5000       0.2280E-003
    -30.0000     -1.2500       0.2057E-003
    -30.0000      0.0000       0.2010E-003
    -30.0000      1.2500       0.2057E-003
    -30.0000      2.5000       0.2280E-003
    -30.0000      3.7500       0.2859E-003
    -30.0000      5.0000       0.4022E-003
    -30.0000      6.2500       0.5868E-003
    -30.0000      7.5000       0.8044E-003
    -30.0000      8.7500       0.9744E-003
    -30.0000     10.0000       0.1017E-002
    -30.0000     11.2500       0.8953E-003
    -30.0000     12.5000       0.6450E-003
    -30.0000     13.7500       0.3583E-003
    -30.0000     15.0000       0.1300E-003
    -30.0000     16.2500       0.1826E-004
    -30.0000     17.5000       0.2057E-006
    -30.0000     18.7500       0.4824E-011

    -29.0625    -20.0000       0.6626E-010
    -29.0625    -18.7500       0.1961E-010
    -29.0625    -17.5000       0.2817E-006
    -29.0625    -16.2500       0.2504E-004
    -29.0625    -15.0000       0.1778E-003
    -29.0625    -13.7500       0.4868E-003
    -29.0625    -12.5000       0.8731E-003
    -29.0625    -11.2500       0.1230E-002
    -29.0625    -10.0000       0.1457E-002
    -29.0625     -8.7500       0.1506E-002
    -29.0625     -7.5000       0.1377E-002
    -29.0625     -6.2500       0.1133E-002
    -29.0625     -5.0000       0.8676E-003
    -29.0625     -3.7500       0.6389E-003
    -29.0625     -2.5000       0.4456E-003
    -29.0625     -1.2500       0.2829E-003
    -29.0625      0.0000       0.1563E-003
    -29.0625      1.2500       0.7195E-004
    -29.0625      2.5000       0.3495E-004
    -29.0625      3.7500       0.4720E-004
    -29.0625      5.0000       0.1070E-003
    -29.0625      6.2500       0.2040E-003
    -29.0625      7.5000       0.3220E-003
    -29.0625      8.7500       0.4290E-003
    -29.0625     10.0000       0.4758E-003
    -29.0625     11.2500       0.4281E-003
    -29.0625     12.5000       0.3049E-003
    -29.0625     13.7500       0.1641E-003
    -29.0625     15.0000       0.5817E-004
    -29.0625     16.2500       0.8131E-005
    -29.0625     17.5000       0.9166E-007
    -29.0625     18.7500       0.3263E-012

    -28.1250    -20.0000       0.4101E-010
    -28.1250    -18.7500       0.3427E-010
    -28.1250    -17.5000       0.2524E-006
    -28.1250    -16.2500       0.2245E-004
    -28.1250    -15.0000       0.1591E-003
    -28.1250    -13.7500       0.4355E-003
    -28.1250    -12.5000       0.7868E-003
    -28.1250    -11.2500       0.1135E-002
    -28.1250    -10.0000       0.1407E-002
    -28.1250     -8.7500       0.1552E-002
    -28.1250     -7.5000       0.1533E-002
    -28.1250     -6.2500       0.1357E-002
    -28.1250     -5.0000       0.1090E-002
    -28.1250     -3.7500       0.7926E-003
    -28.1250     -2.5000       0.4944E-003
    -28.1250     -1.2500       0.2351E-003
    -28.1250      0.0000       0.6206E-004
    -28.1250      1.2500       0.6772E-006
    -28.1250      2.5000       0.3815E-004
    -28.1250      3.7500       0.1354E-003
    -28.1250      5.0000       0.2450E-003
    -28.1250      6.2500       0.3254E-003
    -28.1250      7.5000       0.3601E-003
    -28.1250      8.7500       0.3555E-003
    -28.1250     10.0000       0.3161E-003
    -28.1250     11.2500       0.2439E-003
    -28.1250     12.5000       0.1550E-003
    -28.1250     13.7500       0.7698E-004
    -28.1250     15.0000       0.2611E-004
    -28.1250     16.2500       0.3677E-005
    -28.1250     17.5000       0.3970E-007
    -28.1250     18.7500       0.4923E-011

    -27.1875    -20.0000       0.1681E-010
    -27.1875    -18.7500       0.3663E-010
    -27.1875    -17.5000       0.1439E-006
    -27.1875    -16.2500       0.1279E-004
    -27.1875    -15.0000       0.9048E-004
    -27.1875    -13.7500       0.2500E-003
    -27.1875    -12.5000       0.4627E-003
    -27.1875    -11.2500       0.6947E-003
    -27.1875    -10.0000       0.9109E-003
    -27.1875     -8.7500       0.1072E-002
    -27.1875     -7.5000       0.1132E-002
    -27.1875     -6.2500       0.1060E-002
    -27.1875     -5.0000       0.8718E-003
    -27.1875     -3.7500       0.6106E-003
    -27.1875     -2.5000       0.3312E-003
    -27.1875     -1.2500       0.1047E-003
    -27.1875      0.0000       0.1935E-005
    -27.1875      1.2500       0.5525E-004
    -27.1875      2.5000       0.2347E-003
    -27.1875      3.7500       0.4720E-003
    -27.1875      5.0000       0.6932E-003
    -27.1875      6.2500       0.8428E-003
    -27.1875      7.5000       0.8846E-003
    -27.1875      8.7500       0.8196E-003
    -27.1875     10.0000       0.6800E-003
    -27.1875     11.2500       0.5068E-003
    -27.1875     12.5000       0.3290E-003
    -27.1875     13.7500       0.1744E-003
    -27.1875     15.0000       0.6231E-004
    -27.1875     16.2500       0.8857E-005
    -27.1875     17.5000       0.9610E-007
    -27.1875     18.7500       0.1282E-010

    -26.2500    -20.0000       0.3947E-011
    -26.2500    -18.7500       0.2467E-010
    -26.2500    -17.5000       0.5266E-007
    -26.2500    -16.2500       0.4645E-005
    -26.2500    -15.0000       0.3298E-004
    -26.2500    -13.7500       0.9502E-004
    -26.2500    -12.5000       0.1885E-003
    -26.2500    -11.2500       0.3000E-003
    -26.2500    -10.0000       0.4083E-003
    -26.2500     -8.7500       0.4912E-003
    -26.2500     -7.5000       0.5316E-003
    -26.2500     -6.2500       0.5062E-003
    -26.2500     -5.0000       0.4068E-003
    -26.2500     -3.7500       0.2544E-003
    -26.2500     -2.5000       0.1008E-003
    -26.2500     -1.2500       0.7594E-005
    -26.2500      0.0000       0.2942E-004
    -26.2500      1.2500       0.1871E-003
    -26.2500      2.5000       0.4498E-003
    -26.2500      3.7500       0.7575E-003
    -26.2500      5.0000       0.1053E-002
    -26.2500      6.2500       0.1296E-002
    -26.2500      7.5000       0.1428E-002
    -26.2500      8.7500       0.1408E-002
    -26.2500     10.0000       0.1243E-002
    -26.2500     11.2500       0.9826E-003
    -26.2500     12.5000       0.6717E-003
    -26.2500     13.7500       0.3698E-003
    -26.2500     15.0000       0.1346E-003
    -26.2500     16.2500       0.1906E-004
    -26.2500     17.5000       0.2107E-006
    -26.2500     18.7500       0.1589E-010

    -25.3125    -20.0000       0.2327E-011
    -25.3125    -18.7500       0.8258E-011
    -25.3125    -17.5000       0.5978E-007
    -25.3125    -16.2500       0.5256E-005
    -25.3125    -15.0000       0.3769E-004
    -25.3125    -13.7500       0.1085E-003
    -25.3125    -12.5000       0.2084E-003
    -25.3125    -11.2500       0.3023E-003
    -25.3125    -10.0000       0.3473E-003
    -25.3125     -8.7500       0.3267E-003
    -25.3125     -7.5000       0.2644E-003
    -25.3125     -6.2500       0.1869E-003
    -25.3125     -5.0000       0.1080E-003
    -25.3125     -3.7500       0.4051E-004
    -25.3125     -2.5000       0.8067E-005
    -25.3125     -1.2500       0.3013E-004
    -25.3125      0.0000       0.1201E-003
    -25.3125      1.2500       0.2790E-003
    -25.3125      2.5000       0.4924E-003
    -25.3125      3.7500       0.7385E-003
    -25.3125      5.0000       0.1005E-002
    -25.3125      6.2500       0.1282E-002
    -25.3125      7.5000       0.1509E-002
    -25.3125      8.7500       0.1597E-002
    -25.3125     10.0000       0.1505E-002
    -25.3125     11.2500       0.1248E-002
    -25.3125     12.5000       0.8786E-003
    -25.3125     13.7500       0.4893E-003
    -25.3125     15.0000       0.1787E-003
    -25.3125     16.2500       0.2522E-004
    -25.3125     17.5000       0.2816E-006
    -25.3125     18.7500       0.1117E-010

    -24.3750    -20.0000       0.4247E-011
    -24.3750    -18.7500       0.6170E-012
    -24.3750    -17.5000       0.1590E-006
    -24.3750    -16.2500       0.1408E-004
    -24.3750    -15.0000       0.1004E-003
    -24.3750    -13.7500       0.2785E-003
    -24.3750    -12.5000       0.5047E-003
    -24.3750    -11.2500       0.6994E-003
    -24.3750    -10.0000       0.7822E-003
    -24.3750     -8.7500       0.7254E-003
    -24.3750     -7.5000       0.5692E-003
    -24.3750     -6.2500       0.3870E-003
    -24.3750     -5.0000       0.2417E-003
    -24.3750     -3.7500       0.1595E-003
    -24.3750     -2.5000       0.1356E-003
    -24.3750     -1.2500       0.1523E-003
    -24.3750      0.0000       0.1933E-003
    -24.3750      1.2500       0.2494E-003
    -24.3750      2.5000       0.3246E-003
    -24.3750      3.7500       0.4319E-003
    -24.3750      5.0000       0.5918E-003
    -24.3750      6.2500       0.8146E-003
    -24.3750      7.5000       0.1055E-002
    -24.3750      8.7500       0.1221E-002
    -24.3750     10.0000       0.1234E-002
    -24.3750     11.2500       0.1068E-002
    -24.3750     12.5000       0.7661E-003
    -24.3750     13.7500       0.4270E-003
    -24.3750     15.0000       0.1554E-003
    -24.3750     16.2500       0.2187E-004
    -24.3750     17.5000       0.2459E-006
    -24.3750     18.7500       0.3541E-011

    -23.4375    -20.0000       0.3421E-011
    -23.4375    -18.7500       0.6835E-011
    -23.4375    -17.5000       0.2620E-006
    -23.4375    -16.2500       0.2327E-004
    -23.4375    -15.0000       0.1654E-003
    -23.4375    -13.7500       0.4537E-003
    -23.4375    -12.5000       0.8136E-003
    -23.4375    -11.2500       0.1138E-002
    -23.4375    -10.0000       0.1326E-002
    -23.4375     -8.7500       0.1332E-002
    -23.4375     -7.5000       0.1174E-002
    -23.4375     -6.2500       0.9280E-003
    -23.4375     -5.0000       0.6886E-003
    -23.4375     -3.7500       0.5053E-003
    -23.4375     -2.5000       0.3698E-003
    -23.4375     -1.2500       0.2654E-003
    -23.4375      0.0000       0.1840E-003
    -23.4375      1.2500       0.1245E-003
    -23.4375      2.5000       0.9546E-004
    -23.4375      3.7500       0.1099E-003
    -23.4375      5.0000       0.1803E-003
    -23.4375      6.2500       0.3074E-003
    -23.4375      7.5000       0.4689E-003
    -23.4375      8.7500       0.6119E-003
    -23.4375     10.0000       0.6697E-003
    -23.4375     11.2500       0.6023E-003
    -23.4375     12.5000       0.4340E-003
    -23.4375     13.7500       0.2381E-003
    -23.4375     15.0000       0.8548E-004
    -23.4375     16.2500       0.1197E-004
    -23.4375     17.5000       0.1353E-006
    -23.4375     18.7500       0.1240E-011

    -22.5000    -20.0000       0.1639E-011
    -22.5000    -18.7500       0.1978E-010
    -22.5000    -17.5000       0.2773E-006
    -22.5000    -16.2500       0.2466E-004
    -22.5000    -15.0000       0.1749E-003
    -22.5000    -13.7500       0.4785E-003
    -22.5000    -12.5000       0.8609E-003
    -22.5000    -11.2500       0.1228E-002
    -22.5000    -10.0000       0.1495E-002
    -22.5000     -8.7500       0.1607E-002
    -22.5000     -7.5000       0.1541E-002
    -22.5000     -6.2500       0.1329E-002
    -22.5000     -5.0000       0.1051E-002
    -22.5000     -3.7500       0.7704E-003
    -22.5000     -2.5000       0.5026E-003
    -22.5000     -1.2500       0.2690E-003
    -22.5000      0.0000       0.1005E-003
    -22.5000      1.2500       0.1530E-004
    -22.5000      2.5000       0.8721E-005
    -22.5000      3.7500       0.5891E-004
    -22.5000      5.0000       0.1366E-003
    -22.5000      6.2500       0.2123E-003
    -22.5000      7.5000       0.2722E-003
    -22.5000      8.7500       0.3116E-003
    -22.5000     10.0000       0.3140E-003
    -22.5000     11.2500       0.2640E-003
    -22.5000     12.5000       0.1772E-003
    -22.5000     13.7500       0.9043E-004
    -22.5000     15.0000       0.3100E-004
    -22.5000     16.2500       0.4335E-005
    -22.5000     17.5000       0.4805E-007
    -22.5000     18.7500       0.8176E-011

    -21.5625    -20.0000       0.6933E-011
    -21.5625    -18.7500       0.2682E-010
    -21.5625    -17.5000       0.1913E-006
    -21.5625    -16.2500       0.1702E-004
    -21.5625    -15.0000       0.1204E-003
    -21.5625    -13.7500       0.3310E-003
    -21.5625    -12.5000       0.6046E-003
    -21.5625    -11.2500       0.8907E-003
    -21.5625    -10.0000       0.1140E-002
    -21.5625     -8.7500       0.1307E-002
    -21.5625     -7.5000       0.1346E-002
    -21.5625     -6.2500       0.1234E-002
    -21.5625     -5.0000       0.1008E-002
    -21.5625     -3.7500       0.7195E-003
    -21.5625     -2.5000       0.4160E-003
    -21.5625     -1.2500       0.1599E-003
    -21.5625      0.0000       0.1695E-004
    -21.5625      1.2500       0.1896E-004
    -21.5625      2.5000       0.1416E-003
    -21.5625      3.7500       0.3245E-003
    -21.5625      5.0000       0.4998E-003
    -21.5625      6.2500       0.6140E-003
    -21.5625      7.5000       0.6404E-003
    -21.5625      8.7500       0.5880E-003
    -21.5625     10.0000       0.4837E-003
    -21.5625     11.2500       0.3550E-003
    -21.5625     12.5000       0.2245E-003
    -21.5625     13.7500       0.1154E-003
    -21.5625     15.0000       0.4044E-004
    -21.5625     16.2500       0.5746E-005
    -21.5625     17.5000       0.6179E-007
    -21.5625     18.7500       0.2004E-010

    -20.6250    -20.0000       0.2491E-010
    -20.6250    -18.7500       0.2129E-010
    -20.6250    -17.5000       0.8039E-007
    -20.6250    -16.2500       0.7129E-005
    -20.6250    -15.0000       0.5046E-004
    -20.6250    -13.7500       0.1420E-003
    -20.6250    -12.5000       0.2722E-003
    -20.6250    -11.2500       0.4244E-003
    -20.6250    -10.0000       0.5759E-003
    -20.6250     -8.7500       0.6984E-003
    -20.6250     -7.5000       0.7601E-003
    -20.6250     -6.2500       0.7273E-003
    -20.6250     -5.0000       0.5968E-003
    -20.6250     -3.7500       0.3978E-003
    -20.6250     -2.5000       0.1869E-003
    -20.6250     -1.2500       0.3501E-004
    -20.6250      0.0000       0.7641E-005
    -20.6250      1.2500       0.1322E-003
    -20.6250      2.5000       0.3758E-003
    -20.6250      3.7500       0.6701E-003
    -20.6250      5.0000       0.9463E-003
    -20.6250      6.2500       0.1155E-002
    -20.6250      7.5000       0.1245E-002
    -20.6250      8.7500       0.1195E-002
    -20.6250     10.0000       0.1028E-002
    -20.6250     11.2500       0.7940E-003
    -20.6250     12.5000       0.5336E-003
    -20.6250     13.7500       0.2908E-003
    -20.6250     15.0000       0.1054E-003
    -20.6250     16.2500       0.1495E-004
    -20.6250     17.5000       0.1643E-006
    -20.6250     18.7500       0.2767E-010

    -19.6875    -20.0000       0.5134E-010
    -19.6875    -18.7500       0.8535E-011
    -19.6875    -17.5000       0.4312E-007
    -19.6875    -16.2500       0.3789E-005
    -19.6875    -15.0000       0.2714E-004
    -19.6875    -13.7500       0.7969E-004
    -19.6875    -12.5000       0.1593E-003
    -19.6875    -11.2500       0.2441E-003
    -19.6875    -10.0000       0.3037E-003
    -19.6875     -8.7500       0.3210E-003
    -19.6875     -7.5000       0.3047E-003
    -19.6875     -6.2500       0.2588E-003
    -19.6875     -5.0000       0.1830E-003
    -19.6875     -3.7500       0.9087E-004
    -19.6875     -2.5000       0.1892E-004
    -19.6875     -1.2500       0.5362E-005
    -19.6875      0.0000       0.8086E-004
    -19.6875      1.2500       0.2543E-003
    -19.6875      2.5000       0.5032E-003
    -19.6875      3.7500       0.7888E-003
    -19.6875      5.0000       0.1080E-002
    -19.6875      6.2500       0.1354E-002
    -19.6875      7.5000       0.1549E-002
    -19.6875      8.7500       0.1592E-002
    -19.6875     10.0000       0.1462E-002
    -19.6875     11.2500       0.1190E-002
    -19.6875     12.5000       0.8296E-003
    -19.6875     13.7500       0.4606E-003
    -19.6875     15.0000       0.1681E-003
    -19.6875     16.2500       0.2376E-004
    -19.6875     17.5000       0.2644E-006
    -19.6875     18.7500       0.2489E-010

    -18.7500    -20.0000       0.7312E-010
    -18.7500    -18.7500       0.1062E-011
    -18.7500    -17.5000       0.1127E-006
    -18.7500    -16.2500       0.9966E-005
    -18.7500    -15.0000       0.7121E-004
    -18.7500    -13.7500       0.1995E-003
    -18.7500    -12.5000       0.3665E-003
    -18.7500    -11.2500       0.5106E-003
    -18.7500    -10.0000       0.5663E-003
    -18.7500     -8.7500       0.5118E-003
    -18.7500     -7.5000       0.3855E-003
    -18.7500     -6.2500       0.2456E-003
    -18.7500     -5.0000       0.1348E-003
    -18.7500     -3.7500       0.7193E-004
    -18.7500     -2.5000       0.6146E-004
    -18.7500     -1.2500       0.9737E-004
    -18.7500      0.0000       0.1715E-003
    -18.7500      1.2500       0.2768E-003
    -18.7500      2.5000       0.4107E-003
    -18.7500      3.7500       0.5753E-003
    -18.7500      5.0000       0.7817E-003
    -18.7500      6.2500       0.1035E-002
    -18.7500      7.5000       0.1283E-002
    -18.7500      8.7500       0.1428E-002
    -18.7500     10.0000       0.1401E-002
    -18.7500     11.2500       0.1192E-002
    -18.7500     12.5000       0.8496E-003
    -18.7500     13.7500       0.4740E-003
    -18.7500     15.0000       0.1729E-003
    -18.7500     16.2500       0.2436E-004
    -18.7500     17.5000       0.2731E-006
    -18.7500     18.7500       0.1384E-010

    -17.8125    -20.0000       0.7751E-010
    -17.8125    -18.7500       0.7125E-011
    -17.8125    -17.5000       0.2272E-006
    -17.8125    -16.2500       0.2017E-004
    -17.8125    -15.0000       0.1435E-003
    -17.8125    -13.7500       0.3948E-003
    -17.8125    -12.5000       0.7092E-003
    -17.8125    -11.2500       0.9864E-003
    -17.8125    -10.0000       0.1130E-002
    -17.8125     -8.7500       0.1100E-002
    -17.8125     -7.5000       0.9301E-003
    -17.8125     -6.2500       0.6993E-003
    -17.8125     -5.0000       0.4951E-003
    -17.8125     -3.7500       0.3578E-003
    -17.8125     -2.5000       0.2767E-003
    -17.8125     -1.2500       0.2292E-003
    -17.8125      0.0000       0.1990E-003
    -17.8125      1.2500       0.1797E-003
    -17.8125      2.5000       0.1804E-003
    -17.8125      3.7500       0.2190E-003
    -17.8125      5.0000       0.3166E-003
    -17.8125      6.2500       0.4814E-003
    -17.8125      7.5000       0.6825E-003
    -17.8125      8.7500       0.8478E-003
    -17.8125     10.0000       0.8993E-003
    -17.8125     11.2500       0.7984E-003
    -17.8125     12.5000       0.5760E-003
    -17.8125     13.7500       0.3191E-003
    -17.8125     15.0000       0.1154E-003
    -17.8125     16.2500       0.1620E-004
    -17.8125     17.5000       0.1827E-006
    -17.8125     18.7500       0.3171E-011

    -16.8750    -20.0000       0.6184E-010
    -16.8750    -18.7500       0.2302E-010
    -16.8750    -17.5000       0.2849E-006
    -16.8750    -16.2500       0.2533E-004
    -16.8750    -15.0000       0.1797E-003
    -16.8750    -13.7500       0.4920E-003
    -16.8750    -12.5000       0.8829E-003
    -16.8750    -11.2500       0.1249E-002
    -16.8750    -10.0000       0.1493E-002
    -16.8750     -8.7500       0.1563E-002
    -16.8750     -7.5000       0.1454E-002
    -16.8750     -6.2500       0.1216E-002
    -16.8750     -5.0000       0.9430E-003
    -16.8750     -3.7500       0.6941E-003
    -16.8750     -2.5000       0.4732E-003
    -16.8750     -1.2500       0.2837E-003
    -16.8750      0.0000       0.1390E-003
    -16.8750      1.2500       0.4924E-004
    -16.8750      2.5000       0.1691E-004
    -16.8750      3.7500       0.3661E-004
    -16.8750      5.0000       0.9788E-004
    -16.8750      6.2500       0.1842E-003
    -16.8750      7.5000       0.2811E-003
    -16.8750      8.7500       0.3665E-003
    -16.8750     10.0000       0.4018E-003
    -16.8750     11.2500       0.3577E-003
    -16.8750     12.5000       0.2515E-003
    -16.8750     13.7500       0.1334E-003
    -16.8750     15.0000       0.4685E-004
    -16.8750     16.2500       0.6543E-005
    -16.8750     17.5000       0.7353E-007
    -16.8750     18.7500       0.6082E-012

    -15.9375    -20.0000       0.3564E-010
    -15.9375    -18.7500       0.3598E-010
    -15.9375    -17.5000       0.2345E-006
    -15.9375    -16.2500       0.2086E-004
    -15.9375    -15.0000       0.1477E-003
    -15.9375    -13.7500       0.4049E-003
    -15.9375    -12.5000       0.7335E-003
    -15.9375    -11.2500       0.1065E-002
    -15.9375    -10.0000       0.1334E-002
    -15.9375     -8.7500       0.1490E-002
    -15.9375     -7.5000       0.1492E-002
    -15.9375     -6.2500       0.1337E-002
    -15.9375     -5.0000       0.1081E-002
    -15.9375     -3.7500       0.7820E-003
    -15.9375     -2.5000       0.4764E-003
    -15.9375     -1.2500       0.2124E-003
    -15.9375      0.0000       0.4468E-004
    -15.9375      1.2500       0.1440E-005
    -15.9375      2.5000       0.6578E-004
    -15.9375      3.7500       0.1907E-003
    -15.9375      5.0000       0.3205E-003
    -15.9375      6.2500       0.4090E-003
    -15.9375      7.5000       0.4367E-003
    -15.9375      8.7500       0.4130E-003
    -15.9375     10.0000       0.3514E-003
    -15.9375     11.2500       0.2628E-003
    -15.9375     12.5000       0.1649E-003
    -15.9375     13.7500       0.8218E-004
    -15.9375     15.0000       0.2807E-004
    -15.9375     16.2500       0.3971E-005
    -15.9375     17.5000       0.4257E-007
    -15.9375     18.7500       0.6517E-011

    -15.0000    -20.0000       0.1317E-010
    -15.0000    -18.7500       0.3521E-010
    -15.0000    -17.5000       0.1208E-006
    -15.0000    -16.2500       0.1073E-004
    -15.0000    -15.0000       0.7593E-004
    -15.0000    -13.7500       0.2107E-003
    -15.0000    -12.5000       0.3936E-003
    -15.0000    -11.2500       0.5977E-003
    -15.0000    -10.0000       0.7935E-003
    -15.0000     -8.7500       0.9453E-003
    -15.0000     -7.5000       0.1011E-002
    -15.0000     -6.2500       0.9549E-003
    -15.0000     -5.0000       0.7863E-003
    -15.0000     -3.7500       0.5437E-003
    -15.0000     -2.5000       0.2835E-003
    -15.0000     -1.2500       0.7874E-004
    -15.0000      0.0000       0.8822E-011
    -15.0000      1.2500       0.7879E-004
    -15.0000      2.5000       0.2834E-003
    -15.0000      3.7500       0.5439E-003
    -15.0000      5.0000       0.7861E-003
    -15.0000      6.2500       0.9552E-003
    -15.0000      7.5000       0.1010E-002
    -15.0000      8.7500       0.9457E-003
    -15.0000     10.0000       0.7931E-003
    -15.0000     11.2500       0.5981E-003
    -15.0000     12.5000       0.3932E-003
    -15.0000     13.7500       0.2109E-003
    -15.0000     15.0000       0.7582E-004
    -15.0000     16.2500       0.1077E-004
    -15.0000     17.5000       0.1174E-006
    -15.0000     18.7500       0.1403E-010

    -14.0625    -20.0000       0.2910E-011
    -14.0625    -18.7500       0.2129E-010
    -14.0625    -17.5000       0.4491E-007
    -14.0625    -16.2500       0.3951E-005
    -14.0625    -15.0000       0.2813E-004
    -14.0625    -13.7500       0.8206E-004
    -14.0625    -12.5000       0.1650E-003
    -14.0625    -11.2500       0.2625E-003
    -14.0625    -10.0000       0.3517E-003
    -14.0625     -8.7500       0.4127E-003
    -14.0625     -7.5000       0.4369E-003
    -14.0625     -6.2500       0.4088E-003
    -14.0625     -5.0000       0.3207E-003
    -14.0625     -3.7500       0.1905E-003
    -14.0625     -2.5000       0.6584E-004
    -14.0625     -1.2500       0.1429E-005
    -14.0625      0.0000       0.4464E-004
    -14.0625      1.2500       0.2125E-003
    -14.0625      2.5000       0.4763E-003
    -14.0625      3.7500       0.7822E-003
    -14.0625      5.0000       0.1081E-002
    -14.0625      6.2500       0.1337E-002
    -14.0625      7.5000       0.1492E-002
    -14.0625      8.7500       0.1490E-002
    -14.0625     10.0000       0.1333E-002
    -14.0625     11.2500       0.1065E-002
    -14.0625     12.5000       0.7332E-003
    -14.0625     13.7500       0.4051E-003
    -14.0625     15.0000       0.1476E-003
    -14.0625     16.2500       0.2090E-004
    -14.0625     17.5000       0.2315E-006
    -14.0625     18.7500       0.1552E-010

    -13.1250    -20.0000       0.2710E-011
    -13.1250    -18.7500       0.5690E-011
    -13.1250    -17.5000       0.7425E-007
    -13.1250    -16.2500       0.6541E-005
    -13.1250    -15.0000       0.4685E-004
    -13.1250    -13.7500       0.1334E-003
    -13.1250    -12.5000       0.2515E-003
    -13.1250    -11.2500       0.3577E-003
    -13.1250    -10.0000       0.4019E-003
    -13.1250     -8.7500       0.3664E-003
    -13.1250     -7.5000       0.2812E-003
    -13.1250     -6.2500       0.1841E-003
    -13.1250     -5.0000       0.9794E-004
    -13.1250     -3.7500       0.3657E-004
    -13.1250     -2.5000       0.1691E-004
    -13.1250     -1.2500       0.4926E-004
    -13.1250      0.0000       0.1389E-003
    -13.1250      1.2500       0.2837E-003
    -13.1250      2.5000       0.4731E-003
    -13.1250      3.7500       0.6941E-003
    -13.1250      5.0000       0.9429E-003
    -13.1250      6.2500       0.1216E-002
    -13.1250      7.5000       0.1454E-002
    -13.1250      8.7500       0.1563E-002
    -13.1250     10.0000       0.1492E-002
    -13.1250     11.2500       0.1249E-002
    -13.1250     12.5000       0.8828E-003
    -13.1250     13.7500       0.4921E-003
    -13.1250     15.0000       0.1797E-003
    -13.1250     16.2500       0.2535E-004
    -13.1250     17.5000       0.2835E-006
    -13.1250     18.7500       0.9610E-011

    -12.1875    -20.0000       0.4378E-011
    -12.1875    -18.7500       0.8173E-012
    -12.1875    -17.5000       0.1828E-006
    -12.1875    -16.2500       0.1620E-004
    -12.1875    -15.0000       0.1154E-003
    -12.1875    -13.7500       0.3191E-003
    -12.1875    -12.5000       0.5759E-003
    -12.1875    -11.2500       0.7984E-003
    -12.1875    -10.0000       0.8993E-003
    -12.1875     -8.7500       0.8478E-003
    -12.1875     -7.5000       0.6825E-003
    -12.1875     -6.2500       0.4814E-003
    -12.1875     -5.0000       0.3166E-003
    -12.1875     -3.7500       0.2190E-003
    -12.1875     -2.5000       0.1804E-003
    -12.1875     -1.2500       0.1797E-003
    -12.1875      0.0000       0.1990E-003
    -12.1875      1.2500       0.2292E-003
    -12.1875      2.5000       0.2767E-003
    -12.1875      3.7500       0.3578E-003
    -12.1875      5.0000       0.4951E-003
    -12.1875      6.2500       0.6993E-003
    -12.1875      7.5000       0.9301E-003
    -12.1875      8.7500       0.1101E-002
    -12.1875     10.0000       0.1130E-002
    -12.1875     11.2500       0.9864E-003
    -12.1875     12.5000       0.7092E-003
    -12.1875     13.7500       0.3948E-003
    -12.1875     15.0000       0.1435E-003
    -12.1875     16.2500       0.2017E-004
    -12.1875     17.5000       0.2271E-006
    -12.1875     18.7500       0.2423E-011

    -11.2500    -20.0000       0.2931E-011
    -11.2500    -18.7500       0.9284E-011
    -11.2500    -17.5000       0.2740E-006
    -11.2500    -16.2500       0.2434E-004
    -11.2500    -15.0000       0.1729E-003
    -11.2500    -13.7500       0.4739E-003
    -11.2500    -12.5000       0.8497E-003
    -11.2500    -11.2500       0.1192E-002
    -11.2500    -10.0000       0.1401E-002
    -11.2500     -8.7500       0.1428E-002
    -11.2500     -7.5000       0.1283E-002
    -11.2500     -6.2500       0.1035E-002
    -11.2500     -5.0000       0.7817E-003
    -11.2500     -3.7500       0.5752E-003
    -11.2500     -2.5000       0.4107E-003
    -11.2500     -1.2500       0.2768E-003
    -11.2500      0.0000       0.1716E-003
    -11.2500      1.2500       0.9735E-004
    -11.2500      2.5000       0.6147E-004
    -11.2500      3.7500       0.7193E-004
    -11.2500      5.0000       0.1348E-003
    -11.2500      6.2500       0.2456E-003
    -11.2500      7.5000       0.3854E-003
    -11.2500      8.7500       0.5118E-003
    -11.2500     10.0000       0.5663E-003
    -11.2500     11.2500       0.5107E-003
    -11.2500     12.5000       0.3665E-003
    -11.2500     13.7500       0.1995E-003
    -11.2500     15.0000       0.7122E-004
    -11.2500     16.2500       0.9964E-005
    -11.2500     17.5000       0.1126E-006
    -11.2500     18.7500       0.1908E-011

    -10.3125    -20.0000       0.1854E-011
    -10.3125    -18.7500       0.2203E-010
    -10.3125    -17.5000       0.2668E-006
    -10.3125    -16.2500       0.2373E-004
    -10.3125    -15.0000       0.1682E-003
    -10.3125    -13.7500       0.4604E-003
    -10.3125    -12.5000       0.8298E-003
    -10.3125    -11.2500       0.1190E-002
    -10.3125    -10.0000       0.1462E-002
    -10.3125     -8.7500       0.1592E-002
    -10.3125     -7.5000       0.1549E-002
    -10.3125     -6.2500       0.1354E-002
    -10.3125     -5.0000       0.1080E-002
    -10.3125     -3.7500       0.7886E-003
    -10.3125     -2.5000       0.5032E-003
    -10.3125     -1.2500       0.2542E-003
    -10.3125      0.0000       0.8091E-004
    -10.3125      1.2500       0.5356E-005
    -10.3125      2.5000       0.1888E-004
    -10.3125      3.7500       0.9095E-004
    -10.3125      5.0000       0.1829E-003
    -10.3125      6.2500       0.2590E-003
    -10.3125      7.5000       0.3045E-003
    -10.3125      8.7500       0.3212E-003
    -10.3125     10.0000       0.3035E-003
    -10.3125     11.2500       0.2443E-003
    -10.3125     12.5000       0.1592E-003
    -10.3125     13.7500       0.7977E-004
    -10.3125     15.0000       0.2710E-004
    -10.3125     16.2500       0.3800E-005
    -10.3125     17.5000       0.4160E-007
    -10.3125     18.7500       0.1042E-010

     -9.3750    -20.0000       0.9483E-011
     -9.3750    -18.7500       0.2672E-010
     -9.3750    -17.5000       0.1677E-006
     -9.3750    -16.2500       0.1491E-004
     -9.3750    -15.0000       0.1055E-003
     -9.3750    -13.7500       0.2906E-003
     -9.3750    -12.5000       0.5339E-003
     -9.3750    -11.2500       0.7936E-003
     -9.3750    -10.0000       0.1028E-002
     -9.3750     -8.7500       0.1194E-002
     -9.3750     -7.5000       0.1246E-002
     -9.3750     -6.2500       0.1154E-002
     -9.3750     -5.0000       0.9465E-003
     -9.3750     -3.7500       0.6699E-003
     -9.3750     -2.5000       0.3759E-003
     -9.3750     -1.2500       0.1321E-003
     -9.3750      0.0000       0.7658E-005
     -9.3750      1.2500       0.3505E-004
     -9.3750      2.5000       0.1868E-003
     -9.3750      3.7500       0.3979E-003
     -9.3750      5.0000       0.5966E-003
     -9.3750      6.2500       0.7276E-003
     -9.3750      7.5000       0.7597E-003
     -9.3750      8.7500       0.6988E-003
     -9.3750     10.0000       0.5756E-003
     -9.3750     11.2500       0.4247E-003
     -9.3750     12.5000       0.2720E-003
     -9.3750     13.7500       0.1422E-003
     -9.3750     15.0000       0.5036E-004
     -9.3750     16.2500       0.7160E-005
     -9.3750     17.5000       0.7735E-007
     -9.3750     18.7500       0.2219E-010

     -8.4375    -20.0000       0.2985E-010
     -8.4375    -18.7500       0.1895E-010
     -8.4375    -17.5000       0.6459E-007
     -8.4375    -16.2500       0.5719E-005
     -8.4375    -15.0000       0.4052E-004
     -8.4375    -13.7500       0.1153E-003
     -8.4375    -12.5000       0.2247E-003
     -8.4375    -11.2500       0.3547E-003
     -8.4375    -10.0000       0.4841E-003
     -8.4375     -8.7500       0.5877E-003
     -8.4375     -7.5000       0.6407E-003
     -8.4375     -6.2500       0.6137E-003
     -8.4375     -5.0000       0.5000E-003
     -8.4375     -3.7500       0.3243E-003
     -8.4375     -2.5000       0.1417E-003
     -8.4375     -1.2500       0.1893E-004
     -8.4375      0.0000       0.1692E-004
     -8.4375      1.2500       0.1600E-003
     -8.4375      2.5000       0.4159E-003
     -8.4375      3.7500       0.7197E-003
     -8.4375      5.0000       0.1008E-002
     -8.4375      6.2500       0.1234E-002
     -8.4375      7.5000       0.1345E-002
     -8.4375      8.7500       0.1308E-002
     -8.4375     10.0000       0.1140E-002
     -8.4375     11.2500       0.8911E-003
     -8.4375     12.5000       0.6043E-003
     -8.4375     13.7500       0.3312E-003
     -8.4375     15.0000       0.1203E-003
     -8.4375     16.2500       0.1706E-004
     -8.4375     17.5000       0.1880E-006
     -8.4375     18.7500       0.2801E-010

     -7.5000    -20.0000       0.5655E-010
     -7.5000    -18.7500       0.6219E-011
     -7.5000    -17.5000       0.4922E-007
     -7.5000    -16.2500       0.4327E-005
     -7.5000    -15.0000       0.3103E-004
     -7.5000    -13.7500       0.9038E-004
     -7.5000    -12.5000       0.1773E-003
     -7.5000    -11.2500       0.2639E-003
     -7.5000    -10.0000       0.3141E-003
     -7.5000     -8.7500       0.3114E-003
     -7.5000     -7.5000       0.2723E-003
     -7.5000     -6.2500       0.2121E-003
     -7.5000     -5.0000       0.1367E-003
     -7.5000     -3.7500       0.5885E-004
     -7.5000     -2.5000       0.8744E-005
     -7.5000     -1.2500       0.1531E-004
     -7.5000      0.0000       0.1005E-003
     -7.5000      1.2500       0.2691E-003
     -7.5000      2.5000       0.5025E-003
     -7.5000      3.7500       0.7705E-003
     -7.5000      5.0000       0.1051E-002
     -7.5000      6.2500       0.1329E-002
     -7.5000      7.5000       0.1541E-002
     -7.5000      8.7500       0.1607E-002
     -7.5000     10.0000       0.1495E-002
     -7.5000     11.2500       0.1229E-002
     -7.5000     12.5000       0.8606E-003
     -7.5000     13.7500       0.4787E-003
     -7.5000     15.0000       0.1748E-003
     -7.5000     16.2500       0.2469E-004
     -7.5000     17.5000       0.2752E-006
     -7.5000     18.7500       0.2312E-010

     -6.5625    -20.0000       0.7567E-010
     -6.5625    -18.7500       0.1122E-011
     -6.5625    -17.5000       0.1352E-006
     -6.5625    -16.2500       0.1197E-004
     -6.5625    -15.0000       0.8548E-004
     -6.5625    -13.7500       0.2381E-003
     -6.5625    -12.5000       0.4340E-003
     -6.5625    -11.2500       0.6023E-003
     -6.5625    -10.0000       0.6698E-003
     -6.5625     -8.7500       0.6119E-003
     -6.5625     -7.5000       0.4689E-003
     -6.5625     -6.2500       0.3074E-003
     -6.5625     -5.0000       0.1803E-003
     -6.5625     -3.7500       0.1099E-003
     -6.5625     -2.5000       0.9545E-004
     -6.5625     -1.2500       0.1245E-003
     -6.5625      0.0000       0.1840E-003
     -6.5625      1.2500       0.2655E-003
     -6.5625      2.5000       0.3698E-003
     -6.5625      3.7500       0.5053E-003
     -6.5625      5.0000       0.6886E-003
     -6.5625      6.2500       0.9281E-003
     -6.5625      7.5000       0.1174E-002
     -6.5625      8.7500       0.1332E-002
     -6.5625     10.0000       0.1325E-002
     -6.5625     11.2500       0.1138E-002
     -6.5625     12.5000       0.8135E-003
     -6.5625     13.7500       0.4537E-003
     -6.5625     15.0000       0.1653E-003
     -6.5625     16.2500       0.2328E-004
     -6.5625     17.5000       0.2614E-006
     -6.5625     18.7500       0.1136E-010

     -5.6250    -20.0000       0.7583E-010
     -5.6250    -18.7500       0.9852E-011
     -5.6250    -17.5000       0.2462E-006
     -5.6250    -16.2500       0.2186E-004
     -5.6250    -15.0000       0.1554E-003
     -5.6250    -13.7500       0.4270E-003
     -5.6250    -12.5000       0.7661E-003
     -5.6250    -11.2500       0.1068E-002
     -5.6250    -10.0000       0.1234E-002
     -5.6250     -8.7500       0.1221E-002
     -5.6250     -7.5000       0.1055E-002
     -5.6250     -6.2500       0.8145E-003
     -5.6250     -5.0000       0.5918E-003
     -5.6250     -3.7500       0.4319E-003
     -5.6250     -2.5000       0.3246E-003
     -5.6250     -1.2500       0.2494E-003
     -5.6250      0.0000       0.1933E-003
     -5.6250      1.2500       0.1523E-003
     -5.6250      2.5000       0.1356E-003
     -5.6250      3.7500       0.1595E-003
     -5.6250      5.0000       0.2417E-003
     -5.6250      6.2500       0.3870E-003
     -5.6250      7.5000       0.5692E-003
     -5.6250      8.7500       0.7254E-003
     -5.6250     10.0000       0.7822E-003
     -5.6250     11.2500       0.6994E-003
     -5.6250     12.5000       0.5047E-003
     -5.6250     13.7500       0.2785E-003
     -5.6250     15.0000       0.1004E-003
     -5.6250     16.2500       0.1408E-004
     -5.6250     17.5000       0.1589E-006
     -5.6250     18.7500       0.1870E-011

     -4.6875    -20.0000       0.5699E-010
     -4.6875    -18.7500       0.2630E-010
     -4.6875    -17.5000       0.2834E-006
     -4.6875    -16.2500       0.2520E-004
     -4.6875    -15.0000       0.1788E-003
     -4.6875    -13.7500       0.4892E-003
     -4.6875    -12.5000       0.8788E-003
     -4.6875    -11.2500       0.1248E-002
     -4.6875    -10.0000       0.1505E-002
     -4.6875     -8.7500       0.1597E-002
     -4.6875     -7.5000       0.1509E-002
     -4.6875     -6.2500       0.1282E-002
     -4.6875     -5.0000       0.1005E-002
     -4.6875     -3.7500       0.7384E-003
     -4.6875     -2.5000       0.4924E-003
     -4.6875     -1.2500       0.2790E-003
     -4.6875      0.0000       0.1201E-003
     -4.6875      1.2500       0.3011E-004
     -4.6875      2.5000       0.8054E-005
     -4.6875      3.7500       0.4056E-004
     -4.6875      5.0000       0.1079E-003
     -4.6875      6.2500       0.1870E-003
     -4.6875      7.5000       0.2643E-003
     -4.6875      8.7500       0.3269E-003
     -4.6875     10.0000       0.3472E-003
     -4.6875     11.2500       0.3023E-003
     -4.6875     12.5000       0.2084E-003
     -4.6875     13.7500       0.1086E-003
     -4.6875     15.0000       0.3767E-004
     -4.6875     16.2500       0.5261E-005
     -4.6875     17.5000       0.5877E-007
     -4.6875     18.7500       0.1255E-011

     -3.7500    -20.0000       0.3043E-010
     -3.7500    -18.7500       0.3711E-010
     -3.7500    -17.5000       0.2139E-006
     -3.7500    -16.2500       0.1902E-004
     -3.7500    -15.0000       0.1347E-003
     -3.7500    -13.7500       0.3695E-003
     -3.7500    -12.5000       0.6720E-003
     -3.7500    -11.2500       0.9822E-003
     -3.7500    -10.0000       0.1243E-002
     -3.7500     -8.7500       0.1407E-002
     -3.7500     -7.5000       0.1429E-002
     -3.7500     -6.2500       0.1295E-002
     -3.7500     -5.0000       0.1053E-002
     -3.7500     -3.7500       0.7573E-003
     -3.7500     -2.5000       0.4499E-003
     -3.7500     -1.2500       0.1870E-003
     -3.7500      0.0000       0.2945E-004
     -3.7500      1.2500       0.7614E-005
     -3.7500      2.5000       0.1007E-003
     -3.7500      3.7500       0.2545E-003
     -3.7500      5.0000       0.4066E-003
     -3.7500      6.2500       0.5065E-003
     -3.7500      7.5000       0.5313E-003
     -3.7500      8.7500       0.4915E-003
     -3.7500     10.0000       0.4080E-003
     -3.7500     11.2500       0.3003E-003
     -3.7500     12.5000       0.1883E-003
     -3.7500     13.7500       0.9516E-004
     -3.7500     15.0000       0.3291E-004
     -3.7500     16.2500       0.4669E-005
     -3.7500     17.5000       0.5000E-007
     -3.7500     18.7500       0.8178E-011

     -2.8125    -20.0000       0.1006E-010
     -2.8125    -18.7500       0.3323E-010
     -2.8125    -17.5000       0.9941E-007
     -2.8125    -16.2500       0.8823E-005
     -2.8125    -15.0000       0.6242E-004
     -2.8125    -13.7500       0.1742E-003
     -2.8125    -12.5000       0.3293E-003
     -2.8125    -11.2500       0.5065E-003
     -2.8125    -10.0000       0.6804E-003
     -2.8125     -8.7500       0.8192E-003
     -2.8125     -7.5000       0.8850E-003
     -2.8125     -6.2500       0.8425E-003
     -2.8125     -5.0000       0.6935E-003
     -2.8125     -3.7500       0.4718E-003
     -2.8125     -2.5000       0.2348E-003
     -2.8125     -1.2500       0.5520E-004
     -2.8125      0.0000       0.1927E-005
     -2.8125      1.2500       0.1048E-003
     -2.8125      2.5000       0.3311E-003
     -2.8125      3.7500       0.6108E-003
     -2.8125      5.0000       0.8715E-003
     -2.8125      6.2500       0.1061E-002
     -2.8125      7.5000       0.1132E-002
     -2.8125      8.7500       0.1072E-002
     -2.8125     10.0000       0.9105E-003
     -2.8125     11.2500       0.6951E-003
     -2.8125     12.5000       0.4623E-003
     -2.8125     13.7500       0.2502E-003
     -2.8125     15.0000       0.9036E-004
     -2.8125     16.2500       0.1283E-004
     -2.8125     17.5000       0.1404E-006
     -2.8125     18.7500       0.1498E-010

     -1.8750    -20.0000       0.2296E-011
     -1.8750    -18.7500       0.1784E-010
     -1.8750    -17.5000       0.4172E-007
     -1.8750    -16.2500       0.3661E-005
     -1.8750    -15.0000       0.2616E-004
     -1.8750    -13.7500       0.7689E-004
     -1.8750    -12.5000       0.1552E-003
     -1.8750    -11.2500       0.2436E-003
     -1.8750    -10.0000       0.3164E-003
     -1.8750     -8.7500       0.3552E-003
     -1.8750     -7.5000       0.3603E-003
     -1.8750     -6.2500       0.3252E-003
     -1.8750     -5.0000       0.2452E-003
     -1.8750     -3.7500       0.1353E-003
     -1.8750     -2.5000       0.3820E-004
     -1.8750     -1.2500       0.6754E-006
     -1.8750      0.0000       0.6201E-004
     -1.8750      1.2500       0.2352E-003
     -1.8750      2.5000       0.4943E-003
     -1.8750      3.7500       0.7927E-003
     -1.8750      5.0000       0.1090E-002
     -1.8750      6.2500       0.1357E-002
     -1.8750      7.5000       0.1532E-002
     -1.8750      8.7500       0.1552E-002
     -1.8750     10.0000       0.1407E-002
     -1.8750     11.2500       0.1135E-002
     -1.8750     12.5000       0.7865E-003
     -1.8750     13.7500       0.4357E-003
     -1.8750     15.0000       0.1589E-003
     -1.8750     16.2500       0.2248E-004
     -1.8750     17.5000       0.2497E-006
     -1.8750     18.7500       0.1482E-010

     -0.9375    -20.0000       0.3157E-011
     -0.9375    -18.7500       0.3586E-011
     -0.9375    -17.5000       0.9213E-007
     -0.9375    -16.2500       0.8131E-005
     -0.9375    -15.0000       0.5817E-004
     -0.9375    -13.7500       0.1641E-003
     -0.9375    -12.5000       0.3049E-003
     -0.9375    -11.2500       0.4281E-003
     -0.9375    -10.0000       0.4759E-003
     -0.9375     -8.7500       0.4289E-003
     -0.9375     -7.5000       0.3221E-003
     -0.9375     -6.2500       0.2039E-003
     -0.9375     -5.0000       0.1070E-003
     -0.9375     -3.7500       0.4718E-004
     -0.9375     -2.5000       0.3495E-004
     -0.9375     -1.2500       0.7197E-004
     -0.9375      0.0000       0.1563E-003
     -0.9375      1.2500       0.2830E-003
     -0.9375      2.5000       0.4455E-003
     -0.9375      3.7500       0.6390E-003
     -0.9375      5.0000       0.8676E-003
     -0.9375      6.2500       0.1133E-002
     -0.9375      7.5000       0.1377E-002
     -0.9375      8.7500       0.1506E-002
     -0.9375     10.0000       0.1457E-002
     -0.9375     11.2500       0.1230E-002
     -0.9375     12.5000       0.8730E-003
     -0.9375     13.7500       0.4869E-003
     -0.9375     15.0000       0.1777E-003
     -0.9375     16.2500       0.2505E-004
     -0.9375     17.5000       0.2806E-006
     -0.9375     18.7500       0.7995E-011

      0.0000    -20.0000       0.4352E-011
      0.0000    -18.7500       0.1594E-011
      0.0000    -17.5000       0.2058E-006
      0.0000    -16.2500       0.1826E-004
      0.0000    -15.0000       0.1300E-003
      0.0000    -13.7500       0.3583E-003
      0.0000    -12.5000       0.6450E-003
      0.0000    -11.2500       0.8953E-003
      0.0000    -10.0000       0.1017E-002
      0.0000     -8.7500       0.9744E-003
      0.0000     -7.5000       0.8044E-003
      0.0000     -6.2500       0.5868E-003
      0.0000     -5.0000       0.4022E-003
      0.0000     -3.7500       0.2859E-003
      0.0000     -2.5000       0.2280E-003
      0.0000     -1.2500       0.2057E-003
      0.0000      0.0000       0.2010E-003
      0.0000      1.2500       0.2057E-003
      0.0000      2.5000       0.2280E-003
      0.0000      3.7500       0.2859E-003
      0.0000      5.0000       0.4022E-003
      0.0000      6.2500       0.5868E-003
      0.0000      7.5000       0.8044E-003
      0.0000      8.7500       0.9744E-003
      0.0000     10.0000       0.1017E-002
      0.0000     11.2500       0.8953E-003
      0.0000     12.5000       0.6450E-003
      0.0000     13.7500       0.3583E-003
      0.0000     15.0000       0.1300E-003
      0.0000     16.2500       0.1826E-004
      0.0000     17.5000       0.2058E-006
      0.0000     18.7500       0.1592E-011

      0.9375    -20.0000       0.2437E-011
      0.9375    -18.7500       0.1191E-010
      0.9375    -17.5000       0.2817E-006
      0.9375    -16.2500       0.2504E-004
      0.9375    -15.0000       0.1778E-003
      0.9375    -13.7500       0.4868E-003
      0.9375    -12.5000       0.8731E-003
      0.9375    -11.2500       0.1230E-002
      0.9375    -10.0000       0.1457E-002
      0.9375     -8.7500       0.1506E-002
      0.9375     -7.5000       0.1377E-002
      0.9375     -6.2500       0.1133E-002
      0.9375     -5.0000       0.8676E-003
      0.9375     -3.7500       0.6389E-003
      0.9375     -2.5000       0.4456E-003
      0.9375     -1.2500       0.2829E-003
      0.9375      0.0000       0.1563E-003
      0.9375      1.2500       0.7195E-004
      0.9375      2.5000       0.3495E-004
      0.9375      3.7500       0.4720E-004
      0.9375      5.0000       0.1070E-003
      0.9375      6.2500       0.2040E-003
      0.9375      7.5000       0.3220E-003
      0.9375      8.7500       0.4290E-003
      0.9375     10.0000       0.4758E-003
      0.9375     11.2500       0.4281E-003
      0.9375     12.5000       0.3049E-003
      0.9375     13.7500       0.1641E-003
      0.9375     15.0000       0.5817E-004
      0.9375     16.2500       0.8131E-005
      0.9375     17.5000       0.9175E-007
      0.9375     18.7500       0.2966E-011

      1.8750    -20.0000       0.2432E-011
      1.8750    -18.7500       0.2392E-010
      1.8750    -17.5000       0.2524E-006
      1.8750    -16.2500       0.2245E-004
      1.8750    -15.0000       0.1591E-003
      1.8750    -13.7500       0.4355E-003
      1.8750    -12.5000       0.7868E-003
      1.8750    -11.2500       0.1135E-002
      1.8750    -10.0000       0.1407E-002
      1.8750     -8.7500       0.1552E-002
      1.8750     -7.5000       0.1533E-002
      1.8750     -6.2500       0.1357E-002
      1.8750     -5.0000       0.1090E-002
      1.8750     -3.7500       0.7926E-003
      1.8750     -2.5000       0.4944E-003
      1.8750     -1.2500       0.2351E-003
      1.8750      0.0000       0.6206E-004
      1.8750      1.2500       0.6772E-006
      1.8750      2.5000       0.3815E-004
      1.8750      3.7500       0.1354E-003
      1.8750      5.0000       0.2450E-003
      1.8750      6.2500       0.3254E-003
      1.8750      7.5000       0.3601E-003
      1.8750      8.7500       0.3555E-003
      1.8750     10.0000       0.3161E-003
      1.8750     11.2500       0.2439E-003
      1.8750     12.5000       0.1550E-003
      1.8750     13.7500       0.7698E-004
      1.8750     15.0000       0.2611E-004
      1.8750     16.2500       0.3677E-005
      1.8750     17.5000       0.3978E-007
      1.8750     18.7500       0.1281E-010

      2.8125    -20.0000       0.1258E-010
      2.8125    -18.7500       0.2608E-010
      2.8125    -17.5000       0.1439E-006
      2.8125    -16.2500       0.1279E-004
      2.8125    -15.0000       0.9048E-004
      2.8125    -13.7500       0.2500E-003
      2.8125    -12.5000       0.4627E-003
      2.8125    -11.2500       0.6947E-003
      2.8125    -10.0000       0.9109E-003
      2.8125     -8.7500       0.1072E-002
      2.8125     -7.5000       0.1132E-002
      2.8125     -6.2500       0.1060E-002
      2.8125     -5.0000       0.8718E-003
      2.8125     -3.7500       0.6106E-003
      2.8125     -2.5000       0.3312E-003
      2.8125     -1.2500       0.1047E-003
      2.8125      0.0000       0.1935E-005
      2.8125      1.2500       0.5525E-004
      2.8125      2.5000       0.2347E-003
      2.8125      3.7500       0.4720E-003
      2.8125      5.0000       0.6932E-003
      2.8125      6.2500       0.8428E-003
      2.8125      7.5000       0.8846E-003
      2.8125      8.7500       0.8196E-003
      2.8125     10.0000       0.6800E-003
      2.8125     11.2500       0.5068E-003
      2.8125     12.5000       0.3290E-003
      2.8125     13.7500       0.1744E-003
      2.8125     15.0000       0.6231E-004
      2.8125     16.2500       0.8856E-005
      2.8125     17.5000       0.9614E-007
      2.8125     18.7500       0.2409E-010

      3.7500    -20.0000       0.3507E-010
      3.7500    -18.7500       0.1640E-010
      3.7500    -17.5000       0.5259E-007
      3.7500    -16.2500       0.4646E-005
      3.7500    -15.0000       0.3298E-004
      3.7500    -13.7500       0.9502E-004
      3.7500    -12.5000       0.1885E-003
      3.7500    -11.2500       0.3000E-003
      3.7500    -10.0000       0.4083E-003
      3.7500     -8.7500       0.4912E-003
      3.7500     -7.5000       0.5316E-003
      3.7500     -6.2500       0.5062E-003
      3.7500     -5.0000       0.4068E-003
      3.7500     -3.7500       0.2544E-003
      3.7500     -2.5000       0.1008E-003
      3.7500     -1.2500       0.7594E-005
      3.7500      0.0000       0.2942E-004
      3.7500      1.2500       0.1871E-003
      3.7500      2.5000       0.4498E-003
      3.7500      3.7500       0.7575E-003
      3.7500      5.0000       0.1053E-002
      3.7500      6.2500       0.1296E-002
      3.7500      7.5000       0.1428E-002
      3.7500      8.7500       0.1408E-002
      3.7500     10.0000       0.1243E-002
      3.7500     11.2500       0.9826E-003
      3.7500     12.5000       0.6717E-003
      3.7500     13.7500       0.3698E-003
      3.7500     15.0000       0.1346E-003
      3.7500     16.2500       0.1906E-004
      3.7500     17.5000       0.2107E-006
      3.7500     18.7500       0.2789E-010

      4.6875    -20.0000       0.6145E-010
      4.6875    -18.7500       0.4231E-011
      4.6875    -17.5000       0.5970E-007
      4.6875    -16.2500       0.5257E-005
      4.6875    -15.0000       0.3768E-004
      4.6875    -13.7500       0.1085E-003
      4.6875    -12.5000       0.2084E-003
      4.6875    -11.2500       0.3023E-003
      4.6875    -10.0000       0.3473E-003
      4.6875     -8.7500       0.3267E-003
      4.6875     -7.5000       0.2644E-003
      4.6875     -6.2500       0.1869E-003
      4.6875     -5.0000       0.1080E-003
      4.6875     -3.7500       0.4051E-004
      4.6875     -2.5000       0.8067E-005
      4.6875     -1.2500       0.3013E-004
      4.6875      0.0000       0.1201E-003
      4.6875      1.2500       0.2790E-003
      4.6875      2.5000       0.4924E-003
      4.6875      3.7500       0.7385E-003
      4.6875      5.0000       0.1005E-002
      4.6875      6.2500       0.1282E-002
      4.6875      7.5000       0.1509E-002
      4.6875      8.7500       0.1597E-002
      4.6875     10.0000       0.1505E-002
      4.6875     11.2500       0.1248E-002
      4.6875     12.5000       0.8786E-003
      4.6875     13.7500       0.4893E-003
      4.6875     15.0000       0.1787E-003
      4.6875     16.2500       0.2522E-004
      4.6875     17.5000       0.2816E-006
      4.6875     18.7500       0.2105E-010

      5.6250    -20.0000       0.7741E-010
      5.6250    -18.7500       0.1780E-011
      5.6250    -17.5000       0.1589E-006
      5.6250    -16.2500       0.1408E-004
      5.6250    -15.0000       0.1004E-003
      5.6250    -13.7500       0.2785E-003
      5.6250    -12.5000       0.5047E-003
      5.6250    -11.2500       0.6994E-003
      5.6250    -10.0000       0.7822E-003
      5.6250     -8.7500       0.7254E-003
      5.6250     -7.5000       0.5692E-003
      5.6250     -6.2500       0.3870E-003
      5.6250     -5.0000       0.2417E-003
      5.6250     -3.7500       0.1595E-003
      5.6250     -2.5000       0.1356E-003
      5.6250     -1.2500       0.1523E-003
      5.6250      0.0000       0.1933E-003
      5.6250      1.2500       0.2494E-003
      5.6250      2.5000       0.3246E-003
      5.6250      3.7500       0.4319E-003
      5.6250      5.0000       0.5918E-003
      5.6250      6.2500       0.8146E-003
      5.6250      7.5000       0.1055E-002
      5.6250      8.7500       0.1221E-002
      5.6250     10.0000       0.1234E-002
      5.6250     11.2500       0.1068E-002
      5.6250     12.5000       0.7661E-003
      5.6250     13.7500       0.4270E-003
      5.6250     15.0000       0.1554E-003
      5.6250     16.2500       0.2187E-004
      5.6250     17.5000       0.2459E-006
      5.6250     18.7500       0.8982E-011

      6.5625    -20.0000       0.7335E-010
      6.5625    -18.7500       0.1291E-010
      6.5625    -17.5000       0.2619E-006
      6.5625    -16.2500       0.2327E-004
      6.5625    -15.0000       0.1654E-003
      6.5625    -13.7500       0.4537E-003
      6.5625    -12.5000       0.8136E-003
      6.5625    -11.2500       0.1138E-002
      6.5625    -10.0000       0.1326E-002
      6.5625     -8.7500       0.1332E-002
      6.5625     -7.5000       0.1174E-002
      6.5625     -6.2500       0.9280E-003
      6.5625     -5.0000       0.6886E-003
      6.5625     -3.7500       0.5053E-003
      6.5625     -2.5000       0.3698E-003
      6.5625     -1.2500       0.2654E-003
      6.5625      0.0000       0.1840E-003
      6.5625      1.2500       0.1245E-003
      6.5625      2.5000       0.9546E-004
      6.5625      3.7500       0.1099E-003
      6.5625      5.0000       0.1803E-003
      6.5625      6.2500       0.3074E-003
      6.5625      7.5000       0.4689E-003
      6.5625      8.7500       0.6119E-003
      6.5625     10.0000       0.6697E-003
      6.5625     11.2500       0.6023E-003
      6.5625     12.5000       0.4340E-003
      6.5625     13.7500       0.2381E-003
      6.5625     15.0000       0.8548E-004
      6.5625     16.2500       0.1197E-004
      6.5625     17.5000       0.1352E-006
      6.5625     18.7500       0.9522E-012

      7.5000    -20.0000       0.5181E-010
      7.5000    -18.7500       0.2934E-010
      7.5000    -17.5000       0.2773E-006
      7.5000    -16.2500       0.2466E-004
      7.5000    -15.0000       0.1749E-003
      7.5000    -13.7500       0.4785E-003
      7.5000    -12.5000       0.8609E-003
      7.5000    -11.2500       0.1228E-002
      7.5000    -10.0000       0.1495E-002
      7.5000     -8.7500       0.1607E-002
      7.5000     -7.5000       0.1541E-002
      7.5000     -6.2500       0.1329E-002
      7.5000     -5.0000       0.1051E-002
      7.5000     -3.7500       0.7704E-003
      7.5000     -2.5000       0.5026E-003
      7.5000     -1.2500       0.2690E-003
      7.5000      0.0000       0.1005E-003
      7.5000      1.2500       0.1530E-004
      7.5000      2.5000       0.8720E-005
      7.5000      3.7500       0.5891E-004
      7.5000      5.0000       0.1366E-003
      7.5000      6.2500       0.2123E-003
      7.5000      7.5000       0.2722E-003
      7.5000      8.7500       0.3116E-003
      7.5000     10.0000       0.3140E-003
      7.5000     11.2500       0.2640E-003
      7.5000     12.5000       0.1772E-003
      7.5000     13.7500       0.9043E-004
      7.5000     15.0000       0.3100E-004
      7.5000     16.2500       0.4335E-005
      7.5000     17.5000       0.4797E-007
      7.5000     18.7500       0.2227E-011

      8.4375    -20.0000       0.2550E-010
      8.4375    -18.7500       0.3760E-010
      8.4375    -17.5000       0.1913E-006
      8.4375    -16.2500       0.1702E-004
      8.4375    -15.0000       0.1204E-003
      8.4375    -13.7500       0.3310E-003
      8.4375    -12.5000       0.6046E-003
      8.4375    -11.2500       0.8907E-003
      8.4375    -10.0000       0.1140E-002
      8.4375     -8.7500       0.1307E-002
      8.4375     -7.5000       0.1346E-002
      8.4375     -6.2500       0.1234E-002
      8.4375     -5.0000       0.1008E-002
      8.4375     -3.7500       0.7195E-003
      8.4375     -2.5000       0.4160E-003
      8.4375     -1.2500       0.1599E-003
      8.4375      0.0000       0.1695E-004
      8.4375      1.2500       0.1896E-004
      8.4375      2.5000       0.1416E-003
      8.4375      3.7500       0.3245E-003
      8.4375      5.0000       0.4998E-003
      8.4375      6.2500       0.6140E-003
      8.4375      7.5000       0.6404E-003
      8.4375      8.7500       0.5880E-003
      8.4375     10.0000       0.4837E-003
      8.4375     11.2500       0.3550E-003
      8.4375     12.5000       0.2245E-003
      8.4375     13.7500       0.1154E-003
      8.4375     15.0000       0.4044E-004
      8.4375     16.2500       0.5746E-005
      8.4375     17.5000       0.6173E-007
      8.4375     18.7500       0.9830E-011

      9.3750    -20.0000       0.7491E-011
      9.3750    -18.7500       0.3075E-010
      9.3750    -17.5000       0.8044E-007
      9.3750    -16.2500       0.7129E-005
      9.3750    -15.0000       0.5046E-004
      9.3750    -13.7500       0.1420E-003
      9.3750    -12.5000       0.2722E-003
      9.3750    -11.2500       0.4244E-003
      9.3750    -10.0000       0.5759E-003
      9.3750     -8.7500       0.6984E-003
      9.3750     -7.5000       0.7601E-003
      9.3750     -6.2500       0.7273E-003
      9.3750     -5.0000       0.5968E-003
      9.3750     -3.7500       0.3978E-003
      9.3750     -2.5000       0.1869E-003
      9.3750     -1.2500       0.3501E-004
      9.3750      0.0000       0.7641E-005
      9.3750      1.2500       0.1322E-003
      9.3750      2.5000       0.3758E-003
      9.3750      3.7500       0.6701E-003
      9.3750      5.0000       0.9463E-003
      9.3750      6.2500       0.1155E-002
      9.3750      7.5000       0.1245E-002
      9.3750      8.7500       0.1195E-002
      9.3750     10.0000       0.1028E-002
      9.3750     11.2500       0.7940E-003
      9.3750     12.5000       0.5336E-003
      9.3750     13.7500       0.2908E-003
      9.3750     15.0000       0.1054E-003
      9.3750     16.2500       0.1495E-004
      9.3750     17.5000       0.1643E-006
      9.3750     18.7500       0.1562E-010

     10.3125    -20.0000       0.2043E-011
     10.3125    -18.7500       0.1444E-010
     10.3125    -17.5000       0.4320E-007
     10.3125    -16.2500       0.3788E-005
     10.3125    -15.0000       0.2714E-004
     10.3125    -13.7500       0.7969E-004
     10.3125    -12.5000       0.1593E-003
     10.3125    -11.2500       0.2441E-003
     10.3125    -10.0000       0.3037E-003
     10.3125     -8.7500       0.3210E-003
     10.3125     -7.5000       0.3047E-003
     10.3125     -6.2500       0.2588E-003
     10.3125     -5.0000       0.1830E-003
     10.3125     -3.7500       0.9087E-004
     10.3125     -2.5000       0.1892E-004
     10.3125     -1.2500       0.5362E-005
     10.3125      0.0000       0.8086E-004
     10.3125      1.2500       0.2543E-003
     10.3125      2.5000       0.5032E-003
     10.3125      3.7500       0.7888E-003
     10.3125      5.0000       0.1080E-002
     10.3125      6.2500       0.1354E-002
     10.3125      7.5000       0.1549E-002
     10.3125      8.7500       0.1592E-002
     10.3125     10.0000       0.1462E-002
     10.3125     11.2500       0.1190E-002
     10.3125     12.5000       0.8296E-003
     10.3125     13.7500       0.4606E-003
     10.3125     15.0000       0.1681E-003
     10.3125     16.2500       0.2376E-004
     10.3125     17.5000       0.2644E-006
     10.3125     18.7500       0.1383E-010

     11.2500    -20.0000       0.3598E-011
     11.2500    -18.7500       0.2013E-011
     11.2500    -17.5000       0.1128E-006
     11.2500    -16.2500       0.9966E-005
     11.2500    -15.0000       0.7121E-004
     11.2500    -13.7500       0.1995E-003
     11.2500    -12.5000       0.3665E-003
     11.2500    -11.2500       0.5106E-003
     11.2500    -10.0000       0.5663E-003
     11.2500     -8.7500       0.5118E-003
     11.2500     -7.5000       0.3855E-003
     11.2500     -6.2500       0.2456E-003
     11.2500     -5.0000       0.1348E-003
     11.2500     -3.7500       0.7193E-004
     11.2500     -2.5000       0.6146E-004
     11.2500     -1.2500       0.9737E-004
     11.2500      0.0000       0.1715E-003
     11.2500      1.2500       0.2768E-003
     11.2500      2.5000       0.4107E-003
     11.2500      3.7500       0.5753E-003
     11.2500      5.0000       0.7817E-003
     11.2500      6.2500       0.1035E-002
     11.2500      7.5000       0.1283E-002
     11.2500      8.7500       0.1428E-002
     11.2500     10.0000       0.1401E-002
     11.2500     11.2500       0.1192E-002
     11.2500     12.5000       0.8496E-003
     11.2500     13.7500       0.4740E-003
     11.2500     15.0000       0.1729E-003
     11.2500     16.2500       0.2436E-004
     11.2500     17.5000       0.2732E-006
     11.2500     18.7500       0.6396E-011

     12.1875    -20.0000       0.4171E-011
     12.1875    -18.7500       0.2901E-011
     12.1875    -17.5000       0.2273E-006
     12.1875    -16.2500       0.2017E-004
     12.1875    -15.0000       0.1435E-003
     12.1875    -13.7500       0.3948E-003
     12.1875    -12.5000       0.7092E-003
     12.1875    -11.2500       0.9864E-003
     12.1875    -10.0000       0.1130E-002
     12.1875     -8.7500       0.1100E-002
     12.1875     -7.5000       0.9301E-003
     12.1875     -6.2500       0.6993E-003
     12.1875     -5.0000       0.4951E-003
     12.1875     -3.7500       0.3578E-003
     12.1875     -2.5000       0.2767E-003
     12.1875     -1.2500       0.2292E-003
     12.1875      0.0000       0.1990E-003
     12.1875      1.2500       0.1797E-003
     12.1875      2.5000       0.1804E-003
     12.1875      3.7500       0.2190E-003
     12.1875      5.0000       0.3166E-003
     12.1875      6.2500       0.4814E-003
     12.1875      7.5000       0.6825E-003
     12.1875      8.7500       0.8478E-003
     12.1875     10.0000       0.8993E-003
     12.1875     11.2500       0.7984E-003
     12.1875     12.5000       0.5760E-003
     12.1875     13.7500       0.3191E-003
     12.1875     15.0000       0.1154E-003
     12.1875     16.2500       0.1620E-004
     12.1875     17.5000       0.1828E-006
     12.1875     18.7500       0.1097E-011

     13.1250    -20.0000       0.2007E-011
     13.1250    -18.7500       0.1462E-010
     13.1250    -17.5000       0.2849E-006
     13.1250    -16.2500       0.2533E-004
     13.1250    -15.0000       0.1797E-003
     13.1250    -13.7500       0.4920E-003
     13.1250    -12.5000       0.8829E-003
     13.1250    -11.2500       0.1249E-002
     13.1250    -10.0000       0.1493E-002
     13.1250     -8.7500       0.1563E-002
     13.1250     -7.5000       0.1454E-002
     13.1250     -6.2500       0.1216E-002
     13.1250     -5.0000       0.9430E-003
     13.1250     -3.7500       0.6941E-003
     13.1250     -2.5000       0.4732E-003
     13.1250     -1.2500       0.2837E-003
     13.1250      0.0000       0.1390E-003
     13.1250      1.2500       0.4924E-004
     13.1250      2.5000       0.1691E-004
     13.1250      3.7500       0.3660E-004
     13.1250      5.0000       0.9788E-004
     13.1250      6.2500       0.1842E-003
     13.1250      7.5000       0.2811E-003
     13.1250      8.7500       0.3665E-003
     13.1250     10.0000       0.4018E-003
     13.1250     11.2500       0.3577E-003
     13.1250     12.5000       0.2515E-003
     13.1250     13.7500       0.1334E-003
     13.1250     15.0000       0.4685E-004
     13.1250     16.2500       0.6543E-005
     13.1250     17.5000       0.7361E-007
     13.1250     18.7500       0.4391E-011

     14.0625    -20.0000       0.3438E-011
     14.0625    -18.7500       0.2539E-010
     14.0625    -17.5000       0.2345E-006
     14.0625    -16.2500       0.2086E-004
     14.0625    -15.0000       0.1477E-003
     14.0625    -13.7500       0.4049E-003
     14.0625    -12.5000       0.7335E-003
     14.0625    -11.2500       0.1065E-002
     14.0625    -10.0000       0.1334E-002
     14.0625     -8.7500       0.1490E-002
     14.0625     -7.5000       0.1492E-002
     14.0625     -6.2500       0.1337E-002
     14.0625     -5.0000       0.1081E-002
     14.0625     -3.7500       0.7820E-003
     14.0625     -2.5000       0.4764E-003
     14.0625     -1.2500       0.2124E-003
     14.0625      0.0000       0.4468E-004
     14.0625      1.2500       0.1440E-005
     14.0625      2.5000       0.6578E-004
     14.0625      3.7500       0.1907E-003
     14.0625      5.0000       0.3205E-003
     14.0625      6.2500       0.4090E-003
     14.0625      7.5000       0.4367E-003
     14.0625      8.7500       0.4130E-003
     14.0625     10.0000       0.3514E-003
     14.0625     11.2500       0.2628E-003
     14.0625     12.5000       0.1649E-003
     14.0625     13.7500       0.8218E-004
     14.0625     15.0000       0.2807E-004
     14.0625     16.2500       0.3970E-005
     14.0625     17.5000       0.4264E-007
     14.0625     18.7500       0.1526E-010

     15.0000    -20.0000       0.1621E-010
     15.0000    -18.7500       0.2493E-010
     15.0000    -17.5000       0.1208E-006
     15.0000    -16.2500       0.1073E-004
     15.0000    -15.0000       0.7593E-004
     15.0000    -13.7500       0.2107E-003
     15.0000    -12.5000       0.3936E-003
     15.0000    -11.2500       0.5977E-003
     15.0000    -10.0000       0.7935E-003
     15.0000     -8.7500       0.9453E-003
     15.0000     -7.5000       0.1011E-002
     15.0000     -6.2500       0.9549E-003
     15.0000     -5.0000       0.7863E-003
     15.0000     -3.7500       0.5437E-003
     15.0000     -2.5000       0.2835E-003
     15.0000     -1.2500       0.7874E-004
     15.0000      0.0000       0.8681E-011
     15.0000      1.2500       0.7879E-004
     15.0000      2.5000       0.2834E-003
     15.0000      3.7500       0.5439E-003
     15.0000      5.0000       0.7861E-003
     15.0000      6.2500       0.9552E-003
     15.0000      7.5000       0.1010E-002
     15.0000      8.7500       0.9457E-003
     15.0000     10.0000       0.7931E-003
     15.0000     11.2500       0.5981E-003
     15.0000     12.5000       0.3932E-003
     15.0000     13.7500       0.2109E-003
     15.0000     15.0000       0.7582E-004
     15.0000     16.2500       0.1077E-004
     15.0000     17.5000       0.1175E-006
     15.0000     18.7500       0.2568E-010

     15.9375    -20.0000       0.4047E-010
     15.9375    -18.7500       0.1374E-010
     15.9375    -17.5000       0.4484E-007
     15.9375    -16.2500       0.3951E-005
     15.9375    -15.0000       0.2813E-004
     15.9375    -13.7500       0.8206E-004
     15.9375    -12.5000       0.1650E-003
     15.9375    -11.2500       0.2625E-003
     15.9375    -10.0000       0.3517E-003
     15.9375     -8.7500       0.4127E-003
     15.9375     -7.5000       0.4369E-003
     15.9375     -6.2500       0.4088E-003
     15.9375     -5.0000       0.3207E-003
     15.9375     -3.7500       0.1905E-003
     15.9375     -2.5000       0.6584E-004
     15.9375     -1.2500       0.1429E-005
     15.9375      0.0000       0.4464E-004
     15.9375      1.2500       0.2125E-003
     15.9375      2.5000       0.4763E-003
     15.9375      3.7500       0.7822E-003
     15.9375      5.0000       0.1081E-002
     15.9375      6.2500       0.1337E-002
     15.9375      7.5000       0.1492E-002
     15.9375      8.7500       0.1490E-002
     15.9375     10.0000       0.1333E-002
     15.9375     11.2500       0.1065E-002
     15.9375     12.5000       0.7332E-003
     15.9375     13.7500       0.4051E-003
     15.9375     15.0000       0.1476E-003
     15.9375     16.2500       0.2090E-004
     15.9375     17.5000       0.2315E-006
     15.9375     18.7500       0.2731E-010

     16.8750    -20.0000       0.6592E-010
     16.8750    -18.7500       0.2662E-011
     16.8750    -17.5000       0.7416E-007
     16.8750    -16.2500       0.6541E-005
     16.8750    -15.0000       0.4685E-004
     16.8750    -13.7500       0.1334E-003
     16.8750    -12.5000       0.2515E-003
     16.8750    -11.2500       0.3577E-003
     16.8750    -10.0000       0.4019E-003
     16.8750     -8.7500       0.3664E-003
     16.8750     -7.5000       0.2812E-003
     16.8750     -6.2500       0.1841E-003
     16.8750     -5.0000       0.9794E-004
     16.8750     -3.7500       0.3657E-004
     16.8750     -2.5000       0.1691E-004
     16.8750     -1.2500       0.4926E-004
     16.8750      0.0000       0.1389E-003
     16.8750      1.2500       0.2837E-003
     16.8750      2.5000       0.4731E-003
     16.8750      3.7500       0.6941E-003
     16.8750      5.0000       0.9429E-003
     16.8750      6.2500       0.1216E-002
     16.8750      7.5000       0.1454E-002
     16.8750      8.7500       0.1563E-002
     16.8750     10.0000       0.1492E-002
     16.8750     11.2500       0.1249E-002
     16.8750     12.5000       0.8828E-003
     16.8750     13.7500       0.4921E-003
     16.8750     15.0000       0.1797E-003
     16.8750     16.2500       0.2535E-004
     16.8750     17.5000       0.2834E-006
     16.8750     18.7500       0.1877E-010

     17.8125    -20.0000       0.7832E-010
     17.8125    -18.7500       0.3025E-011
     17.8125    -17.5000       0.1827E-006
     17.8125    -16.2500       0.1620E-004
     17.8125    -15.0000       0.1154E-003
     17.8125    -13.7500       0.3191E-003
     17.8125    -12.5000       0.5759E-003
     17.8125    -11.2500       0.7984E-003
     17.8125    -10.0000       0.8993E-003
     17.8125     -8.7500       0.8478E-003
     17.8125     -7.5000       0.6825E-003
     17.8125     -6.2500       0.4814E-003
     17.8125     -5.0000       0.3166E-003
     17.8125     -3.7500       0.2190E-003
     17.8125     -2.5000       0.1804E-003
     17.8125     -1.2500       0.1797E-003
     17.8125      0.0000       0.1990E-003
     17.8125      1.2500       0.2292E-003
     17.8125      2.5000       0.2767E-003
     17.8125      3.7500       0.3578E-003
     17.8125      5.0000       0.4951E-003
     17.8125      6.2500       0.6993E-003
     17.8125      7.5000       0.9301E-003
     17.8125      8.7500       0.1101E-002
     17.8125     10.0000       0.1130E-002
     17.8125     11.2500       0.9864E-003
     17.8125     12.5000       0.7092E-003
     17.8125     13.7500       0.3948E-003
     17.8125     15.0000       0.1435E-003
     17.8125     16.2500       0.2017E-004
     17.8125     17.5000       0.2271E-006
     17.8125     18.7500       0.6780E-011

     18.7500    -20.0000       0.7013E-010
     18.7500    -18.7500       0.1621E-010
     18.7500    -17.5000       0.2739E-006
     18.7500    -16.2500       0.2434E-004
     18.7500    -15.0000       0.1729E-003
     18.7500    -13.7500       0.4739E-003
     18.7500    -12.5000       0.8497E-003
     18.7500    -11.2500       0.1192E-002
     18.7500    -10.0000       0.1401E-002
     18.7500     -8.7500       0.1428E-002
     18.7500     -7.5000       0.1283E-002
     18.7500     -6.2500       0.1035E-002
     18.7500     -5.0000       0.7817E-003
     18.7500     -3.7500       0.5752E-003
     18.7500     -2.5000       0.4107E-003
     18.7500     -1.2500       0.2768E-003
     18.7500      0.0000       0.1716E-003
     18.7500      1.2500       0.9735E-004
     18.7500      2.5000       0.6147E-004
     18.7500      3.7500       0.7193E-004
     18.7500      5.0000       0.1348E-003
     18.7500      6.2500       0.2456E-003
     18.7500      7.5000       0.3854E-003
     18.7500      8.7500       0.5118E-003
     18.7500     10.0000       0.5663E-003
     18.7500     11.2500       0.5107E-003
     18.7500     12.5000       0.3665E-003
     18.7500     13.7500       0.1995E-003
     18.7500     15.0000       0.7122E-004
     18.7500     16.2500       0.9964E-005
     18.7500     17.5000       0.1125E-006
     18.7500     18.7500       0.4368E-012

     19.6875    -20.0000       0.4645E-010
     19.6875    -18.7500       0.3203E-010
     19.6875    -17.5000       0.2668E-006
     19.6875    -16.2500       0.2373E-004
     19.6875    -15.0000       0.1682E-003
     19.6875    -13.7500       0.4604E-003
     19.6875    -12.5000       0.8298E-003
     19.6875    -11.2500       0.1190E-002
     19.6875    -10.0000       0.1462E-002
     19.6875     -8.7500       0.1592E-002
     19.6875     -7.5000       0.1549E-002
     19.6875     -6.2500       0.1354E-002
     19.6875     -5.0000       0.1080E-002
     19.6875     -3.7500       0.7887E-003
     19.6875     -2.5000       0.5032E-003
     19.6875     -1.2500       0.2542E-003
     19.6875      0.0000       0.8091E-004
     19.6875      1.2500       0.5356E-005
     19.6875      2.5000       0.1888E-004
     19.6875      3.7500       0.9095E-004
     19.6875      5.0000       0.1829E-003
     19.6875      6.2500       0.2590E-003
     19.6875      7.5000       0.3045E-003
     19.6875      8.7500       0.3212E-003
     19.6875     10.0000       0.3035E-003
     19.6875     11.2500       0.2443E-003
     19.6875     12.5000       0.1592E-003
     19.6875     13.7500       0.7977E-004
     19.6875     15.0000       0.2710E-004
     19.6875     16.2500       0.3800E-005
     19.6875     17.5000       0.4153E-007
     19.6875     18.7500       0.3470E-011

     20.6250    -20.0000       0.2094E-010
     20.6250    -18.7500       0.3744E-010
     20.6250    -17.5000       0.1677E-006
     20.6250    -16.2500       0.1491E-004
     20.6250    -15.0000       0.1055E-003
     20.6250    -13.7500       0.2906E-003
     20.6250    -12.5000       0.5339E-003
     20.6250    -11.2500       0.7936E-003
     20.6250    -10.0000       0.1028E-002
     20.6250     -8.7500       0.1194E-002
     20.6250     -7.5000       0.1246E-002
     20.6250     -6.2500       0.1154E-002
     20.6250     -5.0000       0.9465E-003
     20.6250     -3.7500       0.6699E-003
     20.6250     -2.5000       0.3759E-003
     20.6250     -1.2500       0.1321E-003
     20.6250      0.0000       0.7659E-005
     20.6250      1.2500       0.3505E-004
     20.6250      2.5000       0.1868E-003
     20.6250      3.7500       0.3979E-003
     20.6250      5.0000       0.5966E-003
     20.6250      6.2500       0.7276E-003
     20.6250      7.5000       0.7597E-003
     20.6250      8.7500       0.6988E-003
     20.6250     10.0000       0.5756E-003
     20.6250     11.2500       0.4247E-003
     20.6250     12.5000       0.2720E-003
     20.6250     13.7500       0.1422E-003
     20.6250     15.0000       0.5036E-004
     20.6250     16.2500       0.7160E-005
     20.6250     17.5000       0.7729E-007
     20.6250     18.7500       0.1140E-010

     21.5625    -20.0000       0.5461E-011
     21.5625    -18.7500       0.2786E-010
     21.5625    -17.5000       0.6465E-007
     21.5625    -16.2500       0.5719E-005
     21.5625    -15.0000       0.4052E-004
     21.5625    -13.7500       0.1153E-003
     21.5625    -12.5000       0.2247E-003
     21.5625    -11.2500       0.3547E-003
     21.5625    -10.0000       0.4841E-003
     21.5625     -8.7500       0.5877E-003
     21.5625     -7.5000       0.6407E-003
     21.5625     -6.2500       0.6138E-003
     21.5625     -5.0000       0.5000E-003
     21.5625     -3.7500       0.3243E-003
     21.5625     -2.5000       0.1417E-003
     21.5625     -1.2500       0.1893E-004
     21.5625      0.0000       0.1692E-004
     21.5625      1.2500       0.1600E-003
     21.5625      2.5000       0.4159E-003
     21.5625      3.7500       0.7197E-003
     21.5625      5.0000       0.1008E-002
     21.5625      6.2500       0.1234E-002
     21.5625      7.5000       0.1345E-002
     21.5625      8.7500       0.1308E-002
     21.5625     10.0000       0.1140E-002
     21.5625     11.2500       0.8911E-003
     21.5625     12.5000       0.6043E-003
     21.5625     13.7500       0.3312E-003
     21.5625     15.0000       0.1203E-003
     21.5625     16.2500       0.1706E-004
     21.5625     17.5000       0.1880E-006
     21.5625     18.7500       0.1593E-010

     22.5000    -20.0000       0.2079E-011
     22.5000    -18.7500       0.1121E-010
     22.5000    -17.5000       0.4930E-007
     22.5000    -16.2500       0.4327E-005
     22.5000    -15.0000       0.3103E-004
     22.5000    -13.7500       0.9038E-004
     22.5000    -12.5000       0.1773E-003
     22.5000    -11.2500       0.2639E-003
     22.5000    -10.0000       0.3141E-003
     22.5000     -8.7500       0.3114E-003
     22.5000     -7.5000       0.2723E-003
     22.5000     -6.2500       0.2121E-003
     22.5000     -5.0000       0.1367E-003
     22.5000     -3.7500       0.5885E-004
     22.5000     -2.5000       0.8744E-005
     22.5000     -1.2500       0.1531E-004
     22.5000      0.0000       0.1005E-003
     22.5000      1.2500       0.2691E-003
     22.5000      2.5000       0.5025E-003
     22.5000      3.7500       0.7705E-003
     22.5000      5.0000       0.1051E-002
     22.5000      6.2500       0.1329E-002
     22.5000      7.5000       0.1541E-002
     22.5000      8.7500       0.1607E-002
     22.5000     10.0000       0.1495E-002
     22.5000     11.2500       0.1229E-002
     22.5000     12.5000       0.8606E-003
     22.5000     13.7500       0.4787E-003
     22.5000     15.0000       0.1748E-003
     22.5000     16.2500       0.2469E-004
     22.5000     17.5000       0.2752E-006
     22.5000     18.7500       0.1260E-010

     23.4375    -20.0000       0.3977E-011
     23.4375    -18.7500       0.1016E-011
     23.4375    -17.5000       0.1353E-006
     23.4375    -16.2500       0.1197E-004
     23.4375    -15.0000       0.8548E-004
     23.4375    -13.7500       0.2381E-003
     23.4375    -12.5000       0.4340E-003
     23.4375    -11.2500       0.6023E-003
     23.4375    -10.0000       0.6698E-003
     23.4375     -8.7500       0.6119E-003
     23.4375     -7.5000       0.4689E-003
     23.4375     -6.2500       0.3074E-003
     23.4375     -5.0000       0.1803E-003
     23.4375     -3.7500       0.1099E-003
     23.4375     -2.5000       0.9545E-004
     23.4375     -1.2500       0.1245E-003
     23.4375      0.0000       0.1840E-003
     23.4375      1.2500       0.2655E-003
     23.4375      2.5000       0.3698E-003
     23.4375      3.7500       0.5053E-003
     23.4375      5.0000       0.6886E-003
     23.4375      6.2500       0.9281E-003
     23.4375      7.5000       0.1174E-002
     23.4375      8.7500       0.1332E-002
     23.4375     10.0000       0.1325E-002
     23.4375     11.2500       0.1138E-002
     23.4375     12.5000       0.8135E-003
     23.4375     13.7500       0.4537E-003
     23.4375     15.0000       0.1653E-003
     23.4375     16.2500       0.2328E-004
     23.4375     17.5000       0.2615E-006
     23.4375     18.7500       0.4887E-011

     24.3750    -20.0000       0.3850E-011
     24.3750    -18.7500       0.4676E-011
     24.3750    -17.5000       0.2462E-006
     24.3750    -16.2500       0.2186E-004
     24.3750    -15.0000       0.1554E-003
     24.3750    -13.7500       0.4270E-003
     24.3750    -12.5000       0.7661E-003
     24.3750    -11.2500       0.1068E-002
     24.3750    -10.0000       0.1234E-002
     24.3750     -8.7500       0.1221E-002
     24.3750     -7.5000       0.1055E-002
     24.3750     -6.2500       0.8145E-003
     24.3750     -5.0000       0.5918E-003
     24.3750     -3.7500       0.4319E-003
     24.3750     -2.5000       0.3246E-003
     24.3750     -1.2500       0.2494E-003
     24.3750      0.0000       0.1933E-003
     24.3750      1.2500       0.1523E-003
     24.3750      2.5000       0.1356E-003
     24.3750      3.7500       0.1595E-003
     24.3750      5.0000       0.2417E-003
     24.3750      6.2500       0.3870E-003
     24.3750      7.5000       0.5692E-003
     24.3750      8.7500       0.7254E-003
     24.3750     10.0000       0.7822E-003
     24.3750     11.2500       0.6994E-003
     24.3750     12.5000       0.5047E-003
     24.3750     13.7500       0.2785E-003
     24.3750     15.0000       0.1004E-003
     24.3750     16.2500       0.1408E-004
     24.3750     17.5000       0.1590E-006
     24.3750     18.7500       0.9722E-012

     25.3125    -20.0000       0.1715E-011
     25.3125    -18.7500       0.1728E-010
     25.3125    -17.5000       0.2834E-006
     25.3125    -16.2500       0.2520E-004
     25.3125    -15.0000       0.1788E-003
     25.3125    -13.7500       0.4892E-003
     25.3125    -12.5000       0.8788E-003
     25.3125    -11.2500       0.1248E-002
     25.3125    -10.0000       0.1505E-002
     25.3125     -8.7500       0.1597E-002
     25.3125     -7.5000       0.1509E-002
     25.3125     -6.2500       0.1282E-002
     25.3125     -5.0000       0.1005E-002
     25.3125     -3.7500       0.7384E-003
     25.3125     -2.5000       0.4924E-003
     25.3125     -1.2500       0.2790E-003
     25.3125      0.0000       0.1201E-003
     25.3125      1.2500       0.3012E-004
     25.3125      2.5000       0.8054E-005
     25.3125      3.7500       0.4056E-004
     25.3125      5.0000       0.1079E-003
     25.3125      6.2500       0.1870E-003
     25.3125      7.5000       0.2643E-003
     25.3125      8.7500       0.3269E-003
     25.3125     10.0000       0.3472E-003
     25.3125     11.2500       0.3023E-003
     25.3125     12.5000       0.2084E-003
     25.3125     13.7500       0.1086E-003
     25.3125     15.0000       0.3767E-004
     25.3125     16.2500       0.5261E-005
     25.3125     17.5000       0.5885E-007
     25.3125     18.7500       0.6145E-011

     26.2500    -20.0000       0.4925E-011
     26.2500    -18.7500       0.2637E-010
     26.2500    -17.5000       0.2139E-006
     26.2500    -16.2500       0.1903E-004
     26.2500    -15.0000       0.1347E-003
     26.2500    -13.7500       0.3695E-003
     26.2500    -12.5000       0.6720E-003
     26.2500    -11.2500       0.9822E-003
     26.2500    -10.0000       0.1243E-002
     26.2500     -8.7500       0.1407E-002
     26.2500     -7.5000       0.1429E-002
     26.2500     -6.2500       0.1295E-002
     26.2500     -5.0000       0.1053E-002
     26.2500     -3.7500       0.7573E-003
     26.2500     -2.5000       0.4499E-003
     26.2500     -1.2500       0.1870E-003
     26.2500      0.0000       0.2945E-004
     26.2500      1.2500       0.7614E-005
     26.2500      2.5000       0.1007E-003
     26.2500      3.7500       0.2545E-003
     26.2500      5.0000       0.4066E-003
     26.2500      6.2500       0.5065E-003
     26.2500      7.5000       0.5313E-003
     26.2500      8.7500       0.4915E-003
     26.2500     10.0000       0.4080E-003
     26.2500     11.2500       0.3003E-003
     26.2500     12.5000       0.1883E-003
     26.2500     13.7500       0.9516E-004
     26.2500     15.0000       0.3291E-004
     26.2500     16.2500       0.4669E-005
     26.2500     17.5000       0.5007E-007
     26.2500     18.7500       0.1770E-010

     27.1875    -20.0000       0.2034E-010
     27.1875    -18.7500       0.2331E-010
     27.1875    -17.5000       0.9936E-007
     27.1875    -16.2500       0.8823E-005
     27.1875    -15.0000       0.6242E-004
     27.1875    -13.7500       0.1742E-003
     27.1875    -12.5000       0.3293E-003
     27.1875    -11.2500       0.5065E-003
     27.1875    -10.0000       0.6804E-003
     27.1875     -8.7500       0.8192E-003
     27.1875     -7.5000       0.8850E-003
     27.1875     -6.2500       0.8425E-003
     27.1875     -5.0000       0.6935E-003
     27.1875     -3.7500       0.4718E-003
     27.1875     -2.5000       0.2348E-003
     27.1875     -1.2500       0.5520E-004
     27.1875      0.0000       0.1927E-005
     27.1875      1.2500       0.1048E-003
     27.1875      2.5000       0.3311E-003
     27.1875      3.7500       0.6108E-003
     27.1875      5.0000       0.8715E-003
     27.1875      6.2500       0.1061E-002
     27.1875      7.5000       0.1132E-002
     27.1875      8.7500       0.1072E-002
     27.1875     10.0000       0.9105E-003
     27.1875     11.2500       0.6951E-003
     27.1875     12.5000       0.4623E-003
     27.1875     13.7500       0.2502E-003
     27.1875     15.0000       0.9036E-004
     27.1875     16.2500       0.1283E-004
     27.1875     17.5000       0.1405E-006
     27.1875     18.7500       0.2688E-010

     28.1250    -20.0000       0.4593E-010
     28.1250    -18.7500       0.1108E-010
     28.1250    -17.5000       0.4164E-007
     28.1250    -16.2500       0.3662E-005
     28.1250    -15.0000       0.2616E-004
     28.1250    -13.7500       0.7689E-004
     28.1250    -12.5000       0.1552E-003
     28.1250    -11.2500       0.2436E-003
     28.1250    -10.0000       0.3164E-003
     28.1250     -8.7500       0.3552E-003
     28.1250     -7.5000       0.3603E-003
     28.1250     -6.2500       0.3252E-003
     28.1250     -5.0000       0.2452E-003
     28.1250     -3.7500       0.1353E-003
     28.1250     -2.5000       0.3820E-004
     28.1250     -1.2500       0.6754E-006
     28.1250      0.0000       0.6202E-004
     28.1250      1.2500       0.2352E-003
     28.1250      2.5000       0.4943E-003
     28.1250      3.7500       0.7927E-003
     28.1250      5.0000       0.1090E-002
     28.1250      6.2500       0.1357E-002
     28.1250      7.5000       0.1532E-002
     28.1250      8.7500       0.1552E-002
     28.1250     10.0000       0.1407E-002
     28.1250     11.2500       0.1135E-002
     28.1250     12.5000       0.7865E-003
     28.1250     13.7500       0.4357E-003
     28.1250     15.0000       0.1589E-003
     28.1250     16.2500       0.2248E-004
     28.1250     17.5000       0.2496E-006
     28.1250     18.7500       0.2630E-010

     29.0625    -20.0000       0.6985E-010
     29.0625    -18.7500       0.1587E-011
     29.0625    -17.5000       0.9205E-007
     29.0625    -16.2500       0.8131E-005
     29.0625    -15.0000       0.5817E-004
     29.0625    -13.7500       0.1641E-003
     29.0625    -12.5000       0.3049E-003
     29.0625    -11.2500       0.4281E-003
     29.0625    -10.0000       0.4759E-003
     29.0625     -8.7500       0.4289E-003
     29.0625     -7.5000       0.3221E-003
     29.0625     -6.2500       0.2039E-003
     29.0625     -5.0000       0.1070E-003
     29.0625     -3.7500       0.4718E-004
     29.0625     -2.5000       0.3494E-004
     29.0625     -1.2500       0.7197E-004
     29.0625      0.0000       0.1563E-003
     29.0625      1.2500       0.2830E-003
     29.0625      2.5000       0.4455E-003
     29.0625      3.7500       0.6390E-003
     29.0625      5.0000       0.8676E-003
     29.0625      6.2500       0.1133E-002
     29.0625      7.5000       0.1377E-002
     29.0625      8.7500       0.1506E-002
     29.0625     10.0000       0.1457E-002
     29.0625     11.2500       0.1230E-002
     29.0625     12.5000       0.8730E-003
     29.0625     13.7500       0.4869E-003
     29.0625     15.0000       0.1777E-003
     29.0625     16.2500       0.2505E-004
     29.0625     17.5000       0.2806E-006
     29.0625     18.7500       0.1633E-010

