    -30.0000    -20.0000       0.2897E-010
    -30.0000    -18.7500       0.2408E-010
    -30.0000    -17.5000       0.6527E-007
    -30.0000    -16.2500       0.5263E-005
    -30.0000    -15.0000       0.3173E-004
    -30.0000    -13.7500       0.7121E-004
    -30.0000    -12.5000       0.1106E-003
    -30.0000    -11.2500       0.1494E-003
    -30.0000    -10.0000       0.1886E-003
    -30.0000     -8.7500       0.2354E-003
    -30.0000     -7.5000       0.3107E-003
    -30.0000     -6.2500       0.4427E-003
    -30.0000     -5.0000       0.6532E-003
    -30.0000     -3.7500       0.9423E-003
    -30.0000     -2.5000       0.1259E-002
    -30.0000     -1.2500       0.1506E-002
    -30.0000      0.0000       0.1598E-002
    -30.0000      1.2500       0.1506E-002
    -30.0000      2.5000       0.1259E-002
    -30.0000      3.7500       0.9423E-003
    -30.0000      5.0000       0.6532E-003
    -30.0000      6.2500       0.4427E-003
    -30.0000      7.5000       0.3107E-003
    -30.0000      8.7500       0.2354E-003
    -30.0000     10.0000       0.1886E-003
    -30.0000     11.2500       0.1494E-003
    -30.0000     12.5000       0.1106E-003
    -30.0000     13.7500       0.7121E-004
    -30.0000     15.0000       0.3173E-004
    -30.0000     16.2500       0.5263E-005
    -30.0000     17.5000       0.6528E-007
    -30.0000     18.7500       0.2408E-010

    -29.0625    -20.0000       0.2473E-010
    -29.0625    -18.7500       0.4624E-010
    -29.0625    -17.5000       0.4922E-007
    -29.0625    -16.2500       0.4463E-005
    -29.0625    -15.0000       0.3318E-004
    -29.0625    -13.7500       0.1028E-003
    -29.0625    -12.5000       0.2189E-003
    -29.0625    -11.2500       0.3696E-003
    -29.0625    -10.0000       0.5303E-003
    -29.0625     -8.7500       0.6832E-003
    -29.0625     -7.5000       0.8214E-003
    -29.0625     -6.2500       0.9585E-003
    -29.0625     -5.0000       0.1109E-002
    -29.0625     -3.7500       0.1262E-002
    -29.0625     -2.5000       0.1367E-002
    -29.0625     -1.2500       0.1371E-002
    -29.0625      0.0000       0.1243E-002
    -29.0625      1.2500       0.9927E-003
    -29.0625      2.5000       0.6667E-003
    -29.0625      3.7500       0.3556E-003
    -29.0625      5.0000       0.1400E-003
    -29.0625      6.2500       0.4093E-004
    -29.0625      7.5000       0.4092E-004
    -29.0625      8.7500       0.1076E-003
    -29.0625     10.0000       0.1940E-003
    -29.0625     11.2500       0.2503E-003
    -29.0625     12.5000       0.2449E-003
    -29.0625     13.7500       0.1765E-003
    -29.0625     15.0000       0.7827E-004
    -29.0625     16.2500       0.1245E-004
    -29.0625     17.5000       0.1447E-006
    -29.0625     18.7500       0.1430E-010

    -28.1250    -20.0000       0.1427E-010
    -28.1250    -18.7500       0.6455E-010
    -28.1250    -17.5000       0.1159E-006
    -28.1250    -16.2500       0.1075E-004
    -28.1250    -15.0000       0.8132E-004
    -28.1250    -13.7500       0.2432E-003
    -28.1250    -12.5000       0.4734E-003
    -28.1250    -11.2500       0.7149E-003
    -28.1250    -10.0000       0.9149E-003
    -28.1250     -8.7500       0.1053E-002
    -28.1250     -7.5000       0.1119E-002
    -28.1250     -6.2500       0.1130E-002
    -28.1250     -5.0000       0.1103E-002
    -28.1250     -3.7500       0.1031E-002
    -28.1250     -2.5000       0.8958E-003
    -28.1250     -1.2500       0.7075E-003
    -28.1250      0.0000       0.4940E-003
    -28.1250      1.2500       0.2860E-003
    -28.1250      2.5000       0.1159E-003
    -28.1250      3.7500       0.2317E-004
    -28.1250      5.0000       0.2636E-004
    -28.1250      6.2500       0.1113E-003
    -28.1250      7.5000       0.2525E-003
    -28.1250      8.7500       0.4139E-003
    -28.1250     10.0000       0.5417E-003
    -28.1250     11.2500       0.5825E-003
    -28.1250     12.5000       0.5023E-003
    -28.1250     13.7500       0.3250E-003
    -28.1250     15.0000       0.1314E-003
    -28.1250     16.2500       0.1963E-004
    -28.1250     17.5000       0.2187E-006
    -28.1250     18.7500       0.9552E-011

    -27.1875    -20.0000       0.4327E-011
    -27.1875    -18.7500       0.6584E-010
    -27.1875    -17.5000       0.2060E-006
    -27.1875    -16.2500       0.1854E-004
    -27.1875    -15.0000       0.1333E-003
    -27.1875    -13.7500       0.3675E-003
    -27.1875    -12.5000       0.6478E-003
    -27.1875    -11.2500       0.8785E-003
    -27.1875    -10.0000       0.1001E-002
    -27.1875     -8.7500       0.1016E-002
    -27.1875     -7.5000       0.9396E-003
    -27.1875     -6.2500       0.8061E-003
    -27.1875     -5.0000       0.6411E-003
    -27.1875     -3.7500       0.4546E-003
    -27.1875     -2.5000       0.2623E-003
    -27.1875     -1.2500       0.1037E-003
    -27.1875      0.0000       0.1539E-004
    -27.1875      1.2500       0.1460E-004
    -27.1875      2.5000       0.9740E-004
    -27.1875      3.7500       0.2416E-003
    -27.1875      5.0000       0.4136E-003
    -27.1875      6.2500       0.5910E-003
    -27.1875      7.5000       0.7568E-003
    -27.1875      8.7500       0.8813E-003
    -27.1875     10.0000       0.9221E-003
    -27.1875     11.2500       0.8505E-003
    -27.1875     12.5000       0.6539E-003
    -27.1875     13.7500       0.3848E-003
    -27.1875     15.0000       0.1439E-003
    -27.1875     16.2500       0.2043E-004
    -27.1875     17.5000       0.2214E-006
    -27.1875     18.7500       0.8036E-011

    -26.2500    -20.0000       0.1220E-012
    -26.2500    -18.7500       0.4798E-010
    -26.2500    -17.5000       0.2394E-006
    -26.2500    -16.2500       0.2091E-004
    -26.2500    -15.0000       0.1430E-003
    -26.2500    -13.7500       0.3654E-003
    -26.2500    -12.5000       0.5872E-003
    -26.2500    -11.2500       0.7152E-003
    -26.2500    -10.0000       0.7119E-003
    -26.2500     -8.7500       0.6058E-003
    -26.2500     -7.5000       0.4423E-003
    -26.2500     -6.2500       0.2730E-003
    -26.2500     -5.0000       0.1323E-003
    -26.2500     -3.7500       0.4407E-004
    -26.2500     -2.5000       0.3046E-004
    -26.2500     -1.2500       0.9800E-004
    -26.2500      0.0000       0.2345E-003
    -26.2500      1.2500       0.4209E-003
    -26.2500      2.5000       0.6277E-003
    -26.2500      3.7500       0.8160E-003
    -26.2500      5.0000       0.9567E-003
    -26.2500      6.2500       0.1053E-002
    -26.2500      7.5000       0.1105E-002
    -26.2500      8.7500       0.1094E-002
    -26.2500     10.0000       0.9975E-003
    -26.2500     11.2500       0.8164E-003
    -26.2500     12.5000       0.5652E-003
    -26.2500     13.7500       0.3027E-003
    -26.2500     15.0000       0.1047E-003
    -26.2500     16.2500       0.1413E-004
    -26.2500     17.5000       0.1504E-006
    -26.2500     18.7500       0.6000E-011

    -25.3125    -20.0000       0.1549E-011
    -25.3125    -18.7500       0.2208E-010
    -25.3125    -17.5000       0.1863E-006
    -25.3125    -16.2500       0.1575E-004
    -25.3125    -15.0000       0.1018E-003
    -25.3125    -13.7500       0.2386E-003
    -25.3125    -12.5000       0.3455E-003
    -25.3125    -11.2500       0.3699E-003
    -25.3125    -10.0000       0.3045E-003
    -25.3125     -8.7500       0.1860E-003
    -25.3125     -7.5000       0.6868E-004
    -25.3125     -6.2500       0.5077E-005
    -25.3125     -5.0000       0.2990E-004
    -25.3125     -3.7500       0.1657E-003
    -25.3125     -2.5000       0.4072E-003
    -25.3125     -1.2500       0.6954E-003
    -25.3125      0.0000       0.9556E-003
    -25.3125      1.2500       0.1142E-002
    -25.3125      2.5000       0.1234E-002
    -25.3125      3.7500       0.1235E-002
    -25.3125      5.0000       0.1173E-002
    -25.3125      6.2500       0.1087E-002
    -25.3125      7.5000       0.9890E-003
    -25.3125      8.7500       0.8645E-003
    -25.3125     10.0000       0.7011E-003
    -25.3125     11.2500       0.5105E-003
    -25.3125     12.5000       0.3149E-003
    -25.3125     13.7500       0.1517E-003
    -25.3125     15.0000       0.4857E-004
    -25.3125     16.2500       0.6338E-005
    -25.3125     17.5000       0.6878E-007
    -25.3125     18.7500       0.2282E-011

    -24.3750    -20.0000       0.4187E-011
    -24.3750    -18.7500       0.3711E-011
    -24.3750    -17.5000       0.9394E-007
    -24.3750    -16.2500       0.7647E-005
    -24.3750    -15.0000       0.4621E-004
    -24.3750    -13.7500       0.9991E-004
    -24.3750    -12.5000       0.1373E-003
    -24.3750    -11.2500       0.1494E-003
    -24.3750    -10.0000       0.1408E-003
    -24.3750     -8.7500       0.1303E-003
    -24.3750     -7.5000       0.1517E-003
    -24.3750     -6.2500       0.2412E-003
    -24.3750     -5.0000       0.4253E-003
    -24.3750     -3.7500       0.7109E-003
    -24.3750     -2.5000       0.1056E-002
    -24.3750     -1.2500       0.1363E-002
    -24.3750      0.0000       0.1537E-002
    -24.3750      1.2500       0.1538E-002
    -24.3750      2.5000       0.1379E-002
    -24.3750      3.7500       0.1128E-002
    -24.3750      5.0000       0.8712E-003
    -24.3750      6.2500       0.6636E-003
    -24.3750      7.5000       0.5110E-003
    -24.3750      8.7500       0.3953E-003
    -24.3750     10.0000       0.2957E-003
    -24.3750     11.2500       0.2044E-003
    -24.3750     12.5000       0.1253E-003
    -24.3750     13.7500       0.6598E-004
    -24.3750     15.0000       0.2546E-004
    -24.3750     16.2500       0.3974E-005
    -24.3750     17.5000       0.4898E-007
    -24.3750     18.7500       0.4836E-013

    -23.4375    -20.0000       0.3971E-011
    -23.4375    -18.7500       0.7960E-012
    -23.4375    -17.5000       0.4437E-007
    -23.4375    -16.2500       0.3807E-005
    -23.4375    -15.0000       0.2577E-004
    -23.4375    -13.7500       0.7253E-004
    -23.4375    -12.5000       0.1479E-003
    -23.4375    -11.2500       0.2501E-003
    -23.4375    -10.0000       0.3668E-003
    -23.4375     -8.7500       0.4884E-003
    -23.4375     -7.5000       0.6172E-003
    -23.4375     -6.2500       0.7709E-003
    -23.4375     -5.0000       0.9660E-003
    -23.4375     -3.7500       0.1194E-002
    -23.4375     -2.5000       0.1401E-002
    -23.4375     -1.2500       0.1509E-002
    -23.4375      0.0000       0.1463E-002
    -23.4375      1.2500       0.1257E-002
    -23.4375      2.5000       0.9333E-003
    -23.4375      3.7500       0.5889E-003
    -23.4375      5.0000       0.3185E-003
    -23.4375      6.2500       0.1577E-003
    -23.4375      7.5000       0.9557E-004
    -23.4375      8.7500       0.1037E-003
    -23.4375     10.0000       0.1420E-003
    -23.4375     11.2500       0.1704E-003
    -23.4375     12.5000       0.1653E-003
    -23.4375     13.7500       0.1218E-003
    -23.4375     15.0000       0.5589E-004
    -23.4375     16.2500       0.9143E-005
    -23.4375     17.5000       0.1086E-006
    -23.4375     18.7500       0.4006E-011

    -22.5000    -20.0000       0.1214E-011
    -22.5000    -18.7500       0.8595E-011
    -22.5000    -17.5000       0.8169E-007
    -22.5000    -16.2500       0.7641E-005
    -22.5000    -15.0000       0.5860E-004
    -22.5000    -13.7500       0.1809E-003
    -22.5000    -12.5000       0.3678E-003
    -22.5000    -11.2500       0.5823E-003
    -22.5000    -10.0000       0.7811E-003
    -22.5000     -8.7500       0.9413E-003
    -22.5000     -7.5000       0.1051E-002
    -22.5000     -6.2500       0.1123E-002
    -22.5000     -5.0000       0.1172E-002
    -22.5000     -3.7500       0.1187E-002
    -22.5000     -2.5000       0.1136E-002
    -22.5000     -1.2500       0.1004E-002
    -22.5000      0.0000       0.7998E-003
    -22.5000      1.2500       0.5485E-003
    -22.5000      2.5000       0.2926E-003
    -22.5000      3.7500       0.9661E-004
    -22.5000      5.0000       0.6256E-005
    -22.5000      6.2500       0.1969E-004
    -22.5000      7.5000       0.1127E-003
    -22.5000      8.7500       0.2496E-003
    -22.5000     10.0000       0.3769E-003
    -22.5000     11.2500       0.4389E-003
    -22.5000     12.5000       0.3991E-003
    -22.5000     13.7500       0.2695E-003
    -22.5000     15.0000       0.1128E-003
    -22.5000     16.2500       0.1725E-004
    -22.5000     17.5000       0.1946E-006
    -22.5000     18.7500       0.1558E-010

    -21.5625    -20.0000       0.2976E-012
    -21.5625    -18.7500       0.1563E-010
    -21.5625    -17.5000       0.1728E-006
    -21.5625    -16.2500       0.1574E-004
    -21.5625    -15.0000       0.1155E-003
    -21.5625    -13.7500       0.3285E-003
    -21.5625    -12.5000       0.6014E-003
    -21.5625    -11.2500       0.8504E-003
    -21.5625    -10.0000       0.1015E-002
    -21.5625     -8.7500       0.1087E-002
    -21.5625     -7.5000       0.1068E-002
    -21.5625     -6.2500       0.9855E-003
    -21.5625     -5.0000       0.8606E-003
    -21.5625     -3.7500       0.6960E-003
    -21.5625     -2.5000       0.4959E-003
    -21.5625     -1.2500       0.2953E-003
    -21.5625      0.0000       0.1349E-003
    -21.5625      1.2500       0.4159E-004
    -21.5625      2.5000       0.2656E-004
    -21.5625      3.7500       0.8953E-004
    -21.5625      5.0000       0.2128E-003
    -21.5625      6.2500       0.3727E-003
    -21.5625      7.5000       0.5472E-003
    -21.5625      8.7500       0.7029E-003
    -21.5625     10.0000       0.7912E-003
    -21.5625     11.2500       0.7708E-003
    -21.5625     12.5000       0.6188E-003
    -21.5625     13.7500       0.3778E-003
    -21.5625     15.0000       0.1456E-003
    -21.5625     16.2500       0.2109E-004
    -21.5625     17.5000       0.2306E-006
    -21.5625     18.7500       0.3048E-010

    -20.6250    -20.0000       0.5322E-011
    -20.6250    -18.7500       0.1496E-010
    -20.6250    -17.5000       0.2367E-006
    -20.6250    -16.2500       0.2090E-004
    -20.6250    -15.0000       0.1459E-003
    -20.6250    -13.7500       0.3843E-003
    -20.6250    -12.5000       0.6413E-003
    -20.6250    -11.2500       0.8166E-003
    -20.6250    -10.0000       0.8620E-003
    -20.6250     -8.7500       0.7960E-003
    -20.6250     -7.5000       0.6533E-003
    -20.6250     -6.2500       0.4801E-003
    -20.6250     -5.0000       0.3078E-003
    -20.6250     -3.7500       0.1562E-003
    -20.6250     -2.5000       0.4922E-004
    -20.6250     -1.2500       0.1339E-004
    -20.6250      0.0000       0.6096E-004
    -20.6250      1.2500       0.1882E-003
    -20.6250      2.5000       0.3725E-003
    -20.6250      3.7500       0.5740E-003
    -20.6250      5.0000       0.7540E-003
    -20.6250      6.2500       0.9022E-003
    -20.6250      7.5000       0.1012E-002
    -20.6250      8.7500       0.1060E-002
    -20.6250     10.0000       0.1017E-002
    -20.6250     11.2500       0.8714E-003
    -20.6250     12.5000       0.6293E-003
    -20.6250     13.7500       0.3505E-003
    -20.6250     15.0000       0.1252E-003
    -20.6250     16.2500       0.1725E-004
    -20.6250     17.5000       0.1846E-006
    -20.6250     18.7500       0.4110E-010

    -19.6875    -20.0000       0.1569E-010
    -19.6875    -18.7500       0.1052E-010
    -19.6875    -17.5000       0.2167E-006
    -19.6875    -16.2500       0.1854E-004
    -19.6875    -15.0000       0.1228E-003
    -19.6875    -13.7500       0.2987E-003
    -19.6875    -12.5000       0.4519E-003
    -19.6875    -11.2500       0.5108E-003
    -19.6875    -10.0000       0.4568E-003
    -19.6875     -8.7500       0.3267E-003
    -19.6875     -7.5000       0.1747E-003
    -19.6875     -6.2500       0.5558E-004
    -19.6875     -5.0000       0.5078E-005
    -19.6875     -3.7500       0.4843E-004
    -19.6875     -2.5000       0.1943E-003
    -19.6875     -1.2500       0.4102E-003
    -19.6875      0.0000       0.6440E-003
    -19.6875      1.2500       0.8575E-003
    -19.6875      2.5000       0.1022E-002
    -19.6875      3.7500       0.1119E-002
    -19.6875      5.0000       0.1148E-002
    -19.6875      6.2500       0.1138E-002
    -19.6875      7.5000       0.1095E-002
    -19.6875      8.7500       0.1005E-002
    -19.6875     10.0000       0.8532E-003
    -19.6875     11.2500       0.6514E-003
    -19.6875     12.5000       0.4213E-003
    -19.6875     13.7500       0.2118E-003
    -19.6875     15.0000       0.6963E-004
    -19.6875     16.2500       0.9142E-005
    -19.6875     17.5000       0.9753E-007
    -19.6875     18.7500       0.4192E-010

    -18.7500    -20.0000       0.2571E-010
    -18.7500    -18.7500       0.1282E-010
    -18.7500    -17.5000       0.1306E-006
    -18.7500    -16.2500       0.1076E-004
    -18.7500    -15.0000       0.6671E-004
    -18.7500    -13.7500       0.1477E-003
    -18.7500    -12.5000       0.2015E-003
    -18.7500    -11.2500       0.2045E-003
    -18.7500    -10.0000       0.1599E-003
    -18.7500     -8.7500       0.9609E-004
    -18.7500     -7.5000       0.5813E-004
    -18.7500     -6.2500       0.9006E-004
    -18.7500     -5.0000       0.2222E-003
    -18.7500     -3.7500       0.4689E-003
    -18.7500     -2.5000       0.8017E-003
    -18.7500     -1.2500       0.1132E-002
    -18.7500      0.0000       0.1364E-002
    -18.7500      1.2500       0.1453E-002
    -18.7500      2.5000       0.1397E-002
    -18.7500      3.7500       0.1240E-002
    -18.7500      5.0000       0.1046E-002
    -18.7500      6.2500       0.8705E-003
    -18.7500      7.5000       0.7219E-003
    -18.7500      8.7500       0.5856E-003
    -18.7500     10.0000       0.4460E-003
    -18.7500     11.2500       0.3060E-003
    -18.7500     12.5000       0.1794E-003
    -18.7500     13.7500       0.8500E-004
    -18.7500     15.0000       0.2836E-004
    -18.7500     16.2500       0.3973E-005
    -18.7500     17.5000       0.4688E-007
    -18.7500     18.7500       0.3355E-010

    -17.8125    -20.0000       0.2885E-010
    -17.8125    -18.7500       0.2808E-010
    -17.8125    -17.5000       0.5495E-007
    -17.8125    -16.2500       0.4465E-005
    -17.8125    -15.0000       0.2748E-004
    -17.8125    -13.7500       0.6552E-004
    -17.8125    -12.5000       0.1128E-003
    -17.8125    -11.2500       0.1703E-003
    -17.8125    -10.0000       0.2356E-003
    -17.8125     -8.7500       0.3098E-003
    -17.8125     -7.5000       0.4075E-003
    -17.8125     -6.2500       0.5528E-003
    -17.8125     -5.0000       0.7656E-003
    -17.8125     -3.7500       0.1043E-002
    -17.8125     -2.5000       0.1331E-002
    -17.8125     -1.2500       0.1536E-002
    -17.8125      0.0000       0.1582E-002
    -17.8125      1.2500       0.1448E-002
    -17.8125      2.5000       0.1166E-002
    -17.8125      3.7500       0.8303E-003
    -17.8125      5.0000       0.5382E-003
    -17.8125      6.2500       0.3375E-003
    -17.8125      7.5000       0.2243E-003
    -17.8125      8.7500       0.1747E-003
    -17.8125     10.0000       0.1566E-003
    -17.8125     11.2500       0.1423E-003
    -17.8125     12.5000       0.1189E-003
    -17.8125     13.7500       0.8281E-004
    -17.8125     15.0000       0.3806E-004
    -17.8125     16.2500       0.6338E-005
    -17.8125     17.5000       0.7769E-007
    -17.8125     18.7500       0.2179E-010

    -16.8750    -20.0000       0.2295E-010
    -16.8750    -18.7500       0.5071E-010
    -16.8750    -17.5000       0.5695E-007
    -16.8750    -16.2500       0.5260E-005
    -16.8750    -15.0000       0.4001E-004
    -16.8750    -13.7500       0.1253E-003
    -16.8750    -12.5000       0.2646E-003
    -16.8750    -11.2500       0.4387E-003
    -16.8750    -10.0000       0.6165E-003
    -16.8750     -8.7500       0.7773E-003
    -16.8750     -7.5000       0.9115E-003
    -16.8750     -6.2500       0.1032E-002
    -16.8750     -5.0000       0.1152E-002
    -16.8750     -3.7500       0.1261E-002
    -16.8750     -2.5000       0.1312E-002
    -16.8750     -1.2500       0.1266E-002
    -16.8750      0.0000       0.1105E-002
    -16.8750      1.2500       0.8454E-003
    -16.8750      2.5000       0.5335E-003
    -16.8750      3.7500       0.2532E-003
    -16.8750      5.0000       0.7506E-004
    -16.8750      6.2500       0.1223E-004
    -16.8750      7.5000       0.4449E-004
    -16.8750      8.7500       0.1379E-003
    -16.8750     10.0000       0.2428E-003
    -16.8750     11.2500       0.3061E-003
    -16.8750     12.5000       0.2935E-003
    -16.8750     13.7500       0.2072E-003
    -16.8750     15.0000       0.9010E-004
    -16.8750     16.2500       0.1413E-004
    -16.8750     17.5000       0.1626E-006
    -16.8750     18.7500       0.1294E-010

    -15.9375    -20.0000       0.1201E-010
    -15.9375    -18.7500       0.6645E-010
    -15.9375    -17.5000       0.1348E-006
    -15.9375    -16.2500       0.1244E-004
    -15.9375    -15.0000       0.9315E-004
    -15.9375    -13.7500       0.2739E-003
    -15.9375    -12.5000       0.5219E-003
    -15.9375    -11.2500       0.7707E-003
    -15.9375    -10.0000       0.9636E-003
    -15.9375     -8.7500       0.1083E-002
    -15.9375     -7.5000       0.1122E-002
    -15.9375     -6.2500       0.1102E-002
    -15.9375     -5.0000       0.1039E-002
    -15.9375     -3.7500       0.9292E-003
    -15.9375     -2.5000       0.7627E-003
    -15.9375     -1.2500       0.5601E-003
    -15.9375      0.0000       0.3557E-003
    -15.9375      1.2500       0.1806E-003
    -15.9375      2.5000       0.6059E-004
    -15.9375      3.7500       0.2170E-004
    -15.9375      5.0000       0.6932E-004
    -15.9375      6.2500       0.1847E-003
    -15.9375      7.5000       0.3428E-003
    -15.9375      8.7500       0.5081E-003
    -15.9375     10.0000       0.6278E-003
    -15.9375     11.2500       0.6515E-003
    -15.9375     12.5000       0.5480E-003
    -15.9375     13.7500       0.3475E-003
    -15.9375     15.0000       0.1382E-003
    -15.9375     16.2500       0.2043E-004
    -15.9375     17.5000       0.2262E-006
    -15.9375     18.7500       0.9113E-011

    -15.0000    -20.0000       0.2944E-011
    -15.0000    -18.7500       0.6360E-010
    -15.0000    -17.5000       0.2193E-006
    -15.0000    -16.2500       0.1962E-004
    -15.0000    -15.0000       0.1397E-003
    -15.0000    -13.7500       0.3791E-003
    -15.0000    -12.5000       0.6560E-003
    -15.0000    -11.2500       0.8715E-003
    -15.0000    -10.0000       0.9689E-003
    -15.0000     -8.7500       0.9556E-003
    -15.0000     -7.5000       0.8534E-003
    -15.0000     -6.2500       0.7011E-003
    -15.0000     -5.0000       0.5262E-003
    -15.0000     -3.7500       0.3423E-003
    -15.0000     -2.5000       0.1694E-003
    -15.0000     -1.2500       0.4508E-004
    -15.0000      0.0000       0.4348E-011
    -15.0000      1.2500       0.4510E-004
    -15.0000      2.5000       0.1694E-003
    -15.0000      3.7500       0.3423E-003
    -15.0000      5.0000       0.5262E-003
    -15.0000      6.2500       0.7011E-003
    -15.0000      7.5000       0.8534E-003
    -15.0000      8.7500       0.9556E-003
    -15.0000     10.0000       0.9690E-003
    -15.0000     11.2500       0.8714E-003
    -15.0000     12.5000       0.6561E-003
    -15.0000     13.7500       0.3791E-003
    -15.0000     15.0000       0.1396E-003
    -15.0000     16.2500       0.1963E-004
    -15.0000     17.5000       0.2118E-006
    -15.0000     18.7500       0.7770E-011

    -14.0625    -20.0000       0.5971E-013
    -14.0625    -18.7500       0.4293E-010
    -14.0625    -17.5000       0.2352E-006
    -14.0625    -16.2500       0.2042E-004
    -14.0625    -15.0000       0.1382E-003
    -14.0625    -13.7500       0.3476E-003
    -14.0625    -12.5000       0.5479E-003
    -14.0625    -11.2500       0.6516E-003
    -14.0625    -10.0000       0.6277E-003
    -14.0625     -8.7500       0.5082E-003
    -14.0625     -7.5000       0.3428E-003
    -14.0625     -6.2500       0.1847E-003
    -14.0625     -5.0000       0.6933E-004
    -14.0625     -3.7500       0.2166E-004
    -14.0625     -2.5000       0.6064E-004
    -14.0625     -1.2500       0.1805E-003
    -14.0625      0.0000       0.3557E-003
    -14.0625      1.2500       0.5600E-003
    -14.0625      2.5000       0.7627E-003
    -14.0625      3.7500       0.9292E-003
    -14.0625      5.0000       0.1039E-002
    -14.0625      6.2500       0.1102E-002
    -14.0625      7.5000       0.1122E-002
    -14.0625      8.7500       0.1083E-002
    -14.0625     10.0000       0.9636E-003
    -14.0625     11.2500       0.7707E-003
    -14.0625     12.5000       0.5219E-003
    -14.0625     13.7500       0.2739E-003
    -14.0625     15.0000       0.9312E-004
    -14.0625     16.2500       0.1245E-004
    -14.0625     17.5000       0.1323E-006
    -14.0625     18.7500       0.5347E-011

    -13.1250    -20.0000       0.2149E-011
    -13.1250    -18.7500       0.1738E-010
    -13.1250    -17.5000       0.1684E-006
    -13.1250    -16.2500       0.1413E-004
    -13.1250    -15.0000       0.9009E-004
    -13.1250    -13.7500       0.2072E-003
    -13.1250    -12.5000       0.2934E-003
    -13.1250    -11.2500       0.3062E-003
    -13.1250    -10.0000       0.2427E-003
    -13.1250     -8.7500       0.1380E-003
    -13.1250     -7.5000       0.4444E-004
    -13.1250     -6.2500       0.1225E-004
    -13.1250     -5.0000       0.7507E-004
    -13.1250     -3.7500       0.2532E-003
    -13.1250     -2.5000       0.5335E-003
    -13.1250     -1.2500       0.8454E-003
    -13.1250      0.0000       0.1105E-002
    -13.1250      1.2500       0.1266E-002
    -13.1250      2.5000       0.1312E-002
    -13.1250      3.7500       0.1261E-002
    -13.1250      5.0000       0.1152E-002
    -13.1250      6.2500       0.1032E-002
    -13.1250      7.5000       0.9115E-003
    -13.1250      8.7500       0.7774E-003
    -13.1250     10.0000       0.6164E-003
    -13.1250     11.2500       0.4387E-003
    -13.1250     12.5000       0.2646E-003
    -13.1250     13.7500       0.1254E-003
    -13.1250     15.0000       0.3999E-004
    -13.1250     16.2500       0.5264E-005
    -13.1250     17.5000       0.5821E-007
    -13.1250     18.7500       0.1558E-011

    -12.1875    -20.0000       0.4439E-011
    -12.1875    -18.7500       0.1868E-011
    -12.1875    -17.5000       0.7821E-007
    -12.1875    -16.2500       0.6338E-005
    -12.1875    -15.0000       0.3806E-004
    -12.1875    -13.7500       0.8282E-004
    -12.1875    -12.5000       0.1188E-003
    -12.1875    -11.2500       0.1423E-003
    -12.1875    -10.0000       0.1566E-003
    -12.1875     -8.7500       0.1747E-003
    -12.1875     -7.5000       0.2243E-003
    -12.1875     -6.2500       0.3375E-003
    -12.1875     -5.0000       0.5382E-003
    -12.1875     -3.7500       0.8303E-003
    -12.1875     -2.5000       0.1166E-002
    -12.1875     -1.2500       0.1448E-002
    -12.1875      0.0000       0.1582E-002
    -12.1875      1.2500       0.1536E-002
    -12.1875      2.5000       0.1331E-002
    -12.1875      3.7500       0.1043E-002
    -12.1875      5.0000       0.7656E-003
    -12.1875      6.2500       0.5528E-003
    -12.1875      7.5000       0.4075E-003
    -12.1875      8.7500       0.3098E-003
    -12.1875     10.0000       0.2356E-003
    -12.1875     11.2500       0.1703E-003
    -12.1875     12.5000       0.1127E-003
    -12.1875     13.7500       0.6553E-004
    -12.1875     15.0000       0.2748E-004
    -12.1875     16.2500       0.4465E-005
    -12.1875     17.5000       0.5537E-007
    -12.1875     18.7500       0.2235E-012

    -11.2500    -20.0000       0.3522E-011
    -11.2500    -18.7500       0.1838E-011
    -11.2500    -17.5000       0.4481E-007
    -11.2500    -16.2500       0.3973E-005
    -11.2500    -15.0000       0.2837E-004
    -11.2500    -13.7500       0.8497E-004
    -11.2500    -12.5000       0.1795E-003
    -11.2500    -11.2500       0.3059E-003
    -11.2500    -10.0000       0.4460E-003
    -11.2500     -8.7500       0.5856E-003
    -11.2500     -7.5000       0.7220E-003
    -11.2500     -6.2500       0.8704E-003
    -11.2500     -5.0000       0.1046E-002
    -11.2500     -3.7500       0.1240E-002
    -11.2500     -2.5000       0.1397E-002
    -11.2500     -1.2500       0.1453E-002
    -11.2500      0.0000       0.1364E-002
    -11.2500      1.2500       0.1132E-002
    -11.2500      2.5000       0.8017E-003
    -11.2500      3.7500       0.4689E-003
    -11.2500      5.0000       0.2222E-003
    -11.2500      6.2500       0.9005E-004
    -11.2500      7.5000       0.5817E-004
    -11.2500      8.7500       0.9603E-004
    -11.2500     10.0000       0.1599E-003
    -11.2500     11.2500       0.2045E-003
    -11.2500     12.5000       0.2016E-003
    -11.2500     13.7500       0.1476E-003
    -11.2500     15.0000       0.6672E-004
    -11.2500     16.2500       0.1076E-004
    -11.2500     17.5000       0.1262E-006
    -11.2500     18.7500       0.5766E-011

    -10.3125    -20.0000       0.7137E-012
    -10.3125    -18.7500       0.1042E-010
    -10.3125    -17.5000       0.9791E-007
    -10.3125    -16.2500       0.9133E-005
    -10.3125    -15.0000       0.6965E-004
    -10.3125    -13.7500       0.2118E-003
    -10.3125    -12.5000       0.4213E-003
    -10.3125    -11.2500       0.6513E-003
    -10.3125    -10.0000       0.8533E-003
    -10.3125     -8.7500       0.1005E-002
    -10.3125     -7.5000       0.1095E-002
    -10.3125     -6.2500       0.1138E-002
    -10.3125     -5.0000       0.1148E-002
    -10.3125     -3.7500       0.1119E-002
    -10.3125     -2.5000       0.1022E-002
    -10.3125     -1.2500       0.8575E-003
    -10.3125      0.0000       0.6440E-003
    -10.3125      1.2500       0.4102E-003
    -10.3125      2.5000       0.1943E-003
    -10.3125      3.7500       0.4847E-004
    -10.3125      5.0000       0.5062E-005
    -10.3125      6.2500       0.5556E-004
    -10.3125      7.5000       0.1748E-003
    -10.3125      8.7500       0.3266E-003
    -10.3125     10.0000       0.4569E-003
    -10.3125     11.2500       0.5107E-003
    -10.3125     12.5000       0.4520E-003
    -10.3125     13.7500       0.2987E-003
    -10.3125     15.0000       0.1228E-003
    -10.3125     16.2500       0.1856E-004
    -10.3125     17.5000       0.2078E-006
    -10.3125     18.7500       0.1852E-010

     -9.3750    -20.0000       0.7606E-012
     -9.3750    -18.7500       0.1615E-010
     -9.3750    -17.5000       0.1904E-006
     -9.3750    -16.2500       0.1723E-004
     -9.3750    -15.0000       0.1252E-003
     -9.3750    -13.7500       0.3504E-003
     -9.3750    -12.5000       0.6293E-003
     -9.3750    -11.2500       0.8714E-003
     -9.3750    -10.0000       0.1017E-002
     -9.3750     -8.7500       0.1060E-002
     -9.3750     -7.5000       0.1012E-002
     -9.3750     -6.2500       0.9022E-003
     -9.3750     -5.0000       0.7540E-003
     -9.3750     -3.7500       0.5740E-003
     -9.3750     -2.5000       0.3726E-003
     -9.3750     -1.2500       0.1882E-003
     -9.3750      0.0000       0.6096E-004
     -9.3750      1.2500       0.1342E-004
     -9.3750      2.5000       0.4918E-004
     -9.3750      3.7500       0.1562E-003
     -9.3750      5.0000       0.3078E-003
     -9.3750      6.2500       0.4801E-003
     -9.3750      7.5000       0.6534E-003
     -9.3750      8.7500       0.7960E-003
     -9.3750     10.0000       0.8621E-003
     -9.3750     11.2500       0.8166E-003
     -9.3750     12.5000       0.6413E-003
     -9.3750     13.7500       0.3843E-003
     -9.3750     15.0000       0.1459E-003
     -9.3750     16.2500       0.2092E-004
     -9.3750     17.5000       0.2277E-006
     -9.3750     18.7500       0.3319E-010

     -8.4375    -20.0000       0.7093E-011
     -8.4375    -18.7500       0.1407E-010
     -8.4375    -17.5000       0.2400E-006
     -8.4375    -16.2500       0.2107E-004
     -8.4375    -15.0000       0.1456E-003
     -8.4375    -13.7500       0.3778E-003
     -8.4375    -12.5000       0.6188E-003
     -8.4375    -11.2500       0.7709E-003
     -8.4375    -10.0000       0.7910E-003
     -8.4375     -8.7500       0.7030E-003
     -8.4375     -7.5000       0.5471E-003
     -8.4375     -6.2500       0.3728E-003
     -8.4375     -5.0000       0.2128E-003
     -8.4375     -3.7500       0.8949E-004
     -8.4375     -2.5000       0.2660E-004
     -8.4375     -1.2500       0.4156E-004
     -8.4375      0.0000       0.1350E-003
     -8.4375      1.2500       0.2953E-003
     -8.4375      2.5000       0.4959E-003
     -8.4375      3.7500       0.6960E-003
     -8.4375      5.0000       0.8606E-003
     -8.4375      6.2500       0.9855E-003
     -8.4375      7.5000       0.1068E-002
     -8.4375      8.7500       0.1087E-002
     -8.4375     10.0000       0.1015E-002
     -8.4375     11.2500       0.8504E-003
     -8.4375     12.5000       0.6014E-003
     -8.4375     13.7500       0.3286E-003
     -8.4375     15.0000       0.1155E-003
     -8.4375     16.2500       0.1576E-004
     -8.4375     17.5000       0.1681E-006
     -8.4375     18.7500       0.4213E-010

     -7.5000    -20.0000       0.1795E-010
     -7.5000    -18.7500       0.1010E-010
     -7.5000    -17.5000       0.2028E-006
     -7.5000    -16.2500       0.1724E-004
     -7.5000    -15.0000       0.1128E-003
     -7.5000    -13.7500       0.2695E-003
     -7.5000    -12.5000       0.3990E-003
     -7.5000    -11.2500       0.4390E-003
     -7.5000    -10.0000       0.3768E-003
     -7.5000     -8.7500       0.2497E-003
     -7.5000     -7.5000       0.1127E-003
     -7.5000     -6.2500       0.1971E-004
     -7.5000     -5.0000       0.6270E-005
     -7.5000     -3.7500       0.9658E-004
     -7.5000     -2.5000       0.2927E-003
     -7.5000     -1.2500       0.5484E-003
     -7.5000      0.0000       0.7998E-003
     -7.5000      1.2500       0.1004E-002
     -7.5000      2.5000       0.1136E-002
     -7.5000      3.7500       0.1187E-002
     -7.5000      5.0000       0.1172E-002
     -7.5000      6.2500       0.1123E-002
     -7.5000      7.5000       0.1051E-002
     -7.5000      8.7500       0.9414E-003
     -7.5000     10.0000       0.7810E-003
     -7.5000     11.2500       0.5823E-003
     -7.5000     12.5000       0.3678E-003
     -7.5000     13.7500       0.1809E-003
     -7.5000     15.0000       0.5858E-004
     -7.5000     16.2500       0.7648E-005
     -7.5000     17.5000       0.8216E-007
     -7.5000     18.7500       0.4085E-010

     -6.5625    -20.0000       0.2705E-010
     -6.5625    -18.7500       0.1483E-010
     -6.5625    -17.5000       0.1119E-006
     -6.5625    -16.2500       0.9138E-005
     -6.5625    -15.0000       0.5589E-004
     -6.5625    -13.7500       0.1218E-003
     -6.5625    -12.5000       0.1652E-003
     -6.5625    -11.2500       0.1704E-003
     -6.5625    -10.0000       0.1419E-003
     -6.5625     -8.7500       0.1037E-003
     -6.5625     -7.5000       0.9554E-004
     -6.5625     -6.2500       0.1577E-003
     -6.5625     -5.0000       0.3185E-003
     -6.5625     -3.7500       0.5889E-003
     -6.5625     -2.5000       0.9333E-003
     -6.5625     -1.2500       0.1257E-002
     -6.5625      0.0000       0.1463E-002
     -6.5625      1.2500       0.1509E-002
     -6.5625      2.5000       0.1401E-002
     -6.5625      3.7500       0.1194E-002
     -6.5625      5.0000       0.9660E-003
     -6.5625      6.2500       0.7709E-003
     -6.5625      7.5000       0.6172E-003
     -6.5625      8.7500       0.4884E-003
     -6.5625     10.0000       0.3668E-003
     -6.5625     11.2500       0.2502E-003
     -6.5625     12.5000       0.1479E-003
     -6.5625     13.7500       0.7256E-004
     -6.5625     15.0000       0.2576E-004
     -6.5625     16.2500       0.3807E-005
     -6.5625     17.5000       0.4631E-007
     -6.5625     18.7500       0.3124E-010

     -5.6250    -20.0000       0.2834E-010
     -5.6250    -18.7500       0.3241E-010
     -5.6250    -17.5000       0.4799E-007
     -5.6250    -16.2500       0.3973E-005
     -5.6250    -15.0000       0.2547E-004
     -5.6250    -13.7500       0.6596E-004
     -5.6250    -12.5000       0.1254E-003
     -5.6250    -11.2500       0.2043E-003
     -5.6250    -10.0000       0.2958E-003
     -5.6250     -8.7500       0.3953E-003
     -5.6250     -7.5000       0.5110E-003
     -5.6250     -6.2500       0.6636E-003
     -5.6250     -5.0000       0.8712E-003
     -5.6250     -3.7500       0.1128E-002
     -5.6250     -2.5000       0.1379E-002
     -5.6250     -1.2500       0.1538E-002
     -5.6250      0.0000       0.1537E-002
     -5.6250      1.2500       0.1363E-002
     -5.6250      2.5000       0.1056E-002
     -5.6250      3.7500       0.7109E-003
     -5.6250      5.0000       0.4253E-003
     -5.6250      6.2500       0.2412E-003
     -5.6250      7.5000       0.1517E-003
     -5.6250      8.7500       0.1302E-003
     -5.6250     10.0000       0.1409E-003
     -5.6250     11.2500       0.1494E-003
     -5.6250     12.5000       0.1373E-003
     -5.6250     13.7500       0.9989E-004
     -5.6250     15.0000       0.4622E-004
     -5.6250     16.2500       0.7648E-005
     -5.6250     17.5000       0.9243E-007
     -5.6250     18.7500       0.1965E-010

     -4.6875    -20.0000       0.2095E-010
     -4.6875    -18.7500       0.5491E-010
     -4.6875    -17.5000       0.6796E-007
     -4.6875    -16.2500       0.6333E-005
     -4.6875    -15.0000       0.4859E-004
     -4.6875    -13.7500       0.1517E-003
     -4.6875    -12.5000       0.3149E-003
     -4.6875    -11.2500       0.5105E-003
     -4.6875    -10.0000       0.7011E-003
     -4.6875     -8.7500       0.8645E-003
     -4.6875     -7.5000       0.9890E-003
     -4.6875     -6.2500       0.1087E-002
     -4.6875     -5.0000       0.1173E-002
     -4.6875     -3.7500       0.1235E-002
     -4.6875     -2.5000       0.1234E-002
     -4.6875     -1.2500       0.1142E-002
     -4.6875      0.0000       0.9556E-003
     -4.6875      1.2500       0.6954E-003
     -4.6875      2.5000       0.4072E-003
     -4.6875      3.7500       0.1657E-003
     -4.6875      5.0000       0.2989E-004
     -4.6875      6.2500       0.5058E-005
     -4.6875      7.5000       0.6874E-004
     -4.6875      8.7500       0.1859E-003
     -4.6875     10.0000       0.3046E-003
     -4.6875     11.2500       0.3698E-003
     -4.6875     12.5000       0.3456E-003
     -4.6875     13.7500       0.2386E-003
     -4.6875     15.0000       0.1018E-003
     -4.6875     16.2500       0.1576E-004
     -4.6875     17.5000       0.1796E-006
     -4.6875     18.7500       0.1180E-010

     -3.7500    -20.0000       0.9843E-011
     -3.7500    -18.7500       0.6756E-010
     -3.7500    -17.5000       0.1540E-006
     -3.7500    -16.2500       0.1412E-004
     -3.7500    -15.0000       0.1047E-003
     -3.7500    -13.7500       0.3027E-003
     -3.7500    -12.5000       0.5652E-003
     -3.7500    -11.2500       0.8164E-003
     -3.7500    -10.0000       0.9976E-003
     -3.7500     -8.7500       0.1094E-002
     -3.7500     -7.5000       0.1105E-002
     -3.7500     -6.2500       0.1053E-002
     -3.7500     -5.0000       0.9567E-003
     -3.7500     -3.7500       0.8160E-003
     -3.7500     -2.5000       0.6277E-003
     -3.7500     -1.2500       0.4209E-003
     -3.7500      0.0000       0.2345E-003
     -3.7500      1.2500       0.9803E-004
     -3.7500      2.5000       0.3041E-004
     -3.7500      3.7500       0.4411E-004
     -3.7500      5.0000       0.1323E-003
     -3.7500      6.2500       0.2730E-003
     -3.7500      7.5000       0.4423E-003
     -3.7500      8.7500       0.6057E-003
     -3.7500     10.0000       0.7121E-003
     -3.7500     11.2500       0.7151E-003
     -3.7500     12.5000       0.5873E-003
     -3.7500     13.7500       0.3653E-003
     -3.7500     15.0000       0.1430E-003
     -3.7500     16.2500       0.2092E-004
     -3.7500     17.5000       0.2302E-006
     -3.7500     18.7500       0.8777E-011

     -2.8125    -20.0000       0.1829E-011
     -2.8125    -18.7500       0.6061E-010
     -2.8125    -17.5000       0.2296E-006
     -2.8125    -16.2500       0.2041E-004
     -2.8125    -15.0000       0.1439E-003
     -2.8125    -13.7500       0.3848E-003
     -2.8125    -12.5000       0.6538E-003
     -2.8125    -11.2500       0.8506E-003
     -2.8125    -10.0000       0.9221E-003
     -2.8125     -8.7500       0.8813E-003
     -2.8125     -7.5000       0.7567E-003
     -2.8125     -6.2500       0.5910E-003
     -2.8125     -5.0000       0.4137E-003
     -2.8125     -3.7500       0.2415E-003
     -2.8125     -2.5000       0.9743E-004
     -2.8125     -1.2500       0.1458E-004
     -2.8125      0.0000       0.1539E-004
     -2.8125      1.2500       0.1037E-003
     -2.8125      2.5000       0.2623E-003
     -2.8125      3.7500       0.4546E-003
     -2.8125      5.0000       0.6411E-003
     -2.8125      6.2500       0.8061E-003
     -2.8125      7.5000       0.9396E-003
     -2.8125      8.7500       0.1016E-002
     -2.8125     10.0000       0.1001E-002
     -2.8125     11.2500       0.8785E-003
     -2.8125     12.5000       0.6478E-003
     -2.8125     13.7500       0.3675E-003
     -2.8125     15.0000       0.1333E-003
     -2.8125     16.2500       0.1856E-004
     -2.8125     17.5000       0.1994E-006
     -2.8125     18.7500       0.7447E-011

     -1.8750    -20.0000       0.2092E-012
     -1.8750    -18.7500       0.3767E-010
     -1.8750    -17.5000       0.2274E-006
     -1.8750    -16.2500       0.1962E-004
     -1.8750    -15.0000       0.1314E-003
     -1.8750    -13.7500       0.3250E-003
     -1.8750    -12.5000       0.5022E-003
     -1.8750    -11.2500       0.5826E-003
     -1.8750    -10.0000       0.5415E-003
     -1.8750     -8.7500       0.4140E-003
     -1.8750     -7.5000       0.2524E-003
     -1.8750     -6.2500       0.1113E-003
     -1.8750     -5.0000       0.2637E-004
     -1.8750     -3.7500       0.2313E-004
     -1.8750     -2.5000       0.1160E-003
     -1.8750     -1.2500       0.2859E-003
     -1.8750      0.0000       0.4940E-003
     -1.8750      1.2500       0.7075E-003
     -1.8750      2.5000       0.8958E-003
     -1.8750      3.7500       0.1031E-002
     -1.8750      5.0000       0.1103E-002
     -1.8750      6.2500       0.1130E-002
     -1.8750      7.5000       0.1119E-002
     -1.8750      8.7500       0.1053E-002
     -1.8750     10.0000       0.9149E-003
     -1.8750     11.2500       0.7150E-003
     -1.8750     12.5000       0.4733E-003
     -1.8750     13.7500       0.2432E-003
     -1.8750     15.0000       0.8129E-004
     -1.8750     16.2500       0.1076E-004
     -1.8750     17.5000       0.1144E-006
     -1.8750     18.7500       0.4624E-011

     -0.9375    -20.0000       0.2752E-011
     -0.9375    -18.7500       0.1311E-010
     -0.9375    -17.5000       0.1495E-006
     -0.9375    -16.2500       0.1244E-004
     -0.9375    -15.0000       0.7826E-004
     -0.9375    -13.7500       0.1765E-003
     -0.9375    -12.5000       0.2448E-003
     -0.9375    -11.2500       0.2504E-003
     -0.9375    -10.0000       0.1939E-003
     -0.9375     -8.7500       0.1077E-003
     -0.9375     -7.5000       0.4087E-004
     -0.9375     -6.2500       0.4095E-004
     -0.9375     -5.0000       0.1400E-003
     -0.9375     -3.7500       0.3555E-003
     -0.9375     -2.5000       0.6667E-003
     -0.9375     -1.2500       0.9927E-003
     -0.9375      0.0000       0.1243E-002
     -0.9375      1.2500       0.1371E-002
     -0.9375      2.5000       0.1367E-002
     -0.9375      3.7500       0.1262E-002
     -0.9375      5.0000       0.1109E-002
     -0.9375      6.2500       0.9585E-003
     -0.9375      7.5000       0.8213E-003
     -0.9375      8.7500       0.6832E-003
     -0.9375     10.0000       0.5303E-003
     -0.9375     11.2500       0.3697E-003
     -0.9375     12.5000       0.2188E-003
     -0.9375     13.7500       0.1028E-003
     -0.9375     15.0000       0.3317E-004
     -0.9375     16.2500       0.4465E-005
     -0.9375     17.5000       0.5073E-007
     -0.9375     18.7500       0.9290E-012

      0.0000    -20.0000       0.4545E-011
      0.0000    -18.7500       0.6883E-012
      0.0000    -17.5000       0.6494E-007
      0.0000    -16.2500       0.5264E-005
      0.0000    -15.0000       0.3173E-004
      0.0000    -13.7500       0.7121E-004
      0.0000    -12.5000       0.1106E-003
      0.0000    -11.2500       0.1494E-003
      0.0000    -10.0000       0.1886E-003
      0.0000     -8.7500       0.2354E-003
      0.0000     -7.5000       0.3107E-003
      0.0000     -6.2500       0.4427E-003
      0.0000     -5.0000       0.6532E-003
      0.0000     -3.7500       0.9423E-003
      0.0000     -2.5000       0.1259E-002
      0.0000     -1.2500       0.1506E-002
      0.0000      0.0000       0.1598E-002
      0.0000      1.2500       0.1506E-002
      0.0000      2.5000       0.1259E-002
      0.0000      3.7500       0.9423E-003
      0.0000      5.0000       0.6532E-003
      0.0000      6.2500       0.4427E-003
      0.0000      7.5000       0.3107E-003
      0.0000      8.7500       0.2354E-003
      0.0000     10.0000       0.1886E-003
      0.0000     11.2500       0.1494E-003
      0.0000     12.5000       0.1106E-003
      0.0000     13.7500       0.7121E-004
      0.0000     15.0000       0.3173E-004
      0.0000     16.2500       0.5264E-005
      0.0000     17.5000       0.6495E-007
      0.0000     18.7500       0.6884E-012

      0.9375    -20.0000       0.2985E-011
      0.9375    -18.7500       0.3241E-011
      0.9375    -17.5000       0.4899E-007
      0.9375    -16.2500       0.4463E-005
      0.9375    -15.0000       0.3318E-004
      0.9375    -13.7500       0.1028E-003
      0.9375    -12.5000       0.2189E-003
      0.9375    -11.2500       0.3696E-003
      0.9375    -10.0000       0.5303E-003
      0.9375     -8.7500       0.6832E-003
      0.9375     -7.5000       0.8214E-003
      0.9375     -6.2500       0.9585E-003
      0.9375     -5.0000       0.1109E-002
      0.9375     -3.7500       0.1262E-002
      0.9375     -2.5000       0.1367E-002
      0.9375     -1.2500       0.1371E-002
      0.9375      0.0000       0.1243E-002
      0.9375      1.2500       0.9927E-003
      0.9375      2.5000       0.6667E-003
      0.9375      3.7500       0.3556E-003
      0.9375      5.0000       0.1400E-003
      0.9375      6.2500       0.4093E-004
      0.9375      7.5000       0.4092E-004
      0.9375      8.7500       0.1076E-003
      0.9375     10.0000       0.1940E-003
      0.9375     11.2500       0.2503E-003
      0.9375     12.5000       0.2449E-003
      0.9375     13.7500       0.1765E-003
      0.9375     15.0000       0.7826E-004
      0.9375     16.2500       0.1245E-004
      0.9375     17.5000       0.1444E-006
      0.9375     18.7500       0.7836E-011

      1.8750    -20.0000       0.3321E-012
      1.8750    -18.7500       0.1211E-010
      1.8750    -17.5000       0.1158E-006
      1.8750    -16.2500       0.1075E-004
      1.8750    -15.0000       0.8132E-004
      1.8750    -13.7500       0.2432E-003
      1.8750    -12.5000       0.4734E-003
      1.8750    -11.2500       0.7149E-003
      1.8750    -10.0000       0.9149E-003
      1.8750     -8.7500       0.1053E-002
      1.8750     -7.5000       0.1119E-002
      1.8750     -6.2500       0.1130E-002
      1.8750     -5.0000       0.1103E-002
      1.8750     -3.7500       0.1031E-002
      1.8750     -2.5000       0.8958E-003
      1.8750     -1.2500       0.7075E-003
      1.8750      0.0000       0.4940E-003
      1.8750      1.2500       0.2860E-003
      1.8750      2.5000       0.1159E-003
      1.8750      3.7500       0.2317E-004
      1.8750      5.0000       0.2636E-004
      1.8750      6.2500       0.1113E-003
      1.8750      7.5000       0.2525E-003
      1.8750      8.7500       0.4139E-003
      1.8750     10.0000       0.5417E-003
      1.8750     11.2500       0.5825E-003
      1.8750     12.5000       0.5023E-003
      1.8750     13.7500       0.3250E-003
      1.8750     15.0000       0.1314E-003
      1.8750     16.2500       0.1963E-004
      1.8750     17.5000       0.2184E-006
      1.8750     18.7500       0.2155E-010

      2.8125    -20.0000       0.1494E-011
      2.8125    -18.7500       0.1632E-010
      2.8125    -17.5000       0.2061E-006
      2.8125    -16.2500       0.1854E-004
      2.8125    -15.0000       0.1333E-003
      2.8125    -13.7500       0.3675E-003
      2.8125    -12.5000       0.6478E-003
      2.8125    -11.2500       0.8785E-003
      2.8125    -10.0000       0.1001E-002
      2.8125     -8.7500       0.1016E-002
      2.8125     -7.5000       0.9396E-003
      2.8125     -6.2500       0.8061E-003
      2.8125     -5.0000       0.6411E-003
      2.8125     -3.7500       0.4546E-003
      2.8125     -2.5000       0.2623E-003
      2.8125     -1.2500       0.1037E-003
      2.8125      0.0000       0.1539E-004
      2.8125      1.2500       0.1460E-004
      2.8125      2.5000       0.9740E-004
      2.8125      3.7500       0.2416E-003
      2.8125      5.0000       0.4136E-003
      2.8125      6.2500       0.5910E-003
      2.8125      7.5000       0.7568E-003
      2.8125      8.7500       0.8813E-003
      2.8125     10.0000       0.9221E-003
      2.8125     11.2500       0.8505E-003
      2.8125     12.5000       0.6539E-003
      2.8125     13.7500       0.3848E-003
      2.8125     15.0000       0.1439E-003
      2.8125     16.2500       0.2043E-004
      2.8125     17.5000       0.2213E-006
      2.8125     18.7500       0.3566E-010

      3.7500    -20.0000       0.9061E-011
      3.7500    -18.7500       0.1309E-010
      3.7500    -17.5000       0.2396E-006
      3.7500    -16.2500       0.2091E-004
      3.7500    -15.0000       0.1430E-003
      3.7500    -13.7500       0.3654E-003
      3.7500    -12.5000       0.5872E-003
      3.7500    -11.2500       0.7152E-003
      3.7500    -10.0000       0.7119E-003
      3.7500     -8.7500       0.6058E-003
      3.7500     -7.5000       0.4423E-003
      3.7500     -6.2500       0.2730E-003
      3.7500     -5.0000       0.1323E-003
      3.7500     -3.7500       0.4407E-004
      3.7500     -2.5000       0.3046E-004
      3.7500     -1.2500       0.9800E-004
      3.7500      0.0000       0.2345E-003
      3.7500      1.2500       0.4209E-003
      3.7500      2.5000       0.6277E-003
      3.7500      3.7500       0.8160E-003
      3.7500      5.0000       0.9567E-003
      3.7500      6.2500       0.1053E-002
      3.7500      7.5000       0.1105E-002
      3.7500      8.7500       0.1094E-002
      3.7500     10.0000       0.9975E-003
      3.7500     11.2500       0.8164E-003
      3.7500     12.5000       0.5652E-003
      3.7500     13.7500       0.3027E-003
      3.7500     15.0000       0.1047E-003
      3.7500     16.2500       0.1413E-004
      3.7500     17.5000       0.1504E-006
      3.7500     18.7500       0.4272E-010

      4.6875    -20.0000       0.2015E-010
      4.6875    -18.7500       0.1006E-010
      4.6875    -17.5000       0.1866E-006
      4.6875    -16.2500       0.1575E-004
      4.6875    -15.0000       0.1018E-003
      4.6875    -13.7500       0.2386E-003
      4.6875    -12.5000       0.3455E-003
      4.6875    -11.2500       0.3699E-003
      4.6875    -10.0000       0.3045E-003
      4.6875     -8.7500       0.1860E-003
      4.6875     -7.5000       0.6868E-004
      4.6875     -6.2500       0.5077E-005
      4.6875     -5.0000       0.2990E-004
      4.6875     -3.7500       0.1657E-003
      4.6875     -2.5000       0.4072E-003
      4.6875     -1.2500       0.6954E-003
      4.6875      0.0000       0.9556E-003
      4.6875      1.2500       0.1142E-002
      4.6875      2.5000       0.1234E-002
      4.6875      3.7500       0.1235E-002
      4.6875      5.0000       0.1173E-002
      4.6875      6.2500       0.1087E-002
      4.6875      7.5000       0.9890E-003
      4.6875      8.7500       0.8645E-003
      4.6875     10.0000       0.7011E-003
      4.6875     11.2500       0.5105E-003
      4.6875     12.5000       0.3149E-003
      4.6875     13.7500       0.1517E-003
      4.6875     15.0000       0.4857E-004
      4.6875     16.2500       0.6338E-005
      4.6875     17.5000       0.6896E-007
      4.6875     18.7500       0.3943E-010

      5.6250    -20.0000       0.2805E-010
      5.6250    -18.7500       0.1740E-010
      5.6250    -17.5000       0.9429E-007
      5.6250    -16.2500       0.7646E-005
      5.6250    -15.0000       0.4621E-004
      5.6250    -13.7500       0.9990E-004
      5.6250    -12.5000       0.1373E-003
      5.6250    -11.2500       0.1494E-003
      5.6250    -10.0000       0.1408E-003
      5.6250     -8.7500       0.1303E-003
      5.6250     -7.5000       0.1517E-003
      5.6250     -6.2500       0.2412E-003
      5.6250     -5.0000       0.4253E-003
      5.6250     -3.7500       0.7109E-003
      5.6250     -2.5000       0.1056E-002
      5.6250     -1.2500       0.1363E-002
      5.6250      0.0000       0.1537E-002
      5.6250      1.2500       0.1538E-002
      5.6250      2.5000       0.1379E-002
      5.6250      3.7500       0.1128E-002
      5.6250      5.0000       0.8712E-003
      5.6250      6.2500       0.6636E-003
      5.6250      7.5000       0.5110E-003
      5.6250      8.7500       0.3953E-003
      5.6250     10.0000       0.2957E-003
      5.6250     11.2500       0.2044E-003
      5.6250     12.5000       0.1253E-003
      5.6250     13.7500       0.6598E-004
      5.6250     15.0000       0.2546E-004
      5.6250     16.2500       0.3973E-005
      5.6250     17.5000       0.4929E-007
      5.6250     18.7500       0.2885E-010

      6.5625    -20.0000       0.2747E-010
      6.5625    -18.7500       0.3695E-010
      6.5625    -17.5000       0.4465E-007
      6.5625    -16.2500       0.3807E-005
      6.5625    -15.0000       0.2577E-004
      6.5625    -13.7500       0.7253E-004
      6.5625    -12.5000       0.1479E-003
      6.5625    -11.2500       0.2501E-003
      6.5625    -10.0000       0.3668E-003
      6.5625     -8.7500       0.4884E-003
      6.5625     -7.5000       0.6172E-003
      6.5625     -6.2500       0.7709E-003
      6.5625     -5.0000       0.9660E-003
      6.5625     -3.7500       0.1194E-002
      6.5625     -2.5000       0.1401E-002
      6.5625     -1.2500       0.1509E-002
      6.5625      0.0000       0.1463E-002
      6.5625      1.2500       0.1257E-002
      6.5625      2.5000       0.9333E-003
      6.5625      3.7500       0.5889E-003
      6.5625      5.0000       0.3185E-003
      6.5625      6.2500       0.1577E-003
      6.5625      7.5000       0.9557E-004
      6.5625      8.7500       0.1037E-003
      6.5625     10.0000       0.1420E-003
      6.5625     11.2500       0.1704E-003
      6.5625     12.5000       0.1653E-003
      6.5625     13.7500       0.1218E-003
      6.5625     15.0000       0.5590E-004
      6.5625     16.2500       0.9142E-005
      6.5625     17.5000       0.1089E-006
      6.5625     18.7500       0.1766E-010

      7.5000    -20.0000       0.1880E-010
      7.5000    -18.7500       0.5869E-010
      7.5000    -17.5000       0.8183E-007
      7.5000    -16.2500       0.7641E-005
      7.5000    -15.0000       0.5860E-004
      7.5000    -13.7500       0.1809E-003
      7.5000    -12.5000       0.3678E-003
      7.5000    -11.2500       0.5823E-003
      7.5000    -10.0000       0.7811E-003
      7.5000     -8.7500       0.9413E-003
      7.5000     -7.5000       0.1051E-002
      7.5000     -6.2500       0.1123E-002
      7.5000     -5.0000       0.1172E-002
      7.5000     -3.7500       0.1187E-002
      7.5000     -2.5000       0.1136E-002
      7.5000     -1.2500       0.1004E-002
      7.5000      0.0000       0.7998E-003
      7.5000      1.2500       0.5485E-003
      7.5000      2.5000       0.2926E-003
      7.5000      3.7500       0.9661E-004
      7.5000      5.0000       0.6256E-005
      7.5000      6.2500       0.1969E-004
      7.5000      7.5000       0.1127E-003
      7.5000      8.7500       0.2496E-003
      7.5000     10.0000       0.3769E-003
      7.5000     11.2500       0.4389E-003
      7.5000     12.5000       0.3991E-003
      7.5000     13.7500       0.2695E-003
      7.5000     15.0000       0.1128E-003
      7.5000     16.2500       0.1725E-004
      7.5000     17.5000       0.1949E-006
      7.5000     18.7500       0.1087E-010

      8.4375    -20.0000       0.7809E-011
      8.4375    -18.7500       0.6783E-010
      8.4375    -17.5000       0.1727E-006
      8.4375    -16.2500       0.1574E-004
      8.4375    -15.0000       0.1155E-003
      8.4375    -13.7500       0.3285E-003
      8.4375    -12.5000       0.6014E-003
      8.4375    -11.2500       0.8504E-003
      8.4375    -10.0000       0.1015E-002
      8.4375     -8.7500       0.1087E-002
      8.4375     -7.5000       0.1068E-002
      8.4375     -6.2500       0.9855E-003
      8.4375     -5.0000       0.8606E-003
      8.4375     -3.7500       0.6960E-003
      8.4375     -2.5000       0.4959E-003
      8.4375     -1.2500       0.2953E-003
      8.4375      0.0000       0.1349E-003
      8.4375      1.2500       0.4159E-004
      8.4375      2.5000       0.2656E-004
      8.4375      3.7500       0.8953E-004
      8.4375      5.0000       0.2128E-003
      8.4375      6.2500       0.3727E-003
      8.4375      7.5000       0.5472E-003
      8.4375      8.7500       0.7029E-003
      8.4375     10.0000       0.7912E-003
      8.4375     11.2500       0.7708E-003
      8.4375     12.5000       0.6188E-003
      8.4375     13.7500       0.3778E-003
      8.4375     15.0000       0.1456E-003
      8.4375     16.2500       0.2109E-004
      8.4375     17.5000       0.2308E-006
      8.4375     18.7500       0.8508E-011

      9.3750    -20.0000       0.9904E-012
      9.3750    -18.7500       0.5694E-010
      9.3750    -17.5000       0.2365E-006
      9.3750    -16.2500       0.2091E-004
      9.3750    -15.0000       0.1459E-003
      9.3750    -13.7500       0.3843E-003
      9.3750    -12.5000       0.6413E-003
      9.3750    -11.2500       0.8166E-003
      9.3750    -10.0000       0.8620E-003
      9.3750     -8.7500       0.7960E-003
      9.3750     -7.5000       0.6533E-003
      9.3750     -6.2500       0.4801E-003
      9.3750     -5.0000       0.3078E-003
      9.3750     -3.7500       0.1562E-003
      9.3750     -2.5000       0.4922E-004
      9.3750     -1.2500       0.1339E-004
      9.3750      0.0000       0.6096E-004
      9.3750      1.2500       0.1882E-003
      9.3750      2.5000       0.3725E-003
      9.3750      3.7500       0.5740E-003
      9.3750      5.0000       0.7540E-003
      9.3750      6.2500       0.9022E-003
      9.3750      7.5000       0.1012E-002
      9.3750      8.7500       0.1060E-002
      9.3750     10.0000       0.1017E-002
      9.3750     11.2500       0.8714E-003
      9.3750     12.5000       0.6293E-003
      9.3750     13.7500       0.3505E-003
      9.3750     15.0000       0.1252E-003
      9.3750     16.2500       0.1725E-004
      9.3750     17.5000       0.1846E-006
      9.3750     18.7500       0.7051E-011

     10.3125    -20.0000       0.5349E-012
     10.3125    -18.7500       0.3236E-010
     10.3125    -17.5000       0.2164E-006
     10.3125    -16.2500       0.1855E-004
     10.3125    -15.0000       0.1228E-003
     10.3125    -13.7500       0.2987E-003
     10.3125    -12.5000       0.4519E-003
     10.3125    -11.2500       0.5108E-003
     10.3125    -10.0000       0.4568E-003
     10.3125     -8.7500       0.3267E-003
     10.3125     -7.5000       0.1747E-003
     10.3125     -6.2500       0.5558E-004
     10.3125     -5.0000       0.5078E-005
     10.3125     -3.7500       0.4843E-004
     10.3125     -2.5000       0.1943E-003
     10.3125     -1.2500       0.4102E-003
     10.3125      0.0000       0.6440E-003
     10.3125      1.2500       0.8575E-003
     10.3125      2.5000       0.1022E-002
     10.3125      3.7500       0.1119E-002
     10.3125      5.0000       0.1148E-002
     10.3125      6.2500       0.1138E-002
     10.3125      7.5000       0.1095E-002
     10.3125      8.7500       0.1005E-002
     10.3125     10.0000       0.8532E-003
     10.3125     11.2500       0.6514E-003
     10.3125     12.5000       0.4213E-003
     10.3125     13.7500       0.2118E-003
     10.3125     15.0000       0.6963E-004
     10.3125     16.2500       0.9142E-005
     10.3125     17.5000       0.9741E-007
     10.3125     18.7500       0.3852E-011

     11.2500    -20.0000       0.3316E-011
     11.2500    -18.7500       0.9368E-011
     11.2500    -17.5000       0.1303E-006
     11.2500    -16.2500       0.1076E-004
     11.2500    -15.0000       0.6671E-004
     11.2500    -13.7500       0.1477E-003
     11.2500    -12.5000       0.2015E-003
     11.2500    -11.2500       0.2045E-003
     11.2500    -10.0000       0.1599E-003
     11.2500     -8.7500       0.9609E-004
     11.2500     -7.5000       0.5813E-004
     11.2500     -6.2500       0.9006E-004
     11.2500     -5.0000       0.2222E-003
     11.2500     -3.7500       0.4689E-003
     11.2500     -2.5000       0.8017E-003
     11.2500     -1.2500       0.1132E-002
     11.2500      0.0000       0.1364E-002
     11.2500      1.2500       0.1453E-002
     11.2500      2.5000       0.1397E-002
     11.2500      3.7500       0.1240E-002
     11.2500      5.0000       0.1046E-002
     11.2500      6.2500       0.8705E-003
     11.2500      7.5000       0.7219E-003
     11.2500      8.7500       0.5856E-003
     11.2500     10.0000       0.4460E-003
     11.2500     11.2500       0.3060E-003
     11.2500     12.5000       0.1794E-003
     11.2500     13.7500       0.8500E-004
     11.2500     15.0000       0.2836E-004
     11.2500     16.2500       0.3973E-005
     11.2500     17.5000       0.4662E-007
     11.2500     18.7500       0.4396E-012

     12.1875    -20.0000       0.4499E-011
     12.1875    -18.7500       0.1495E-012
     12.1875    -17.5000       0.5463E-007
     12.1875    -16.2500       0.4466E-005
     12.1875    -15.0000       0.2748E-004
     12.1875    -13.7500       0.6552E-004
     12.1875    -12.5000       0.1128E-003
     12.1875    -11.2500       0.1703E-003
     12.1875    -10.0000       0.2356E-003
     12.1875     -8.7500       0.3098E-003
     12.1875     -7.5000       0.4075E-003
     12.1875     -6.2500       0.5528E-003
     12.1875     -5.0000       0.7656E-003
     12.1875     -3.7500       0.1043E-002
     12.1875     -2.5000       0.1331E-002
     12.1875     -1.2500       0.1536E-002
     12.1875      0.0000       0.1582E-002
     12.1875      1.2500       0.1448E-002
     12.1875      2.5000       0.1166E-002
     12.1875      3.7500       0.8303E-003
     12.1875      5.0000       0.5382E-003
     12.1875      6.2500       0.3375E-003
     12.1875      7.5000       0.2243E-003
     12.1875      8.7500       0.1747E-003
     12.1875     10.0000       0.1566E-003
     12.1875     11.2500       0.1423E-003
     12.1875     12.5000       0.1189E-003
     12.1875     13.7500       0.8281E-004
     12.1875     15.0000       0.3806E-004
     12.1875     16.2500       0.6339E-005
     12.1875     17.5000       0.7734E-007
     12.1875     18.7500       0.1466E-011

     13.1250    -20.0000       0.2394E-011
     13.1250    -18.7500       0.4905E-011
     13.1250    -17.5000       0.5675E-007
     13.1250    -16.2500       0.5260E-005
     13.1250    -15.0000       0.4001E-004
     13.1250    -13.7500       0.1253E-003
     13.1250    -12.5000       0.2646E-003
     13.1250    -11.2500       0.4387E-003
     13.1250    -10.0000       0.6165E-003
     13.1250     -8.7500       0.7773E-003
     13.1250     -7.5000       0.9115E-003
     13.1250     -6.2500       0.1032E-002
     13.1250     -5.0000       0.1152E-002
     13.1250     -3.7500       0.1261E-002
     13.1250     -2.5000       0.1312E-002
     13.1250     -1.2500       0.1266E-002
     13.1250      0.0000       0.1105E-002
     13.1250      1.2500       0.8454E-003
     13.1250      2.5000       0.5335E-003
     13.1250      3.7500       0.2532E-003
     13.1250      5.0000       0.7506E-004
     13.1250      6.2500       0.1223E-004
     13.1250      7.5000       0.4449E-004
     13.1250      8.7500       0.1379E-003
     13.1250     10.0000       0.2428E-003
     13.1250     11.2500       0.3061E-003
     13.1250     12.5000       0.2935E-003
     13.1250     13.7500       0.2072E-003
     13.1250     15.0000       0.9010E-004
     13.1250     16.2500       0.1414E-004
     13.1250     17.5000       0.1623E-006
     13.1250     18.7500       0.1019E-010

     14.0625    -20.0000       0.1114E-012
     14.0625    -18.7500       0.1358E-010
     14.0625    -17.5000       0.1348E-006
     14.0625    -16.2500       0.1244E-004
     14.0625    -15.0000       0.9315E-004
     14.0625    -13.7500       0.2739E-003
     14.0625    -12.5000       0.5219E-003
     14.0625    -11.2500       0.7707E-003
     14.0625    -10.0000       0.9636E-003
     14.0625     -8.7500       0.1083E-002
     14.0625     -7.5000       0.1122E-002
     14.0625     -6.2500       0.1102E-002
     14.0625     -5.0000       0.1039E-002
     14.0625     -3.7500       0.9292E-003
     14.0625     -2.5000       0.7627E-003
     14.0625     -1.2500       0.5601E-003
     14.0625      0.0000       0.3557E-003
     14.0625      1.2500       0.1806E-003
     14.0625      2.5000       0.6059E-004
     14.0625      3.7500       0.2170E-004
     14.0625      5.0000       0.6932E-004
     14.0625      6.2500       0.1847E-003
     14.0625      7.5000       0.3428E-003
     14.0625      8.7500       0.5081E-003
     14.0625     10.0000       0.6278E-003
     14.0625     11.2500       0.6515E-003
     14.0625     12.5000       0.5480E-003
     14.0625     13.7500       0.3475E-003
     14.0625     15.0000       0.1382E-003
     14.0625     16.2500       0.2043E-004
     14.0625     17.5000       0.2259E-006
     14.0625     18.7500       0.2459E-010

     15.0000    -20.0000       0.2503E-011
     15.0000    -18.7500       0.1615E-010
     15.0000    -17.5000       0.2194E-006
     15.0000    -16.2500       0.1961E-004
     15.0000    -15.0000       0.1397E-003
     15.0000    -13.7500       0.3791E-003
     15.0000    -12.5000       0.6560E-003
     15.0000    -11.2500       0.8715E-003
     15.0000    -10.0000       0.9689E-003
     15.0000     -8.7500       0.9556E-003
     15.0000     -7.5000       0.8534E-003
     15.0000     -6.2500       0.7011E-003
     15.0000     -5.0000       0.5262E-003
     15.0000     -3.7500       0.3423E-003
     15.0000     -2.5000       0.1694E-003
     15.0000     -1.2500       0.4508E-004
     15.0000      0.0000       0.4314E-011
     15.0000      1.2500       0.4510E-004
     15.0000      2.5000       0.1694E-003
     15.0000      3.7500       0.3423E-003
     15.0000      5.0000       0.5262E-003
     15.0000      6.2500       0.7011E-003
     15.0000      7.5000       0.8534E-003
     15.0000      8.7500       0.9556E-003
     15.0000     10.0000       0.9690E-003
     15.0000     11.2500       0.8714E-003
     15.0000     12.5000       0.6561E-003
     15.0000     13.7500       0.3791E-003
     15.0000     15.0000       0.1396E-003
     15.0000     16.2500       0.1963E-004
     15.0000     17.5000       0.2117E-006
     15.0000     18.7500       0.3783E-010

     15.9375    -20.0000       0.1118E-010
     15.9375    -18.7500       0.1210E-010
     15.9375    -17.5000       0.2355E-006
     15.9375    -16.2500       0.2042E-004
     15.9375    -15.0000       0.1382E-003
     15.9375    -13.7500       0.3476E-003
     15.9375    -12.5000       0.5479E-003
     15.9375    -11.2500       0.6516E-003
     15.9375    -10.0000       0.6277E-003
     15.9375     -8.7500       0.5082E-003
     15.9375     -7.5000       0.3428E-003
     15.9375     -6.2500       0.1847E-003
     15.9375     -5.0000       0.6933E-004
     15.9375     -3.7500       0.2166E-004
     15.9375     -2.5000       0.6064E-004
     15.9375     -1.2500       0.1805E-003
     15.9375      0.0000       0.3557E-003
     15.9375      1.2500       0.5600E-003
     15.9375      2.5000       0.7627E-003
     15.9375      3.7500       0.9292E-003
     15.9375      5.0000       0.1039E-002
     15.9375      6.2500       0.1102E-002
     15.9375      7.5000       0.1122E-002
     15.9375      8.7500       0.1083E-002
     15.9375     10.0000       0.9636E-003
     15.9375     11.2500       0.7707E-003
     15.9375     12.5000       0.5219E-003
     15.9375     13.7500       0.2739E-003
     15.9375     15.0000       0.9312E-004
     15.9375     16.2500       0.1245E-004
     15.9375     17.5000       0.1323E-006
     15.9375     18.7500       0.4288E-010

     16.8750    -20.0000       0.2221E-010
     16.8750    -18.7500       0.1047E-010
     16.8750    -17.5000       0.1687E-006
     16.8750    -16.2500       0.1413E-004
     16.8750    -15.0000       0.9009E-004
     16.8750    -13.7500       0.2072E-003
     16.8750    -12.5000       0.2934E-003
     16.8750    -11.2500       0.3062E-003
     16.8750    -10.0000       0.2427E-003
     16.8750     -8.7500       0.1380E-003
     16.8750     -7.5000       0.4444E-004
     16.8750     -6.2500       0.1225E-004
     16.8750     -5.0000       0.7507E-004
     16.8750     -3.7500       0.2532E-003
     16.8750     -2.5000       0.5335E-003
     16.8750     -1.2500       0.8454E-003
     16.8750      0.0000       0.1105E-002
     16.8750      1.2500       0.1266E-002
     16.8750      2.5000       0.1312E-002
     16.8750      3.7500       0.1261E-002
     16.8750      5.0000       0.1152E-002
     16.8750      6.2500       0.1032E-002
     16.8750      7.5000       0.9115E-003
     16.8750      8.7500       0.7774E-003
     16.8750     10.0000       0.6164E-003
     16.8750     11.2500       0.4387E-003
     16.8750     12.5000       0.2646E-003
     16.8750     13.7500       0.1254E-003
     16.8750     15.0000       0.3999E-004
     16.8750     16.2500       0.5263E-005
     16.8750     17.5000       0.5843E-007
     16.8750     18.7500       0.3770E-010

     17.8125    -20.0000       0.2870E-010
     17.8125    -18.7500       0.2050E-010
     17.8125    -17.5000       0.7856E-007
     17.8125    -16.2500       0.6337E-005
     17.8125    -15.0000       0.3806E-004
     17.8125    -13.7500       0.8282E-004
     17.8125    -12.5000       0.1188E-003
     17.8125    -11.2500       0.1423E-003
     17.8125    -10.0000       0.1566E-003
     17.8125     -8.7500       0.1747E-003
     17.8125     -7.5000       0.2243E-003
     17.8125     -6.2500       0.3375E-003
     17.8125     -5.0000       0.5382E-003
     17.8125     -3.7500       0.8303E-003
     17.8125     -2.5000       0.1166E-002
     17.8125     -1.2500       0.1448E-002
     17.8125      0.0000       0.1582E-002
     17.8125      1.2500       0.1536E-002
     17.8125      2.5000       0.1331E-002
     17.8125      3.7500       0.1043E-002
     17.8125      5.0000       0.7656E-003
     17.8125      6.2500       0.5528E-003
     17.8125      7.5000       0.4075E-003
     17.8125      8.7500       0.3098E-003
     17.8125     10.0000       0.2356E-003
     17.8125     11.2500       0.1703E-003
     17.8125     12.5000       0.1127E-003
     17.8125     13.7500       0.6553E-004
     17.8125     15.0000       0.2748E-004
     17.8125     16.2500       0.4465E-005
     17.8125     17.5000       0.5569E-007
     17.8125     18.7500       0.2644E-010

     18.7500    -20.0000       0.2625E-010
     18.7500    -18.7500       0.4161E-010
     18.7500    -17.5000       0.4507E-007
     18.7500    -16.2500       0.3972E-005
     18.7500    -15.0000       0.2838E-004
     18.7500    -13.7500       0.8497E-004
     18.7500    -12.5000       0.1795E-003
     18.7500    -11.2500       0.3059E-003
     18.7500    -10.0000       0.4460E-003
     18.7500     -8.7500       0.5856E-003
     18.7500     -7.5000       0.7220E-003
     18.7500     -6.2500       0.8704E-003
     18.7500     -5.0000       0.1046E-002
     18.7500     -3.7500       0.1240E-002
     18.7500     -2.5000       0.1397E-002
     18.7500     -1.2500       0.1453E-002
     18.7500      0.0000       0.1364E-002
     18.7500      1.2500       0.1132E-002
     18.7500      2.5000       0.8017E-003
     18.7500      3.7500       0.4689E-003
     18.7500      5.0000       0.2222E-003
     18.7500      6.2500       0.9005E-004
     18.7500      7.5000       0.5817E-004
     18.7500      8.7500       0.9603E-004
     18.7500     10.0000       0.1599E-003
     18.7500     11.2500       0.2045E-003
     18.7500     12.5000       0.2016E-003
     18.7500     13.7500       0.1476E-003
     18.7500     15.0000       0.6672E-004
     18.7500     16.2500       0.1076E-004
     18.7500     17.5000       0.1266E-006
     18.7500     18.7500       0.1587E-010

     19.6875    -20.0000       0.1655E-010
     19.6875    -18.7500       0.6194E-010
     19.6875    -17.5000       0.9802E-007
     19.6875    -16.2500       0.9133E-005
     19.6875    -15.0000       0.6965E-004
     19.6875    -13.7500       0.2118E-003
     19.6875    -12.5000       0.4213E-003
     19.6875    -11.2500       0.6513E-003
     19.6875    -10.0000       0.8533E-003
     19.6875     -8.7500       0.1005E-002
     19.6875     -7.5000       0.1095E-002
     19.6875     -6.2500       0.1138E-002
     19.6875     -5.0000       0.1148E-002
     19.6875     -3.7500       0.1119E-002
     19.6875     -2.5000       0.1022E-002
     19.6875     -1.2500       0.8575E-003
     19.6875      0.0000       0.6440E-003
     19.6875      1.2500       0.4102E-003
     19.6875      2.5000       0.1943E-003
     19.6875      3.7500       0.4847E-004
     19.6875      5.0000       0.5062E-005
     19.6875      6.2500       0.5556E-004
     19.6875      7.5000       0.1748E-003
     19.6875      8.7500       0.3266E-003
     19.6875     10.0000       0.4569E-003
     19.6875     11.2500       0.5107E-003
     19.6875     12.5000       0.4520E-003
     19.6875     13.7500       0.2987E-003
     19.6875     15.0000       0.1228E-003
     19.6875     16.2500       0.1856E-004
     19.6875     17.5000       0.2081E-006
     19.6875     18.7500       0.1013E-010

     20.6250    -20.0000       0.5958E-011
     20.6250    -18.7500       0.6726E-010
     20.6250    -17.5000       0.1903E-006
     20.6250    -16.2500       0.1723E-004
     20.6250    -15.0000       0.1252E-003
     20.6250    -13.7500       0.3504E-003
     20.6250    -12.5000       0.6293E-003
     20.6250    -11.2500       0.8714E-003
     20.6250    -10.0000       0.1017E-002
     20.6250     -8.7500       0.1060E-002
     20.6250     -7.5000       0.1012E-002
     20.6250     -6.2500       0.9022E-003
     20.6250     -5.0000       0.7540E-003
     20.6250     -3.7500       0.5740E-003
     20.6250     -2.5000       0.3726E-003
     20.6250     -1.2500       0.1882E-003
     20.6250      0.0000       0.6096E-004
     20.6250      1.2500       0.1342E-004
     20.6250      2.5000       0.4918E-004
     20.6250      3.7500       0.1562E-003
     20.6250      5.0000       0.3078E-003
     20.6250      6.2500       0.4801E-003
     20.6250      7.5000       0.6534E-003
     20.6250      8.7500       0.7960E-003
     20.6250     10.0000       0.8621E-003
     20.6250     11.2500       0.8166E-003
     20.6250     12.5000       0.6413E-003
     20.6250     13.7500       0.3843E-003
     20.6250     15.0000       0.1459E-003
     20.6250     16.2500       0.2092E-004
     20.6250     17.5000       0.2278E-006
     20.6250     18.7500       0.8273E-011

     21.5625    -20.0000       0.4252E-012
     21.5625    -18.7500       0.5269E-010
     21.5625    -17.5000       0.2398E-006
     21.5625    -16.2500       0.2107E-004
     21.5625    -15.0000       0.1456E-003
     21.5625    -13.7500       0.3778E-003
     21.5625    -12.5000       0.6188E-003
     21.5625    -11.2500       0.7709E-003
     21.5625    -10.0000       0.7910E-003
     21.5625     -8.7500       0.7030E-003
     21.5625     -7.5000       0.5471E-003
     21.5625     -6.2500       0.3728E-003
     21.5625     -5.0000       0.2128E-003
     21.5625     -3.7500       0.8949E-004
     21.5625     -2.5000       0.2660E-004
     21.5625     -1.2500       0.4156E-004
     21.5625      0.0000       0.1350E-003
     21.5625      1.2500       0.2953E-003
     21.5625      2.5000       0.4959E-003
     21.5625      3.7500       0.6960E-003
     21.5625      5.0000       0.8606E-003
     21.5625      6.2500       0.9855E-003
     21.5625      7.5000       0.1068E-002
     21.5625      8.7500       0.1087E-002
     21.5625     10.0000       0.1015E-002
     21.5625     11.2500       0.8504E-003
     21.5625     12.5000       0.6014E-003
     21.5625     13.7500       0.3286E-003
     21.5625     15.0000       0.1155E-003
     21.5625     16.2500       0.1576E-004
     21.5625     17.5000       0.1681E-006
     21.5625     18.7500       0.6570E-011

     22.5000    -20.0000       0.9962E-012
     22.5000    -18.7500       0.2712E-010
     22.5000    -17.5000       0.2025E-006
     22.5000    -16.2500       0.1724E-004
     22.5000    -15.0000       0.1128E-003
     22.5000    -13.7500       0.2695E-003
     22.5000    -12.5000       0.3990E-003
     22.5000    -11.2500       0.4390E-003
     22.5000    -10.0000       0.3768E-003
     22.5000     -8.7500       0.2497E-003
     22.5000     -7.5000       0.1127E-003
     22.5000     -6.2500       0.1971E-004
     22.5000     -5.0000       0.6270E-005
     22.5000     -3.7500       0.9658E-004
     22.5000     -2.5000       0.2927E-003
     22.5000     -1.2500       0.5484E-003
     22.5000      0.0000       0.7998E-003
     22.5000      1.2500       0.1004E-002
     22.5000      2.5000       0.1136E-002
     22.5000      3.7500       0.1187E-002
     22.5000      5.0000       0.1172E-002
     22.5000      6.2500       0.1123E-002
     22.5000      7.5000       0.1051E-002
     22.5000      8.7500       0.9414E-003
     22.5000     10.0000       0.7810E-003
     22.5000     11.2500       0.5823E-003
     22.5000     12.5000       0.3678E-003
     22.5000     13.7500       0.1809E-003
     22.5000     15.0000       0.5858E-004
     22.5000     16.2500       0.7648E-005
     22.5000     17.5000       0.8201E-007
     22.5000     18.7500       0.3060E-011

     23.4375    -20.0000       0.3805E-011
     23.4375    -18.7500       0.6219E-011
     23.4375    -17.5000       0.1115E-006
     23.4375    -16.2500       0.9139E-005
     23.4375    -15.0000       0.5589E-004
     23.4375    -13.7500       0.1218E-003
     23.4375    -12.5000       0.1652E-003
     23.4375    -11.2500       0.1704E-003
     23.4375    -10.0000       0.1419E-003
     23.4375     -8.7500       0.1037E-003
     23.4375     -7.5000       0.9554E-004
     23.4375     -6.2500       0.1577E-003
     23.4375     -5.0000       0.3185E-003
     23.4375     -3.7500       0.5889E-003
     23.4375     -2.5000       0.9333E-003
     23.4375     -1.2500       0.1257E-002
     23.4375      0.0000       0.1463E-002
     23.4375      1.2500       0.1509E-002
     23.4375      2.5000       0.1401E-002
     23.4375      3.7500       0.1194E-002
     23.4375      5.0000       0.9660E-003
     23.4375      6.2500       0.7709E-003
     23.4375      7.5000       0.6172E-003
     23.4375      8.7500       0.4884E-003
     23.4375     10.0000       0.3668E-003
     23.4375     11.2500       0.2502E-003
     23.4375     12.5000       0.1479E-003
     23.4375     13.7500       0.7256E-004
     23.4375     15.0000       0.2576E-004
     23.4375     16.2500       0.3807E-005
     23.4375     17.5000       0.4603E-007
     23.4375     18.7500       0.1325E-012

     24.3750    -20.0000       0.4304E-011
     24.3750    -18.7500       0.2066E-012
     24.3750    -17.5000       0.4769E-007
     24.3750    -16.2500       0.3974E-005
     24.3750    -15.0000       0.2547E-004
     24.3750    -13.7500       0.6596E-004
     24.3750    -12.5000       0.1254E-003
     24.3750    -11.2500       0.2043E-003
     24.3750    -10.0000       0.2958E-003
     24.3750     -8.7500       0.3953E-003
     24.3750     -7.5000       0.5110E-003
     24.3750     -6.2500       0.6636E-003
     24.3750     -5.0000       0.8712E-003
     24.3750     -3.7500       0.1128E-002
     24.3750     -2.5000       0.1379E-002
     24.3750     -1.2500       0.1538E-002
     24.3750      0.0000       0.1537E-002
     24.3750      1.2500       0.1363E-002
     24.3750      2.5000       0.1056E-002
     24.3750      3.7500       0.7109E-003
     24.3750      5.0000       0.4253E-003
     24.3750      6.2500       0.2412E-003
     24.3750      7.5000       0.1517E-003
     24.3750      8.7500       0.1302E-003
     24.3750     10.0000       0.1409E-003
     24.3750     11.2500       0.1494E-003
     24.3750     12.5000       0.1373E-003
     24.3750     13.7500       0.9989E-004
     24.3750     15.0000       0.4622E-004
     24.3750     16.2500       0.7648E-005
     24.3750     17.5000       0.9208E-007
     24.3750     18.7500       0.2570E-011

     25.3125    -20.0000       0.1789E-011
     25.3125    -18.7500       0.6724E-011
     25.3125    -17.5000       0.6779E-007
     25.3125    -16.2500       0.6334E-005
     25.3125    -15.0000       0.4859E-004
     25.3125    -13.7500       0.1517E-003
     25.3125    -12.5000       0.3149E-003
     25.3125    -11.2500       0.5105E-003
     25.3125    -10.0000       0.7011E-003
     25.3125     -8.7500       0.8645E-003
     25.3125     -7.5000       0.9890E-003
     25.3125     -6.2500       0.1087E-002
     25.3125     -5.0000       0.1173E-002
     25.3125     -3.7500       0.1235E-002
     25.3125     -2.5000       0.1234E-002
     25.3125     -1.2500       0.1142E-002
     25.3125      0.0000       0.9556E-003
     25.3125      1.2500       0.6954E-003
     25.3125      2.5000       0.4072E-003
     25.3125      3.7500       0.1657E-003
     25.3125      5.0000       0.2989E-004
     25.3125      6.2500       0.5058E-005
     25.3125      7.5000       0.6874E-004
     25.3125      8.7500       0.1859E-003
     25.3125     10.0000       0.3046E-003
     25.3125     11.2500       0.3698E-003
     25.3125     12.5000       0.3456E-003
     25.3125     13.7500       0.2386E-003
     25.3125     15.0000       0.1018E-003
     25.3125     16.2500       0.1576E-004
     25.3125     17.5000       0.1792E-006
     25.3125     18.7500       0.1278E-010

     26.2500    -20.0000       0.8926E-013
     26.2500    -18.7500       0.1477E-010
     26.2500    -17.5000       0.1540E-006
     26.2500    -16.2500       0.1412E-004
     26.2500    -15.0000       0.1047E-003
     26.2500    -13.7500       0.3027E-003
     26.2500    -12.5000       0.5652E-003
     26.2500    -11.2500       0.8164E-003
     26.2500    -10.0000       0.9976E-003
     26.2500     -8.7500       0.1094E-002
     26.2500     -7.5000       0.1105E-002
     26.2500     -6.2500       0.1053E-002
     26.2500     -5.0000       0.9567E-003
     26.2500     -3.7500       0.8160E-003
     26.2500     -2.5000       0.6277E-003
     26.2500     -1.2500       0.4209E-003
     26.2500      0.0000       0.2345E-003
     26.2500      1.2500       0.9803E-004
     26.2500      2.5000       0.3041E-004
     26.2500      3.7500       0.4411E-004
     26.2500      5.0000       0.1323E-003
     26.2500      6.2500       0.2730E-003
     26.2500      7.5000       0.4423E-003
     26.2500      8.7500       0.6057E-003
     26.2500     10.0000       0.7121E-003
     26.2500     11.2500       0.7151E-003
     26.2500     12.5000       0.5873E-003
     26.2500     13.7500       0.3653E-003
     26.2500     15.0000       0.1430E-003
     26.2500     16.2500       0.2092E-004
     26.2500     17.5000       0.2300E-006
     26.2500     18.7500       0.2759E-010

     27.1875    -20.0000       0.3784E-011
     27.1875    -18.7500       0.1568E-010
     27.1875    -17.5000       0.2297E-006
     27.1875    -16.2500       0.2041E-004
     27.1875    -15.0000       0.1439E-003
     27.1875    -13.7500       0.3848E-003
     27.1875    -12.5000       0.6538E-003
     27.1875    -11.2500       0.8506E-003
     27.1875    -10.0000       0.9221E-003
     27.1875     -8.7500       0.8813E-003
     27.1875     -7.5000       0.7567E-003
     27.1875     -6.2500       0.5910E-003
     27.1875     -5.0000       0.4137E-003
     27.1875     -3.7500       0.2415E-003
     27.1875     -2.5000       0.9743E-004
     27.1875     -1.2500       0.1458E-004
     27.1875      0.0000       0.1539E-004
     27.1875      1.2500       0.1037E-003
     27.1875      2.5000       0.2623E-003
     27.1875      3.7500       0.4546E-003
     27.1875      5.0000       0.6411E-003
     27.1875      6.2500       0.8061E-003
     27.1875      7.5000       0.9396E-003
     27.1875      8.7500       0.1016E-002
     27.1875     10.0000       0.1001E-002
     27.1875     11.2500       0.8785E-003
     27.1875     12.5000       0.6478E-003
     27.1875     13.7500       0.3675E-003
     27.1875     15.0000       0.1333E-003
     27.1875     16.2500       0.1856E-004
     27.1875     17.5000       0.1993E-006
     27.1875     18.7500       0.3966E-010

     28.1250    -20.0000       0.1341E-010
     28.1250    -18.7500       0.1121E-010
     28.1250    -17.5000       0.2277E-006
     28.1250    -16.2500       0.1962E-004
     28.1250    -15.0000       0.1314E-003
     28.1250    -13.7500       0.3250E-003
     28.1250    -12.5000       0.5022E-003
     28.1250    -11.2500       0.5826E-003
     28.1250    -10.0000       0.5415E-003
     28.1250     -8.7500       0.4140E-003
     28.1250     -7.5000       0.2524E-003
     28.1250     -6.2500       0.1113E-003
     28.1250     -5.0000       0.2637E-004
     28.1250     -3.7500       0.2313E-004
     28.1250     -2.5000       0.1160E-003
     28.1250     -1.2500       0.2859E-003
     28.1250      0.0000       0.4940E-003
     28.1250      1.2500       0.7075E-003
     28.1250      2.5000       0.8958E-003
     28.1250      3.7500       0.1031E-002
     28.1250      5.0000       0.1103E-002
     28.1250      6.2500       0.1130E-002
     28.1250      7.5000       0.1119E-002
     28.1250      8.7500       0.1053E-002
     28.1250     10.0000       0.9149E-003
     28.1250     11.2500       0.7150E-003
     28.1250     12.5000       0.4733E-003
     28.1250     13.7500       0.2432E-003
     28.1250     15.0000       0.8129E-004
     28.1250     16.2500       0.1076E-004
     28.1250     17.5000       0.1145E-006
     28.1250     18.7500       0.4261E-010

     29.0625    -20.0000       0.2408E-010
     29.0625    -18.7500       0.1137E-010
     29.0625    -17.5000       0.1498E-006
     29.0625    -16.2500       0.1244E-004
     29.0625    -15.0000       0.7826E-004
     29.0625    -13.7500       0.1765E-003
     29.0625    -12.5000       0.2448E-003
     29.0625    -11.2500       0.2504E-003
     29.0625    -10.0000       0.1939E-003
     29.0625     -8.7500       0.1077E-003
     29.0625     -7.5000       0.4087E-004
     29.0625     -6.2500       0.4095E-004
     29.0625     -5.0000       0.1400E-003
     29.0625     -3.7500       0.3555E-003
     29.0625     -2.5000       0.6667E-003
     29.0625     -1.2500       0.9927E-003
     29.0625      0.0000       0.1243E-002
     29.0625      1.2500       0.1371E-002
     29.0625      2.5000       0.1367E-002
     29.0625      3.7500       0.1262E-002
     29.0625      5.0000       0.1109E-002
     29.0625      6.2500       0.9585E-003
     29.0625      7.5000       0.8213E-003
     29.0625      8.7500       0.6832E-003
     29.0625     10.0000       0.5303E-003
     29.0625     11.2500       0.3697E-003
     29.0625     12.5000       0.2188E-003
     29.0625     13.7500       0.1028E-003
     29.0625     15.0000       0.3317E-004
     29.0625     16.2500       0.4465E-005
     29.0625     17.5000       0.5097E-007
     29.0625     18.7500       0.3572E-010

