    -30.0000    -20.0000       0.3298E-010
    -30.0000    -18.7500       0.6871E-011
    -30.0000    -17.5000       0.1804E-006
    -30.0000    -16.2500       0.1570E-004
    -30.0000    -15.0000       0.1086E-003
    -30.0000    -13.7500       0.2911E-003
    -30.0000    -12.5000       0.5227E-003
    -30.0000    -11.2500       0.7474E-003
    -30.0000    -10.0000       0.8895E-003
    -30.0000     -8.7500       0.9037E-003
    -30.0000     -7.5000       0.8060E-003
    -30.0000     -6.2500       0.6423E-003
    -30.0000     -5.0000       0.4713E-003
    -30.0000     -3.7500       0.3512E-003
    -30.0000     -2.5000       0.3159E-003
    -30.0000     -1.2500       0.3393E-003
    -30.0000      0.0000       0.3576E-003
    -30.0000      1.2500       0.3393E-003
    -30.0000      2.5000       0.3159E-003
    -30.0000      3.7500       0.3512E-003
    -30.0000      5.0000       0.4713E-003
    -30.0000      6.2500       0.6423E-003
    -30.0000      7.5000       0.8060E-003
    -30.0000      8.7500       0.9037E-003
    -30.0000     10.0000       0.8895E-003
    -30.0000     11.2500       0.7474E-003
    -30.0000     12.5000       0.5227E-003
    -30.0000     13.7500       0.2911E-003
    -30.0000     15.0000       0.1086E-003
    -30.0000     16.2500       0.1570E-004
    -30.0000     17.5000       0.1804E-006
    -30.0000     18.7500       0.6870E-011

    -29.0625    -20.0000       0.2676E-010
    -29.0625    -18.7500       0.1087E-010
    -29.0625    -17.5000       0.3231E-007
    -29.0625    -16.2500       0.2717E-005
    -29.0625    -15.0000       0.1838E-004
    -29.0625    -13.7500       0.4817E-004
    -29.0625    -12.5000       0.8609E-004
    -29.0625    -11.2500       0.1229E-003
    -29.0625    -10.0000       0.1434E-003
    -29.0625     -8.7500       0.1385E-003
    -29.0625     -7.5000       0.1126E-003
    -29.0625     -6.2500       0.7803E-004
    -29.0625     -5.0000       0.5349E-004
    -29.0625     -3.7500       0.5976E-004
    -29.0625     -2.5000       0.1095E-003
    -29.0625     -1.2500       0.1916E-003
    -29.0625      0.0000       0.2781E-003
    -29.0625      1.2500       0.3632E-003
    -29.0625      2.5000       0.4792E-003
    -29.0625      3.7500       0.6778E-003
    -29.0625      5.0000       0.9659E-003
    -29.0625      6.2500       0.1286E-002
    -29.0625      7.5000       0.1557E-002
    -29.0625      8.7500       0.1703E-002
    -29.0625     10.0000       0.1651E-002
    -29.0625     11.2500       0.1380E-002
    -29.0625     12.5000       0.9642E-003
    -29.0625     13.7500       0.5363E-003
    -29.0625     15.0000       0.1986E-003
    -29.0625     16.2500       0.2855E-004
    -29.0625     17.5000       0.3295E-006
    -29.0625     18.7500       0.1234E-011

    -28.1250    -20.0000       0.1315E-010
    -28.1250    -18.7500       0.1437E-010
    -28.1250    -17.5000       0.1256E-007
    -28.1250    -16.2500       0.1145E-005
    -28.1250    -15.0000       0.8304E-005
    -28.1250    -13.7500       0.2360E-004
    -28.1250    -12.5000       0.4321E-004
    -28.1250    -11.2500       0.6245E-004
    -28.1250    -10.0000       0.7836E-004
    -28.1250     -8.7500       0.8930E-004
    -28.1250     -7.5000       0.9508E-004
    -28.1250     -6.2500       0.9559E-004
    -28.1250     -5.0000       0.8499E-004
    -28.1250     -3.7500       0.6272E-004
    -28.1250     -2.5000       0.4368E-004
    -28.1250     -1.2500       0.5124E-004
    -28.1250      0.0000       0.1104E-003
    -28.1250      1.2500       0.2419E-003
    -28.1250      2.5000       0.4544E-003
    -28.1250      3.7500       0.7494E-003
    -28.1250      5.0000       0.1098E-002
    -28.1250      6.2500       0.1437E-002
    -28.1250      7.5000       0.1699E-002
    -28.1250      8.7500       0.1828E-002
    -28.1250     10.0000       0.1753E-002
    -28.1250     11.2500       0.1459E-002
    -28.1250     12.5000       0.1019E-002
    -28.1250     13.7500       0.5660E-003
    -28.1250     15.0000       0.2086E-003
    -28.1250     16.2500       0.2985E-004
    -28.1250     17.5000       0.3455E-006
    -28.1250     18.7500       0.3122E-012

    -27.1875    -20.0000       0.3427E-011
    -27.1875    -18.7500       0.1707E-010
    -27.1875    -17.5000       0.1386E-006
    -27.1875    -16.2500       0.1238E-004
    -27.1875    -15.0000       0.8732E-004
    -27.1875    -13.7500       0.2393E-003
    -27.1875    -12.5000       0.4324E-003
    -27.1875    -11.2500       0.6201E-003
    -27.1875    -10.0000       0.7525E-003
    -27.1875     -8.7500       0.8002E-003
    -27.1875     -7.5000       0.7690E-003
    -27.1875     -6.2500       0.6794E-003
    -27.1875     -5.0000       0.5377E-003
    -27.1875     -3.7500       0.3574E-003
    -27.1875     -2.5000       0.1770E-003
    -27.1875     -1.2500       0.4298E-004
    -27.1875      0.0000       0.3430E-005
    -27.1875      1.2500       0.8334E-004
    -27.1875      2.5000       0.2635E-003
    -27.1875      3.7500       0.5027E-003
    -27.1875      5.0000       0.7513E-003
    -27.1875      6.2500       0.9630E-003
    -27.1875      7.5000       0.1107E-002
    -27.1875      8.7500       0.1168E-002
    -27.1875     10.0000       0.1106E-002
    -27.1875     11.2500       0.9153E-003
    -27.1875     12.5000       0.6381E-003
    -27.1875     13.7500       0.3539E-003
    -27.1875     15.0000       0.1296E-003
    -27.1875     16.2500       0.1844E-004
    -27.1875     17.5000       0.2142E-006
    -27.1875     18.7500       0.1942E-011

    -26.2500    -20.0000       0.5107E-011
    -26.2500    -18.7500       0.1874E-010
    -26.2500    -17.5000       0.2984E-006
    -26.2500    -16.2500       0.2643E-004
    -26.2500    -15.0000       0.1851E-003
    -26.2500    -13.7500       0.5032E-003
    -26.2500    -12.5000       0.9068E-003
    -26.2500    -11.2500       0.1299E-002
    -26.2500    -10.0000       0.1564E-002
    -26.2500     -8.7500       0.1637E-002
    -26.2500     -7.5000       0.1533E-002
    -26.2500     -6.2500       0.1309E-002
    -26.2500     -5.0000       0.1008E-002
    -26.2500     -3.7500       0.6816E-003
    -26.2500     -2.5000       0.3908E-003
    -26.2500     -1.2500       0.1742E-003
    -26.2500      0.0000       0.5242E-004
    -26.2500      1.2500       0.2837E-004
    -26.2500      2.5000       0.7617E-004
    -26.2500      3.7500       0.1564E-003
    -26.2500      5.0000       0.2324E-003
    -26.2500      6.2500       0.2828E-003
    -26.2500      7.5000       0.3053E-003
    -26.2500      8.7500       0.3071E-003
    -26.2500     10.0000       0.2818E-003
    -26.2500     11.2500       0.2301E-003
    -26.2500     12.5000       0.1598E-003
    -26.2500     13.7500       0.8824E-004
    -26.2500     15.0000       0.3178E-004
    -26.2500     16.2500       0.4465E-005
    -26.2500     17.5000       0.5237E-007
    -26.2500     18.7500       0.4217E-011

    -25.3125    -20.0000       0.1555E-010
    -25.3125    -18.7500       0.1890E-010
    -25.3125    -17.5000       0.3500E-006
    -25.3125    -16.2500       0.3082E-004
    -25.3125    -15.0000       0.2148E-003
    -25.3125    -13.7500       0.5809E-003
    -25.3125    -12.5000       0.1045E-002
    -25.3125    -11.2500       0.1496E-002
    -25.3125    -10.0000       0.1794E-002
    -25.3125     -8.7500       0.1857E-002
    -25.3125     -7.5000       0.1710E-002
    -25.3125     -6.2500       0.1426E-002
    -25.3125     -5.0000       0.1079E-002
    -25.3125     -3.7500       0.7473E-003
    -25.3125     -2.5000       0.4951E-003
    -25.3125     -1.2500       0.3282E-003
    -25.3125      0.0000       0.2138E-003
    -25.3125      1.2500       0.1259E-003
    -25.3125      2.5000       0.5891E-004
    -25.3125      3.7500       0.1856E-004
    -25.3125      5.0000       0.3026E-005
    -25.3125      6.2500       0.1930E-005
    -25.3125      7.5000       0.6791E-005
    -25.3125      8.7500       0.1216E-004
    -25.3125     10.0000       0.1495E-004
    -25.3125     11.2500       0.1341E-004
    -25.3125     12.5000       0.9419E-005
    -25.3125     13.7500       0.5283E-005
    -25.3125     15.0000       0.2164E-005
    -25.3125     16.2500       0.3452E-006
    -25.3125     17.5000       0.3736E-008
    -25.3125     18.7500       0.7282E-011

    -24.3750    -20.0000       0.2457E-010
    -24.3750    -18.7500       0.1705E-010
    -24.3750    -17.5000       0.2475E-006
    -24.3750    -16.2500       0.2163E-004
    -24.3750    -15.0000       0.1500E-003
    -24.3750    -13.7500       0.4036E-003
    -24.3750    -12.5000       0.7253E-003
    -24.3750    -11.2500       0.1037E-002
    -24.3750    -10.0000       0.1238E-002
    -24.3750     -8.7500       0.1267E-002
    -24.3750     -7.5000       0.1143E-002
    -24.3750     -6.2500       0.9270E-003
    -24.3750     -5.0000       0.6879E-003
    -24.3750     -3.7500       0.4964E-003
    -24.3750     -2.5000       0.3973E-003
    -24.3750     -1.2500       0.3682E-003
    -24.3750      0.0000       0.3440E-003
    -24.3750      1.2500       0.2892E-003
    -24.3750      2.5000       0.2272E-003
    -24.3750      3.7500       0.2120E-003
    -24.3750      5.0000       0.2679E-003
    -24.3750      6.2500       0.3711E-003
    -24.3750      7.5000       0.4785E-003
    -24.3750      8.7500       0.5465E-003
    -24.3750     10.0000       0.5438E-003
    -24.3750     11.2500       0.4588E-003
    -24.3750     12.5000       0.3211E-003
    -24.3750     13.7500       0.1789E-003
    -24.3750     15.0000       0.6708E-004
    -24.3750     16.2500       0.9744E-005
    -24.3750     17.5000       0.1116E-006
    -24.3750     18.7500       0.1268E-010

    -23.4375    -20.0000       0.2370E-010
    -23.4375    -18.7500       0.1317E-010
    -23.4375    -17.5000       0.8190E-007
    -23.4375    -16.2500       0.7044E-005
    -23.4375    -15.0000       0.4831E-004
    -23.4375    -13.7500       0.1285E-003
    -23.4375    -12.5000       0.2302E-003
    -23.4375    -11.2500       0.3289E-003
    -23.4375    -10.0000       0.3886E-003
    -23.4375     -8.7500       0.3874E-003
    -23.4375     -7.5000       0.3343E-003
    -23.4375     -6.2500       0.2538E-003
    -23.4375     -5.0000       0.1809E-003
    -23.4375     -3.7500       0.1514E-003
    -23.4375     -2.5000       0.1842E-003
    -23.4375     -1.2500       0.2586E-003
    -23.4375      0.0000       0.3275E-003
    -23.4375      1.2500       0.3731E-003
    -23.4375      2.5000       0.4312E-003
    -23.4375      3.7500       0.5643E-003
    -23.4375      5.0000       0.7907E-003
    -23.4375      6.2500       0.1061E-002
    -23.4375      7.5000       0.1299E-002
    -23.4375      8.7500       0.1433E-002
    -23.4375     10.0000       0.1396E-002
    -23.4375     11.2500       0.1169E-002
    -23.4375     12.5000       0.8170E-003
    -23.4375     13.7500       0.4546E-003
    -23.4375     15.0000       0.1688E-003
    -23.4375     16.2500       0.2430E-004
    -23.4375     17.5000       0.2801E-006
    -23.4375     18.7500       0.2100E-010

    -22.5000    -20.0000       0.1384E-010
    -22.5000    -18.7500       0.8130E-011
    -22.5000    -17.5000       0.5494E-009
    -22.5000    -16.2500       0.1770E-007
    -22.5000    -15.0000       0.6507E-007
    -22.5000    -13.7500       0.1871E-006
    -22.5000    -12.5000       0.4780E-006
    -22.5000    -11.2500       0.8717E-006
    -22.5000    -10.0000       0.1381E-005
    -22.5000     -8.7500       0.1967E-005
    -22.5000     -7.5000       0.3116E-005
    -22.5000     -6.2500       0.5596E-005
    -22.5000     -5.0000       0.9574E-005
    -22.5000     -3.7500       0.1917E-004
    -22.5000     -2.5000       0.4520E-004
    -22.5000     -1.2500       0.9678E-004
    -22.5000      0.0000       0.1788E-003
    -22.5000      1.2500       0.3031E-003
    -22.5000      2.5000       0.4898E-003
    -22.5000      3.7500       0.7624E-003
    -22.5000      5.0000       0.1107E-002
    -22.5000      6.2500       0.1458E-002
    -22.5000      7.5000       0.1739E-002
    -22.5000      8.7500       0.1884E-002
    -22.5000     10.0000       0.1815E-002
    -22.5000     11.2500       0.1513E-002
    -22.5000     12.5000       0.1056E-002
    -22.5000     13.7500       0.5872E-003
    -22.5000     15.0000       0.2168E-003
    -22.5000     16.2500       0.3108E-004
    -22.5000     17.5000       0.3594E-006
    -22.5000     18.7500       0.3006E-010

    -21.5625    -20.0000       0.4400E-011
    -21.5625    -18.7500       0.3537E-011
    -21.5625    -17.5000       0.7567E-007
    -21.5625    -16.2500       0.6802E-005
    -21.5625    -15.0000       0.4823E-004
    -21.5625    -13.7500       0.1330E-003
    -21.5625    -12.5000       0.2409E-003
    -21.5625    -11.2500       0.3459E-003
    -21.5625    -10.0000       0.4222E-003
    -21.5625     -8.7500       0.4547E-003
    -21.5625     -7.5000       0.4457E-003
    -21.5625     -6.2500       0.4040E-003
    -21.5625     -5.0000       0.3267E-003
    -21.5625     -3.7500       0.2175E-003
    -21.5625     -2.5000       0.1040E-003
    -21.5625     -1.2500       0.2663E-004
    -21.5625      0.0000       0.3013E-004
    -21.5625      1.2500       0.1414E-003
    -21.5625      2.5000       0.3509E-003
    -21.5625      3.7500       0.6306E-003
    -21.5625      5.0000       0.9358E-003
    -21.5625      6.2500       0.1211E-002
    -21.5625      7.5000       0.1410E-002
    -21.5625      8.7500       0.1500E-002
    -21.5625     10.0000       0.1429E-002
    -21.5625     11.2500       0.1186E-002
    -21.5625     12.5000       0.8274E-003
    -21.5625     13.7500       0.4593E-003
    -21.5625     15.0000       0.1686E-003
    -21.5625     16.2500       0.2406E-004
    -21.5625     17.5000       0.2791E-006
    -21.5625     18.7500       0.3562E-010

    -20.6250    -20.0000       0.4809E-011
    -20.6250    -18.7500       0.9862E-012
    -20.6250    -17.5000       0.2405E-006
    -20.6250    -16.2500       0.2136E-004
    -20.6250    -15.0000       0.1500E-003
    -20.6250    -13.7500       0.4086E-003
    -20.6250    -12.5000       0.7371E-003
    -20.6250    -11.2500       0.1056E-002
    -20.6250    -10.0000       0.1275E-002
    -20.6250     -8.7500       0.1341E-002
    -20.6250     -7.5000       0.1267E-002
    -20.6250     -6.2500       0.1093E-002
    -20.6250     -5.0000       0.8496E-003
    -20.6250     -3.7500       0.5698E-003
    -20.6250     -2.5000       0.3082E-003
    -20.6250     -1.2500       0.1105E-003
    -20.6250      0.0000       0.1363E-004
    -20.6250      1.2500       0.3163E-004
    -20.6250      2.5000       0.1378E-003
    -20.6250      3.7500       0.2857E-003
    -20.6250      5.0000       0.4295E-003
    -20.6250      6.2500       0.5383E-003
    -20.6250      7.5000       0.6019E-003
    -20.6250      8.7500       0.6216E-003
    -20.6250     10.0000       0.5808E-003
    -20.6250     11.2500       0.4779E-003
    -20.6250     12.5000       0.3327E-003
    -20.6250     13.7500       0.1841E-003
    -20.6250     15.0000       0.6694E-004
    -20.6250     16.2500       0.9472E-005
    -20.6250     17.5000       0.1105E-006
    -20.6250     18.7500       0.3425E-010

    -19.6875    -20.0000       0.1587E-010
    -19.6875    -18.7500       0.1217E-011
    -19.6875    -17.5000       0.3485E-006
    -19.6875    -16.2500       0.3076E-004
    -19.6875    -15.0000       0.2148E-003
    -19.6875    -13.7500       0.5820E-003
    -19.6875    -12.5000       0.1048E-002
    -19.6875    -11.2500       0.1500E-002
    -19.6875    -10.0000       0.1802E-002
    -19.6875     -8.7500       0.1873E-002
    -19.6875     -7.5000       0.1736E-002
    -19.6875     -6.2500       0.1461E-002
    -19.6875     -5.0000       0.1114E-002
    -19.6875     -3.7500       0.7628E-003
    -19.6875     -2.5000       0.4763E-003
    -19.6875     -1.2500       0.2738E-003
    -19.6875      0.0000       0.1440E-003
    -19.6875      1.2500       0.7152E-004
    -19.6875      2.5000       0.4004E-004
    -19.6875      3.7500       0.3414E-004
    -19.6875      5.0000       0.3719E-004
    -19.6875      6.2500       0.3729E-004
    -19.6875      7.5000       0.3288E-004
    -19.6875      8.7500       0.2805E-004
    -19.6875     10.0000       0.2277E-004
    -19.6875     11.2500       0.1746E-004
    -19.6875     12.5000       0.1187E-004
    -19.6875     13.7500       0.6383E-005
    -19.6875     15.0000       0.2135E-005
    -19.6875     16.2500       0.2880E-006
    -19.6875     17.5000       0.3540E-008
    -19.6875     18.7500       0.2604E-010

    -18.7500    -20.0000       0.2879E-010
    -18.7500    -18.7500       0.3828E-011
    -18.7500    -17.5000       0.3038E-006
    -18.7500    -16.2500       0.2664E-004
    -18.7500    -15.0000       0.1852E-003
    -18.7500    -13.7500       0.4993E-003
    -18.7500    -12.5000       0.8978E-003
    -18.7500    -11.2500       0.1284E-002
    -18.7500    -10.0000       0.1536E-002
    -18.7500     -8.7500       0.1580E-002
    -18.7500     -7.5000       0.1439E-002
    -18.7500     -6.2500       0.1182E-002
    -18.7500     -5.0000       0.8847E-003
    -18.7500     -3.7500       0.6254E-003
    -18.7500     -2.5000       0.4590E-003
    -18.7500     -1.2500       0.3714E-003
    -18.7500      0.0000       0.3053E-003
    -18.7500      1.2500       0.2256E-003
    -18.7500      2.5000       0.1445E-003
    -18.7500      3.7500       0.9995E-004
    -18.7500      5.0000       0.1086E-003
    -18.7500      6.2500       0.1548E-003
    -18.7500      7.5000       0.2108E-003
    -18.7500      8.7500       0.2495E-003
    -18.7500     10.0000       0.2535E-003
    -18.7500     11.2500       0.2154E-003
    -18.7500     12.5000       0.1510E-003
    -18.7500     13.7500       0.8426E-004
    -18.7500     15.0000       0.3188E-004
    -18.7500     16.2500       0.4672E-005
    -18.7500     17.5000       0.5318E-007
    -18.7500     18.7500       0.1474E-010

    -17.8125    -20.0000       0.3273E-010
    -17.8125    -18.7500       0.7680E-011
    -17.8125    -17.5000       0.1459E-006
    -17.8125    -16.2500       0.1267E-004
    -17.8125    -15.0000       0.8741E-004
    -17.8125    -13.7500       0.2339E-003
    -17.8125    -12.5000       0.4198E-003
    -17.8125    -11.2500       0.6001E-003
    -17.8125    -10.0000       0.7129E-003
    -17.8125     -8.7500       0.7209E-003
    -17.8125     -7.5000       0.6378E-003
    -17.8125     -6.2500       0.5024E-003
    -17.8125     -5.0000       0.3659E-003
    -17.8125     -3.7500       0.2795E-003
    -17.8125     -2.5000       0.2716E-003
    -17.8125     -1.2500       0.3165E-003
    -17.8125      0.0000       0.3541E-003
    -17.8125      1.2500       0.3568E-003
    -17.8125      2.5000       0.3583E-003
    -17.8125      3.7500       0.4245E-003
    -17.8125      5.0000       0.5800E-003
    -17.8125      6.2500       0.7858E-003
    -17.8125      7.5000       0.9766E-003
    -17.8125      8.7500       0.1088E-002
    -17.8125     10.0000       0.1067E-002
    -17.8125     11.2500       0.8950E-003
    -17.8125     12.5000       0.6259E-003
    -17.8125     13.7500       0.3484E-003
    -17.8125     15.0000       0.1297E-003
    -17.8125     16.2500       0.1873E-004
    -17.8125     17.5000       0.2154E-006
    -17.8125     18.7500       0.5326E-011

    -16.8750    -20.0000       0.2430E-010
    -16.8750    -18.7500       0.1162E-010
    -16.8750    -17.5000       0.1540E-007
    -16.8750    -16.2500       0.1256E-005
    -16.8750    -15.0000       0.8342E-005
    -16.8750    -13.7500       0.2150E-004
    -16.8750    -12.5000       0.3831E-004
    -16.8750    -11.2500       0.5463E-004
    -16.8750    -10.0000       0.6288E-004
    -16.8750     -8.7500       0.5829E-004
    -16.8750     -7.5000       0.4375E-004
    -16.8750     -6.2500       0.2640E-004
    -16.8750     -5.0000       0.1785E-004
    -16.8750     -3.7500       0.3226E-004
    -16.8750     -2.5000       0.8061E-004
    -16.8750     -1.2500       0.1580E-003
    -16.8750      0.0000       0.2472E-003
    -16.8750      1.2500       0.3486E-003
    -16.8750      2.5000       0.4913E-003
    -16.8750      3.7500       0.7190E-003
    -16.8750      5.0000       0.1032E-002
    -16.8750      6.2500       0.1368E-002
    -16.8750      7.5000       0.1648E-002
    -16.8750      8.7500       0.1797E-002
    -16.8750     10.0000       0.1738E-002
    -16.8750     11.2500       0.1451E-002
    -16.8750     12.5000       0.1014E-002
    -16.8750     13.7500       0.5638E-003
    -16.8750     15.0000       0.2086E-003
    -16.8750     16.2500       0.2996E-004
    -16.8750     17.5000       0.3460E-006
    -16.8750     18.7500       0.7222E-012

    -15.9375    -20.0000       0.1054E-010
    -15.9375    -18.7500       0.1498E-010
    -15.9375    -17.5000       0.2818E-007
    -15.9375    -16.2500       0.2555E-005
    -15.9375    -15.0000       0.1832E-004
    -15.9375    -13.7500       0.5123E-004
    -15.9375    -12.5000       0.9320E-004
    -15.9375    -11.2500       0.1342E-003
    -15.9375    -10.0000       0.1659E-003
    -15.9375     -8.7500       0.1835E-003
    -15.9375     -7.5000       0.1871E-003
    -15.9375     -6.2500       0.1785E-003
    -15.9375     -5.0000       0.1509E-003
    -15.9375     -3.7500       0.1040E-003
    -15.9375     -2.5000       0.5590E-004
    -15.9375     -1.2500       0.3666E-004
    -15.9375      0.0000       0.7946E-004
    -15.9375      1.2500       0.2083E-003
    -15.9375      2.5000       0.4255E-003
    -15.9375      3.7500       0.7220E-003
    -15.9375      5.0000       0.1063E-002
    -15.9375      6.2500       0.1386E-002
    -15.9375      7.5000       0.1631E-002
    -15.9375      8.7500       0.1748E-002
    -15.9375     10.0000       0.1673E-002
    -15.9375     11.2500       0.1391E-002
    -15.9375     12.5000       0.9711E-003
    -15.9375     13.7500       0.5394E-003
    -15.9375     15.0000       0.1985E-003
    -15.9375     16.2500       0.2838E-004
    -15.9375     17.5000       0.3288E-006
    -15.9375     18.7500       0.5162E-012

    -15.0000    -20.0000       0.2777E-011
    -15.0000    -18.7500       0.1750E-010
    -15.0000    -17.5000       0.1729E-006
    -15.0000    -16.2500       0.1541E-004
    -15.0000    -15.0000       0.1085E-003
    -15.0000    -13.7500       0.2966E-003
    -15.0000    -12.5000       0.5355E-003
    -15.0000    -11.2500       0.7678E-003
    -15.0000    -10.0000       0.9298E-003
    -15.0000     -8.7500       0.9845E-003
    -15.0000     -7.5000       0.9397E-003
    -15.0000     -6.2500       0.8227E-003
    -15.0000     -5.0000       0.6464E-003
    -15.0000     -3.7500       0.4307E-003
    -15.0000     -2.5000       0.2194E-003
    -15.0000     -1.2500       0.6043E-004
    -15.0000      0.0000       0.9317E-011
    -15.0000      1.2500       0.6052E-004
    -15.0000      2.5000       0.2192E-003
    -15.0000      3.7500       0.4310E-003
    -15.0000      5.0000       0.6461E-003
    -15.0000      6.2500       0.8231E-003
    -15.0000      7.5000       0.9393E-003
    -15.0000      8.7500       0.9849E-003
    -15.0000     10.0000       0.9294E-003
    -15.0000     11.2500       0.7681E-003
    -15.0000     12.5000       0.5353E-003
    -15.0000     13.7500       0.2967E-003
    -15.0000     15.0000       0.1084E-003
    -15.0000     16.2500       0.1541E-004
    -15.0000     17.5000       0.1792E-006
    -15.0000     18.7500       0.2374E-011

    -14.0625    -20.0000       0.6760E-011
    -14.0625    -18.7500       0.1891E-010
    -14.0625    -17.5000       0.3209E-006
    -14.0625    -16.2500       0.2839E-004
    -14.0625    -15.0000       0.1986E-003
    -14.0625    -13.7500       0.5392E-003
    -14.0625    -12.5000       0.9714E-003
    -14.0625    -11.2500       0.1391E-002
    -14.0625    -10.0000       0.1674E-002
    -14.0625     -8.7500       0.1747E-002
    -14.0625     -7.5000       0.1631E-002
    -14.0625     -6.2500       0.1386E-002
    -14.0625     -5.0000       0.1063E-002
    -14.0625     -3.7500       0.7217E-003
    -14.0625     -2.5000       0.4257E-003
    -14.0625     -1.2500       0.2082E-003
    -14.0625      0.0000       0.7952E-004
    -14.0625      1.2500       0.3667E-004
    -14.0625      2.5000       0.5583E-004
    -14.0625      3.7500       0.1041E-003
    -14.0625      5.0000       0.1508E-003
    -14.0625      6.2500       0.1786E-003
    -14.0625      7.5000       0.1870E-003
    -14.0625      8.7500       0.1836E-003
    -14.0625     10.0000       0.1658E-003
    -14.0625     11.2500       0.1343E-003
    -14.0625     12.5000       0.9312E-004
    -14.0625     13.7500       0.5128E-004
    -14.0625     15.0000       0.1830E-004
    -14.0625     16.2500       0.2555E-005
    -14.0625     17.5000       0.3013E-007
    -14.0625     18.7500       0.4725E-011

    -13.1250    -20.0000       0.1783E-010
    -13.1250    -18.7500       0.1870E-010
    -13.1250    -17.5000       0.3407E-006
    -13.1250    -16.2500       0.2996E-004
    -13.1250    -15.0000       0.2087E-003
    -13.1250    -13.7500       0.5637E-003
    -13.1250    -12.5000       0.1014E-002
    -13.1250    -11.2500       0.1451E-002
    -13.1250    -10.0000       0.1738E-002
    -13.1250     -8.7500       0.1796E-002
    -13.1250     -7.5000       0.1648E-002
    -13.1250     -6.2500       0.1368E-002
    -13.1250     -5.0000       0.1032E-002
    -13.1250     -3.7500       0.7188E-003
    -13.1250     -2.5000       0.4915E-003
    -13.1250     -1.2500       0.3485E-003
    -13.1250      0.0000       0.2473E-003
    -13.1250      1.2500       0.1580E-003
    -13.1250      2.5000       0.8064E-004
    -13.1250      3.7500       0.3224E-004
    -13.1250      5.0000       0.1788E-004
    -13.1250      6.2500       0.2636E-004
    -13.1250      7.5000       0.4380E-004
    -13.1250      8.7500       0.5823E-004
    -13.1250     10.0000       0.6294E-004
    -13.1250     11.2500       0.5458E-004
    -13.1250     12.5000       0.3834E-004
    -13.1250     13.7500       0.2148E-004
    -13.1250     15.0000       0.8350E-005
    -13.1250     16.2500       0.1257E-005
    -13.1250     17.5000       0.1406E-007
    -13.1250     18.7500       0.8126E-011

    -12.1875    -20.0000       0.2532E-010
    -12.1875    -18.7500       0.1642E-010
    -12.1875    -17.5000       0.2146E-006
    -12.1875    -16.2500       0.1873E-004
    -12.1875    -15.0000       0.1297E-003
    -12.1875    -13.7500       0.3484E-003
    -12.1875    -12.5000       0.6259E-003
    -12.1875    -11.2500       0.8950E-003
    -12.1875    -10.0000       0.1067E-002
    -12.1875     -8.7500       0.1088E-002
    -12.1875     -7.5000       0.9767E-003
    -12.1875     -6.2500       0.7857E-003
    -12.1875     -5.0000       0.5800E-003
    -12.1875     -3.7500       0.4245E-003
    -12.1875     -2.5000       0.3583E-003
    -12.1875     -1.2500       0.3568E-003
    -12.1875      0.0000       0.3542E-003
    -12.1875      1.2500       0.3165E-003
    -12.1875      2.5000       0.2716E-003
    -12.1875      3.7500       0.2795E-003
    -12.1875      5.0000       0.3659E-003
    -12.1875      6.2500       0.5023E-003
    -12.1875      7.5000       0.6378E-003
    -12.1875      8.7500       0.7209E-003
    -12.1875     10.0000       0.7129E-003
    -12.1875     11.2500       0.6001E-003
    -12.1875     12.5000       0.4198E-003
    -12.1875     13.7500       0.2339E-003
    -12.1875     15.0000       0.8742E-004
    -12.1875     16.2500       0.1267E-004
    -12.1875     17.5000       0.1453E-006
    -12.1875     18.7500       0.1414E-010

    -11.2500    -20.0000       0.2223E-010
    -11.2500    -18.7500       0.1221E-010
    -11.2500    -17.5000       0.5475E-007
    -11.2500    -16.2500       0.4671E-005
    -11.2500    -15.0000       0.3187E-004
    -11.2500    -13.7500       0.8429E-004
    -11.2500    -12.5000       0.1509E-003
    -11.2500    -11.2500       0.2155E-003
    -11.2500    -10.0000       0.2534E-003
    -11.2500     -8.7500       0.2496E-003
    -11.2500     -7.5000       0.2107E-003
    -11.2500     -6.2500       0.1548E-003
    -11.2500     -5.0000       0.1086E-003
    -11.2500     -3.7500       0.9999E-004
    -11.2500     -2.5000       0.1445E-003
    -11.2500     -1.2500       0.2256E-003
    -11.2500      0.0000       0.3052E-003
    -11.2500      1.2500       0.3714E-003
    -11.2500      2.5000       0.4589E-003
    -11.2500      3.7500       0.6256E-003
    -11.2500      5.0000       0.8846E-003
    -11.2500      6.2500       0.1182E-002
    -11.2500      7.5000       0.1439E-002
    -11.2500      8.7500       0.1580E-002
    -11.2500     10.0000       0.1536E-002
    -11.2500     11.2500       0.1284E-002
    -11.2500     12.5000       0.8977E-003
    -11.2500     13.7500       0.4994E-003
    -11.2500     15.0000       0.1852E-003
    -11.2500     16.2500       0.2664E-004
    -11.2500     17.5000       0.3072E-006
    -11.2500     18.7500       0.2287E-010

    -10.3125    -20.0000       0.1155E-010
    -10.3125    -18.7500       0.7119E-011
    -10.3125    -17.5000       0.3204E-008
    -10.3125    -16.2500       0.2879E-006
    -10.3125    -15.0000       0.2140E-005
    -10.3125    -13.7500       0.6369E-005
    -10.3125    -12.5000       0.1190E-004
    -10.3125    -11.2500       0.1742E-004
    -10.3125    -10.0000       0.2281E-004
    -10.3125     -8.7500       0.2800E-004
    -10.3125     -7.5000       0.3294E-004
    -10.3125     -6.2500       0.3722E-004
    -10.3125     -5.0000       0.3725E-004
    -10.3125     -3.7500       0.3409E-004
    -10.3125     -2.5000       0.4007E-004
    -10.3125     -1.2500       0.7154E-004
    -10.3125      0.0000       0.1439E-003
    -10.3125      1.2500       0.2739E-003
    -10.3125      2.5000       0.4761E-003
    -10.3125      3.7500       0.7631E-003
    -10.3125      5.0000       0.1113E-002
    -10.3125      6.2500       0.1462E-002
    -10.3125      7.5000       0.1736E-002
    -10.3125      8.7500       0.1873E-002
    -10.3125     10.0000       0.1801E-002
    -10.3125     11.2500       0.1500E-002
    -10.3125     12.5000       0.1048E-002
    -10.3125     13.7500       0.5822E-003
    -10.3125     15.0000       0.2147E-003
    -10.3125     16.2500       0.3076E-004
    -10.3125     17.5000       0.3559E-006
    -10.3125     18.7500       0.3160E-010

     -9.3750    -20.0000       0.3508E-011
     -9.3750    -18.7500       0.2824E-011
     -9.3750    -17.5000       0.1058E-006
     -9.3750    -16.2500       0.9474E-005
     -9.3750    -15.0000       0.6698E-004
     -9.3750    -13.7500       0.1840E-003
     -9.3750    -12.5000       0.3329E-003
     -9.3750    -11.2500       0.4777E-003
     -9.3750    -10.0000       0.5811E-003
     -9.3750     -8.7500       0.6213E-003
     -9.3750     -7.5000       0.6022E-003
     -9.3750     -6.2500       0.5380E-003
     -9.3750     -5.0000       0.4297E-003
     -9.3750     -3.7500       0.2855E-003
     -9.3750     -2.5000       0.1380E-003
     -9.3750     -1.2500       0.3157E-004
     -9.3750      0.0000       0.1360E-004
     -9.3750      1.2500       0.1106E-003
     -9.3750      2.5000       0.3080E-003
     -9.3750      3.7500       0.5701E-003
     -9.3750      5.0000       0.8492E-003
     -9.3750      6.2500       0.1094E-002
     -9.3750      7.5000       0.1266E-002
     -9.3750      8.7500       0.1342E-002
     -9.3750     10.0000       0.1275E-002
     -9.3750     11.2500       0.1056E-002
     -9.3750     12.5000       0.7368E-003
     -9.3750     13.7500       0.4088E-003
     -9.3750     15.0000       0.1499E-003
     -9.3750     16.2500       0.2136E-004
     -9.3750     17.5000       0.2480E-006
     -9.3750     18.7500       0.3596E-010

     -8.4375    -20.0000       0.6340E-011
     -8.4375    -18.7500       0.8072E-012
     -8.4375    -17.5000       0.2713E-006
     -8.4375    -16.2500       0.2406E-004
     -8.4375    -15.0000       0.1687E-003
     -8.4375    -13.7500       0.4591E-003
     -8.4375    -12.5000       0.8277E-003
     -8.4375    -11.2500       0.1186E-002
     -8.4375    -10.0000       0.1430E-002
     -8.4375     -8.7500       0.1500E-002
     -8.4375     -7.5000       0.1410E-002
     -8.4375     -6.2500       0.1210E-002
     -8.4375     -5.0000       0.9362E-003
     -8.4375     -3.7500       0.6303E-003
     -8.4375     -2.5000       0.3511E-003
     -8.4375     -1.2500       0.1412E-003
     -8.4375      0.0000       0.3017E-004
     -8.4375      1.2500       0.2667E-004
     -8.4375      2.5000       0.1039E-003
     -8.4375      3.7500       0.2177E-003
     -8.4375      5.0000       0.3265E-003
     -8.4375      6.2500       0.4043E-003
     -8.4375      7.5000       0.4454E-003
     -8.4375      8.7500       0.4550E-003
     -8.4375     10.0000       0.4219E-003
     -8.4375     11.2500       0.3461E-003
     -8.4375     12.5000       0.2407E-003
     -8.4375     13.7500       0.1331E-003
     -8.4375     15.0000       0.4820E-004
     -8.4375     16.2500       0.6800E-005
     -8.4375     17.5000       0.7954E-007
     -8.4375     18.7500       0.3308E-010

     -7.5000    -20.0000       0.1869E-010
     -7.5000    -18.7500       0.1579E-011
     -7.5000    -17.5000       0.3527E-006
     -7.5000    -16.2500       0.3109E-004
     -7.5000    -15.0000       0.2169E-003
     -7.5000    -13.7500       0.5871E-003
     -7.5000    -12.5000       0.1057E-002
     -7.5000    -11.2500       0.1512E-002
     -7.5000    -10.0000       0.1815E-002
     -7.5000     -8.7500       0.1883E-002
     -7.5000     -7.5000       0.1740E-002
     -7.5000     -6.2500       0.1458E-002
     -7.5000     -5.0000       0.1107E-002
     -7.5000     -3.7500       0.7622E-003
     -7.5000     -2.5000       0.4899E-003
     -7.5000     -1.2500       0.3030E-003
     -7.5000      0.0000       0.1789E-003
     -7.5000      1.2500       0.9675E-004
     -7.5000      2.5000       0.4520E-004
     -7.5000      3.7500       0.1920E-004
     -7.5000      5.0000       0.9546E-005
     -7.5000      6.2500       0.5619E-005
     -7.5000      7.5000       0.3103E-005
     -7.5000      8.7500       0.1972E-005
     -7.5000     10.0000       0.1381E-005
     -7.5000     11.2500       0.8693E-006
     -7.5000     12.5000       0.4798E-006
     -7.5000     13.7500       0.1862E-006
     -7.5000     15.0000       0.6548E-007
     -7.5000     16.2500       0.1804E-007
     -7.5000     17.5000       0.1969E-009
     -7.5000     18.7500       0.2386E-010

     -6.5625    -20.0000       0.3056E-010
     -6.5625    -18.7500       0.4540E-011
     -6.5625    -17.5000       0.2776E-006
     -6.5625    -16.2500       0.2431E-004
     -6.5625    -15.0000       0.1688E-003
     -6.5625    -13.7500       0.4545E-003
     -6.5625    -12.5000       0.8171E-003
     -6.5625    -11.2500       0.1169E-002
     -6.5625    -10.0000       0.1396E-002
     -6.5625     -8.7500       0.1433E-002
     -6.5625     -7.5000       0.1299E-002
     -6.5625     -6.2500       0.1061E-002
     -6.5625     -5.0000       0.7908E-003
     -6.5625     -3.7500       0.5643E-003
     -6.5625     -2.5000       0.4313E-003
     -6.5625     -1.2500       0.3731E-003
     -6.5625      0.0000       0.3275E-003
     -6.5625      1.2500       0.2585E-003
     -6.5625      2.5000       0.1842E-003
     -6.5625      3.7500       0.1514E-003
     -6.5625      5.0000       0.1810E-003
     -6.5625      6.2500       0.2537E-003
     -6.5625      7.5000       0.3344E-003
     -6.5625      8.7500       0.3874E-003
     -6.5625     10.0000       0.3887E-003
     -6.5625     11.2500       0.3289E-003
     -6.5625     12.5000       0.2303E-003
     -6.5625     13.7500       0.1284E-003
     -6.5625     15.0000       0.4832E-004
     -6.5625     16.2500       0.7044E-005
     -6.5625     17.5000       0.8047E-007
     -6.5625     18.7500       0.1257E-010

     -5.6250    -20.0000       0.3194E-010
     -5.6250    -18.7500       0.8491E-011
     -5.6250    -17.5000       0.1127E-006
     -5.6250    -16.2500       0.9743E-005
     -5.6250    -15.0000       0.6707E-004
     -5.6250    -13.7500       0.1790E-003
     -5.6250    -12.5000       0.3210E-003
     -5.6250    -11.2500       0.4588E-003
     -5.6250    -10.0000       0.5437E-003
     -5.6250     -8.7500       0.5466E-003
     -5.6250     -7.5000       0.4785E-003
     -5.6250     -6.2500       0.3712E-003
     -5.6250     -5.0000       0.2678E-003
     -5.6250     -3.7500       0.2120E-003
     -5.6250     -2.5000       0.2271E-003
     -5.6250     -1.2500       0.2893E-003
     -5.6250      0.0000       0.3440E-003
     -5.6250      1.2500       0.3682E-003
     -5.6250      2.5000       0.3973E-003
     -5.6250      3.7500       0.4964E-003
     -5.6250      5.0000       0.6878E-003
     -5.6250      6.2500       0.9271E-003
     -5.6250      7.5000       0.1143E-002
     -5.6250      8.7500       0.1267E-002
     -5.6250     10.0000       0.1238E-002
     -5.6250     11.2500       0.1037E-002
     -5.6250     12.5000       0.7252E-003
     -5.6250     13.7500       0.4036E-003
     -5.6250     15.0000       0.1500E-003
     -5.6250     16.2500       0.2163E-004
     -5.6250     17.5000       0.2491E-006
     -5.6250     18.7500       0.3987E-011

     -4.6875    -20.0000       0.2161E-010
     -4.6875    -18.7500       0.1235E-010
     -4.6875    -17.5000       0.4688E-008
     -4.6875    -16.2500       0.3445E-006
     -4.6875    -15.0000       0.2159E-005
     -4.6875    -13.7500       0.5296E-005
     -4.6875    -12.5000       0.9396E-005
     -4.6875    -11.2500       0.1344E-004
     -4.6875    -10.0000       0.1491E-004
     -4.6875     -8.7500       0.1220E-004
     -4.6875     -7.5000       0.6768E-005
     -4.6875     -6.2500       0.1942E-005
     -4.6875     -5.0000       0.3023E-005
     -4.6875     -3.7500       0.1856E-004
     -4.6875     -2.5000       0.5889E-004
     -4.6875     -1.2500       0.1260E-003
     -4.6875      0.0000       0.2137E-003
     -4.6875      1.2500       0.3283E-003
     -4.6875      2.5000       0.4949E-003
     -4.6875      3.7500       0.7475E-003
     -4.6875      5.0000       0.1079E-002
     -4.6875      6.2500       0.1426E-002
     -4.6875      7.5000       0.1710E-002
     -4.6875      8.7500       0.1858E-002
     -4.6875     10.0000       0.1793E-002
     -4.6875     11.2500       0.1496E-002
     -4.6875     12.5000       0.1045E-002
     -4.6875     13.7500       0.5811E-003
     -4.6875     15.0000       0.2148E-003
     -4.6875     16.2500       0.3082E-004
     -4.6875     17.5000       0.3561E-006
     -4.6875     18.7500       0.3931E-012

     -3.7500    -20.0000       0.8186E-011
     -3.7500    -18.7500       0.1556E-010
     -3.7500    -17.5000       0.4950E-007
     -3.7500    -16.2500       0.4465E-005
     -3.7500    -15.0000       0.3180E-004
     -3.7500    -13.7500       0.8817E-004
     -3.7500    -12.5000       0.1600E-003
     -3.7500    -11.2500       0.2299E-003
     -3.7500    -10.0000       0.2820E-003
     -3.7500     -8.7500       0.3069E-003
     -3.7500     -7.5000       0.3055E-003
     -3.7500     -6.2500       0.2826E-003
     -3.7500     -5.0000       0.2326E-003
     -3.7500     -3.7500       0.1562E-003
     -3.7500     -2.5000       0.7626E-004
     -3.7500     -1.2500       0.2834E-004
     -3.7500      0.0000       0.5236E-004
     -3.7500      1.2500       0.1743E-003
     -3.7500      2.5000       0.3905E-003
     -3.7500      3.7500       0.6819E-003
     -3.7500      5.0000       0.1008E-002
     -3.7500      6.2500       0.1310E-002
     -3.7500      7.5000       0.1533E-002
     -3.7500      8.7500       0.1637E-002
     -3.7500     10.0000       0.1564E-002
     -3.7500     11.2500       0.1299E-002
     -3.7500     12.5000       0.9065E-003
     -3.7500     13.7500       0.5034E-003
     -3.7500     15.0000       0.1851E-003
     -3.7500     16.2500       0.2643E-004
     -3.7500     17.5000       0.3064E-006
     -3.7500     18.7500       0.7996E-012

     -2.8125    -20.0000       0.2634E-011
     -2.8125    -18.7500       0.1788E-010
     -2.8125    -17.5000       0.2073E-006
     -2.8125    -16.2500       0.1844E-004
     -2.8125    -15.0000       0.1296E-003
     -2.8125    -13.7500       0.3538E-003
     -2.8125    -12.5000       0.6384E-003
     -2.8125    -11.2500       0.9149E-003
     -2.8125    -10.0000       0.1106E-002
     -2.8125     -8.7500       0.1167E-002
     -2.8125     -7.5000       0.1108E-002
     -2.8125     -6.2500       0.9625E-003
     -2.8125     -5.0000       0.7517E-003
     -2.8125     -3.7500       0.5024E-003
     -2.8125     -2.5000       0.2637E-003
     -2.8125     -1.2500       0.8323E-004
     -2.8125      0.0000       0.3444E-005
     -2.8125      1.2500       0.4306E-004
     -2.8125      2.5000       0.1768E-003
     -2.8125      3.7500       0.3577E-003
     -2.8125      5.0000       0.5374E-003
     -2.8125      6.2500       0.6797E-003
     -2.8125      7.5000       0.7686E-003
     -2.8125      8.7500       0.8006E-003
     -2.8125     10.0000       0.7521E-003
     -2.8125     11.2500       0.6204E-003
     -2.8125     12.5000       0.4321E-003
     -2.8125     13.7500       0.2394E-003
     -2.8125     15.0000       0.8727E-004
     -2.8125     16.2500       0.1238E-004
     -2.8125     17.5000       0.1442E-006
     -2.8125     18.7500       0.2818E-011

     -1.8750    -20.0000       0.8718E-011
     -1.8750    -18.7500       0.1901E-010
     -1.8750    -17.5000       0.3378E-006
     -1.8750    -16.2500       0.2985E-004
     -1.8750    -15.0000       0.2086E-003
     -1.8750    -13.7500       0.5658E-003
     -1.8750    -12.5000       0.1019E-002
     -1.8750    -11.2500       0.1459E-002
     -1.8750    -10.0000       0.1754E-002
     -1.8750     -8.7500       0.1827E-002
     -1.8750     -7.5000       0.1700E-002
     -1.8750     -6.2500       0.1437E-002
     -1.8750     -5.0000       0.1099E-002
     -1.8750     -3.7500       0.7491E-003
     -1.8750     -2.5000       0.4546E-003
     -1.8750     -1.2500       0.2418E-003
     -1.8750      0.0000       0.1104E-003
     -1.8750      1.2500       0.5124E-004
     -1.8750      2.5000       0.4363E-004
     -1.8750      3.7500       0.6280E-004
     -1.8750      5.0000       0.8489E-004
     -1.8750      6.2500       0.9570E-004
     -1.8750      7.5000       0.9497E-004
     -1.8750      8.7500       0.8940E-004
     -1.8750     10.0000       0.7827E-004
     -1.8750     11.2500       0.6253E-004
     -1.8750     12.5000       0.4315E-004
     -1.8750     13.7500       0.2364E-004
     -1.8750     15.0000       0.8293E-005
     -1.8750     16.2500       0.1145E-005
     -1.8750     17.5000       0.1363E-007
     -1.8750     18.7500       0.5271E-011

     -0.9375    -20.0000       0.1995E-010
     -0.9375    -18.7500       0.1842E-010
     -0.9375    -17.5000       0.3251E-006
     -0.9375    -16.2500       0.2855E-004
     -0.9375    -15.0000       0.1987E-003
     -0.9375    -13.7500       0.5362E-003
     -0.9375    -12.5000       0.9643E-003
     -0.9375    -11.2500       0.1379E-002
     -0.9375    -10.0000       0.1651E-002
     -0.9375     -8.7500       0.1703E-002
     -0.9375     -7.5000       0.1557E-002
     -0.9375     -6.2500       0.1286E-002
     -0.9375     -5.0000       0.9661E-003
     -0.9375     -3.7500       0.6776E-003
     -0.9375     -2.5000       0.4793E-003
     -0.9375     -1.2500       0.3631E-003
     -0.9375      0.0000       0.2782E-003
     -0.9375      1.2500       0.1916E-003
     -0.9375      2.5000       0.1096E-003
     -0.9375      3.7500       0.5973E-004
     -0.9375      5.0000       0.5354E-004
     -0.9375      6.2500       0.7797E-004
     -0.9375      7.5000       0.1127E-003
     -0.9375      8.7500       0.1384E-003
     -0.9375     10.0000       0.1435E-003
     -0.9375     11.2500       0.1228E-003
     -0.9375     12.5000       0.8614E-004
     -0.9375     13.7500       0.4815E-004
     -0.9375     15.0000       0.1838E-004
     -0.9375     16.2500       0.2718E-005
     -0.9375     17.5000       0.3075E-007
     -0.9375     18.7500       0.9080E-011

      0.0000    -20.0000       0.2561E-010
      0.0000    -18.7500       0.1571E-010
      0.0000    -17.5000       0.1804E-006
      0.0000    -16.2500       0.1570E-004
      0.0000    -15.0000       0.1086E-003
      0.0000    -13.7500       0.2911E-003
      0.0000    -12.5000       0.5227E-003
      0.0000    -11.2500       0.7474E-003
      0.0000    -10.0000       0.8895E-003
      0.0000     -8.7500       0.9037E-003
      0.0000     -7.5000       0.8060E-003
      0.0000     -6.2500       0.6423E-003
      0.0000     -5.0000       0.4713E-003
      0.0000     -3.7500       0.3512E-003
      0.0000     -2.5000       0.3159E-003
      0.0000     -1.2500       0.3393E-003
      0.0000      0.0000       0.3576E-003
      0.0000      1.2500       0.3393E-003
      0.0000      2.5000       0.3159E-003
      0.0000      3.7500       0.3512E-003
      0.0000      5.0000       0.4713E-003
      0.0000      6.2500       0.6423E-003
      0.0000      7.5000       0.8060E-003
      0.0000      8.7500       0.9037E-003
      0.0000     10.0000       0.8895E-003
      0.0000     11.2500       0.7474E-003
      0.0000     12.5000       0.5227E-003
      0.0000     13.7500       0.2911E-003
      0.0000     15.0000       0.1086E-003
      0.0000     16.2500       0.1570E-004
      0.0000     17.5000       0.1804E-006
      0.0000     18.7500       0.1571E-010

      0.9375    -20.0000       0.2043E-010
      0.9375    -18.7500       0.1121E-010
      0.9375    -17.5000       0.3229E-007
      0.9375    -16.2500       0.2717E-005
      0.9375    -15.0000       0.1838E-004
      0.9375    -13.7500       0.4817E-004
      0.9375    -12.5000       0.8609E-004
      0.9375    -11.2500       0.1229E-003
      0.9375    -10.0000       0.1434E-003
      0.9375     -8.7500       0.1385E-003
      0.9375     -7.5000       0.1126E-003
      0.9375     -6.2500       0.7803E-004
      0.9375     -5.0000       0.5349E-004
      0.9375     -3.7500       0.5976E-004
      0.9375     -2.5000       0.1095E-003
      0.9375     -1.2500       0.1916E-003
      0.9375      0.0000       0.2781E-003
      0.9375      1.2500       0.3632E-003
      0.9375      2.5000       0.4792E-003
      0.9375      3.7500       0.6778E-003
      0.9375      5.0000       0.9659E-003
      0.9375      6.2500       0.1286E-002
      0.9375      7.5000       0.1557E-002
      0.9375      8.7500       0.1703E-002
      0.9375     10.0000       0.1651E-002
      0.9375     11.2500       0.1380E-002
      0.9375     12.5000       0.9642E-003
      0.9375     13.7500       0.5363E-003
      0.9375     15.0000       0.1986E-003
      0.9375     16.2500       0.2855E-004
      0.9375     17.5000       0.3295E-006
      0.9375     18.7500       0.2475E-010

      1.8750    -20.0000       0.9372E-011
      1.8750    -18.7500       0.6140E-011
      1.8750    -17.5000       0.1252E-007
      1.8750    -16.2500       0.1145E-005
      1.8750    -15.0000       0.8304E-005
      1.8750    -13.7500       0.2360E-004
      1.8750    -12.5000       0.4321E-004
      1.8750    -11.2500       0.6246E-004
      1.8750    -10.0000       0.7836E-004
      1.8750     -8.7500       0.8930E-004
      1.8750     -7.5000       0.9508E-004
      1.8750     -6.2500       0.9559E-004
      1.8750     -5.0000       0.8499E-004
      1.8750     -3.7500       0.6272E-004
      1.8750     -2.5000       0.4368E-004
      1.8750     -1.2500       0.5124E-004
      1.8750      0.0000       0.1104E-003
      1.8750      1.2500       0.2419E-003
      1.8750      2.5000       0.4544E-003
      1.8750      3.7500       0.7494E-003
      1.8750      5.0000       0.1098E-002
      1.8750      6.2500       0.1437E-002
      1.8750      7.5000       0.1699E-002
      1.8750      8.7500       0.1828E-002
      1.8750     10.0000       0.1753E-002
      1.8750     11.2500       0.1459E-002
      1.8750     12.5000       0.1019E-002
      1.8750     13.7500       0.5660E-003
      1.8750     15.0000       0.2086E-003
      1.8750     16.2500       0.2985E-004
      1.8750     17.5000       0.3455E-006
      1.8750     18.7500       0.3295E-010

      2.8125    -20.0000       0.3086E-011
      2.8125    -18.7500       0.2205E-011
      2.8125    -17.5000       0.1386E-006
      2.8125    -16.2500       0.1238E-004
      2.8125    -15.0000       0.8732E-004
      2.8125    -13.7500       0.2393E-003
      2.8125    -12.5000       0.4324E-003
      2.8125    -11.2500       0.6201E-003
      2.8125    -10.0000       0.7525E-003
      2.8125     -8.7500       0.8002E-003
      2.8125     -7.5000       0.7690E-003
      2.8125     -6.2500       0.6794E-003
      2.8125     -5.0000       0.5377E-003
      2.8125     -3.7500       0.3574E-003
      2.8125     -2.5000       0.1770E-003
      2.8125     -1.2500       0.4298E-004
      2.8125      0.0000       0.3430E-005
      2.8125      1.2500       0.8334E-004
      2.8125      2.5000       0.2635E-003
      2.8125      3.7500       0.5027E-003
      2.8125      5.0000       0.7513E-003
      2.8125      6.2500       0.9630E-003
      2.8125      7.5000       0.1107E-002
      2.8125      8.7500       0.1168E-002
      2.8125     10.0000       0.1106E-002
      2.8125     11.2500       0.9153E-003
      2.8125     12.5000       0.6381E-003
      2.8125     13.7500       0.3539E-003
      2.8125     15.0000       0.1296E-003
      2.8125     16.2500       0.1844E-004
      2.8125     17.5000       0.2143E-006
      2.8125     18.7500       0.3600E-010

      3.7500    -20.0000       0.8284E-011
      3.7500    -18.7500       0.7435E-012
      3.7500    -17.5000       0.2984E-006
      3.7500    -16.2500       0.2643E-004
      3.7500    -15.0000       0.1851E-003
      3.7500    -13.7500       0.5032E-003
      3.7500    -12.5000       0.9068E-003
      3.7500    -11.2500       0.1299E-002
      3.7500    -10.0000       0.1564E-002
      3.7500     -8.7500       0.1637E-002
      3.7500     -7.5000       0.1533E-002
      3.7500     -6.2500       0.1309E-002
      3.7500     -5.0000       0.1008E-002
      3.7500     -3.7500       0.6816E-003
      3.7500     -2.5000       0.3908E-003
      3.7500     -1.2500       0.1742E-003
      3.7500      0.0000       0.5242E-004
      3.7500      1.2500       0.2837E-004
      3.7500      2.5000       0.7617E-004
      3.7500      3.7500       0.1564E-003
      3.7500      5.0000       0.2324E-003
      3.7500      6.2500       0.2828E-003
      3.7500      7.5000       0.3053E-003
      3.7500      8.7500       0.3071E-003
      3.7500     10.0000       0.2818E-003
      3.7500     11.2500       0.2301E-003
      3.7500     12.5000       0.1598E-003
      3.7500     13.7500       0.8824E-004
      3.7500     15.0000       0.3178E-004
      3.7500     16.2500       0.4464E-005
      3.7500     17.5000       0.5240E-007
      3.7500     18.7500       0.3164E-010

      4.6875    -20.0000       0.2150E-010
      4.6875    -18.7500       0.2031E-011
      4.6875    -17.5000       0.3500E-006
      4.6875    -16.2500       0.3082E-004
      4.6875    -15.0000       0.2148E-003
      4.6875    -13.7500       0.5809E-003
      4.6875    -12.5000       0.1045E-002
      4.6875    -11.2500       0.1496E-002
      4.6875    -10.0000       0.1794E-002
      4.6875     -8.7500       0.1857E-002
      4.6875     -7.5000       0.1710E-002
      4.6875     -6.2500       0.1426E-002
      4.6875     -5.0000       0.1079E-002
      4.6875     -3.7500       0.7473E-003
      4.6875     -2.5000       0.4951E-003
      4.6875     -1.2500       0.3282E-003
      4.6875      0.0000       0.2138E-003
      4.6875      1.2500       0.1259E-003
      4.6875      2.5000       0.5891E-004
      4.6875      3.7500       0.1856E-004
      4.6875      5.0000       0.3026E-005
      4.6875      6.2500       0.1930E-005
      4.6875      7.5000       0.6791E-005
      4.6875      8.7500       0.1216E-004
      4.6875     10.0000       0.1495E-004
      4.6875     11.2500       0.1341E-004
      4.6875     12.5000       0.9419E-005
      4.6875     13.7500       0.5283E-005
      4.6875     15.0000       0.2164E-005
      4.6875     16.2500       0.3451E-006
      4.6875     17.5000       0.3754E-008
      4.6875     18.7500       0.2160E-010

      5.6250    -20.0000       0.3188E-010
      5.6250    -18.7500       0.5291E-011
      5.6250    -17.5000       0.2475E-006
      5.6250    -16.2500       0.2163E-004
      5.6250    -15.0000       0.1500E-003
      5.6250    -13.7500       0.4036E-003
      5.6250    -12.5000       0.7253E-003
      5.6250    -11.2500       0.1037E-002
      5.6250    -10.0000       0.1238E-002
      5.6250     -8.7500       0.1267E-002
      5.6250     -7.5000       0.1143E-002
      5.6250     -6.2500       0.9270E-003
      5.6250     -5.0000       0.6879E-003
      5.6250     -3.7500       0.4964E-003
      5.6250     -2.5000       0.3973E-003
      5.6250     -1.2500       0.3682E-003
      5.6250      0.0000       0.3440E-003
      5.6250      1.2500       0.2892E-003
      5.6250      2.5000       0.2272E-003
      5.6250      3.7500       0.2120E-003
      5.6250      5.0000       0.2679E-003
      5.6250      6.2500       0.3711E-003
      5.6250      7.5000       0.4785E-003
      5.6250      8.7500       0.5465E-003
      5.6250     10.0000       0.5438E-003
      5.6250     11.2500       0.4588E-003
      5.6250     12.5000       0.3211E-003
      5.6250     13.7500       0.1789E-003
      5.6250     15.0000       0.6708E-004
      5.6250     16.2500       0.9744E-005
      5.6250     17.5000       0.1116E-006
      5.6250     18.7500       0.1051E-010

      6.5625    -20.0000       0.3065E-010
      6.5625    -18.7500       0.9296E-011
      6.5625    -17.5000       0.8191E-007
      6.5625    -16.2500       0.7044E-005
      6.5625    -15.0000       0.4831E-004
      6.5625    -13.7500       0.1285E-003
      6.5625    -12.5000       0.2302E-003
      6.5625    -11.2500       0.3289E-003
      6.5625    -10.0000       0.3886E-003
      6.5625     -8.7500       0.3874E-003
      6.5625     -7.5000       0.3343E-003
      6.5625     -6.2500       0.2538E-003
      6.5625     -5.0000       0.1809E-003
      6.5625     -3.7500       0.1514E-003
      6.5625     -2.5000       0.1842E-003
      6.5625     -1.2500       0.2586E-003
      6.5625      0.0000       0.3275E-003
      6.5625      1.2500       0.3731E-003
      6.5625      2.5000       0.4312E-003
      6.5625      3.7500       0.5643E-003
      6.5625      5.0000       0.7907E-003
      6.5625      6.2500       0.1061E-002
      6.5625      7.5000       0.1299E-002
      6.5625      8.7500       0.1433E-002
      6.5625     10.0000       0.1396E-002
      6.5625     11.2500       0.1169E-002
      6.5625     12.5000       0.8170E-003
      6.5625     13.7500       0.4546E-003
      6.5625     15.0000       0.1688E-003
      6.5625     16.2500       0.2430E-004
      6.5625     17.5000       0.2801E-006
      6.5625     18.7500       0.2859E-011

      7.5000    -20.0000       0.1879E-010
      7.5000    -18.7500       0.1305E-010
      7.5000    -17.5000       0.5812E-009
      7.5000    -16.2500       0.1765E-007
      7.5000    -15.0000       0.6513E-007
      7.5000    -13.7500       0.1870E-006
      7.5000    -12.5000       0.4781E-006
      7.5000    -11.2500       0.8716E-006
      7.5000    -10.0000       0.1381E-005
      7.5000     -8.7500       0.1967E-005
      7.5000     -7.5000       0.3116E-005
      7.5000     -6.2500       0.5596E-005
      7.5000     -5.0000       0.9574E-005
      7.5000     -3.7500       0.1917E-004
      7.5000     -2.5000       0.4520E-004
      7.5000     -1.2500       0.9678E-004
      7.5000      0.0000       0.1788E-003
      7.5000      1.2500       0.3031E-003
      7.5000      2.5000       0.4898E-003
      7.5000      3.7500       0.7624E-003
      7.5000      5.0000       0.1107E-002
      7.5000      6.2500       0.1458E-002
      7.5000      7.5000       0.1739E-002
      7.5000      8.7500       0.1884E-002
      7.5000     10.0000       0.1815E-002
      7.5000     11.2500       0.1513E-002
      7.5000     12.5000       0.1056E-002
      7.5000     13.7500       0.5872E-003
      7.5000     15.0000       0.2168E-003
      7.5000     16.2500       0.3108E-004
      7.5000     17.5000       0.3594E-006
      7.5000     18.7500       0.2288E-012

      8.4375    -20.0000       0.6175E-011
      8.4375    -18.7500       0.1610E-010
      8.4375    -17.5000       0.7571E-007
      8.4375    -16.2500       0.6802E-005
      8.4375    -15.0000       0.4823E-004
      8.4375    -13.7500       0.1330E-003
      8.4375    -12.5000       0.2409E-003
      8.4375    -11.2500       0.3459E-003
      8.4375    -10.0000       0.4222E-003
      8.4375     -8.7500       0.4547E-003
      8.4375     -7.5000       0.4457E-003
      8.4375     -6.2500       0.4040E-003
      8.4375     -5.0000       0.3267E-003
      8.4375     -3.7500       0.2175E-003
      8.4375     -2.5000       0.1040E-003
      8.4375     -1.2500       0.2663E-004
      8.4375      0.0000       0.3013E-004
      8.4375      1.2500       0.1414E-003
      8.4375      2.5000       0.3509E-003
      8.4375      3.7500       0.6306E-003
      8.4375      5.0000       0.9358E-003
      8.4375      6.2500       0.1211E-002
      8.4375      7.5000       0.1410E-002
      8.4375      8.7500       0.1500E-002
      8.4375     10.0000       0.1429E-002
      8.4375     11.2500       0.1186E-002
      8.4375     12.5000       0.8274E-003
      8.4375     13.7500       0.4593E-003
      8.4375     15.0000       0.1686E-003
      8.4375     16.2500       0.2406E-004
      8.4375     17.5000       0.2791E-006
      8.4375     18.7500       0.1143E-011

      9.3750    -20.0000       0.2993E-011
      9.3750    -18.7500       0.1822E-010
      9.3750    -17.5000       0.2405E-006
      9.3750    -16.2500       0.2136E-004
      9.3750    -15.0000       0.1500E-003
      9.3750    -13.7500       0.4086E-003
      9.3750    -12.5000       0.7371E-003
      9.3750    -11.2500       0.1056E-002
      9.3750    -10.0000       0.1275E-002
      9.3750     -8.7500       0.1341E-002
      9.3750     -7.5000       0.1267E-002
      9.3750     -6.2500       0.1093E-002
      9.3750     -5.0000       0.8496E-003
      9.3750     -3.7500       0.5698E-003
      9.3750     -2.5000       0.3082E-003
      9.3750     -1.2500       0.1105E-003
      9.3750      0.0000       0.1363E-004
      9.3750      1.2500       0.3163E-004
      9.3750      2.5000       0.1378E-003
      9.3750      3.7500       0.2857E-003
      9.3750      5.0000       0.4295E-003
      9.3750      6.2500       0.5383E-003
      9.3750      7.5000       0.6019E-003
      9.3750      8.7500       0.6216E-003
      9.3750     10.0000       0.5808E-003
      9.3750     11.2500       0.4779E-003
      9.3750     12.5000       0.3327E-003
      9.3750     13.7500       0.1841E-003
      9.3750     15.0000       0.6694E-004
      9.3750     16.2500       0.9472E-005
      9.3750     17.5000       0.1105E-006
      9.3750     18.7500       0.3271E-011

     10.3125    -20.0000       0.1090E-010
     10.3125    -18.7500       0.1905E-010
     10.3125    -17.5000       0.3486E-006
     10.3125    -16.2500       0.3076E-004
     10.3125    -15.0000       0.2148E-003
     10.3125    -13.7500       0.5820E-003
     10.3125    -12.5000       0.1048E-002
     10.3125    -11.2500       0.1500E-002
     10.3125    -10.0000       0.1802E-002
     10.3125     -8.7500       0.1873E-002
     10.3125     -7.5000       0.1736E-002
     10.3125     -6.2500       0.1461E-002
     10.3125     -5.0000       0.1114E-002
     10.3125     -3.7500       0.7628E-003
     10.3125     -2.5000       0.4763E-003
     10.3125     -1.2500       0.2738E-003
     10.3125      0.0000       0.1440E-003
     10.3125      1.2500       0.7152E-004
     10.3125      2.5000       0.4004E-004
     10.3125      3.7500       0.3414E-004
     10.3125      5.0000       0.3719E-004
     10.3125      6.2500       0.3729E-004
     10.3125      7.5000       0.3288E-004
     10.3125      8.7500       0.2805E-004
     10.3125     10.0000       0.2277E-004
     10.3125     11.2500       0.1746E-004
     10.3125     12.5000       0.1187E-004
     10.3125     13.7500       0.6383E-005
     10.3125     15.0000       0.2135E-005
     10.3125     16.2500       0.2880E-006
     10.3125     17.5000       0.3520E-008
     10.3125     18.7500       0.5869E-011

     11.2500    -20.0000       0.2183E-010
     11.2500    -18.7500       0.1805E-010
     11.2500    -17.5000       0.3038E-006
     11.2500    -16.2500       0.2664E-004
     11.2500    -15.0000       0.1852E-003
     11.2500    -13.7500       0.4993E-003
     11.2500    -12.5000       0.8978E-003
     11.2500    -11.2500       0.1284E-002
     11.2500    -10.0000       0.1536E-002
     11.2500     -8.7500       0.1580E-002
     11.2500     -7.5000       0.1439E-002
     11.2500     -6.2500       0.1182E-002
     11.2500     -5.0000       0.8847E-003
     11.2500     -3.7500       0.6254E-003
     11.2500     -2.5000       0.4590E-003
     11.2500     -1.2500       0.3714E-003
     11.2500      0.0000       0.3053E-003
     11.2500      1.2500       0.2256E-003
     11.2500      2.5000       0.1445E-003
     11.2500      3.7500       0.9995E-004
     11.2500      5.0000       0.1086E-003
     11.2500      6.2500       0.1548E-003
     11.2500      7.5000       0.2108E-003
     11.2500      8.7500       0.2495E-003
     11.2500     10.0000       0.2535E-003
     11.2500     11.2500       0.2154E-003
     11.2500     12.5000       0.1510E-003
     11.2500     13.7500       0.8426E-004
     11.2500     15.0000       0.3188E-004
     11.2500     16.2500       0.4672E-005
     11.2500     17.5000       0.5317E-007
     11.2500     18.7500       0.1015E-010

     12.1875    -20.0000       0.2543E-010
     12.1875    -18.7500       0.1493E-010
     12.1875    -17.5000       0.1459E-006
     12.1875    -16.2500       0.1267E-004
     12.1875    -15.0000       0.8741E-004
     12.1875    -13.7500       0.2339E-003
     12.1875    -12.5000       0.4198E-003
     12.1875    -11.2500       0.6001E-003
     12.1875    -10.0000       0.7129E-003
     12.1875     -8.7500       0.7209E-003
     12.1875     -7.5000       0.6378E-003
     12.1875     -6.2500       0.5024E-003
     12.1875     -5.0000       0.3659E-003
     12.1875     -3.7500       0.2795E-003
     12.1875     -2.5000       0.2716E-003
     12.1875     -1.2500       0.3165E-003
     12.1875      0.0000       0.3542E-003
     12.1875      1.2500       0.3568E-003
     12.1875      2.5000       0.3583E-003
     12.1875      3.7500       0.4245E-003
     12.1875      5.0000       0.5800E-003
     12.1875      6.2500       0.7858E-003
     12.1875      7.5000       0.9766E-003
     12.1875      8.7500       0.1088E-002
     12.1875     10.0000       0.1067E-002
     12.1875     11.2500       0.8950E-003
     12.1875     12.5000       0.6259E-003
     12.1875     13.7500       0.3484E-003
     12.1875     15.0000       0.1297E-003
     12.1875     16.2500       0.1873E-004
     12.1875     17.5000       0.2154E-006
     12.1875     18.7500       0.1740E-010

     13.1250    -20.0000       0.1838E-010
     13.1250    -18.7500       0.1019E-010
     13.1250    -17.5000       0.1538E-007
     13.1250    -16.2500       0.1256E-005
     13.1250    -15.0000       0.8342E-005
     13.1250    -13.7500       0.2150E-004
     13.1250    -12.5000       0.3831E-004
     13.1250    -11.2500       0.5463E-004
     13.1250    -10.0000       0.6288E-004
     13.1250     -8.7500       0.5829E-004
     13.1250     -7.5000       0.4375E-004
     13.1250     -6.2500       0.2640E-004
     13.1250     -5.0000       0.1785E-004
     13.1250     -3.7500       0.3226E-004
     13.1250     -2.5000       0.8061E-004
     13.1250     -1.2500       0.1580E-003
     13.1250      0.0000       0.2472E-003
     13.1250      1.2500       0.3486E-003
     13.1250      2.5000       0.4913E-003
     13.1250      3.7500       0.7190E-003
     13.1250      5.0000       0.1032E-002
     13.1250      6.2500       0.1368E-002
     13.1250      7.5000       0.1648E-002
     13.1250      8.7500       0.1797E-002
     13.1250     10.0000       0.1738E-002
     13.1250     11.2500       0.1451E-002
     13.1250     12.5000       0.1014E-002
     13.1250     13.7500       0.5638E-003
     13.1250     15.0000       0.2086E-003
     13.1250     16.2500       0.2996E-004
     13.1250     17.5000       0.3460E-006
     13.1250     18.7500       0.2660E-010

     14.0625    -20.0000       0.7399E-011
     14.0625    -18.7500       0.5207E-011
     14.0625    -17.5000       0.2814E-007
     14.0625    -16.2500       0.2556E-005
     14.0625    -15.0000       0.1832E-004
     14.0625    -13.7500       0.5123E-004
     14.0625    -12.5000       0.9320E-004
     14.0625    -11.2500       0.1342E-003
     14.0625    -10.0000       0.1659E-003
     14.0625     -8.7500       0.1835E-003
     14.0625     -7.5000       0.1871E-003
     14.0625     -6.2500       0.1785E-003
     14.0625     -5.0000       0.1509E-003
     14.0625     -3.7500       0.1040E-003
     14.0625     -2.5000       0.5590E-004
     14.0625     -1.2500       0.3666E-004
     14.0625      0.0000       0.7946E-004
     14.0625      1.2500       0.2083E-003
     14.0625      2.5000       0.4255E-003
     14.0625      3.7500       0.7220E-003
     14.0625      5.0000       0.1063E-002
     14.0625      6.2500       0.1386E-002
     14.0625      7.5000       0.1631E-002
     14.0625      8.7500       0.1748E-002
     14.0625     10.0000       0.1673E-002
     14.0625     11.2500       0.1391E-002
     14.0625     12.5000       0.9711E-003
     14.0625     13.7500       0.5394E-003
     14.0625     15.0000       0.1985E-003
     14.0625     16.2500       0.2838E-004
     14.0625     17.5000       0.3288E-006
     14.0625     18.7500       0.3409E-010

     15.0000    -20.0000       0.3160E-011
     15.0000    -18.7500       0.1688E-011
     15.0000    -17.5000       0.1728E-006
     15.0000    -16.2500       0.1541E-004
     15.0000    -15.0000       0.1085E-003
     15.0000    -13.7500       0.2966E-003
     15.0000    -12.5000       0.5355E-003
     15.0000    -11.2500       0.7678E-003
     15.0000    -10.0000       0.9298E-003
     15.0000     -8.7500       0.9845E-003
     15.0000     -7.5000       0.9397E-003
     15.0000     -6.2500       0.8227E-003
     15.0000     -5.0000       0.6464E-003
     15.0000     -3.7500       0.4307E-003
     15.0000     -2.5000       0.2194E-003
     15.0000     -1.2500       0.6043E-004
     15.0000      0.0000       0.9188E-011
     15.0000      1.2500       0.6052E-004
     15.0000      2.5000       0.2192E-003
     15.0000      3.7500       0.4310E-003
     15.0000      5.0000       0.6461E-003
     15.0000      6.2500       0.8231E-003
     15.0000      7.5000       0.9393E-003
     15.0000      8.7500       0.9849E-003
     15.0000     10.0000       0.9294E-003
     15.0000     11.2500       0.7681E-003
     15.0000     12.5000       0.5353E-003
     15.0000     13.7500       0.2967E-003
     15.0000     15.0000       0.1084E-003
     15.0000     16.2500       0.1541E-004
     15.0000     17.5000       0.1792E-006
     15.0000     18.7500       0.3572E-010

     15.9375    -20.0000       0.1058E-010
     15.9375    -18.7500       0.7934E-012
     15.9375    -17.5000       0.3209E-006
     15.9375    -16.2500       0.2839E-004
     15.9375    -15.0000       0.1986E-003
     15.9375    -13.7500       0.5392E-003
     15.9375    -12.5000       0.9714E-003
     15.9375    -11.2500       0.1391E-002
     15.9375    -10.0000       0.1674E-002
     15.9375     -8.7500       0.1747E-002
     15.9375     -7.5000       0.1631E-002
     15.9375     -6.2500       0.1386E-002
     15.9375     -5.0000       0.1063E-002
     15.9375     -3.7500       0.7217E-003
     15.9375     -2.5000       0.4257E-003
     15.9375     -1.2500       0.2082E-003
     15.9375      0.0000       0.7952E-004
     15.9375      1.2500       0.3667E-004
     15.9375      2.5000       0.5583E-004
     15.9375      3.7500       0.1041E-003
     15.9375      5.0000       0.1508E-003
     15.9375      6.2500       0.1786E-003
     15.9375      7.5000       0.1870E-003
     15.9375      8.7500       0.1836E-003
     15.9375     10.0000       0.1658E-003
     15.9375     11.2500       0.1343E-003
     15.9375     12.5000       0.9312E-004
     15.9375     13.7500       0.5128E-004
     15.9375     15.0000       0.1830E-004
     15.9375     16.2500       0.2555E-005
     15.9375     17.5000       0.3015E-007
     15.9375     18.7500       0.2997E-010

     16.8750    -20.0000       0.2418E-010
     16.8750    -18.7500       0.2563E-011
     16.8750    -17.5000       0.3407E-006
     16.8750    -16.2500       0.2996E-004
     16.8750    -15.0000       0.2087E-003
     16.8750    -13.7500       0.5637E-003
     16.8750    -12.5000       0.1014E-002
     16.8750    -11.2500       0.1451E-002
     16.8750    -10.0000       0.1738E-002
     16.8750     -8.7500       0.1796E-002
     16.8750     -7.5000       0.1648E-002
     16.8750     -6.2500       0.1368E-002
     16.8750     -5.0000       0.1032E-002
     16.8750     -3.7500       0.7188E-003
     16.8750     -2.5000       0.4915E-003
     16.8750     -1.2500       0.3485E-003
     16.8750      0.0000       0.2473E-003
     16.8750      1.2500       0.1580E-003
     16.8750      2.5000       0.8064E-004
     16.8750      3.7500       0.3224E-004
     16.8750      5.0000       0.1788E-004
     16.8750      6.2500       0.2636E-004
     16.8750      7.5000       0.4380E-004
     16.8750      8.7500       0.5823E-004
     16.8750     10.0000       0.6294E-004
     16.8750     11.2500       0.5458E-004
     16.8750     12.5000       0.3834E-004
     16.8750     13.7500       0.2148E-004
     16.8750     15.0000       0.8350E-005
     16.8750     16.2500       0.1257E-005
     16.8750     17.5000       0.1408E-007
     16.8750     18.7500       0.1930E-010

     17.8125    -20.0000       0.3270E-010
     17.8125    -18.7500       0.6071E-011
     17.8125    -17.5000       0.2146E-006
     17.8125    -16.2500       0.1873E-004
     17.8125    -15.0000       0.1297E-003
     17.8125    -13.7500       0.3484E-003
     17.8125    -12.5000       0.6259E-003
     17.8125    -11.2500       0.8950E-003
     17.8125    -10.0000       0.1067E-002
     17.8125     -8.7500       0.1088E-002
     17.8125     -7.5000       0.9767E-003
     17.8125     -6.2500       0.7857E-003
     17.8125     -5.0000       0.5800E-003
     17.8125     -3.7500       0.4245E-003
     17.8125     -2.5000       0.3583E-003
     17.8125     -1.2500       0.3568E-003
     17.8125      0.0000       0.3542E-003
     17.8125      1.2500       0.3165E-003
     17.8125      2.5000       0.2716E-003
     17.8125      3.7500       0.2795E-003
     17.8125      5.0000       0.3659E-003
     17.8125      6.2500       0.5023E-003
     17.8125      7.5000       0.6378E-003
     17.8125      8.7500       0.7209E-003
     17.8125     10.0000       0.7129E-003
     17.8125     11.2500       0.6001E-003
     17.8125     12.5000       0.4198E-003
     17.8125     13.7500       0.2339E-003
     17.8125     15.0000       0.8742E-004
     17.8125     16.2500       0.1267E-004
     17.8125     17.5000       0.1453E-006
     17.8125     18.7500       0.8606E-011

     18.7500    -20.0000       0.2890E-010
     18.7500    -18.7500       0.1009E-010
     18.7500    -17.5000       0.5477E-007
     18.7500    -16.2500       0.4671E-005
     18.7500    -15.0000       0.3187E-004
     18.7500    -13.7500       0.8429E-004
     18.7500    -12.5000       0.1509E-003
     18.7500    -11.2500       0.2155E-003
     18.7500    -10.0000       0.2534E-003
     18.7500     -8.7500       0.2496E-003
     18.7500     -7.5000       0.2107E-003
     18.7500     -6.2500       0.1548E-003
     18.7500     -5.0000       0.1086E-003
     18.7500     -3.7500       0.9999E-004
     18.7500     -2.5000       0.1445E-003
     18.7500     -1.2500       0.2256E-003
     18.7500      0.0000       0.3052E-003
     18.7500      1.2500       0.3714E-003
     18.7500      2.5000       0.4589E-003
     18.7500      3.7500       0.6256E-003
     18.7500      5.0000       0.8846E-003
     18.7500      6.2500       0.1182E-002
     18.7500      7.5000       0.1439E-002
     18.7500      8.7500       0.1580E-002
     18.7500     10.0000       0.1536E-002
     18.7500     11.2500       0.1284E-002
     18.7500     12.5000       0.8977E-003
     18.7500     13.7500       0.4994E-003
     18.7500     15.0000       0.1852E-003
     18.7500     16.2500       0.2664E-004
     18.7500     17.5000       0.3072E-006
     18.7500     18.7500       0.1943E-011

     19.6875    -20.0000       0.1593E-010
     19.6875    -18.7500       0.1373E-010
     19.6875    -17.5000       0.3239E-008
     19.6875    -16.2500       0.2879E-006
     19.6875    -15.0000       0.2140E-005
     19.6875    -13.7500       0.6369E-005
     19.6875    -12.5000       0.1190E-004
     19.6875    -11.2500       0.1742E-004
     19.6875    -10.0000       0.2281E-004
     19.6875     -8.7500       0.2800E-004
     19.6875     -7.5000       0.3294E-004
     19.6875     -6.2500       0.3722E-004
     19.6875     -5.0000       0.3725E-004
     19.6875     -3.7500       0.3409E-004
     19.6875     -2.5000       0.4007E-004
     19.6875     -1.2500       0.7154E-004
     19.6875      0.0000       0.1439E-003
     19.6875      1.2500       0.2739E-003
     19.6875      2.5000       0.4761E-003
     19.6875      3.7500       0.7631E-003
     19.6875      5.0000       0.1113E-002
     19.6875      6.2500       0.1462E-002
     19.6875      7.5000       0.1736E-002
     19.6875      8.7500       0.1873E-002
     19.6875     10.0000       0.1801E-002
     19.6875     11.2500       0.1500E-002
     19.6875     12.5000       0.1048E-002
     19.6875     13.7500       0.5822E-003
     19.6875     15.0000       0.2147E-003
     19.6875     16.2500       0.3076E-004
     19.6875     17.5000       0.3558E-006
     19.6875     18.7500       0.2091E-012

     20.6250    -20.0000       0.4571E-011
     20.6250    -18.7500       0.1660E-010
     20.6250    -17.5000       0.1058E-006
     20.6250    -16.2500       0.9474E-005
     20.6250    -15.0000       0.6698E-004
     20.6250    -13.7500       0.1840E-003
     20.6250    -12.5000       0.3329E-003
     20.6250    -11.2500       0.4777E-003
     20.6250    -10.0000       0.5811E-003
     20.6250     -8.7500       0.6213E-003
     20.6250     -7.5000       0.6022E-003
     20.6250     -6.2500       0.5380E-003
     20.6250     -5.0000       0.4297E-003
     20.6250     -3.7500       0.2855E-003
     20.6250     -2.5000       0.1380E-003
     20.6250     -1.2500       0.3157E-004
     20.6250      0.0000       0.1360E-004
     20.6250      1.2500       0.1106E-003
     20.6250      2.5000       0.3080E-003
     20.6250      3.7500       0.5701E-003
     20.6250      5.0000       0.8492E-003
     20.6250      6.2500       0.1094E-002
     20.6250      7.5000       0.1266E-002
     20.6250      8.7500       0.1342E-002
     20.6250     10.0000       0.1275E-002
     20.6250     11.2500       0.1056E-002
     20.6250     12.5000       0.7368E-003
     20.6250     13.7500       0.4088E-003
     20.6250     15.0000       0.1499E-003
     20.6250     16.2500       0.2136E-004
     20.6250     17.5000       0.2480E-006
     20.6250     18.7500       0.1528E-011

     21.5625    -20.0000       0.3832E-011
     21.5625    -18.7500       0.1850E-010
     21.5625    -17.5000       0.2713E-006
     21.5625    -16.2500       0.2406E-004
     21.5625    -15.0000       0.1687E-003
     21.5625    -13.7500       0.4591E-003
     21.5625    -12.5000       0.8277E-003
     21.5625    -11.2500       0.1186E-002
     21.5625    -10.0000       0.1430E-002
     21.5625     -8.7500       0.1500E-002
     21.5625     -7.5000       0.1410E-002
     21.5625     -6.2500       0.1210E-002
     21.5625     -5.0000       0.9362E-003
     21.5625     -3.7500       0.6303E-003
     21.5625     -2.5000       0.3511E-003
     21.5625     -1.2500       0.1412E-003
     21.5625      0.0000       0.3017E-004
     21.5625      1.2500       0.2667E-004
     21.5625      2.5000       0.1039E-003
     21.5625      3.7500       0.2177E-003
     21.5625      5.0000       0.3265E-003
     21.5625      6.2500       0.4043E-003
     21.5625      7.5000       0.4454E-003
     21.5625      8.7500       0.4550E-003
     21.5625     10.0000       0.4219E-003
     21.5625     11.2500       0.3461E-003
     21.5625     12.5000       0.2407E-003
     21.5625     13.7500       0.1331E-003
     21.5625     15.0000       0.4820E-004
     21.5625     16.2500       0.6800E-005
     21.5625     17.5000       0.7951E-007
     21.5625     18.7500       0.3736E-011

     22.5000    -20.0000       0.1321E-010
     22.5000    -18.7500       0.1901E-010
     22.5000    -17.5000       0.3527E-006
     22.5000    -16.2500       0.3109E-004
     22.5000    -15.0000       0.2169E-003
     22.5000    -13.7500       0.5871E-003
     22.5000    -12.5000       0.1057E-002
     22.5000    -11.2500       0.1512E-002
     22.5000    -10.0000       0.1815E-002
     22.5000     -8.7500       0.1883E-002
     22.5000     -7.5000       0.1740E-002
     22.5000     -6.2500       0.1458E-002
     22.5000     -5.0000       0.1107E-002
     22.5000     -3.7500       0.7622E-003
     22.5000     -2.5000       0.4899E-003
     22.5000     -1.2500       0.3030E-003
     22.5000      0.0000       0.1789E-003
     22.5000      1.2500       0.9675E-004
     22.5000      2.5000       0.4520E-004
     22.5000      3.7500       0.1919E-004
     22.5000      5.0000       0.9546E-005
     22.5000      6.2500       0.5619E-005
     22.5000      7.5000       0.3103E-005
     22.5000      8.7500       0.1972E-005
     22.5000     10.0000       0.1381E-005
     22.5000     11.2500       0.8694E-006
     22.5000     12.5000       0.4797E-006
     22.5000     13.7500       0.1863E-006
     22.5000     15.0000       0.6541E-007
     22.5000     16.2500       0.1809E-007
     22.5000     17.5000       0.1777E-009
     22.5000     18.7500       0.6534E-011

     23.4375    -20.0000       0.2339E-010
     23.4375    -18.7500       0.1759E-010
     23.4375    -17.5000       0.2776E-006
     23.4375    -16.2500       0.2431E-004
     23.4375    -15.0000       0.1688E-003
     23.4375    -13.7500       0.4545E-003
     23.4375    -12.5000       0.8171E-003
     23.4375    -11.2500       0.1169E-002
     23.4375    -10.0000       0.1396E-002
     23.4375     -8.7500       0.1433E-002
     23.4375     -7.5000       0.1299E-002
     23.4375     -6.2500       0.1061E-002
     23.4375     -5.0000       0.7908E-003
     23.4375     -3.7500       0.5643E-003
     23.4375     -2.5000       0.4313E-003
     23.4375     -1.2500       0.3731E-003
     23.4375      0.0000       0.3275E-003
     23.4375      1.2500       0.2585E-003
     23.4375      2.5000       0.1842E-003
     23.4375      3.7500       0.1514E-003
     23.4375      5.0000       0.1810E-003
     23.4375      6.2500       0.2537E-003
     23.4375      7.5000       0.3344E-003
     23.4375      8.7500       0.3874E-003
     23.4375     10.0000       0.3887E-003
     23.4375     11.2500       0.3289E-003
     23.4375     12.5000       0.2303E-003
     23.4375     13.7500       0.1284E-003
     23.4375     15.0000       0.4832E-004
     23.4375     16.2500       0.7044E-005
     23.4375     17.5000       0.8046E-007
     23.4375     18.7500       0.1135E-010

     24.3750    -20.0000       0.2478E-010
     24.3750    -18.7500       0.1408E-010
     24.3750    -17.5000       0.1127E-006
     24.3750    -16.2500       0.9743E-005
     24.3750    -15.0000       0.6707E-004
     24.3750    -13.7500       0.1790E-003
     24.3750    -12.5000       0.3210E-003
     24.3750    -11.2500       0.4588E-003
     24.3750    -10.0000       0.5437E-003
     24.3750     -8.7500       0.5466E-003
     24.3750     -7.5000       0.4785E-003
     24.3750     -6.2500       0.3712E-003
     24.3750     -5.0000       0.2678E-003
     24.3750     -3.7500       0.2120E-003
     24.3750     -2.5000       0.2271E-003
     24.3750     -1.2500       0.2893E-003
     24.3750      0.0000       0.3440E-003
     24.3750      1.2500       0.3682E-003
     24.3750      2.5000       0.3973E-003
     24.3750      3.7500       0.4964E-003
     24.3750      5.0000       0.6878E-003
     24.3750      6.2500       0.9271E-003
     24.3750      7.5000       0.1143E-002
     24.3750      8.7500       0.1267E-002
     24.3750     10.0000       0.1238E-002
     24.3750     11.2500       0.1037E-002
     24.3750     12.5000       0.7252E-003
     24.3750     13.7500       0.4036E-003
     24.3750     15.0000       0.1500E-003
     24.3750     16.2500       0.2163E-004
     24.3750     17.5000       0.2491E-006
     24.3750     18.7500       0.1917E-010

     25.3125    -20.0000       0.1615E-010
     25.3125    -18.7500       0.9160E-011
     25.3125    -17.5000       0.4659E-008
     25.3125    -16.2500       0.3446E-006
     25.3125    -15.0000       0.2159E-005
     25.3125    -13.7500       0.5296E-005
     25.3125    -12.5000       0.9396E-005
     25.3125    -11.2500       0.1344E-004
     25.3125    -10.0000       0.1491E-004
     25.3125     -8.7500       0.1220E-004
     25.3125     -7.5000       0.6768E-005
     25.3125     -6.2500       0.1942E-005
     25.3125     -5.0000       0.3023E-005
     25.3125     -3.7500       0.1856E-004
     25.3125     -2.5000       0.5890E-004
     25.3125     -1.2500       0.1260E-003
     25.3125      0.0000       0.2137E-003
     25.3125      1.2500       0.3283E-003
     25.3125      2.5000       0.4949E-003
     25.3125      3.7500       0.7475E-003
     25.3125      5.0000       0.1079E-002
     25.3125      6.2500       0.1426E-002
     25.3125      7.5000       0.1710E-002
     25.3125      8.7500       0.1858E-002
     25.3125     10.0000       0.1793E-002
     25.3125     11.2500       0.1496E-002
     25.3125     12.5000       0.1045E-002
     25.3125     13.7500       0.5811E-003
     25.3125     15.0000       0.2148E-003
     25.3125     16.2500       0.3082E-004
     25.3125     17.5000       0.3561E-006
     25.3125     18.7500       0.2838E-010

     26.2500    -20.0000       0.5717E-011
     26.2500    -18.7500       0.4336E-011
     26.2500    -17.5000       0.4946E-007
     26.2500    -16.2500       0.4466E-005
     26.2500    -15.0000       0.3180E-004
     26.2500    -13.7500       0.8817E-004
     26.2500    -12.5000       0.1600E-003
     26.2500    -11.2500       0.2299E-003
     26.2500    -10.0000       0.2820E-003
     26.2500     -8.7500       0.3069E-003
     26.2500     -7.5000       0.3055E-003
     26.2500     -6.2500       0.2826E-003
     26.2500     -5.0000       0.2326E-003
     26.2500     -3.7500       0.1562E-003
     26.2500     -2.5000       0.7626E-004
     26.2500     -1.2500       0.2834E-004
     26.2500      0.0000       0.5237E-004
     26.2500      1.2500       0.1743E-003
     26.2500      2.5000       0.3905E-003
     26.2500      3.7500       0.6819E-003
     26.2500      5.0000       0.1008E-002
     26.2500      6.2500       0.1310E-002
     26.2500      7.5000       0.1533E-002
     26.2500      8.7500       0.1637E-002
     26.2500     10.0000       0.1564E-002
     26.2500     11.2500       0.1299E-002
     26.2500     12.5000       0.9065E-003
     26.2500     13.7500       0.5034E-003
     26.2500     15.0000       0.1851E-003
     26.2500     16.2500       0.2643E-004
     26.2500     17.5000       0.3064E-006
     26.2500     18.7500       0.3499E-010

     27.1875    -20.0000       0.3738E-011
     27.1875    -18.7500       0.1281E-011
     27.1875    -17.5000       0.2072E-006
     27.1875    -16.2500       0.1844E-004
     27.1875    -15.0000       0.1296E-003
     27.1875    -13.7500       0.3538E-003
     27.1875    -12.5000       0.6384E-003
     27.1875    -11.2500       0.9149E-003
     27.1875    -10.0000       0.1106E-002
     27.1875     -8.7500       0.1167E-002
     27.1875     -7.5000       0.1108E-002
     27.1875     -6.2500       0.9625E-003
     27.1875     -5.0000       0.7517E-003
     27.1875     -3.7500       0.5024E-003
     27.1875     -2.5000       0.2637E-003
     27.1875     -1.2500       0.8323E-004
     27.1875      0.0000       0.3444E-005
     27.1875      1.2500       0.4306E-004
     27.1875      2.5000       0.1768E-003
     27.1875      3.7500       0.3577E-003
     27.1875      5.0000       0.5374E-003
     27.1875      6.2500       0.6797E-003
     27.1875      7.5000       0.7686E-003
     27.1875      8.7500       0.8006E-003
     27.1875     10.0000       0.7521E-003
     27.1875     11.2500       0.6204E-003
     27.1875     12.5000       0.4321E-003
     27.1875     13.7500       0.2394E-003
     27.1875     15.0000       0.8727E-004
     27.1875     16.2500       0.1238E-004
     27.1875     17.5000       0.1442E-006
     27.1875     18.7500       0.3514E-010

     28.1250    -20.0000       0.1314E-010
     28.1250    -18.7500       0.9531E-012
     28.1250    -17.5000       0.3378E-006
     28.1250    -16.2500       0.2985E-004
     28.1250    -15.0000       0.2086E-003
     28.1250    -13.7500       0.5658E-003
     28.1250    -12.5000       0.1019E-002
     28.1250    -11.2500       0.1459E-002
     28.1250    -10.0000       0.1754E-002
     28.1250     -8.7500       0.1827E-002
     28.1250     -7.5000       0.1700E-002
     28.1250     -6.2500       0.1437E-002
     28.1250     -5.0000       0.1099E-002
     28.1250     -3.7500       0.7491E-003
     28.1250     -2.5000       0.4546E-003
     28.1250     -1.2500       0.2418E-003
     28.1250      0.0000       0.1104E-003
     28.1250      1.2500       0.5124E-004
     28.1250      2.5000       0.4363E-004
     28.1250      3.7500       0.6280E-004
     28.1250      5.0000       0.8489E-004
     28.1250      6.2500       0.9570E-004
     28.1250      7.5000       0.9497E-004
     28.1250      8.7500       0.8940E-004
     28.1250     10.0000       0.7827E-004
     28.1250     11.2500       0.6253E-004
     28.1250     12.5000       0.4315E-004
     28.1250     13.7500       0.2364E-004
     28.1250     15.0000       0.8293E-005
     28.1250     16.2500       0.1145E-005
     28.1250     17.5000       0.1366E-007
     28.1250     18.7500       0.2808E-010

     29.0625    -20.0000       0.2664E-010
     29.0625    -18.7500       0.3165E-011
     29.0625    -17.5000       0.3251E-006
     29.0625    -16.2500       0.2855E-004
     29.0625    -15.0000       0.1987E-003
     29.0625    -13.7500       0.5362E-003
     29.0625    -12.5000       0.9643E-003
     29.0625    -11.2500       0.1379E-002
     29.0625    -10.0000       0.1651E-002
     29.0625     -8.7500       0.1703E-002
     29.0625     -7.5000       0.1557E-002
     29.0625     -6.2500       0.1286E-002
     29.0625     -5.0000       0.9661E-003
     29.0625     -3.7500       0.6776E-003
     29.0625     -2.5000       0.4793E-003
     29.0625     -1.2500       0.3631E-003
     29.0625      0.0000       0.2782E-003
     29.0625      1.2500       0.1916E-003
     29.0625      2.5000       0.1095E-003
     29.0625      3.7500       0.5973E-004
     29.0625      5.0000       0.5354E-004
     29.0625      6.2500       0.7797E-004
     29.0625      7.5000       0.1127E-003
     29.0625      8.7500       0.1384E-003
     29.0625     10.0000       0.1435E-003
     29.0625     11.2500       0.1228E-003
     29.0625     12.5000       0.8614E-004
     29.0625     13.7500       0.4815E-004
     29.0625     15.0000       0.1838E-004
     29.0625     16.2500       0.2718E-005
     29.0625     17.5000       0.3077E-007
     29.0625     18.7500       0.1700E-010

