    -30.0000    -20.0000       0.5872E-011
    -30.0000    -18.7500       0.9733E-012
    -30.0000    -17.5000       0.2200E-006
    -30.0000    -16.2500       0.1957E-004
    -30.0000    -15.0000       0.1386E-003
    -30.0000    -13.7500       0.3756E-003
    -30.0000    -12.5000       0.6615E-003
    -30.0000    -11.2500       0.9152E-003
    -30.0000    -10.0000       0.1070E-002
    -30.0000     -8.7500       0.1088E-002
    -30.0000     -7.5000       0.9661E-003
    -30.0000     -6.2500       0.7352E-003
    -30.0000     -5.0000       0.4553E-003
    -30.0000     -3.7500       0.1997E-003
    -30.0000     -2.5000       0.4028E-004
    -30.0000     -1.2500       0.1155E-005
    -30.0000      0.0000       0.9055E-008
    -30.0000      1.2500       0.1155E-005
    -30.0000      2.5000       0.4028E-004
    -30.0000      3.7500       0.1997E-003
    -30.0000      5.0000       0.4553E-003
    -30.0000      6.2500       0.7352E-003
    -30.0000      7.5000       0.9661E-003
    -30.0000      8.7500       0.1088E-002
    -30.0000     10.0000       0.1070E-002
    -30.0000     11.2500       0.9152E-003
    -30.0000     12.5000       0.6615E-003
    -30.0000     13.7500       0.3756E-003
    -30.0000     15.0000       0.1386E-003
    -30.0000     16.2500       0.1957E-004
    -30.0000     17.5000       0.2200E-006
    -30.0000     18.7500       0.9733E-012

    -29.0625    -20.0000       0.3877E-011
    -29.0625    -18.7500       0.1074E-010
    -29.0625    -17.5000       0.2208E-006
    -29.0625    -16.2500       0.1958E-004
    -29.0625    -15.0000       0.1386E-003
    -29.0625    -13.7500       0.3757E-003
    -29.0625    -12.5000       0.6615E-003
    -29.0625    -11.2500       0.9152E-003
    -29.0625    -10.0000       0.1070E-002
    -29.0625     -8.7500       0.1088E-002
    -29.0625     -7.5000       0.9659E-003
    -29.0625     -6.2500       0.7353E-003
    -29.0625     -5.0000       0.4553E-003
    -29.0625     -3.7500       0.1998E-003
    -29.0625     -2.5000       0.4028E-004
    -29.0625     -1.2500       0.1151E-005
    -29.0625      0.0000       0.6138E-008
    -29.0625      1.2500       0.1161E-005
    -29.0625      2.5000       0.4027E-004
    -29.0625      3.7500       0.1998E-003
    -29.0625      5.0000       0.4553E-003
    -29.0625      6.2500       0.7354E-003
    -29.0625      7.5000       0.9661E-003
    -29.0625      8.7500       0.1089E-002
    -29.0625     10.0000       0.1070E-002
    -29.0625     11.2500       0.9153E-003
    -29.0625     12.5000       0.6614E-003
    -29.0625     13.7500       0.3756E-003
    -29.0625     15.0000       0.1385E-003
    -29.0625     16.2500       0.1958E-004
    -29.0625     17.5000       0.2203E-006
    -29.0625     18.7500       0.5730E-011

    -28.1250    -20.0000       0.1804E-011
    -28.1250    -18.7500       0.2677E-010
    -28.1250    -17.5000       0.2219E-006
    -28.1250    -16.2500       0.1960E-004
    -28.1250    -15.0000       0.1385E-003
    -28.1250    -13.7500       0.3757E-003
    -28.1250    -12.5000       0.6614E-003
    -28.1250    -11.2500       0.9152E-003
    -28.1250    -10.0000       0.1069E-002
    -28.1250     -8.7500       0.1088E-002
    -28.1250     -7.5000       0.9658E-003
    -28.1250     -6.2500       0.7354E-003
    -28.1250     -5.0000       0.4554E-003
    -28.1250     -3.7500       0.1998E-003
    -28.1250     -2.5000       0.4030E-004
    -28.1250     -1.2500       0.1143E-005
    -28.1250      0.0000       0.1887E-008
    -28.1250      1.2500       0.1150E-005
    -28.1250      2.5000       0.4030E-004
    -28.1250      3.7500       0.1998E-003
    -28.1250      5.0000       0.4554E-003
    -28.1250      6.2500       0.7355E-003
    -28.1250      7.5000       0.9659E-003
    -28.1250      8.7500       0.1089E-002
    -28.1250     10.0000       0.1070E-002
    -28.1250     11.2500       0.9153E-003
    -28.1250     12.5000       0.6613E-003
    -28.1250     13.7500       0.3757E-003
    -28.1250     15.0000       0.1385E-003
    -28.1250     16.2500       0.1960E-004
    -28.1250     17.5000       0.2215E-006
    -28.1250     18.7500       0.2089E-010

    -27.1875    -20.0000       0.7867E-011
    -27.1875    -18.7500       0.3553E-010
    -27.1875    -17.5000       0.2223E-006
    -27.1875    -16.2500       0.1961E-004
    -27.1875    -15.0000       0.1385E-003
    -27.1875    -13.7500       0.3757E-003
    -27.1875    -12.5000       0.6614E-003
    -27.1875    -11.2500       0.9152E-003
    -27.1875    -10.0000       0.1070E-002
    -27.1875     -8.7500       0.1088E-002
    -27.1875     -7.5000       0.9658E-003
    -27.1875     -6.2500       0.7354E-003
    -27.1875     -5.0000       0.4555E-003
    -27.1875     -3.7500       0.1998E-003
    -27.1875     -2.5000       0.4033E-004
    -27.1875     -1.2500       0.1138E-005
    -27.1875      0.0000       0.8012E-010
    -27.1875      1.2500       0.1133E-005
    -27.1875      2.5000       0.4033E-004
    -27.1875      3.7500       0.1998E-003
    -27.1875      5.0000       0.4555E-003
    -27.1875      6.2500       0.7355E-003
    -27.1875      7.5000       0.9658E-003
    -27.1875      8.7500       0.1089E-002
    -27.1875     10.0000       0.1070E-002
    -27.1875     11.2500       0.9152E-003
    -27.1875     12.5000       0.6613E-003
    -27.1875     13.7500       0.3757E-003
    -27.1875     15.0000       0.1384E-003
    -27.1875     16.2500       0.1962E-004
    -27.1875     17.5000       0.2224E-006
    -27.1875     18.7500       0.3338E-010

    -26.2500    -20.0000       0.2568E-010
    -26.2500    -18.7500       0.3012E-010
    -26.2500    -17.5000       0.2217E-006
    -26.2500    -16.2500       0.1960E-004
    -26.2500    -15.0000       0.1385E-003
    -26.2500    -13.7500       0.3757E-003
    -26.2500    -12.5000       0.6614E-003
    -26.2500    -11.2500       0.9152E-003
    -26.2500    -10.0000       0.1070E-002
    -26.2500     -8.7500       0.1089E-002
    -26.2500     -7.5000       0.9660E-003
    -26.2500     -6.2500       0.7354E-003
    -26.2500     -5.0000       0.4555E-003
    -26.2500     -3.7500       0.1997E-003
    -26.2500     -2.5000       0.4033E-004
    -26.2500     -1.2500       0.1140E-005
    -26.2500      0.0000       0.2324E-008
    -26.2500      1.2500       0.1124E-005
    -26.2500      2.5000       0.4035E-004
    -26.2500      3.7500       0.1997E-003
    -26.2500      5.0000       0.4555E-003
    -26.2500      6.2500       0.7354E-003
    -26.2500      7.5000       0.9658E-003
    -26.2500      8.7500       0.1088E-002
    -26.2500     10.0000       0.1069E-002
    -26.2500     11.2500       0.9152E-003
    -26.2500     12.5000       0.6614E-003
    -26.2500     13.7500       0.3757E-003
    -26.2500     15.0000       0.1385E-003
    -26.2500     16.2500       0.1961E-004
    -26.2500     17.5000       0.2224E-006
    -26.2500     18.7500       0.3285E-010

    -25.3125    -20.0000       0.4892E-010
    -25.3125    -18.7500       0.1621E-010
    -25.3125    -17.5000       0.2207E-006
    -25.3125    -16.2500       0.1959E-004
    -25.3125    -15.0000       0.1385E-003
    -25.3125    -13.7500       0.3756E-003
    -25.3125    -12.5000       0.6614E-003
    -25.3125    -11.2500       0.9152E-003
    -25.3125    -10.0000       0.1070E-002
    -25.3125     -8.7500       0.1088E-002
    -25.3125     -7.5000       0.9661E-003
    -25.3125     -6.2500       0.7353E-003
    -25.3125     -5.0000       0.4554E-003
    -25.3125     -3.7500       0.1997E-003
    -25.3125     -2.5000       0.4031E-004
    -25.3125     -1.2500       0.1148E-005
    -25.3125      0.0000       0.6625E-008
    -25.3125      1.2500       0.1131E-005
    -25.3125      2.5000       0.4033E-004
    -25.3125      3.7500       0.1997E-003
    -25.3125      5.0000       0.4554E-003
    -25.3125      6.2500       0.7352E-003
    -25.3125      7.5000       0.9659E-003
    -25.3125      8.7500       0.1088E-002
    -25.3125     10.0000       0.1070E-002
    -25.3125     11.2500       0.9151E-003
    -25.3125     12.5000       0.6615E-003
    -25.3125     13.7500       0.3757E-003
    -25.3125     15.0000       0.1386E-003
    -25.3125     16.2500       0.1959E-004
    -25.3125     17.5000       0.2215E-006
    -25.3125     18.7500       0.2069E-010

    -24.3750    -20.0000       0.6470E-010
    -24.3750    -18.7500       0.6817E-011
    -24.3750    -17.5000       0.2203E-006
    -24.3750    -16.2500       0.1957E-004
    -24.3750    -15.0000       0.1386E-003
    -24.3750    -13.7500       0.3756E-003
    -24.3750    -12.5000       0.6615E-003
    -24.3750    -11.2500       0.9152E-003
    -24.3750    -10.0000       0.1070E-002
    -24.3750     -8.7500       0.1088E-002
    -24.3750     -7.5000       0.9662E-003
    -24.3750     -6.2500       0.7352E-003
    -24.3750     -5.0000       0.4553E-003
    -24.3750     -3.7500       0.1997E-003
    -24.3750     -2.5000       0.4028E-004
    -24.3750     -1.2500       0.1154E-005
    -24.3750      0.0000       0.9159E-008
    -24.3750      1.2500       0.1148E-005
    -24.3750      2.5000       0.4029E-004
    -24.3750      3.7500       0.1997E-003
    -24.3750      5.0000       0.4553E-003
    -24.3750      6.2500       0.7352E-003
    -24.3750      7.5000       0.9661E-003
    -24.3750      8.7500       0.1088E-002
    -24.3750     10.0000       0.1070E-002
    -24.3750     11.2500       0.9152E-003
    -24.3750     12.5000       0.6615E-003
    -24.3750     13.7500       0.3756E-003
    -24.3750     15.0000       0.1386E-003
    -24.3750     16.2500       0.1957E-004
    -24.3750     17.5000       0.2206E-006
    -24.3750     18.7500       0.8611E-011

    -23.4375    -20.0000       0.6319E-010
    -23.4375    -18.7500       0.1054E-010
    -23.4375    -17.5000       0.2209E-006
    -23.4375    -16.2500       0.1958E-004
    -23.4375    -15.0000       0.1386E-003
    -23.4375    -13.7500       0.3756E-003
    -23.4375    -12.5000       0.6615E-003
    -23.4375    -11.2500       0.9152E-003
    -23.4375    -10.0000       0.1070E-002
    -23.4375     -8.7500       0.1088E-002
    -23.4375     -7.5000       0.9660E-003
    -23.4375     -6.2500       0.7352E-003
    -23.4375     -5.0000       0.4553E-003
    -23.4375     -3.7500       0.1998E-003
    -23.4375     -2.5000       0.4027E-004
    -23.4375     -1.2500       0.1153E-005
    -23.4375      0.0000       0.7675E-008
    -23.4375      1.2500       0.1160E-005
    -23.4375      2.5000       0.4027E-004
    -23.4375      3.7500       0.1998E-003
    -23.4375      5.0000       0.4552E-003
    -23.4375      6.2500       0.7353E-003
    -23.4375      7.5000       0.9661E-003
    -23.4375      8.7500       0.1088E-002
    -23.4375     10.0000       0.1070E-002
    -23.4375     11.2500       0.9152E-003
    -23.4375     12.5000       0.6615E-003
    -23.4375     13.7500       0.3756E-003
    -23.4375     15.0000       0.1386E-003
    -23.4375     16.2500       0.1958E-004
    -23.4375     17.5000       0.2204E-006
    -23.4375     18.7500       0.7968E-011

    -22.5000    -20.0000       0.4535E-010
    -22.5000    -18.7500       0.2389E-010
    -22.5000    -17.5000       0.2219E-006
    -22.5000    -16.2500       0.1959E-004
    -22.5000    -15.0000       0.1386E-003
    -22.5000    -13.7500       0.3757E-003
    -22.5000    -12.5000       0.6615E-003
    -22.5000    -11.2500       0.9152E-003
    -22.5000    -10.0000       0.1069E-002
    -22.5000     -8.7500       0.1088E-002
    -22.5000     -7.5000       0.9658E-003
    -22.5000     -6.2500       0.7353E-003
    -22.5000     -5.0000       0.4554E-003
    -22.5000     -3.7500       0.1998E-003
    -22.5000     -2.5000       0.4029E-004
    -22.5000     -1.2500       0.1147E-005
    -22.5000      0.0000       0.3491E-008
    -22.5000      1.2500       0.1156E-005
    -22.5000      2.5000       0.4028E-004
    -22.5000      3.7500       0.1998E-003
    -22.5000      5.0000       0.4553E-003
    -22.5000      6.2500       0.7355E-003
    -22.5000      7.5000       0.9660E-003
    -22.5000      8.7500       0.1089E-002
    -22.5000     10.0000       0.1070E-002
    -22.5000     11.2500       0.9153E-003
    -22.5000     12.5000       0.6613E-003
    -22.5000     13.7500       0.3756E-003
    -22.5000     15.0000       0.1385E-003
    -22.5000     16.2500       0.1960E-004
    -22.5000     17.5000       0.2212E-006
    -22.5000     18.7500       0.1957E-010

    -21.5625    -20.0000       0.2221E-010
    -21.5625    -18.7500       0.3443E-010
    -21.5625    -17.5000       0.2226E-006
    -21.5625    -16.2500       0.1961E-004
    -21.5625    -15.0000       0.1385E-003
    -21.5625    -13.7500       0.3757E-003
    -21.5625    -12.5000       0.6614E-003
    -21.5625    -11.2500       0.9152E-003
    -21.5625    -10.0000       0.1069E-002
    -21.5625     -8.7500       0.1088E-002
    -21.5625     -7.5000       0.9658E-003
    -21.5625     -6.2500       0.7354E-003
    -21.5625     -5.0000       0.4555E-003
    -21.5625     -3.7500       0.1998E-003
    -21.5625     -2.5000       0.4032E-004
    -21.5625     -1.2500       0.1139E-005
    -21.5625      0.0000       0.3266E-009
    -21.5625      1.2500       0.1139E-005
    -21.5625      2.5000       0.4032E-004
    -21.5625      3.7500       0.1998E-003
    -21.5625      5.0000       0.4555E-003
    -21.5625      6.2500       0.7355E-003
    -21.5625      7.5000       0.9658E-003
    -21.5625      8.7500       0.1089E-002
    -21.5625     10.0000       0.1070E-002
    -21.5625     11.2500       0.9153E-003
    -21.5625     12.5000       0.6613E-003
    -21.5625     13.7500       0.3757E-003
    -21.5625     15.0000       0.1384E-003
    -21.5625     16.2500       0.1961E-004
    -21.5625     17.5000       0.2221E-006
    -21.5625     18.7500       0.3288E-010

    -20.6250    -20.0000       0.6134E-011
    -20.6250    -18.7500       0.3194E-010
    -20.6250    -17.5000       0.2221E-006
    -20.6250    -16.2500       0.1961E-004
    -20.6250    -15.0000       0.1384E-003
    -20.6250    -13.7500       0.3757E-003
    -20.6250    -12.5000       0.6613E-003
    -20.6250    -11.2500       0.9152E-003
    -20.6250    -10.0000       0.1070E-002
    -20.6250     -8.7500       0.1089E-002
    -20.6250     -7.5000       0.9659E-003
    -20.6250     -6.2500       0.7354E-003
    -20.6250     -5.0000       0.4555E-003
    -20.6250     -3.7500       0.1998E-003
    -20.6250     -2.5000       0.4033E-004
    -20.6250     -1.2500       0.1138E-005
    -20.6250      0.0000       0.9940E-009
    -20.6250      1.2500       0.1125E-005
    -20.6250      2.5000       0.4035E-004
    -20.6250      3.7500       0.1997E-003
    -20.6250      5.0000       0.4555E-003
    -20.6250      6.2500       0.7354E-003
    -20.6250      7.5000       0.9658E-003
    -20.6250      8.7500       0.1088E-002
    -20.6250     10.0000       0.1070E-002
    -20.6250     11.2500       0.9152E-003
    -20.6250     12.5000       0.6613E-003
    -20.6250     13.7500       0.3757E-003
    -20.6250     15.0000       0.1385E-003
    -20.6250     16.2500       0.1962E-004
    -20.6250     17.5000       0.2223E-006
    -20.6250     18.7500       0.3543E-010

    -19.6875    -20.0000       0.1843E-011
    -19.6875    -18.7500       0.1774E-010
    -19.6875    -17.5000       0.2209E-006
    -19.6875    -16.2500       0.1959E-004
    -19.6875    -15.0000       0.1385E-003
    -19.6875    -13.7500       0.3756E-003
    -19.6875    -12.5000       0.6614E-003
    -19.6875    -11.2500       0.9152E-003
    -19.6875    -10.0000       0.1070E-002
    -19.6875     -8.7500       0.1089E-002
    -19.6875     -7.5000       0.9661E-003
    -19.6875     -6.2500       0.7354E-003
    -19.6875     -5.0000       0.4554E-003
    -19.6875     -3.7500       0.1997E-003
    -19.6875     -2.5000       0.4032E-004
    -19.6875     -1.2500       0.1144E-005
    -19.6875      0.0000       0.4900E-008
    -19.6875      1.2500       0.1126E-005
    -19.6875      2.5000       0.4034E-004
    -19.6875      3.7500       0.1997E-003
    -19.6875      5.0000       0.4555E-003
    -19.6875      6.2500       0.7353E-003
    -19.6875      7.5000       0.9659E-003
    -19.6875      8.7500       0.1088E-002
    -19.6875     10.0000       0.1070E-002
    -19.6875     11.2500       0.9152E-003
    -19.6875     12.5000       0.6615E-003
    -19.6875     13.7500       0.3757E-003
    -19.6875     15.0000       0.1386E-003
    -19.6875     16.2500       0.1960E-004
    -19.6875     17.5000       0.2215E-006
    -19.6875     18.7500       0.2408E-010

    -18.7500    -20.0000       0.4427E-011
    -18.7500    -18.7500       0.3693E-011
    -18.7500    -17.5000       0.2200E-006
    -18.7500    -16.2500       0.1958E-004
    -18.7500    -15.0000       0.1386E-003
    -18.7500    -13.7500       0.3756E-003
    -18.7500    -12.5000       0.6615E-003
    -18.7500    -11.2500       0.9152E-003
    -18.7500    -10.0000       0.1070E-002
    -18.7500     -8.7500       0.1088E-002
    -18.7500     -7.5000       0.9662E-003
    -18.7500     -6.2500       0.7353E-003
    -18.7500     -5.0000       0.4553E-003
    -18.7500     -3.7500       0.1997E-003
    -18.7500     -2.5000       0.4029E-004
    -18.7500     -1.2500       0.1152E-005
    -18.7500      0.0000       0.8572E-008
    -18.7500      1.2500       0.1141E-005
    -18.7500      2.5000       0.4030E-004
    -18.7500      3.7500       0.1997E-003
    -18.7500      5.0000       0.4553E-003
    -18.7500      6.2500       0.7352E-003
    -18.7500      7.5000       0.9660E-003
    -18.7500      8.7500       0.1088E-002
    -18.7500     10.0000       0.1070E-002
    -18.7500     11.2500       0.9152E-003
    -18.7500     12.5000       0.6615E-003
    -18.7500     13.7500       0.3756E-003
    -18.7500     15.0000       0.1386E-003
    -18.7500     16.2500       0.1958E-004
    -18.7500     17.5000       0.2204E-006
    -18.7500     18.7500       0.7987E-011

    -17.8125    -20.0000       0.5791E-011
    -17.8125    -18.7500       0.1860E-011
    -17.8125    -17.5000       0.2201E-006
    -17.8125    -16.2500       0.1957E-004
    -17.8125    -15.0000       0.1386E-003
    -17.8125    -13.7500       0.3756E-003
    -17.8125    -12.5000       0.6615E-003
    -17.8125    -11.2500       0.9152E-003
    -17.8125    -10.0000       0.1070E-002
    -17.8125     -8.7500       0.1088E-002
    -17.8125     -7.5000       0.9661E-003
    -17.8125     -6.2500       0.7352E-003
    -17.8125     -5.0000       0.4553E-003
    -17.8125     -3.7500       0.1997E-003
    -17.8125     -2.5000       0.4027E-004
    -17.8125     -1.2500       0.1155E-005
    -17.8125      0.0000       0.8746E-008
    -17.8125      1.2500       0.1157E-005
    -17.8125      2.5000       0.4027E-004
    -17.8125      3.7500       0.1998E-003
    -17.8125      5.0000       0.4552E-003
    -17.8125      6.2500       0.7353E-003
    -17.8125      7.5000       0.9661E-003
    -17.8125      8.7500       0.1088E-002
    -17.8125     10.0000       0.1070E-002
    -17.8125     11.2500       0.9152E-003
    -17.8125     12.5000       0.6615E-003
    -17.8125     13.7500       0.3756E-003
    -17.8125     15.0000       0.1386E-003
    -17.8125     16.2500       0.1957E-004
    -17.8125     17.5000       0.2199E-006
    -17.8125     18.7500       0.6945E-012

    -16.8750    -20.0000       0.3214E-011
    -16.8750    -18.7500       0.1387E-010
    -16.8750    -17.5000       0.2211E-006
    -16.8750    -16.2500       0.1959E-004
    -16.8750    -15.0000       0.1386E-003
    -16.8750    -13.7500       0.3757E-003
    -16.8750    -12.5000       0.6615E-003
    -16.8750    -11.2500       0.9152E-003
    -16.8750    -10.0000       0.1070E-002
    -16.8750     -8.7500       0.1088E-002
    -16.8750     -7.5000       0.9659E-003
    -16.8750     -6.2500       0.7353E-003
    -16.8750     -5.0000       0.4553E-003
    -16.8750     -3.7500       0.1998E-003
    -16.8750     -2.5000       0.4028E-004
    -16.8750     -1.2500       0.1150E-005
    -16.8750      0.0000       0.5268E-008
    -16.8750      1.2500       0.1160E-005
    -16.8750      2.5000       0.4027E-004
    -16.8750      3.7500       0.1998E-003
    -16.8750      5.0000       0.4553E-003
    -16.8750      6.2500       0.7354E-003
    -16.8750      7.5000       0.9661E-003
    -16.8750      8.7500       0.1089E-002
    -16.8750     10.0000       0.1070E-002
    -16.8750     11.2500       0.9153E-003
    -16.8750     12.5000       0.6614E-003
    -16.8750     13.7500       0.3756E-003
    -16.8750     15.0000       0.1385E-003
    -16.8750     16.2500       0.1959E-004
    -16.8750     17.5000       0.2205E-006
    -16.8750     18.7500       0.8284E-011

    -15.9375    -20.0000       0.2128E-011
    -15.9375    -18.7500       0.2949E-010
    -15.9375    -17.5000       0.2221E-006
    -15.9375    -16.2500       0.1961E-004
    -15.9375    -15.0000       0.1385E-003
    -15.9375    -13.7500       0.3757E-003
    -15.9375    -12.5000       0.6614E-003
    -15.9375    -11.2500       0.9152E-003
    -15.9375    -10.0000       0.1069E-002
    -15.9375     -8.7500       0.1088E-002
    -15.9375     -7.5000       0.9658E-003
    -15.9375     -6.2500       0.7354E-003
    -15.9375     -5.0000       0.4554E-003
    -15.9375     -3.7500       0.1998E-003
    -15.9375     -2.5000       0.4030E-004
    -15.9375     -1.2500       0.1142E-005
    -15.9375      0.0000       0.1229E-008
    -15.9375      1.2500       0.1147E-005
    -15.9375      2.5000       0.4030E-004
    -15.9375      3.7500       0.1998E-003
    -15.9375      5.0000       0.4554E-003
    -15.9375      6.2500       0.7355E-003
    -15.9375      7.5000       0.9659E-003
    -15.9375      8.7500       0.1089E-002
    -15.9375     10.0000       0.1070E-002
    -15.9375     11.2500       0.9153E-003
    -15.9375     12.5000       0.6613E-003
    -15.9375     13.7500       0.3757E-003
    -15.9375     15.0000       0.1384E-003
    -15.9375     16.2500       0.1961E-004
    -15.9375     17.5000       0.2217E-006
    -15.9375     18.7500       0.2405E-010

    -15.0000    -20.0000       0.1054E-010
    -15.0000    -18.7500       0.3558E-010
    -15.0000    -17.5000       0.2223E-006
    -15.0000    -16.2500       0.1961E-004
    -15.0000    -15.0000       0.1385E-003
    -15.0000    -13.7500       0.3757E-003
    -15.0000    -12.5000       0.6613E-003
    -15.0000    -11.2500       0.9152E-003
    -15.0000    -10.0000       0.1070E-002
    -15.0000     -8.7500       0.1088E-002
    -15.0000     -7.5000       0.9658E-003
    -15.0000     -6.2500       0.7354E-003
    -15.0000     -5.0000       0.4555E-003
    -15.0000     -3.7500       0.1998E-003
    -15.0000     -2.5000       0.4033E-004
    -15.0000     -1.2500       0.1138E-005
    -15.0000      0.0000       0.2190E-009
    -15.0000      1.2500       0.1130E-005
    -15.0000      2.5000       0.4034E-004
    -15.0000      3.7500       0.1998E-003
    -15.0000      5.0000       0.4555E-003
    -15.0000      6.2500       0.7355E-003
    -15.0000      7.5000       0.9658E-003
    -15.0000      8.7500       0.1089E-002
    -15.0000     10.0000       0.1070E-002
    -15.0000     11.2500       0.9152E-003
    -15.0000     12.5000       0.6613E-003
    -15.0000     13.7500       0.3757E-003
    -15.0000     15.0000       0.1384E-003
    -15.0000     16.2500       0.1962E-004
    -15.0000     17.5000       0.2225E-006
    -15.0000     18.7500       0.3446E-010

    -14.0625    -20.0000       0.3026E-010
    -14.0625    -18.7500       0.2764E-010
    -14.0625    -17.5000       0.2215E-006
    -14.0625    -16.2500       0.1960E-004
    -14.0625    -15.0000       0.1385E-003
    -14.0625    -13.7500       0.3756E-003
    -14.0625    -12.5000       0.6614E-003
    -14.0625    -11.2500       0.9152E-003
    -14.0625    -10.0000       0.1070E-002
    -14.0625     -8.7500       0.1089E-002
    -14.0625     -7.5000       0.9660E-003
    -14.0625     -6.2500       0.7354E-003
    -14.0625     -5.0000       0.4555E-003
    -14.0625     -3.7500       0.1997E-003
    -14.0625     -2.5000       0.4033E-004
    -14.0625     -1.2500       0.1141E-005
    -14.0625      0.0000       0.3137E-008
    -14.0625      1.2500       0.1124E-005
    -14.0625      2.5000       0.4035E-004
    -14.0625      3.7500       0.1997E-003
    -14.0625      5.0000       0.4555E-003
    -14.0625      6.2500       0.7353E-003
    -14.0625      7.5000       0.9658E-003
    -14.0625      8.7500       0.1088E-002
    -14.0625     10.0000       0.1069E-002
    -14.0625     11.2500       0.9152E-003
    -14.0625     12.5000       0.6614E-003
    -14.0625     13.7500       0.3757E-003
    -14.0625     15.0000       0.1385E-003
    -14.0625     16.2500       0.1961E-004
    -14.0625     17.5000       0.2223E-006
    -14.0625     18.7500       0.3107E-010

    -13.1250    -20.0000       0.5310E-010
    -13.1250    -18.7500       0.1356E-010
    -13.1250    -17.5000       0.2205E-006
    -13.1250    -16.2500       0.1958E-004
    -13.1250    -15.0000       0.1385E-003
    -13.1250    -13.7500       0.3756E-003
    -13.1250    -12.5000       0.6614E-003
    -13.1250    -11.2500       0.9152E-003
    -13.1250    -10.0000       0.1070E-002
    -13.1250     -8.7500       0.1088E-002
    -13.1250     -7.5000       0.9662E-003
    -13.1250     -6.2500       0.7353E-003
    -13.1250     -5.0000       0.4554E-003
    -13.1250     -3.7500       0.1997E-003
    -13.1250     -2.5000       0.4031E-004
    -13.1250     -1.2500       0.1149E-005
    -13.1250      0.0000       0.7389E-008
    -13.1250      1.2500       0.1134E-005
    -13.1250      2.5000       0.4032E-004
    -13.1250      3.7500       0.1997E-003
    -13.1250      5.0000       0.4554E-003
    -13.1250      6.2500       0.7352E-003
    -13.1250      7.5000       0.9660E-003
    -13.1250      8.7500       0.1088E-002
    -13.1250     10.0000       0.1070E-002
    -13.1250     11.2500       0.9151E-003
    -13.1250     12.5000       0.6615E-003
    -13.1250     13.7500       0.3756E-003
    -13.1250     15.0000       0.1386E-003
    -13.1250     16.2500       0.1959E-004
    -13.1250     17.5000       0.2213E-006
    -13.1250     18.7500       0.1782E-010

    -12.1875    -20.0000       0.6593E-010
    -12.1875    -18.7500       0.6434E-011
    -12.1875    -17.5000       0.2203E-006
    -12.1875    -16.2500       0.1957E-004
    -12.1875    -15.0000       0.1386E-003
    -12.1875    -13.7500       0.3756E-003
    -12.1875    -12.5000       0.6615E-003
    -12.1875    -11.2500       0.9152E-003
    -12.1875    -10.0000       0.1070E-002
    -12.1875     -8.7500       0.1088E-002
    -12.1875     -7.5000       0.9661E-003
    -12.1875     -6.2500       0.7352E-003
    -12.1875     -5.0000       0.4553E-003
    -12.1875     -3.7500       0.1997E-003
    -12.1875     -2.5000       0.4028E-004
    -12.1875     -1.2500       0.1154E-005
    -12.1875      0.0000       0.9195E-008
    -12.1875      1.2500       0.1152E-005
    -12.1875      2.5000       0.4028E-004
    -12.1875      3.7500       0.1997E-003
    -12.1875      5.0000       0.4553E-003
    -12.1875      6.2500       0.7352E-003
    -12.1875      7.5000       0.9661E-003
    -12.1875      8.7500       0.1088E-002
    -12.1875     10.0000       0.1070E-002
    -12.1875     11.2500       0.9152E-003
    -12.1875     12.5000       0.6615E-003
    -12.1875     13.7500       0.3756E-003
    -12.1875     15.0000       0.1386E-003
    -12.1875     16.2500       0.1957E-004
    -12.1875     17.5000       0.2205E-006
    -12.1875     18.7500       0.7349E-011

    -11.2500    -20.0000       0.6068E-010
    -11.2500    -18.7500       0.1277E-010
    -11.2500    -17.5000       0.2211E-006
    -11.2500    -16.2500       0.1958E-004
    -11.2500    -15.0000       0.1386E-003
    -11.2500    -13.7500       0.3756E-003
    -11.2500    -12.5000       0.6615E-003
    -11.2500    -11.2500       0.9152E-003
    -11.2500    -10.0000       0.1070E-002
    -11.2500     -8.7500       0.1088E-002
    -11.2500     -7.5000       0.9660E-003
    -11.2500     -6.2500       0.7352E-003
    -11.2500     -5.0000       0.4553E-003
    -11.2500     -3.7500       0.1998E-003
    -11.2500     -2.5000       0.4027E-004
    -11.2500     -1.2500       0.1152E-005
    -11.2500      0.0000       0.6951E-008
    -11.2500      1.2500       0.1161E-005
    -11.2500      2.5000       0.4027E-004
    -11.2500      3.7500       0.1998E-003
    -11.2500      5.0000       0.4553E-003
    -11.2500      6.2500       0.7353E-003
    -11.2500      7.5000       0.9661E-003
    -11.2500      8.7500       0.1088E-002
    -11.2500     10.0000       0.1070E-002
    -11.2500     11.2500       0.9152E-003
    -11.2500     12.5000       0.6614E-003
    -11.2500     13.7500       0.3756E-003
    -11.2500     15.0000       0.1386E-003
    -11.2500     16.2500       0.1958E-004
    -11.2500     17.5000       0.2205E-006
    -11.2500     18.7500       0.9519E-011

    -10.3125    -20.0000       0.4070E-010
    -10.3125    -18.7500       0.2666E-010
    -10.3125    -17.5000       0.2221E-006
    -10.3125    -16.2500       0.1960E-004
    -10.3125    -15.0000       0.1386E-003
    -10.3125    -13.7500       0.3757E-003
    -10.3125    -12.5000       0.6614E-003
    -10.3125    -11.2500       0.9152E-003
    -10.3125    -10.0000       0.1069E-002
    -10.3125     -8.7500       0.1088E-002
    -10.3125     -7.5000       0.9658E-003
    -10.3125     -6.2500       0.7353E-003
    -10.3125     -5.0000       0.4554E-003
    -10.3125     -3.7500       0.1998E-003
    -10.3125     -2.5000       0.4029E-004
    -10.3125     -1.2500       0.1145E-005
    -10.3125      0.0000       0.2651E-008
    -10.3125      1.2500       0.1153E-005
    -10.3125      2.5000       0.4029E-004
    -10.3125      3.7500       0.1998E-003
    -10.3125      5.0000       0.4553E-003
    -10.3125      6.2500       0.7355E-003
    -10.3125      7.5000       0.9660E-003
    -10.3125      8.7500       0.1089E-002
    -10.3125     10.0000       0.1070E-002
    -10.3125     11.2500       0.9153E-003
    -10.3125     12.5000       0.6613E-003
    -10.3125     13.7500       0.3757E-003
    -10.3125     15.0000       0.1385E-003
    -10.3125     16.2500       0.1960E-004
    -10.3125     17.5000       0.2214E-006
    -10.3125     18.7500       0.2255E-010

     -9.3750    -20.0000       0.1812E-010
     -9.3750    -18.7500       0.3513E-010
     -9.3750    -17.5000       0.2226E-006
     -9.3750    -16.2500       0.1961E-004
     -9.3750    -15.0000       0.1385E-003
     -9.3750    -13.7500       0.3757E-003
     -9.3750    -12.5000       0.6614E-003
     -9.3750    -11.2500       0.9152E-003
     -9.3750    -10.0000       0.1070E-002
     -9.3750     -8.7500       0.1088E-002
     -9.3750     -7.5000       0.9658E-003
     -9.3750     -6.2500       0.7354E-003
     -9.3750     -5.0000       0.4555E-003
     -9.3750     -3.7500       0.1998E-003
     -9.3750     -2.5000       0.4032E-004
     -9.3750     -1.2500       0.1139E-005
     -9.3750      0.0000       0.1165E-009
     -9.3750      1.2500       0.1136E-005
     -9.3750      2.5000       0.4033E-004
     -9.3750      3.7500       0.1998E-003
     -9.3750      5.0000       0.4555E-003
     -9.3750      6.2500       0.7355E-003
     -9.3750      7.5000       0.9658E-003
     -9.3750      8.7500       0.1089E-002
     -9.3750     10.0000       0.1070E-002
     -9.3750     11.2500       0.9153E-003
     -9.3750     12.5000       0.6613E-003
     -9.3750     13.7500       0.3757E-003
     -9.3750     15.0000       0.1384E-003
     -9.3750     16.2500       0.1962E-004
     -9.3750     17.5000       0.2222E-006
     -9.3750     18.7500       0.3454E-010

     -8.4375    -20.0000       0.4372E-011
     -8.4375    -18.7500       0.2976E-010
     -8.4375    -17.5000       0.2219E-006
     -8.4375    -16.2500       0.1961E-004
     -8.4375    -15.0000       0.1385E-003
     -8.4375    -13.7500       0.3757E-003
     -8.4375    -12.5000       0.6614E-003
     -8.4375    -11.2500       0.9152E-003
     -8.4375    -10.0000       0.1070E-002
     -8.4375     -8.7500       0.1089E-002
     -8.4375     -7.5000       0.9659E-003
     -8.4375     -6.2500       0.7354E-003
     -8.4375     -5.0000       0.4555E-003
     -8.4375     -3.7500       0.1997E-003
     -8.4375     -2.5000       0.4033E-004
     -8.4375     -1.2500       0.1139E-005
     -8.4375      0.0000       0.1600E-008
     -8.4375      1.2500       0.1124E-005
     -8.4375      2.5000       0.4035E-004
     -8.4375      3.7500       0.1997E-003
     -8.4375      5.0000       0.4555E-003
     -8.4375      6.2500       0.7354E-003
     -8.4375      7.5000       0.9658E-003
     -8.4375      8.7500       0.1088E-002
     -8.4375     10.0000       0.1070E-002
     -8.4375     11.2500       0.9152E-003
     -8.4375     12.5000       0.6614E-003
     -8.4375     13.7500       0.3757E-003
     -8.4375     15.0000       0.1385E-003
     -8.4375     16.2500       0.1961E-004
     -8.4375     17.5000       0.2222E-006
     -8.4375     18.7500       0.3414E-010

     -7.5000    -20.0000       0.2083E-011
     -7.5000    -18.7500       0.1445E-010
     -7.5000    -17.5000       0.2207E-006
     -7.5000    -16.2500       0.1959E-004
     -7.5000    -15.0000       0.1385E-003
     -7.5000    -13.7500       0.3756E-003
     -7.5000    -12.5000       0.6614E-003
     -7.5000    -11.2500       0.9152E-003
     -7.5000    -10.0000       0.1070E-002
     -7.5000     -8.7500       0.1088E-002
     -7.5000     -7.5000       0.9661E-003
     -7.5000     -6.2500       0.7354E-003
     -7.5000     -5.0000       0.4554E-003
     -7.5000     -3.7500       0.1997E-003
     -7.5000     -2.5000       0.4032E-004
     -7.5000     -1.2500       0.1146E-005
     -7.5000      0.0000       0.5784E-008
     -7.5000      1.2500       0.1128E-005
     -7.5000      2.5000       0.4033E-004
     -7.5000      3.7500       0.1997E-003
     -7.5000      5.0000       0.4554E-003
     -7.5000      6.2500       0.7352E-003
     -7.5000      7.5000       0.9659E-003
     -7.5000      8.7500       0.1088E-002
     -7.5000     10.0000       0.1070E-002
     -7.5000     11.2500       0.9151E-003
     -7.5000     12.5000       0.6615E-003
     -7.5000     13.7500       0.3757E-003
     -7.5000     15.0000       0.1386E-003
     -7.5000     16.2500       0.1960E-004
     -7.5000     17.5000       0.2213E-006
     -7.5000     18.7500       0.2080E-010

     -6.5625    -20.0000       0.5005E-011
     -6.5625    -18.7500       0.2102E-011
     -6.5625    -17.5000       0.2199E-006
     -6.5625    -16.2500       0.1958E-004
     -6.5625    -15.0000       0.1386E-003
     -6.5625    -13.7500       0.3756E-003
     -6.5625    -12.5000       0.6615E-003
     -6.5625    -11.2500       0.9152E-003
     -6.5625    -10.0000       0.1070E-002
     -6.5625     -8.7500       0.1088E-002
     -6.5625     -7.5000       0.9662E-003
     -6.5625     -6.2500       0.7353E-003
     -6.5625     -5.0000       0.4553E-003
     -6.5625     -3.7500       0.1997E-003
     -6.5625     -2.5000       0.4029E-004
     -6.5625     -1.2500       0.1153E-005
     -6.5625      0.0000       0.8947E-008
     -6.5625      1.2500       0.1145E-005
     -6.5625      2.5000       0.4030E-004
     -6.5625      3.7500       0.1997E-003
     -6.5625      5.0000       0.4553E-003
     -6.5625      6.2500       0.7352E-003
     -6.5625      7.5000       0.9661E-003
     -6.5625      8.7500       0.1088E-002
     -6.5625     10.0000       0.1070E-002
     -6.5625     11.2500       0.9152E-003
     -6.5625     12.5000       0.6615E-003
     -6.5625     13.7500       0.3756E-003
     -6.5625     15.0000       0.1386E-003
     -6.5625     16.2500       0.1958E-004
     -6.5625     17.5000       0.2203E-006
     -6.5625     18.7500       0.5457E-011

     -5.6250    -20.0000       0.5521E-011
     -5.6250    -18.7500       0.3345E-011
     -5.6250    -17.5000       0.2202E-006
     -5.6250    -16.2500       0.1958E-004
     -5.6250    -15.0000       0.1386E-003
     -5.6250    -13.7500       0.3756E-003
     -5.6250    -12.5000       0.6615E-003
     -5.6250    -11.2500       0.9152E-003
     -5.6250    -10.0000       0.1070E-002
     -5.6250     -8.7500       0.1088E-002
     -5.6250     -7.5000       0.9661E-003
     -5.6250     -6.2500       0.7352E-003
     -5.6250     -5.0000       0.4553E-003
     -5.6250     -3.7500       0.1998E-003
     -5.6250     -2.5000       0.4027E-004
     -5.6250     -1.2500       0.1154E-005
     -5.6250      0.0000       0.8280E-008
     -5.6250      1.2500       0.1159E-005
     -5.6250      2.5000       0.4027E-004
     -5.6250      3.7500       0.1998E-003
     -5.6250      5.0000       0.4552E-003
     -5.6250      6.2500       0.7353E-003
     -5.6250      7.5000       0.9661E-003
     -5.6250      8.7500       0.1088E-002
     -5.6250     10.0000       0.1070E-002
     -5.6250     11.2500       0.9152E-003
     -5.6250     12.5000       0.6615E-003
     -5.6250     13.7500       0.3756E-003
     -5.6250     15.0000       0.1386E-003
     -5.6250     16.2500       0.1958E-004
     -5.6250     17.5000       0.2200E-006
     -5.6250     18.7500       0.1058E-011

     -4.6875    -20.0000       0.2601E-011
     -4.6875    -18.7500       0.1717E-010
     -4.6875    -17.5000       0.2213E-006
     -4.6875    -16.2500       0.1959E-004
     -4.6875    -15.0000       0.1386E-003
     -4.6875    -13.7500       0.3757E-003
     -4.6875    -12.5000       0.6615E-003
     -4.6875    -11.2500       0.9152E-003
     -4.6875    -10.0000       0.1069E-002
     -4.6875     -8.7500       0.1088E-002
     -4.6875     -7.5000       0.9659E-003
     -4.6875     -6.2500       0.7353E-003
     -4.6875     -5.0000       0.4553E-003
     -4.6875     -3.7500       0.1998E-003
     -4.6875     -2.5000       0.4028E-004
     -4.6875     -1.2500       0.1148E-005
     -4.6875      0.0000       0.4374E-008
     -4.6875      1.2500       0.1158E-005
     -4.6875      2.5000       0.4028E-004
     -4.6875      3.7500       0.1998E-003
     -4.6875      5.0000       0.4553E-003
     -4.6875      6.2500       0.7354E-003
     -4.6875      7.5000       0.9660E-003
     -4.6875      8.7500       0.1089E-002
     -4.6875     10.0000       0.1070E-002
     -4.6875     11.2500       0.9153E-003
     -4.6875     12.5000       0.6614E-003
     -4.6875     13.7500       0.3756E-003
     -4.6875     15.0000       0.1385E-003
     -4.6875     16.2500       0.1959E-004
     -4.6875     17.5000       0.2208E-006
     -4.6875     18.7500       0.1119E-010

     -3.7500    -20.0000       0.2855E-011
     -3.7500    -18.7500       0.3179E-010
     -3.7500    -17.5000       0.2222E-006
     -3.7500    -16.2500       0.1961E-004
     -3.7500    -15.0000       0.1385E-003
     -3.7500    -13.7500       0.3757E-003
     -3.7500    -12.5000       0.6614E-003
     -3.7500    -11.2500       0.9152E-003
     -3.7500    -10.0000       0.1069E-002
     -3.7500     -8.7500       0.1088E-002
     -3.7500     -7.5000       0.9658E-003
     -3.7500     -6.2500       0.7354E-003
     -3.7500     -5.0000       0.4555E-003
     -3.7500     -3.7500       0.1998E-003
     -3.7500     -2.5000       0.4031E-004
     -3.7500     -1.2500       0.1141E-005
     -3.7500      0.0000       0.7019E-009
     -3.7500      1.2500       0.1143E-005
     -3.7500      2.5000       0.4031E-004
     -3.7500      3.7500       0.1998E-003
     -3.7500      5.0000       0.4554E-003
     -3.7500      6.2500       0.7355E-003
     -3.7500      7.5000       0.9659E-003
     -3.7500      8.7500       0.1089E-002
     -3.7500     10.0000       0.1070E-002
     -3.7500     11.2500       0.9153E-003
     -3.7500     12.5000       0.6613E-003
     -3.7500     13.7500       0.3757E-003
     -3.7500     15.0000       0.1384E-003
     -3.7500     16.2500       0.1961E-004
     -3.7500     17.5000       0.2219E-006
     -3.7500     18.7500       0.2698E-010

     -2.8125    -20.0000       0.1371E-010
     -2.8125    -18.7500       0.3502E-010
     -2.8125    -17.5000       0.2222E-006
     -2.8125    -16.2500       0.1961E-004
     -2.8125    -15.0000       0.1384E-003
     -2.8125    -13.7500       0.3757E-003
     -2.8125    -12.5000       0.6613E-003
     -2.8125    -11.2500       0.9152E-003
     -2.8125    -10.0000       0.1070E-002
     -2.8125     -8.7500       0.1089E-002
     -2.8125     -7.5000       0.9658E-003
     -2.8125     -6.2500       0.7354E-003
     -2.8125     -5.0000       0.4555E-003
     -2.8125     -3.7500       0.1998E-003
     -2.8125     -2.5000       0.4033E-004
     -2.8125     -1.2500       0.1138E-005
     -2.8125      0.0000       0.5278E-009
     -2.8125      1.2500       0.1127E-005
     -2.8125      2.5000       0.4034E-004
     -2.8125      3.7500       0.1998E-003
     -2.8125      5.0000       0.4555E-003
     -2.8125      6.2500       0.7354E-003
     -2.8125      7.5000       0.9658E-003
     -2.8125      8.7500       0.1089E-002
     -2.8125     10.0000       0.1070E-002
     -2.8125     11.2500       0.9152E-003
     -2.8125     12.5000       0.6613E-003
     -2.8125     13.7500       0.3757E-003
     -2.8125     15.0000       0.1384E-003
     -2.8125     16.2500       0.1962E-004
     -2.8125     17.5000       0.2225E-006
     -2.8125     18.7500       0.3495E-010

     -1.8750    -20.0000       0.3499E-010
     -1.8750    -18.7500       0.2489E-010
     -1.8750    -17.5000       0.2213E-006
     -1.8750    -16.2500       0.1960E-004
     -1.8750    -15.0000       0.1385E-003
     -1.8750    -13.7500       0.3756E-003
     -1.8750    -12.5000       0.6614E-003
     -1.8750    -11.2500       0.9152E-003
     -1.8750    -10.0000       0.1070E-002
     -1.8750     -8.7500       0.1089E-002
     -1.8750     -7.5000       0.9660E-003
     -1.8750     -6.2500       0.7354E-003
     -1.8750     -5.0000       0.4555E-003
     -1.8750     -3.7500       0.1997E-003
     -1.8750     -2.5000       0.4033E-004
     -1.8750     -1.2500       0.1143E-005
     -1.8750      0.0000       0.4007E-008
     -1.8750      1.2500       0.1125E-005
     -1.8750      2.5000       0.4034E-004
     -1.8750      3.7500       0.1997E-003
     -1.8750      5.0000       0.4555E-003
     -1.8750      6.2500       0.7353E-003
     -1.8750      7.5000       0.9658E-003
     -1.8750      8.7500       0.1088E-002
     -1.8750     10.0000       0.1069E-002
     -1.8750     11.2500       0.9152E-003
     -1.8750     12.5000       0.6614E-003
     -1.8750     13.7500       0.3757E-003
     -1.8750     15.0000       0.1385E-003
     -1.8750     16.2500       0.1960E-004
     -1.8750     17.5000       0.2221E-006
     -1.8750     18.7500       0.2887E-010

     -0.9375    -20.0000       0.5686E-010
     -0.9375    -18.7500       0.1121E-010
     -0.9375    -17.5000       0.2204E-006
     -0.9375    -16.2500       0.1958E-004
     -0.9375    -15.0000       0.1386E-003
     -0.9375    -13.7500       0.3756E-003
     -0.9375    -12.5000       0.6615E-003
     -0.9375    -11.2500       0.9152E-003
     -0.9375    -10.0000       0.1070E-002
     -0.9375     -8.7500       0.1088E-002
     -0.9375     -7.5000       0.9662E-003
     -0.9375     -6.2500       0.7353E-003
     -0.9375     -5.0000       0.4553E-003
     -0.9375     -3.7500       0.1997E-003
     -0.9375     -2.5000       0.4030E-004
     -0.9375     -1.2500       0.1151E-005
     -0.9375      0.0000       0.8046E-008
     -0.9375      1.2500       0.1138E-005
     -0.9375      2.5000       0.4031E-004
     -0.9375      3.7500       0.1997E-003
     -0.9375      5.0000       0.4554E-003
     -0.9375      6.2500       0.7352E-003
     -0.9375      7.5000       0.9660E-003
     -0.9375      8.7500       0.1088E-002
     -0.9375     10.0000       0.1070E-002
     -0.9375     11.2500       0.9151E-003
     -0.9375     12.5000       0.6615E-003
     -0.9375     13.7500       0.3756E-003
     -0.9375     15.0000       0.1386E-003
     -0.9375     16.2500       0.1958E-004
     -0.9375     17.5000       0.2211E-006
     -0.9375     18.7500       0.1507E-010

      0.0000    -20.0000       0.6640E-010
      0.0000    -18.7500       0.6634E-011
      0.0000    -17.5000       0.2204E-006
      0.0000    -16.2500       0.1957E-004
      0.0000    -15.0000       0.1386E-003
      0.0000    -13.7500       0.3756E-003
      0.0000    -12.5000       0.6615E-003
      0.0000    -11.2500       0.9152E-003
      0.0000    -10.0000       0.1070E-002
      0.0000     -8.7500       0.1088E-002
      0.0000     -7.5000       0.9661E-003
      0.0000     -6.2500       0.7352E-003
      0.0000     -5.0000       0.4553E-003
      0.0000     -3.7500       0.1997E-003
      0.0000     -2.5000       0.4028E-004
      0.0000     -1.2500       0.1155E-005
      0.0000      0.0000       0.9057E-008
      0.0000      1.2500       0.1155E-005
      0.0000      2.5000       0.4028E-004
      0.0000      3.7500       0.1997E-003
      0.0000      5.0000       0.4553E-003
      0.0000      6.2500       0.7352E-003
      0.0000      7.5000       0.9661E-003
      0.0000      8.7500       0.1088E-002
      0.0000     10.0000       0.1070E-002
      0.0000     11.2500       0.9152E-003
      0.0000     12.5000       0.6615E-003
      0.0000     13.7500       0.3756E-003
      0.0000     15.0000       0.1386E-003
      0.0000     16.2500       0.1957E-004
      0.0000     17.5000       0.2204E-006
      0.0000     18.7500       0.6634E-011

      0.9375    -20.0000       0.5755E-010
      0.9375    -18.7500       0.1532E-010
      0.9375    -17.5000       0.2213E-006
      0.9375    -16.2500       0.1958E-004
      0.9375    -15.0000       0.1386E-003
      0.9375    -13.7500       0.3757E-003
      0.9375    -12.5000       0.6615E-003
      0.9375    -11.2500       0.9152E-003
      0.9375    -10.0000       0.1070E-002
      0.9375     -8.7500       0.1088E-002
      0.9375     -7.5000       0.9659E-003
      0.9375     -6.2500       0.7353E-003
      0.9375     -5.0000       0.4553E-003
      0.9375     -3.7500       0.1998E-003
      0.9375     -2.5000       0.4028E-004
      0.9375     -1.2500       0.1151E-005
      0.9375      0.0000       0.6139E-008
      0.9375      1.2500       0.1161E-005
      0.9375      2.5000       0.4027E-004
      0.9375      3.7500       0.1998E-003
      0.9375      5.0000       0.4553E-003
      0.9375      6.2500       0.7354E-003
      0.9375      7.5000       0.9661E-003
      0.9375      8.7500       0.1089E-002
      0.9375     10.0000       0.1070E-002
      0.9375     11.2500       0.9153E-003
      0.9375     12.5000       0.6614E-003
      0.9375     13.7500       0.3756E-003
      0.9375     15.0000       0.1386E-003
      0.9375     16.2500       0.1958E-004
      0.9375     17.5000       0.2207E-006
      0.9375     18.7500       0.1154E-010

      1.8750    -20.0000       0.3595E-010
      1.8750    -18.7500       0.2920E-010
      1.8750    -17.5000       0.2223E-006
      1.8750    -16.2500       0.1960E-004
      1.8750    -15.0000       0.1385E-003
      1.8750    -13.7500       0.3757E-003
      1.8750    -12.5000       0.6614E-003
      1.8750    -11.2500       0.9152E-003
      1.8750    -10.0000       0.1069E-002
      1.8750     -8.7500       0.1088E-002
      1.8750     -7.5000       0.9658E-003
      1.8750     -6.2500       0.7354E-003
      1.8750     -5.0000       0.4554E-003
      1.8750     -3.7500       0.1998E-003
      1.8750     -2.5000       0.4030E-004
      1.8750     -1.2500       0.1143E-005
      1.8750      0.0000       0.1887E-008
      1.8750      1.2500       0.1150E-005
      1.8750      2.5000       0.4030E-004
      1.8750      3.7500       0.1998E-003
      1.8750      5.0000       0.4554E-003
      1.8750      6.2500       0.7355E-003
      1.8750      7.5000       0.9659E-003
      1.8750      8.7500       0.1089E-002
      1.8750     10.0000       0.1070E-002
      1.8750     11.2500       0.9153E-003
      1.8750     12.5000       0.6613E-003
      1.8750     13.7500       0.3757E-003
      1.8750     15.0000       0.1385E-003
      1.8750     16.2500       0.1960E-004
      1.8750     17.5000       0.2216E-006
      1.8750     18.7500       0.2548E-010

      2.8125    -20.0000       0.1443E-010
      2.8125    -18.7500       0.3523E-010
      2.8125    -17.5000       0.2225E-006
      2.8125    -16.2500       0.1961E-004
      2.8125    -15.0000       0.1385E-003
      2.8125    -13.7500       0.3757E-003
      2.8125    -12.5000       0.6614E-003
      2.8125    -11.2500       0.9152E-003
      2.8125    -10.0000       0.1070E-002
      2.8125     -8.7500       0.1088E-002
      2.8125     -7.5000       0.9658E-003
      2.8125     -6.2500       0.7354E-003
      2.8125     -5.0000       0.4555E-003
      2.8125     -3.7500       0.1998E-003
      2.8125     -2.5000       0.4033E-004
      2.8125     -1.2500       0.1138E-005
      2.8125      0.0000       0.8016E-010
      2.8125      1.2500       0.1133E-005
      2.8125      2.5000       0.4033E-004
      2.8125      3.7500       0.1998E-003
      2.8125      5.0000       0.4555E-003
      2.8125      6.2500       0.7355E-003
      2.8125      7.5000       0.9658E-003
      2.8125      8.7500       0.1089E-002
      2.8125     10.0000       0.1070E-002
      2.8125     11.2500       0.9152E-003
      2.8125     12.5000       0.6613E-003
      2.8125     13.7500       0.3757E-003
      2.8125     15.0000       0.1384E-003
      2.8125     16.2500       0.1962E-004
      2.8125     17.5000       0.2223E-006
      2.8125     18.7500       0.3566E-010

      3.7500    -20.0000       0.3101E-011
      3.7500    -18.7500       0.2716E-010
      3.7500    -17.5000       0.2217E-006
      3.7500    -16.2500       0.1961E-004
      3.7500    -15.0000       0.1385E-003
      3.7500    -13.7500       0.3757E-003
      3.7500    -12.5000       0.6614E-003
      3.7500    -11.2500       0.9152E-003
      3.7500    -10.0000       0.1070E-002
      3.7500     -8.7500       0.1089E-002
      3.7500     -7.5000       0.9660E-003
      3.7500     -6.2500       0.7354E-003
      3.7500     -5.0000       0.4555E-003
      3.7500     -3.7500       0.1997E-003
      3.7500     -2.5000       0.4033E-004
      3.7500     -1.2500       0.1140E-005
      3.7500      0.0000       0.2324E-008
      3.7500      1.2500       0.1124E-005
      3.7500      2.5000       0.4035E-004
      3.7500      3.7500       0.1997E-003
      3.7500      5.0000       0.4555E-003
      3.7500      6.2500       0.7354E-003
      3.7500      7.5000       0.9658E-003
      3.7500      8.7500       0.1088E-002
      3.7500     10.0000       0.1069E-002
      3.7500     11.2500       0.9152E-003
      3.7500     12.5000       0.6614E-003
      3.7500     13.7500       0.3757E-003
      3.7500     15.0000       0.1385E-003
      3.7500     16.2500       0.1961E-004
      3.7500     17.5000       0.2221E-006
      3.7500     18.7500       0.3228E-010

      4.6875    -20.0000       0.2536E-011
      4.6875    -18.7500       0.1129E-010
      4.6875    -17.5000       0.2205E-006
      4.6875    -16.2500       0.1959E-004
      4.6875    -15.0000       0.1385E-003
      4.6875    -13.7500       0.3756E-003
      4.6875    -12.5000       0.6614E-003
      4.6875    -11.2500       0.9152E-003
      4.6875    -10.0000       0.1070E-002
      4.6875     -8.7500       0.1088E-002
      4.6875     -7.5000       0.9661E-003
      4.6875     -6.2500       0.7353E-003
      4.6875     -5.0000       0.4554E-003
      4.6875     -3.7500       0.1997E-003
      4.6875     -2.5000       0.4031E-004
      4.6875     -1.2500       0.1148E-005
      4.6875      0.0000       0.6623E-008
      4.6875      1.2500       0.1131E-005
      4.6875      2.5000       0.4033E-004
      4.6875      3.7500       0.1997E-003
      4.6875      5.0000       0.4554E-003
      4.6875      6.2500       0.7352E-003
      4.6875      7.5000       0.9659E-003
      4.6875      8.7500       0.1088E-002
      4.6875     10.0000       0.1070E-002
      4.6875     11.2500       0.9151E-003
      4.6875     12.5000       0.6615E-003
      4.6875     13.7500       0.3757E-003
      4.6875     15.0000       0.1386E-003
      4.6875     16.2500       0.1959E-004
      4.6875     17.5000       0.2211E-006
      4.6875     18.7500       0.1742E-010

      5.6250    -20.0000       0.5462E-011
      5.6250    -18.7500       0.1097E-011
      5.6250    -17.5000       0.2199E-006
      5.6250    -16.2500       0.1957E-004
      5.6250    -15.0000       0.1386E-003
      5.6250    -13.7500       0.3756E-003
      5.6250    -12.5000       0.6615E-003
      5.6250    -11.2500       0.9152E-003
      5.6250    -10.0000       0.1070E-002
      5.6250     -8.7500       0.1088E-002
      5.6250     -7.5000       0.9662E-003
      5.6250     -6.2500       0.7352E-003
      5.6250     -5.0000       0.4553E-003
      5.6250     -3.7500       0.1997E-003
      5.6250     -2.5000       0.4028E-004
      5.6250     -1.2500       0.1154E-005
      5.6250      0.0000       0.9157E-008
      5.6250      1.2500       0.1148E-005
      5.6250      2.5000       0.4029E-004
      5.6250      3.7500       0.1997E-003
      5.6250      5.0000       0.4553E-003
      5.6250      6.2500       0.7352E-003
      5.6250      7.5000       0.9661E-003
      5.6250      8.7500       0.1088E-002
      5.6250     10.0000       0.1070E-002
      5.6250     11.2500       0.9152E-003
      5.6250     12.5000       0.6615E-003
      5.6250     13.7500       0.3756E-003
      5.6250     15.0000       0.1386E-003
      5.6250     16.2500       0.1957E-004
      5.6250     17.5000       0.2201E-006
      5.6250     18.7500       0.3398E-011

      6.5625    -20.0000       0.5086E-011
      6.5625    -18.7500       0.5371E-011
      6.5625    -17.5000       0.2204E-006
      6.5625    -16.2500       0.1958E-004
      6.5625    -15.0000       0.1386E-003
      6.5625    -13.7500       0.3756E-003
      6.5625    -12.5000       0.6615E-003
      6.5625    -11.2500       0.9152E-003
      6.5625    -10.0000       0.1070E-002
      6.5625     -8.7500       0.1088E-002
      6.5625     -7.5000       0.9660E-003
      6.5625     -6.2500       0.7352E-003
      6.5625     -5.0000       0.4553E-003
      6.5625     -3.7500       0.1998E-003
      6.5625     -2.5000       0.4027E-004
      6.5625     -1.2500       0.1153E-005
      6.5625      0.0000       0.7673E-008
      6.5625      1.2500       0.1160E-005
      6.5625      2.5000       0.4027E-004
      6.5625      3.7500       0.1998E-003
      6.5625      5.0000       0.4552E-003
      6.5625      6.2500       0.7353E-003
      6.5625      7.5000       0.9661E-003
      6.5625      8.7500       0.1088E-002
      6.5625     10.0000       0.1070E-002
      6.5625     11.2500       0.9152E-003
      6.5625     12.5000       0.6615E-003
      6.5625     13.7500       0.3756E-003
      6.5625     15.0000       0.1386E-003
      6.5625     16.2500       0.1958E-004
      6.5625     17.5000       0.2201E-006
      6.5625     18.7500       0.2047E-011

      7.5000    -20.0000       0.2112E-011
      7.5000    -18.7500       0.2050E-010
      7.5000    -17.5000       0.2215E-006
      7.5000    -16.2500       0.1960E-004
      7.5000    -15.0000       0.1386E-003
      7.5000    -13.7500       0.3757E-003
      7.5000    -12.5000       0.6615E-003
      7.5000    -11.2500       0.9152E-003
      7.5000    -10.0000       0.1069E-002
      7.5000     -8.7500       0.1088E-002
      7.5000     -7.5000       0.9658E-003
      7.5000     -6.2500       0.7353E-003
      7.5000     -5.0000       0.4554E-003
      7.5000     -3.7500       0.1998E-003
      7.5000     -2.5000       0.4029E-004
      7.5000     -1.2500       0.1147E-005
      7.5000      0.0000       0.3490E-008
      7.5000      1.2500       0.1156E-005
      7.5000      2.5000       0.4028E-004
      7.5000      3.7500       0.1998E-003
      7.5000      5.0000       0.4553E-003
      7.5000      6.2500       0.7355E-003
      7.5000      7.5000       0.9660E-003
      7.5000      8.7500       0.1089E-002
      7.5000     10.0000       0.1070E-002
      7.5000     11.2500       0.9153E-003
      7.5000     12.5000       0.6613E-003
      7.5000     13.7500       0.3756E-003
      7.5000     15.0000       0.1385E-003
      7.5000     16.2500       0.1960E-004
      7.5000     17.5000       0.2210E-006
      7.5000     18.7500       0.1434E-010

      8.4375    -20.0000       0.4033E-011
      8.4375    -18.7500       0.3361E-010
      8.4375    -17.5000       0.2223E-006
      8.4375    -16.2500       0.1961E-004
      8.4375    -15.0000       0.1385E-003
      8.4375    -13.7500       0.3757E-003
      8.4375    -12.5000       0.6614E-003
      8.4375    -11.2500       0.9152E-003
      8.4375    -10.0000       0.1069E-002
      8.4375     -8.7500       0.1088E-002
      8.4375     -7.5000       0.9658E-003
      8.4375     -6.2500       0.7354E-003
      8.4375     -5.0000       0.4555E-003
      8.4375     -3.7500       0.1998E-003
      8.4375     -2.5000       0.4032E-004
      8.4375     -1.2500       0.1139E-005
      8.4375      0.0000       0.3263E-009
      8.4375      1.2500       0.1140E-005
      8.4375      2.5000       0.4032E-004
      8.4375      3.7500       0.1998E-003
      8.4375      5.0000       0.4555E-003
      8.4375      6.2500       0.7355E-003
      8.4375      7.5000       0.9658E-003
      8.4375      8.7500       0.1089E-002
      8.4375     10.0000       0.1070E-002
      8.4375     11.2500       0.9153E-003
      8.4375     12.5000       0.6613E-003
      8.4375     13.7500       0.3757E-003
      8.4375     15.0000       0.1384E-003
      8.4375     16.2500       0.1961E-004
      8.4375     17.5000       0.2221E-006
      8.4375     18.7500       0.2957E-010

      9.3750    -20.0000       0.1732E-010
      9.3750    -18.7500       0.3389E-010
      9.3750    -17.5000       0.2220E-006
      9.3750    -16.2500       0.1961E-004
      9.3750    -15.0000       0.1384E-003
      9.3750    -13.7500       0.3757E-003
      9.3750    -12.5000       0.6613E-003
      9.3750    -11.2500       0.9152E-003
      9.3750    -10.0000       0.1070E-002
      9.3750     -8.7500       0.1089E-002
      9.3750     -7.5000       0.9659E-003
      9.3750     -6.2500       0.7354E-003
      9.3750     -5.0000       0.4555E-003
      9.3750     -3.7500       0.1998E-003
      9.3750     -2.5000       0.4033E-004
      9.3750     -1.2500       0.1138E-005
      9.3750      0.0000       0.9944E-009
      9.3750      1.2500       0.1125E-005
      9.3750      2.5000       0.4035E-004
      9.3750      3.7500       0.1997E-003
      9.3750      5.0000       0.4555E-003
      9.3750      6.2500       0.7354E-003
      9.3750      7.5000       0.9658E-003
      9.3750      8.7500       0.1088E-002
      9.3750     10.0000       0.1070E-002
      9.3750     11.2500       0.9152E-003
      9.3750     12.5000       0.6613E-003
      9.3750     13.7500       0.3757E-003
      9.3750     15.0000       0.1385E-003
      9.3750     16.2500       0.1962E-004
      9.3750     17.5000       0.2225E-006
      9.3750     18.7500       0.3483E-010

     10.3125    -20.0000       0.3975E-010
     10.3125    -18.7500       0.2200E-010
     10.3125    -17.5000       0.2211E-006
     10.3125    -16.2500       0.1959E-004
     10.3125    -15.0000       0.1385E-003
     10.3125    -13.7500       0.3756E-003
     10.3125    -12.5000       0.6614E-003
     10.3125    -11.2500       0.9152E-003
     10.3125    -10.0000       0.1070E-002
     10.3125     -8.7500       0.1089E-002
     10.3125     -7.5000       0.9661E-003
     10.3125     -6.2500       0.7354E-003
     10.3125     -5.0000       0.4554E-003
     10.3125     -3.7500       0.1997E-003
     10.3125     -2.5000       0.4032E-004
     10.3125     -1.2500       0.1144E-005
     10.3125      0.0000       0.4901E-008
     10.3125      1.2500       0.1126E-005
     10.3125      2.5000       0.4034E-004
     10.3125      3.7500       0.1997E-003
     10.3125      5.0000       0.4555E-003
     10.3125      6.2500       0.7353E-003
     10.3125      7.5000       0.9659E-003
     10.3125      8.7500       0.1088E-002
     10.3125     10.0000       0.1070E-002
     10.3125     11.2500       0.9152E-003
     10.3125     12.5000       0.6615E-003
     10.3125     13.7500       0.3757E-003
     10.3125     15.0000       0.1386E-003
     10.3125     16.2500       0.1960E-004
     10.3125     17.5000       0.2219E-006
     10.3125     18.7500       0.2633E-010

     11.2500    -20.0000       0.6010E-010
     11.2500    -18.7500       0.9252E-011
     11.2500    -17.5000       0.2203E-006
     11.2500    -16.2500       0.1958E-004
     11.2500    -15.0000       0.1386E-003
     11.2500    -13.7500       0.3756E-003
     11.2500    -12.5000       0.6615E-003
     11.2500    -11.2500       0.9152E-003
     11.2500    -10.0000       0.1070E-002
     11.2500     -8.7500       0.1088E-002
     11.2500     -7.5000       0.9662E-003
     11.2500     -6.2500       0.7353E-003
     11.2500     -5.0000       0.4553E-003
     11.2500     -3.7500       0.1997E-003
     11.2500     -2.5000       0.4029E-004
     11.2500     -1.2500       0.1152E-005
     11.2500      0.0000       0.8573E-008
     11.2500      1.2500       0.1141E-005
     11.2500      2.5000       0.4030E-004
     11.2500      3.7500       0.1997E-003
     11.2500      5.0000       0.4553E-003
     11.2500      6.2500       0.7352E-003
     11.2500      7.5000       0.9660E-003
     11.2500      8.7500       0.1088E-002
     11.2500     10.0000       0.1070E-002
     11.2500     11.2500       0.9152E-003
     11.2500     12.5000       0.6615E-003
     11.2500     13.7500       0.3756E-003
     11.2500     15.0000       0.1386E-003
     11.2500     16.2500       0.1958E-004
     11.2500     17.5000       0.2209E-006
     11.2500     18.7500       0.1255E-010

     12.1875    -20.0000       0.6609E-010
     12.1875    -18.7500       0.7410E-011
     12.1875    -17.5000       0.2205E-006
     12.1875    -16.2500       0.1957E-004
     12.1875    -15.0000       0.1386E-003
     12.1875    -13.7500       0.3756E-003
     12.1875    -12.5000       0.6615E-003
     12.1875    -11.2500       0.9152E-003
     12.1875    -10.0000       0.1070E-002
     12.1875     -8.7500       0.1088E-002
     12.1875     -7.5000       0.9661E-003
     12.1875     -6.2500       0.7352E-003
     12.1875     -5.0000       0.4553E-003
     12.1875     -3.7500       0.1997E-003
     12.1875     -2.5000       0.4027E-004
     12.1875     -1.2500       0.1155E-005
     12.1875      0.0000       0.8748E-008
     12.1875      1.2500       0.1157E-005
     12.1875      2.5000       0.4027E-004
     12.1875      3.7500       0.1998E-003
     12.1875      5.0000       0.4552E-003
     12.1875      6.2500       0.7353E-003
     12.1875      7.5000       0.9661E-003
     12.1875      8.7500       0.1088E-002
     12.1875     10.0000       0.1070E-002
     12.1875     11.2500       0.9152E-003
     12.1875     12.5000       0.6615E-003
     12.1875     13.7500       0.3756E-003
     12.1875     15.0000       0.1386E-003
     12.1875     16.2500       0.1957E-004
     12.1875     17.5000       0.2204E-006
     12.1875     18.7500       0.6499E-011

     13.1250    -20.0000       0.5389E-010
     13.1250    -18.7500       0.1810E-010
     13.1250    -17.5000       0.2215E-006
     13.1250    -16.2500       0.1959E-004
     13.1250    -15.0000       0.1386E-003
     13.1250    -13.7500       0.3757E-003
     13.1250    -12.5000       0.6615E-003
     13.1250    -11.2500       0.9152E-003
     13.1250    -10.0000       0.1070E-002
     13.1250     -8.7500       0.1088E-002
     13.1250     -7.5000       0.9659E-003
     13.1250     -6.2500       0.7353E-003
     13.1250     -5.0000       0.4553E-003
     13.1250     -3.7500       0.1998E-003
     13.1250     -2.5000       0.4028E-004
     13.1250     -1.2500       0.1150E-005
     13.1250      0.0000       0.5269E-008
     13.1250      1.2500       0.1160E-005
     13.1250      2.5000       0.4027E-004
     13.1250      3.7500       0.1998E-003
     13.1250      5.0000       0.4553E-003
     13.1250      6.2500       0.7354E-003
     13.1250      7.5000       0.9661E-003
     13.1250      8.7500       0.1089E-002
     13.1250     10.0000       0.1070E-002
     13.1250     11.2500       0.9153E-003
     13.1250     12.5000       0.6614E-003
     13.1250     13.7500       0.3756E-003
     13.1250     15.0000       0.1385E-003
     13.1250     16.2500       0.1959E-004
     13.1250     17.5000       0.2208E-006
     13.1250     18.7500       0.1396E-010

     14.0625    -20.0000       0.3121E-010
     14.0625    -18.7500       0.3140E-010
     14.0625    -17.5000       0.2224E-006
     14.0625    -16.2500       0.1961E-004
     14.0625    -15.0000       0.1385E-003
     14.0625    -13.7500       0.3757E-003
     14.0625    -12.5000       0.6614E-003
     14.0625    -11.2500       0.9152E-003
     14.0625    -10.0000       0.1069E-002
     14.0625     -8.7500       0.1088E-002
     14.0625     -7.5000       0.9658E-003
     14.0625     -6.2500       0.7354E-003
     14.0625     -5.0000       0.4554E-003
     14.0625     -3.7500       0.1998E-003
     14.0625     -2.5000       0.4031E-004
     14.0625     -1.2500       0.1142E-005
     14.0625      0.0000       0.1229E-008
     14.0625      1.2500       0.1147E-005
     14.0625      2.5000       0.4030E-004
     14.0625      3.7500       0.1998E-003
     14.0625      5.0000       0.4554E-003
     14.0625      6.2500       0.7355E-003
     14.0625      7.5000       0.9659E-003
     14.0625      8.7500       0.1089E-002
     14.0625     10.0000       0.1070E-002
     14.0625     11.2500       0.9153E-003
     14.0625     12.5000       0.6613E-003
     14.0625     13.7500       0.3757E-003
     14.0625     15.0000       0.1384E-003
     14.0625     16.2500       0.1961E-004
     14.0625     17.5000       0.2218E-006
     14.0625     18.7500       0.2825E-010

     15.0000    -20.0000       0.1117E-010
     15.0000    -18.7500       0.3472E-010
     15.0000    -17.5000       0.2224E-006
     15.0000    -16.2500       0.1961E-004
     15.0000    -15.0000       0.1385E-003
     15.0000    -13.7500       0.3757E-003
     15.0000    -12.5000       0.6613E-003
     15.0000    -11.2500       0.9152E-003
     15.0000    -10.0000       0.1070E-002
     15.0000     -8.7500       0.1088E-002
     15.0000     -7.5000       0.9658E-003
     15.0000     -6.2500       0.7354E-003
     15.0000     -5.0000       0.4555E-003
     15.0000     -3.7500       0.1998E-003
     15.0000     -2.5000       0.4033E-004
     15.0000     -1.2500       0.1138E-005
     15.0000      0.0000       0.2189E-009
     15.0000      1.2500       0.1130E-005
     15.0000      2.5000       0.4034E-004
     15.0000      3.7500       0.1998E-003
     15.0000      5.0000       0.4555E-003
     15.0000      6.2500       0.7355E-003
     15.0000      7.5000       0.9658E-003
     15.0000      8.7500       0.1089E-002
     15.0000     10.0000       0.1070E-002
     15.0000     11.2500       0.9152E-003
     15.0000     12.5000       0.6613E-003
     15.0000     13.7500       0.3757E-003
     15.0000     15.0000       0.1384E-003
     15.0000     16.2500       0.1962E-004
     15.0000     17.5000       0.2224E-006
     15.0000     18.7500       0.3620E-010

     15.9375    -20.0000       0.2289E-011
     15.9375    -18.7500       0.2421E-010
     15.9375    -17.5000       0.2214E-006
     15.9375    -16.2500       0.1960E-004
     15.9375    -15.0000       0.1385E-003
     15.9375    -13.7500       0.3756E-003
     15.9375    -12.5000       0.6614E-003
     15.9375    -11.2500       0.9152E-003
     15.9375    -10.0000       0.1070E-002
     15.9375     -8.7500       0.1089E-002
     15.9375     -7.5000       0.9660E-003
     15.9375     -6.2500       0.7354E-003
     15.9375     -5.0000       0.4555E-003
     15.9375     -3.7500       0.1997E-003
     15.9375     -2.5000       0.4033E-004
     15.9375     -1.2500       0.1141E-005
     15.9375      0.0000       0.3136E-008
     15.9375      1.2500       0.1124E-005
     15.9375      2.5000       0.4035E-004
     15.9375      3.7500       0.1997E-003
     15.9375      5.0000       0.4555E-003
     15.9375      6.2500       0.7353E-003
     15.9375      7.5000       0.9658E-003
     15.9375      8.7500       0.1088E-002
     15.9375     10.0000       0.1069E-002
     15.9375     11.2500       0.9152E-003
     15.9375     12.5000       0.6614E-003
     15.9375     13.7500       0.3757E-003
     15.9375     15.0000       0.1385E-003
     15.9375     16.2500       0.1961E-004
     15.9375     17.5000       0.2219E-006
     15.9375     18.7500       0.2993E-010

     16.8750    -20.0000       0.3126E-011
     16.8750    -18.7500       0.8375E-011
     16.8750    -17.5000       0.2203E-006
     16.8750    -16.2500       0.1958E-004
     16.8750    -15.0000       0.1385E-003
     16.8750    -13.7500       0.3756E-003
     16.8750    -12.5000       0.6614E-003
     16.8750    -11.2500       0.9152E-003
     16.8750    -10.0000       0.1070E-002
     16.8750     -8.7500       0.1088E-002
     16.8750     -7.5000       0.9662E-003
     16.8750     -6.2500       0.7353E-003
     16.8750     -5.0000       0.4554E-003
     16.8750     -3.7500       0.1997E-003
     16.8750     -2.5000       0.4031E-004
     16.8750     -1.2500       0.1149E-005
     16.8750      0.0000       0.7387E-008
     16.8750      1.2500       0.1134E-005
     16.8750      2.5000       0.4032E-004
     16.8750      3.7500       0.1997E-003
     16.8750      5.0000       0.4554E-003
     16.8750      6.2500       0.7352E-003
     16.8750      7.5000       0.9660E-003
     16.8750      8.7500       0.1088E-002
     16.8750     10.0000       0.1070E-002
     16.8750     11.2500       0.9151E-003
     16.8750     12.5000       0.6615E-003
     16.8750     13.7500       0.3757E-003
     16.8750     15.0000       0.1386E-003
     16.8750     16.2500       0.1959E-004
     16.8750     17.5000       0.2208E-006
     16.8750     18.7500       0.1408E-010

     17.8125    -20.0000       0.5760E-011
     17.8125    -18.7500       0.7157E-012
     17.8125    -17.5000       0.2199E-006
     17.8125    -16.2500       0.1957E-004
     17.8125    -15.0000       0.1386E-003
     17.8125    -13.7500       0.3756E-003
     17.8125    -12.5000       0.6615E-003
     17.8125    -11.2500       0.9152E-003
     17.8125    -10.0000       0.1070E-002
     17.8125     -8.7500       0.1088E-002
     17.8125     -7.5000       0.9661E-003
     17.8125     -6.2500       0.7352E-003
     17.8125     -5.0000       0.4553E-003
     17.8125     -3.7500       0.1997E-003
     17.8125     -2.5000       0.4028E-004
     17.8125     -1.2500       0.1154E-005
     17.8125      0.0000       0.9194E-008
     17.8125      1.2500       0.1152E-005
     17.8125      2.5000       0.4028E-004
     17.8125      3.7500       0.1997E-003
     17.8125      5.0000       0.4553E-003
     17.8125      6.2500       0.7352E-003
     17.8125      7.5000       0.9661E-003
     17.8125      8.7500       0.1088E-002
     17.8125     10.0000       0.1070E-002
     17.8125     11.2500       0.9152E-003
     17.8125     12.5000       0.6615E-003
     17.8125     13.7500       0.3756E-003
     17.8125     15.0000       0.1386E-003
     17.8125     16.2500       0.1957E-004
     17.8125     17.5000       0.2200E-006
     17.8125     18.7500       0.1885E-011

     18.7500    -20.0000       0.4521E-011
     18.7500    -18.7500       0.7865E-011
     18.7500    -17.5000       0.2206E-006
     18.7500    -16.2500       0.1958E-004
     18.7500    -15.0000       0.1386E-003
     18.7500    -13.7500       0.3756E-003
     18.7500    -12.5000       0.6615E-003
     18.7500    -11.2500       0.9152E-003
     18.7500    -10.0000       0.1070E-002
     18.7500     -8.7500       0.1088E-002
     18.7500     -7.5000       0.9660E-003
     18.7500     -6.2500       0.7352E-003
     18.7500     -5.0000       0.4553E-003
     18.7500     -3.7500       0.1998E-003
     18.7500     -2.5000       0.4027E-004
     18.7500     -1.2500       0.1152E-005
     18.7500      0.0000       0.6950E-008
     18.7500      1.2500       0.1161E-005
     18.7500      2.5000       0.4027E-004
     18.7500      3.7500       0.1998E-003
     18.7500      5.0000       0.4552E-003
     18.7500      6.2500       0.7353E-003
     18.7500      7.5000       0.9661E-003
     18.7500      8.7500       0.1088E-002
     18.7500     10.0000       0.1070E-002
     18.7500     11.2500       0.9152E-003
     18.7500     12.5000       0.6614E-003
     18.7500     13.7500       0.3756E-003
     18.7500     15.0000       0.1386E-003
     18.7500     16.2500       0.1958E-004
     18.7500     17.5000       0.2202E-006
     18.7500     18.7500       0.3625E-011

     19.6875    -20.0000       0.1821E-011
     19.6875    -18.7500       0.2374E-010
     19.6875    -17.5000       0.2217E-006
     19.6875    -16.2500       0.1960E-004
     19.6875    -15.0000       0.1386E-003
     19.6875    -13.7500       0.3757E-003
     19.6875    -12.5000       0.6614E-003
     19.6875    -11.2500       0.9152E-003
     19.6875    -10.0000       0.1069E-002
     19.6875     -8.7500       0.1088E-002
     19.6875     -7.5000       0.9658E-003
     19.6875     -6.2500       0.7353E-003
     19.6875     -5.0000       0.4554E-003
     19.6875     -3.7500       0.1998E-003
     19.6875     -2.5000       0.4029E-004
     19.6875     -1.2500       0.1145E-005
     19.6875      0.0000       0.2650E-008
     19.6875      1.2500       0.1153E-005
     19.6875      2.5000       0.4029E-004
     19.6875      3.7500       0.1998E-003
     19.6875      5.0000       0.4553E-003
     19.6875      6.2500       0.7355E-003
     19.6875      7.5000       0.9660E-003
     19.6875      8.7500       0.1089E-002
     19.6875     10.0000       0.1070E-002
     19.6875     11.2500       0.9153E-003
     19.6875     12.5000       0.6613E-003
     19.6875     13.7500       0.3757E-003
     19.6875     15.0000       0.1385E-003
     19.6875     16.2500       0.1960E-004
     19.6875     17.5000       0.2212E-006
     19.6875     18.7500       0.1761E-010

     20.6250    -20.0000       0.5697E-011
     20.6250    -18.7500       0.3486E-010
     20.6250    -17.5000       0.2223E-006
     20.6250    -16.2500       0.1961E-004
     20.6250    -15.0000       0.1385E-003
     20.6250    -13.7500       0.3757E-003
     20.6250    -12.5000       0.6614E-003
     20.6250    -11.2500       0.9152E-003
     20.6250    -10.0000       0.1070E-002
     20.6250     -8.7500       0.1088E-002
     20.6250     -7.5000       0.9658E-003
     20.6250     -6.2500       0.7354E-003
     20.6250     -5.0000       0.4555E-003
     20.6250     -3.7500       0.1998E-003
     20.6250     -2.5000       0.4032E-004
     20.6250     -1.2500       0.1139E-005
     20.6250      0.0000       0.1163E-009
     20.6250      1.2500       0.1136E-005
     20.6250      2.5000       0.4033E-004
     20.6250      3.7500       0.1998E-003
     20.6250      5.0000       0.4555E-003
     20.6250      6.2500       0.7355E-003
     20.6250      7.5000       0.9658E-003
     20.6250      8.7500       0.1089E-002
     20.6250     10.0000       0.1070E-002
     20.6250     11.2500       0.9153E-003
     20.6250     12.5000       0.6613E-003
     20.6250     13.7500       0.3757E-003
     20.6250     15.0000       0.1384E-003
     20.6250     16.2500       0.1962E-004
     20.6250     17.5000       0.2223E-006
     20.6250     18.7500       0.3173E-010

     21.5625    -20.0000       0.2134E-010
     21.5625    -18.7500       0.3223E-010
     21.5625    -17.5000       0.2219E-006
     21.5625    -16.2500       0.1961E-004
     21.5625    -15.0000       0.1385E-003
     21.5625    -13.7500       0.3757E-003
     21.5625    -12.5000       0.6614E-003
     21.5625    -11.2500       0.9152E-003
     21.5625    -10.0000       0.1070E-002
     21.5625     -8.7500       0.1089E-002
     21.5625     -7.5000       0.9659E-003
     21.5625     -6.2500       0.7354E-003
     21.5625     -5.0000       0.4555E-003
     21.5625     -3.7500       0.1997E-003
     21.5625     -2.5000       0.4033E-004
     21.5625     -1.2500       0.1139E-005
     21.5625      0.0000       0.1601E-008
     21.5625      1.2500       0.1124E-005
     21.5625      2.5000       0.4035E-004
     21.5625      3.7500       0.1997E-003
     21.5625      5.0000       0.4555E-003
     21.5625      6.2500       0.7354E-003
     21.5625      7.5000       0.9658E-003
     21.5625      8.7500       0.1088E-002
     21.5625     10.0000       0.1070E-002
     21.5625     11.2500       0.9152E-003
     21.5625     12.5000       0.6614E-003
     21.5625     13.7500       0.3757E-003
     21.5625     15.0000       0.1385E-003
     21.5625     16.2500       0.1961E-004
     21.5625     17.5000       0.2225E-006
     21.5625     18.7500       0.3412E-010

     22.5000    -20.0000       0.4443E-010
     22.5000    -18.7500       0.1906E-010
     22.5000    -17.5000       0.2209E-006
     22.5000    -16.2500       0.1959E-004
     22.5000    -15.0000       0.1385E-003
     22.5000    -13.7500       0.3756E-003
     22.5000    -12.5000       0.6614E-003
     22.5000    -11.2500       0.9152E-003
     22.5000    -10.0000       0.1070E-002
     22.5000     -8.7500       0.1088E-002
     22.5000     -7.5000       0.9661E-003
     22.5000     -6.2500       0.7354E-003
     22.5000     -5.0000       0.4554E-003
     22.5000     -3.7500       0.1997E-003
     22.5000     -2.5000       0.4032E-004
     22.5000     -1.2500       0.1146E-005
     22.5000      0.0000       0.5785E-008
     22.5000      1.2500       0.1128E-005
     22.5000      2.5000       0.4033E-004
     22.5000      3.7500       0.1997E-003
     22.5000      5.0000       0.4554E-003
     22.5000      6.2500       0.7352E-003
     22.5000      7.5000       0.9659E-003
     22.5000      8.7500       0.1088E-002
     22.5000     10.0000       0.1070E-002
     22.5000     11.2500       0.9151E-003
     22.5000     12.5000       0.6615E-003
     22.5000     13.7500       0.3757E-003
     22.5000     15.0000       0.1386E-003
     22.5000     16.2500       0.1959E-004
     22.5000     17.5000       0.2217E-006
     22.5000     18.7500       0.2357E-010

     23.4375    -20.0000       0.6274E-010
     23.4375    -18.7500       0.7769E-011
     23.4375    -17.5000       0.2203E-006
     23.4375    -16.2500       0.1957E-004
     23.4375    -15.0000       0.1386E-003
     23.4375    -13.7500       0.3756E-003
     23.4375    -12.5000       0.6615E-003
     23.4375    -11.2500       0.9152E-003
     23.4375    -10.0000       0.1070E-002
     23.4375     -8.7500       0.1088E-002
     23.4375     -7.5000       0.9662E-003
     23.4375     -6.2500       0.7353E-003
     23.4375     -5.0000       0.4553E-003
     23.4375     -3.7500       0.1997E-003
     23.4375     -2.5000       0.4029E-004
     23.4375     -1.2500       0.1153E-005
     23.4375      0.0000       0.8949E-008
     23.4375      1.2500       0.1145E-005
     23.4375      2.5000       0.4030E-004
     23.4375      3.7500       0.1997E-003
     23.4375      5.0000       0.4553E-003
     23.4375      6.2500       0.7352E-003
     23.4375      7.5000       0.9661E-003
     23.4375      8.7500       0.1088E-002
     23.4375     10.0000       0.1070E-002
     23.4375     11.2500       0.9152E-003
     23.4375     12.5000       0.6615E-003
     23.4375     13.7500       0.3756E-003
     23.4375     15.0000       0.1386E-003
     23.4375     16.2500       0.1958E-004
     23.4375     17.5000       0.2207E-006
     23.4375     18.7500       0.1037E-010

     24.3750    -20.0000       0.6501E-010
     24.3750    -18.7500       0.8729E-011
     24.3750    -17.5000       0.2207E-006
     24.3750    -16.2500       0.1957E-004
     24.3750    -15.0000       0.1386E-003
     24.3750    -13.7500       0.3756E-003
     24.3750    -12.5000       0.6615E-003
     24.3750    -11.2500       0.9152E-003
     24.3750    -10.0000       0.1070E-002
     24.3750     -8.7500       0.1088E-002
     24.3750     -7.5000       0.9661E-003
     24.3750     -6.2500       0.7352E-003
     24.3750     -5.0000       0.4553E-003
     24.3750     -3.7500       0.1998E-003
     24.3750     -2.5000       0.4027E-004
     24.3750     -1.2500       0.1154E-005
     24.3750      0.0000       0.8281E-008
     24.3750      1.2500       0.1159E-005
     24.3750      2.5000       0.4027E-004
     24.3750      3.7500       0.1998E-003
     24.3750      5.0000       0.4552E-003
     24.3750      6.2500       0.7353E-003
     24.3750      7.5000       0.9661E-003
     24.3750      8.7500       0.1088E-002
     24.3750     10.0000       0.1070E-002
     24.3750     11.2500       0.9152E-003
     24.3750     12.5000       0.6615E-003
     24.3750     13.7500       0.3756E-003
     24.3750     15.0000       0.1386E-003
     24.3750     16.2500       0.1957E-004
     24.3750     17.5000       0.2204E-006
     24.3750     18.7500       0.6949E-011

     25.3125    -20.0000       0.4979E-010
     25.3125    -18.7500       0.2100E-010
     25.3125    -17.5000       0.2217E-006
     25.3125    -16.2500       0.1959E-004
     25.3125    -15.0000       0.1386E-003
     25.3125    -13.7500       0.3757E-003
     25.3125    -12.5000       0.6615E-003
     25.3125    -11.2500       0.9152E-003
     25.3125    -10.0000       0.1069E-002
     25.3125     -8.7500       0.1088E-002
     25.3125     -7.5000       0.9659E-003
     25.3125     -6.2500       0.7353E-003
     25.3125     -5.0000       0.4553E-003
     25.3125     -3.7500       0.1998E-003
     25.3125     -2.5000       0.4028E-004
     25.3125     -1.2500       0.1148E-005
     25.3125      0.0000       0.4375E-008
     25.3125      1.2500       0.1158E-005
     25.3125      2.5000       0.4028E-004
     25.3125      3.7500       0.1998E-003
     25.3125      5.0000       0.4553E-003
     25.3125      6.2500       0.7354E-003
     25.3125      7.5000       0.9660E-003
     25.3125      8.7500       0.1089E-002
     25.3125     10.0000       0.1070E-002
     25.3125     11.2500       0.9153E-003
     25.3125     12.5000       0.6614E-003
     25.3125     13.7500       0.3756E-003
     25.3125     15.0000       0.1385E-003
     25.3125     16.2500       0.1959E-004
     25.3125     17.5000       0.2210E-006
     25.3125     18.7500       0.1667E-010

     26.2500    -20.0000       0.2660E-010
     26.2500    -18.7500       0.3317E-010
     26.2500    -17.5000       0.2225E-006
     26.2500    -16.2500       0.1961E-004
     26.2500    -15.0000       0.1385E-003
     26.2500    -13.7500       0.3757E-003
     26.2500    -12.5000       0.6614E-003
     26.2500    -11.2500       0.9152E-003
     26.2500    -10.0000       0.1069E-002
     26.2500     -8.7500       0.1088E-002
     26.2500     -7.5000       0.9658E-003
     26.2500     -6.2500       0.7354E-003
     26.2500     -5.0000       0.4555E-003
     26.2500     -3.7500       0.1998E-003
     26.2500     -2.5000       0.4031E-004
     26.2500     -1.2500       0.1141E-005
     26.2500      0.0000       0.7024E-009
     26.2500      1.2500       0.1143E-005
     26.2500      2.5000       0.4031E-004
     26.2500      3.7500       0.1998E-003
     26.2500      5.0000       0.4554E-003
     26.2500      6.2500       0.7355E-003
     26.2500      7.5000       0.9659E-003
     26.2500      8.7500       0.1089E-002
     26.2500     10.0000       0.1070E-002
     26.2500     11.2500       0.9153E-003
     26.2500     12.5000       0.6613E-003
     26.2500     13.7500       0.3757E-003
     26.2500     15.0000       0.1384E-003
     26.2500     16.2500       0.1961E-004
     26.2500     17.5000       0.2220E-006
     26.2500     18.7500       0.3075E-010

     27.1875    -20.0000       0.8401E-011
     27.1875    -18.7500       0.3361E-010
     27.1875    -17.5000       0.2223E-006
     27.1875    -16.2500       0.1961E-004
     27.1875    -15.0000       0.1384E-003
     27.1875    -13.7500       0.3757E-003
     27.1875    -12.5000       0.6613E-003
     27.1875    -11.2500       0.9152E-003
     27.1875    -10.0000       0.1070E-002
     27.1875     -8.7500       0.1089E-002
     27.1875     -7.5000       0.9658E-003
     27.1875     -6.2500       0.7354E-003
     27.1875     -5.0000       0.4555E-003
     27.1875     -3.7500       0.1998E-003
     27.1875     -2.5000       0.4033E-004
     27.1875     -1.2500       0.1138E-005
     27.1875      0.0000       0.5275E-009
     27.1875      1.2500       0.1127E-005
     27.1875      2.5000       0.4034E-004
     27.1875      3.7500       0.1998E-003
     27.1875      5.0000       0.4555E-003
     27.1875      6.2500       0.7354E-003
     27.1875      7.5000       0.9658E-003
     27.1875      8.7500       0.1089E-002
     27.1875     10.0000       0.1070E-002
     27.1875     11.2500       0.9152E-003
     27.1875     12.5000       0.6613E-003
     27.1875     13.7500       0.3757E-003
     27.1875     15.0000       0.1384E-003
     27.1875     16.2500       0.1962E-004
     27.1875     17.5000       0.2224E-006
     27.1875     18.7500       0.3613E-010

     28.1250    -20.0000       0.1889E-011
     28.1250    -18.7500       0.2103E-010
     28.1250    -17.5000       0.2212E-006
     28.1250    -16.2500       0.1960E-004
     28.1250    -15.0000       0.1385E-003
     28.1250    -13.7500       0.3756E-003
     28.1250    -12.5000       0.6614E-003
     28.1250    -11.2500       0.9152E-003
     28.1250    -10.0000       0.1070E-002
     28.1250     -8.7500       0.1089E-002
     28.1250     -7.5000       0.9660E-003
     28.1250     -6.2500       0.7354E-003
     28.1250     -5.0000       0.4555E-003
     28.1250     -3.7500       0.1997E-003
     28.1250     -2.5000       0.4033E-004
     28.1250     -1.2500       0.1143E-005
     28.1250      0.0000       0.4006E-008
     28.1250      1.2500       0.1125E-005
     28.1250      2.5000       0.4034E-004
     28.1250      3.7500       0.1997E-003
     28.1250      5.0000       0.4555E-003
     28.1250      6.2500       0.7353E-003
     28.1250      7.5000       0.9658E-003
     28.1250      8.7500       0.1088E-002
     28.1250     10.0000       0.1069E-002
     28.1250     11.2500       0.9152E-003
     28.1250     12.5000       0.6614E-003
     28.1250     13.7500       0.3757E-003
     28.1250     15.0000       0.1385E-003
     28.1250     16.2500       0.1960E-004
     28.1250     17.5000       0.2217E-006
     28.1250     18.7500       0.2717E-010

     29.0625    -20.0000       0.3780E-011
     29.0625    -18.7500       0.5810E-011
     29.0625    -17.5000       0.2201E-006
     29.0625    -16.2500       0.1958E-004
     29.0625    -15.0000       0.1386E-003
     29.0625    -13.7500       0.3756E-003
     29.0625    -12.5000       0.6615E-003
     29.0625    -11.2500       0.9152E-003
     29.0625    -10.0000       0.1070E-002
     29.0625     -8.7500       0.1088E-002
     29.0625     -7.5000       0.9662E-003
     29.0625     -6.2500       0.7353E-003
     29.0625     -5.0000       0.4553E-003
     29.0625     -3.7500       0.1997E-003
     29.0625     -2.5000       0.4030E-004
     29.0625     -1.2500       0.1151E-005
     29.0625      0.0000       0.8045E-008
     29.0625      1.2500       0.1138E-005
     29.0625      2.5000       0.4031E-004
     29.0625      3.7500       0.1997E-003
     29.0625      5.0000       0.4554E-003
     29.0625      6.2500       0.7352E-003
     29.0625      7.5000       0.9660E-003
     29.0625      8.7500       0.1088E-002
     29.0625     10.0000       0.1070E-002
     29.0625     11.2500       0.9151E-003
     29.0625     12.5000       0.6615E-003
     29.0625     13.7500       0.3756E-003
     29.0625     15.0000       0.1386E-003
     29.0625     16.2500       0.1958E-004
     29.0625     17.5000       0.2206E-006
     29.0625     18.7500       0.1090E-010

