    -30.0000    -20.0000       0.5076E-010
    -30.0000    -18.7500       0.1530E-011
    -30.0000    -17.5000       0.2660E-007
    -30.0000    -16.2500       0.2360E-005
    -30.0000    -15.0000       0.1632E-004
    -30.0000    -13.7500       0.4028E-004
    -30.0000    -12.5000       0.5412E-004
    -30.0000    -11.2500       0.4251E-004
    -30.0000    -10.0000       0.2996E-004
    -30.0000     -8.7500       0.6809E-004
    -30.0000     -7.5000       0.1937E-003
    -30.0000     -6.2500       0.4119E-003
    -30.0000     -5.0000       0.7060E-003
    -30.0000     -3.7500       0.1050E-002
    -30.0000     -2.5000       0.1395E-002
    -30.0000     -1.2500       0.1660E-002
    -30.0000      0.0000       0.1760E-002
    -30.0000      1.2500       0.1660E-002
    -30.0000      2.5000       0.1395E-002
    -30.0000      3.7500       0.1050E-002
    -30.0000      5.0000       0.7060E-003
    -30.0000      6.2500       0.4119E-003
    -30.0000      7.5000       0.1937E-003
    -30.0000      8.7500       0.6809E-004
    -30.0000     10.0000       0.2996E-004
    -30.0000     11.2500       0.4251E-004
    -30.0000     12.5000       0.5412E-004
    -30.0000     13.7500       0.4028E-004
    -30.0000     15.0000       0.1632E-004
    -30.0000     16.2500       0.2360E-005
    -30.0000     17.5000       0.2659E-007
    -30.0000     18.7500       0.1530E-011

    -29.0625    -20.0000       0.4702E-010
    -29.0625    -18.7500       0.2078E-011
    -29.0625    -17.5000       0.7304E-007
    -29.0625    -16.2500       0.6484E-005
    -29.0625    -15.0000       0.4404E-004
    -29.0625    -13.7500       0.1084E-003
    -29.0625    -12.5000       0.1588E-003
    -29.0625    -11.2500       0.1561E-003
    -29.0625    -10.0000       0.1059E-003
    -29.0625     -8.7500       0.5758E-004
    -29.0625     -7.5000       0.7185E-004
    -29.0625     -6.2500       0.1891E-003
    -29.0625     -5.0000       0.4155E-003
    -29.0625     -3.7500       0.7200E-003
    -29.0625     -2.5000       0.1032E-002
    -29.0625     -1.2500       0.1267E-002
    -29.0625      0.0000       0.1370E-002
    -29.0625      1.2500       0.1346E-002
    -29.0625      2.5000       0.1249E-002
    -29.0625      3.7500       0.1129E-002
    -29.0625      5.0000       0.9992E-003
    -29.0625      6.2500       0.8426E-003
    -29.0625      7.5000       0.6563E-003
    -29.0625      8.7500       0.4709E-003
    -29.0625     10.0000       0.3239E-003
    -29.0625     11.2500       0.2257E-003
    -29.0625     12.5000       0.1517E-003
    -29.0625     13.7500       0.8071E-004
    -29.0625     15.0000       0.2639E-004
    -29.0625     16.2500       0.3260E-005
    -29.0625     17.5000       0.3266E-007
    -29.0625     18.7500       0.7293E-011

    -28.1250    -20.0000       0.3493E-010
    -28.1250    -18.7500       0.1073E-010
    -28.1250    -17.5000       0.1320E-006
    -28.1250    -16.2500       0.1196E-004
    -28.1250    -15.0000       0.8491E-004
    -28.1250    -13.7500       0.2245E-003
    -28.1250    -12.5000       0.3725E-003
    -28.1250    -11.2500       0.4653E-003
    -28.1250    -10.0000       0.4841E-003
    -28.1250     -8.7500       0.4487E-003
    -28.1250     -7.5000       0.3995E-003
    -28.1250     -6.2500       0.3726E-003
    -28.1250     -5.0000       0.3864E-003
    -28.1250     -3.7500       0.4314E-003
    -28.1250     -2.5000       0.4807E-003
    -28.1250     -1.2500       0.5158E-003
    -28.1250      0.0000       0.5443E-003
    -28.1250      1.2500       0.6034E-003
    -28.1250      2.5000       0.7223E-003
    -28.1250      3.7500       0.8859E-003
    -28.1250      5.0000       0.1035E-002
    -28.1250      6.2500       0.1098E-002
    -28.1250      7.5000       0.1048E-002
    -28.1250      8.7500       0.9075E-003
    -28.1250     10.0000       0.7258E-003
    -28.1250     11.2500       0.5426E-003
    -28.1250     12.5000       0.3646E-003
    -28.1250     13.7500       0.1938E-003
    -28.1250     15.0000       0.6528E-004
    -28.1250     16.2500       0.8392E-005
    -28.1250     17.5000       0.8425E-007
    -28.1250     18.7500       0.1473E-010

    -27.1875    -20.0000       0.2032E-010
    -27.1875    -18.7500       0.1833E-010
    -27.1875    -17.5000       0.1510E-006
    -27.1875    -16.2500       0.1393E-004
    -27.1875    -15.0000       0.1026E-003
    -27.1875    -13.7500       0.2853E-003
    -27.1875    -12.5000       0.5053E-003
    -27.1875    -11.2500       0.6950E-003
    -27.1875    -10.0000       0.8280E-003
    -27.1875     -8.7500       0.8931E-003
    -27.1875     -7.5000       0.8847E-003
    -27.1875     -6.2500       0.7987E-003
    -27.1875     -5.0000       0.6446E-003
    -27.1875     -3.7500       0.4410E-003
    -27.1875     -2.5000       0.2322E-003
    -27.1875     -1.2500       0.7301E-004
    -27.1875      0.0000       0.1695E-004
    -27.1875      1.2500       0.9166E-004
    -27.1875      2.5000       0.2830E-003
    -27.1875      3.7500       0.5373E-003
    -27.1875      5.0000       0.7812E-003
    -27.1875      6.2500       0.9523E-003
    -27.1875      7.5000       0.1021E-002
    -27.1875      8.7500       0.9902E-003
    -27.1875     10.0000       0.8788E-003
    -27.1875     11.2500       0.7116E-003
    -27.1875     12.5000       0.5035E-003
    -27.1875     13.7500       0.2789E-003
    -27.1875     15.0000       0.9840E-004
    -27.1875     16.2500       0.1319E-004
    -27.1875     17.5000       0.1355E-006
    -27.1875     18.7500       0.1790E-010

    -26.2500    -20.0000       0.8931E-011
    -26.2500    -18.7500       0.1728E-010
    -26.2500    -17.5000       0.1133E-006
    -26.2500    -16.2500       0.1063E-004
    -26.2500    -15.0000       0.8140E-004
    -26.2500    -13.7500       0.2369E-003
    -26.2500    -12.5000       0.4393E-003
    -26.2500    -11.2500       0.6415E-003
    -26.2500    -10.0000       0.8324E-003
    -26.2500     -8.7500       0.9963E-003
    -26.2500     -7.5000       0.1096E-002
    -26.2500     -6.2500       0.1089E-002
    -26.2500     -5.0000       0.9603E-003
    -26.2500     -3.7500       0.7403E-003
    -26.2500     -2.5000       0.5078E-003
    -26.2500     -1.2500       0.3342E-003
    -26.2500      0.0000       0.2584E-003
    -26.2500      1.2500       0.2673E-003
    -26.2500      2.5000       0.3224E-003
    -26.2500      3.7500       0.3929E-003
    -26.2500      5.0000       0.4635E-003
    -26.2500      6.2500       0.5339E-003
    -26.2500      7.5000       0.5998E-003
    -26.2500      8.7500       0.6458E-003
    -26.2500     10.0000       0.6471E-003
    -26.2500     11.2500       0.5827E-003
    -26.2500     12.5000       0.4451E-003
    -26.2500     13.7500       0.2606E-003
    -26.2500     15.0000       0.9634E-004
    -26.2500     16.2500       0.1340E-004
    -26.2500     17.5000       0.1408E-006
    -26.2500     18.7500       0.1412E-010

    -25.3125    -20.0000       0.2978E-011
    -25.3125    -18.7500       0.8548E-011
    -25.3125    -17.5000       0.5228E-007
    -25.3125    -16.2500       0.5002E-005
    -25.3125    -15.0000       0.4014E-004
    -25.3125    -13.7500       0.1222E-003
    -25.3125    -12.5000       0.2331E-003
    -25.3125    -11.2500       0.3522E-003
    -25.3125    -10.0000       0.4934E-003
    -25.3125     -8.7500       0.6668E-003
    -25.3125     -7.5000       0.8470E-003
    -25.3125     -6.2500       0.9853E-003
    -25.3125     -5.0000       0.1053E-002
    -25.3125     -3.7500       0.1063E-002
    -25.3125     -2.5000       0.1062E-002
    -25.3125     -1.2500       0.1066E-002
    -25.3125      0.0000       0.1053E-002
    -25.3125      1.2500       0.9734E-003
    -25.3125      2.5000       0.8053E-003
    -25.3125      3.7500       0.5812E-003
    -25.3125      5.0000       0.3643E-003
    -25.3125      6.2500       0.2149E-003
    -25.3125      7.5000       0.1577E-003
    -25.3125      8.7500       0.1797E-003
    -25.3125     10.0000       0.2362E-003
    -25.3125     11.2500       0.2703E-003
    -25.3125     12.5000       0.2413E-003
    -25.3125     13.7500       0.1550E-003
    -25.3125     15.0000       0.6091E-004
    -25.3125     16.2500       0.8823E-005
    -25.3125     17.5000       0.9554E-007
    -25.3125     18.7500       0.6353E-011

    -24.3750    -20.0000       0.1067E-011
    -24.3750    -18.7500       0.7553E-012
    -24.3750    -17.5000       0.2222E-007
    -24.3750    -16.2500       0.2047E-005
    -24.3750    -15.0000       0.1550E-004
    -24.3750    -13.7500       0.4320E-004
    -24.3750    -12.5000       0.6981E-004
    -24.3750    -11.2500       0.8395E-004
    -24.3750    -10.0000       0.1119E-003
    -24.3750     -8.7500       0.1968E-003
    -24.3750     -7.5000       0.3575E-003
    -24.3750     -6.2500       0.5801E-003
    -24.3750     -5.0000       0.8406E-003
    -24.3750     -3.7500       0.1122E-002
    -24.3750     -2.5000       0.1402E-002
    -24.3750     -1.2500       0.1617E-002
    -24.3750      0.0000       0.1693E-002
    -24.3750      1.2500       0.1581E-002
    -24.3750      2.5000       0.1302E-002
    -24.3750      3.7500       0.9345E-003
    -24.3750      5.0000       0.5719E-003
    -24.3750      6.2500       0.2793E-003
    -24.3750      7.5000       0.8833E-004
    -24.3750      8.7500       0.6530E-005
    -24.3750     10.0000       0.1143E-004
    -24.3750     11.2500       0.5192E-004
    -24.3750     12.5000       0.7305E-004
    -24.3750     13.7500       0.5597E-004
    -24.3750     15.0000       0.2361E-004
    -24.3750     16.2500       0.3535E-005
    -24.3750     17.5000       0.3985E-007
    -24.3750     18.7500       0.6512E-012

    -23.4375    -20.0000       0.1011E-011
    -23.4375    -18.7500       0.2324E-011
    -23.4375    -17.5000       0.4982E-007
    -23.4375    -16.2500       0.4390E-005
    -23.4375    -15.0000       0.2938E-004
    -23.4375    -13.7500       0.7012E-004
    -23.4375    -12.5000       0.9483E-004
    -23.4375    -11.2500       0.7553E-004
    -23.4375    -10.0000       0.2723E-004
    -23.4375     -8.7500       0.4351E-005
    -23.4375     -7.5000       0.6296E-004
    -23.4375     -6.2500       0.2330E-003
    -23.4375     -5.0000       0.5115E-003
    -23.4375     -3.7500       0.8659E-003
    -23.4375     -2.5000       0.1226E-002
    -23.4375     -1.2500       0.1500E-002
    -23.4375      0.0000       0.1612E-002
    -23.4375      1.2500       0.1552E-002
    -23.4375      2.5000       0.1371E-002
    -23.4375      3.7500       0.1139E-002
    -23.4375      5.0000       0.9015E-003
    -23.4375      6.2500       0.6697E-003
    -23.4375      7.5000       0.4536E-003
    -23.4375      8.7500       0.2806E-003
    -23.4375     10.0000       0.1730E-003
    -23.4375     11.2500       0.1220E-003
    -23.4375     12.5000       0.9011E-004
    -23.4375     13.7500       0.5161E-004
    -23.4375     15.0000       0.1759E-004
    -23.4375     16.2500       0.2234E-005
    -23.4375     17.5000       0.2331E-007
    -23.4375     18.7500       0.9686E-012

    -22.5000    -20.0000       0.2689E-011
    -22.5000    -18.7500       0.1364E-010
    -22.5000    -17.5000       0.1105E-006
    -22.5000    -16.2500       0.9949E-005
    -22.5000    -15.0000       0.6945E-004
    -22.5000    -13.7500       0.1790E-003
    -22.5000    -12.5000       0.2858E-003
    -22.5000    -11.2500       0.3344E-003
    -22.5000    -10.0000       0.3150E-003
    -22.5000     -8.7500       0.2609E-003
    -22.5000     -7.5000       0.2259E-003
    -22.5000     -6.2500       0.2530E-003
    -22.5000     -5.0000       0.3583E-003
    -22.5000     -3.7500       0.5212E-003
    -22.5000     -2.5000       0.6907E-003
    -22.5000     -1.2500       0.8172E-003
    -22.5000      0.0000       0.8813E-003
    -22.5000      1.2500       0.9118E-003
    -22.5000      2.5000       0.9521E-003
    -22.5000      3.7500       0.1013E-002
    -22.5000      5.0000       0.1060E-002
    -22.5000      6.2500       0.1039E-002
    -22.5000      7.5000       0.9282E-003
    -22.5000      8.7500       0.7577E-003
    -22.5000     10.0000       0.5769E-003
    -22.5000     11.2500       0.4181E-003
    -22.5000     12.5000       0.2773E-003
    -22.5000     13.7500       0.1458E-003
    -22.5000     15.0000       0.4821E-004
    -22.5000     16.2500       0.6078E-005
    -22.5000     17.5000       0.6062E-007
    -22.5000     18.7500       0.5926E-011

    -21.5625    -20.0000       0.8197E-011
    -21.5625    -18.7500       0.2630E-010
    -21.5625    -17.5000       0.1504E-006
    -21.5625    -16.2500       0.1378E-004
    -21.5625    -15.0000       0.1001E-003
    -21.5625    -13.7500       0.2731E-003
    -21.5625    -12.5000       0.4729E-003
    -21.5625    -11.2500       0.6302E-003
    -21.5625    -10.0000       0.7188E-003
    -21.5625     -8.7500       0.7379E-003
    -21.5625     -7.5000       0.7010E-003
    -21.5625     -6.2500       0.6223E-003
    -21.5625     -5.0000       0.5175E-003
    -21.5625     -3.7500       0.3947E-003
    -21.5625     -2.5000       0.2709E-003
    -21.5625     -1.2500       0.1752E-003
    -21.5625      0.0000       0.1487E-003
    -21.5625      1.2500       0.2280E-003
    -21.5625      2.5000       0.4161E-003
    -21.5625      3.7500       0.6683E-003
    -21.5625      5.0000       0.9071E-003
    -21.5625      6.2500       0.1059E-002
    -21.5625      7.5000       0.1090E-002
    -21.5625      8.7500       0.1014E-002
    -21.5625     10.0000       0.8639E-003
    -21.5625     11.2500       0.6768E-003
    -21.5625     12.5000       0.4681E-003
    -21.5625     13.7500       0.2547E-003
    -21.5625     15.0000       0.8824E-004
    -21.5625     16.2500       0.1165E-004
    -21.5625     17.5000       0.1186E-006
    -21.5625     18.7500       0.1029E-010

    -20.6250    -20.0000       0.1914E-010
    -20.6250    -18.7500       0.3016E-010
    -20.6250    -17.5000       0.1339E-006
    -20.6250    -16.2500       0.1248E-004
    -20.6250    -15.0000       0.9406E-004
    -20.6250    -13.7500       0.2687E-003
    -20.6250    -12.5000       0.4899E-003
    -20.6250    -11.2500       0.7002E-003
    -20.6250    -10.0000       0.8799E-003
    -20.6250     -8.7500       0.1011E-002
    -20.6250     -7.5000       0.1066E-002
    -20.6250     -6.2500       0.1012E-002
    -20.6250     -5.0000       0.8473E-003
    -20.6250     -3.7500       0.5992E-003
    -20.6250     -2.5000       0.3407E-003
    -20.6250     -1.2500       0.1458E-003
    -20.6250      0.0000       0.6720E-004
    -20.6250      1.2500       0.1097E-003
    -20.6250      2.5000       0.2401E-003
    -20.6250      3.7500       0.4113E-003
    -20.6250      5.0000       0.5782E-003
    -20.6250      6.2500       0.7121E-003
    -20.6250      7.5000       0.7968E-003
    -20.6250      8.7500       0.8218E-003
    -20.6250     10.0000       0.7796E-003
    -20.6250     11.2500       0.6685E-003
    -20.6250     12.5000       0.4930E-003
    -20.6250     13.7500       0.2816E-003
    -20.6250     15.0000       0.1021E-003
    -20.6250     16.2500       0.1400E-004
    -20.6250     17.5000       0.1458E-006
    -20.6250     18.7500       0.9820E-011

    -19.6875    -20.0000       0.3365E-010
    -19.6875    -18.7500       0.2212E-010
    -19.6875    -17.5000       0.7581E-007
    -19.6875    -16.2500       0.7206E-005
    -19.6875    -15.0000       0.5673E-004
    -19.6875    -13.7500       0.1699E-003
    -19.6875    -12.5000       0.3218E-003
    -19.6875    -11.2500       0.4823E-003
    -19.6875    -10.0000       0.6555E-003
    -19.6875     -8.7500       0.8387E-003
    -19.6875     -7.5000       0.9964E-003
    -19.6875     -6.2500       0.1076E-002
    -19.6875     -5.0000       0.1054E-002
    -19.6875     -3.7500       0.9526E-003
    -19.6875     -2.5000       0.8379E-003
    -19.6875     -1.2500       0.7553E-003
    -19.6875      0.0000       0.7097E-003
    -19.6875      1.2500       0.6626E-003
    -19.6875      2.5000       0.5811E-003
    -19.6875      3.7500       0.4706E-003
    -19.6875      5.0000       0.3657E-003
    -19.6875      6.2500       0.3064E-003
    -19.6875      7.5000       0.3074E-003
    -19.6875      8.7500       0.3519E-003
    -19.6875     10.0000       0.3985E-003
    -19.6875     11.2500       0.4005E-003
    -19.6875     12.5000       0.3300E-003
    -19.6875     13.7500       0.2026E-003
    -19.6875     15.0000       0.7749E-004
    -19.6875     16.2500       0.1103E-004
    -19.6875     17.5000       0.1180E-006
    -19.6875     18.7500       0.5113E-011

    -18.7500    -20.0000       0.4623E-010
    -18.7500    -18.7500       0.8788E-011
    -18.7500    -17.5000       0.2769E-007
    -18.7500    -16.2500       0.2642E-005
    -18.7500    -15.0000       0.2127E-004
    -18.7500    -13.7500       0.6427E-004
    -18.7500    -12.5000       0.1178E-003
    -18.7500    -11.2500       0.1699E-003
    -18.7500    -10.0000       0.2446E-003
    -18.7500     -8.7500       0.3731E-003
    -18.7500     -7.5000       0.5547E-003
    -18.7500     -6.2500       0.7582E-003
    -18.7500     -5.0000       0.9553E-003
    -18.7500     -3.7500       0.1141E-002
    -18.7500     -2.5000       0.1320E-002
    -18.7500     -1.2500       0.1460E-002
    -18.7500      0.0000       0.1503E-002
    -18.7500      1.2500       0.1394E-002
    -18.7500      2.5000       0.1135E-002
    -18.7500      3.7500       0.7935E-003
    -18.7500      5.0000       0.4587E-003
    -18.7500      6.2500       0.2025E-003
    -18.7500      7.5000       0.5742E-004
    -18.7500      8.7500       0.2160E-004
    -18.7500     10.0000       0.5909E-004
    -18.7500     11.2500       0.1108E-003
    -18.7500     12.5000       0.1237E-003
    -18.7500     13.7500       0.8786E-004
    -18.7500     15.0000       0.3626E-004
    -18.7500     16.2500       0.5393E-005
    -18.7500     17.5000       0.5988E-007
    -18.7500     18.7500       0.1054E-011

    -17.8125    -20.0000       0.5085E-010
    -17.8125    -18.7500       0.7370E-012
    -17.8125    -17.5000       0.3235E-007
    -17.8125    -16.2500       0.2847E-005
    -17.8125    -15.0000       0.1921E-004
    -17.8125    -13.7500       0.4588E-004
    -17.8125    -12.5000       0.5932E-004
    -17.8125    -11.2500       0.4076E-004
    -17.8125    -10.0000       0.1236E-004
    -17.8125     -8.7500       0.2806E-004
    -17.8125     -7.5000       0.1325E-003
    -17.8125     -6.2500       0.3398E-003
    -17.8125     -5.0000       0.6376E-003
    -17.8125     -3.7500       0.9967E-003
    -17.8125     -2.5000       0.1359E-002
    -17.8125     -1.2500       0.1635E-002
    -17.8125      0.0000       0.1743E-002
    -17.8125      1.2500       0.1654E-002
    -17.8125      2.5000       0.1410E-002
    -17.8125      3.7500       0.1093E-002
    -17.8125      5.0000       0.7746E-003
    -17.8125      6.2500       0.4931E-003
    -17.8125      7.5000       0.2697E-003
    -17.8125      8.7500       0.1251E-003
    -17.8125     10.0000       0.6355E-004
    -17.8125     11.2500       0.5709E-004
    -17.8125     12.5000       0.5766E-004
    -17.8125     13.7500       0.3937E-004
    -17.8125     15.0000       0.1507E-004
    -17.8125     16.2500       0.2089E-005
    -17.8125     17.5000       0.2314E-007
    -17.8125     18.7500       0.2286E-011

    -16.8750    -20.0000       0.4512E-010
    -16.8750    -18.7500       0.3399E-011
    -16.8750    -17.5000       0.8567E-007
    -16.8750    -16.2500       0.7640E-005
    -16.8750    -15.0000       0.5237E-004
    -16.8750    -13.7500       0.1310E-003
    -16.8750    -12.5000       0.1985E-003
    -16.8750    -11.2500       0.2099E-003
    -16.8750    -10.0000       0.1657E-003
    -16.8750     -8.7500       0.1109E-003
    -16.8750     -7.5000       0.1057E-003
    -16.8750     -6.2500       0.1933E-003
    -16.8750     -5.0000       0.3837E-003
    -16.8750     -3.7500       0.6483E-003
    -16.8750     -2.5000       0.9204E-003
    -16.8750     -1.2500       0.1125E-002
    -16.8750      0.0000       0.1218E-002
    -16.8750      1.2500       0.1213E-002
    -16.8750      2.5000       0.1162E-002
    -16.8750      3.7500       0.1102E-002
    -16.8750      5.0000       0.1032E-002
    -16.8750      6.2500       0.9194E-003
    -16.8750      7.5000       0.7549E-003
    -16.8750      8.7500       0.5701E-003
    -16.8750     10.0000       0.4079E-003
    -16.8750     11.2500       0.2873E-003
    -16.8750     12.5000       0.1906E-003
    -16.8750     13.7500       0.1003E-003
    -16.8750     15.0000       0.3276E-004
    -16.8750     16.2500       0.4059E-005
    -16.8750     17.5000       0.4041E-007
    -16.8750     18.7500       0.8845E-011

    -15.9375    -20.0000       0.3199E-010
    -15.9375    -18.7500       0.1266E-010
    -15.9375    -17.5000       0.1403E-006
    -15.9375    -16.2500       0.1276E-004
    -15.9375    -15.0000       0.9128E-004
    -15.9375    -13.7500       0.2440E-003
    -15.9375    -12.5000       0.4114E-003
    -15.9375    -11.2500       0.5268E-003
    -15.9375    -10.0000       0.5681E-003
    -15.9375     -8.7500       0.5479E-003
    -15.9375     -7.5000       0.4983E-003
    -15.9375     -6.2500       0.4494E-003
    -15.9375     -5.0000       0.4195E-003
    -15.9375     -3.7500       0.4051E-003
    -15.9375     -2.5000       0.3934E-003
    -15.9375     -1.2500       0.3823E-003
    -15.9375      0.0000       0.3920E-003
    -15.9375      1.2500       0.4612E-003
    -15.9375      2.5000       0.6109E-003
    -15.9375      3.7500       0.8142E-003
    -15.9375      5.0000       0.1003E-002
    -15.9375      6.2500       0.1103E-002
    -15.9375      7.5000       0.1082E-002
    -15.9375      8.7500       0.9607E-003
    -15.9375     10.0000       0.7855E-003
    -15.9375     11.2500       0.5964E-003
    -15.9375     12.5000       0.4042E-003
    -15.9375     13.7500       0.2164E-003
    -15.9375     15.0000       0.7360E-004
    -15.9375     16.2500       0.9550E-005
    -15.9375     17.5000       0.9631E-007
    -15.9375     18.7500       0.1587E-010

    -15.0000    -20.0000       0.1765E-010
    -15.0000    -18.7500       0.1892E-010
    -15.0000    -17.5000       0.1476E-006
    -15.0000    -16.2500       0.1365E-004
    -15.0000    -15.0000       0.1013E-003
    -15.0000    -13.7500       0.2844E-003
    -15.0000    -12.5000       0.5089E-003
    -15.0000    -11.2500       0.7096E-003
    -15.0000    -10.0000       0.8615E-003
    -15.0000     -8.7500       0.9499E-003
    -15.0000     -7.5000       0.9606E-003
    -15.0000     -6.2500       0.8798E-003
    -15.0000     -5.0000       0.7132E-003
    -15.0000     -3.7500       0.4835E-003
    -15.0000     -2.5000       0.2467E-003
    -15.0000     -1.2500       0.6690E-004
    -15.0000      0.0000       0.2531E-010
    -15.0000      1.2500       0.6706E-004
    -15.0000      2.5000       0.2464E-003
    -15.0000      3.7500       0.4839E-003
    -15.0000      5.0000       0.7128E-003
    -15.0000      6.2500       0.8802E-003
    -15.0000      7.5000       0.9602E-003
    -15.0000      8.7500       0.9503E-003
    -15.0000     10.0000       0.8612E-003
    -15.0000     11.2500       0.7098E-003
    -15.0000     12.5000       0.5087E-003
    -15.0000     13.7500       0.2845E-003
    -15.0000     15.0000       0.1013E-003
    -15.0000     16.2500       0.1368E-004
    -15.0000     17.5000       0.1411E-006
    -15.0000     18.7500       0.1768E-010

    -14.0625    -20.0000       0.7310E-011
    -14.0625    -18.7500       0.1595E-010
    -14.0625    -17.5000       0.1012E-006
    -14.0625    -16.2500       0.9531E-005
    -14.0625    -15.0000       0.7364E-004
    -14.0625    -13.7500       0.2163E-003
    -14.0625    -12.5000       0.4043E-003
    -14.0625    -11.2500       0.5962E-003
    -14.0625    -10.0000       0.7857E-003
    -14.0625     -8.7500       0.9604E-003
    -14.0625     -7.5000       0.1082E-002
    -14.0625     -6.2500       0.1102E-002
    -14.0625     -5.0000       0.1003E-002
    -14.0625     -3.7500       0.8138E-003
    -14.0625     -2.5000       0.6112E-003
    -14.0625     -1.2500       0.4609E-003
    -14.0625      0.0000       0.3921E-003
    -14.0625      1.2500       0.3823E-003
    -14.0625      2.5000       0.3933E-003
    -14.0625      3.7500       0.4052E-003
    -14.0625      5.0000       0.4193E-003
    -14.0625      6.2500       0.4496E-003
    -14.0625      7.5000       0.4981E-003
    -14.0625      8.7500       0.5481E-003
    -14.0625     10.0000       0.5679E-003
    -14.0625     11.2500       0.5270E-003
    -14.0625     12.5000       0.4113E-003
    -14.0625     13.7500       0.2441E-003
    -14.0625     15.0000       0.9122E-004
    -14.0625     16.2500       0.1278E-004
    -14.0625     17.5000       0.1351E-006
    -14.0625     18.7500       0.1270E-010

    -13.1250    -20.0000       0.2354E-011
    -13.1250    -18.7500       0.6580E-011
    -13.1250    -17.5000       0.4227E-007
    -13.1250    -16.2500       0.4053E-005
    -13.1250    -15.0000       0.3277E-004
    -13.1250    -13.7500       0.1003E-003
    -13.1250    -12.5000       0.1906E-003
    -13.1250    -11.2500       0.2872E-003
    -13.1250    -10.0000       0.4080E-003
    -13.1250     -8.7500       0.5700E-003
    -13.1250     -7.5000       0.7551E-003
    -13.1250     -6.2500       0.9191E-003
    -13.1250     -5.0000       0.1032E-002
    -13.1250     -3.7500       0.1102E-002
    -13.1250     -2.5000       0.1162E-002
    -13.1250     -1.2500       0.1213E-002
    -13.1250      0.0000       0.1218E-002
    -13.1250      1.2500       0.1125E-002
    -13.1250      2.5000       0.9205E-003
    -13.1250      3.7500       0.6483E-003
    -13.1250      5.0000       0.3837E-003
    -13.1250      6.2500       0.1933E-003
    -13.1250      7.5000       0.1057E-003
    -13.1250      8.7500       0.1110E-003
    -13.1250     10.0000       0.1657E-003
    -13.1250     11.2500       0.2100E-003
    -13.1250     12.5000       0.1984E-003
    -13.1250     13.7500       0.1311E-003
    -13.1250     15.0000       0.5234E-004
    -13.1250     16.2500       0.7651E-005
    -13.1250     17.5000       0.8347E-007
    -13.1250     18.7500       0.4859E-011

    -12.1875    -20.0000       0.9524E-012
    -12.1875    -18.7500       0.1598E-012
    -12.1875    -17.5000       0.2317E-007
    -12.1875    -16.2500       0.2090E-005
    -12.1875    -15.0000       0.1507E-004
    -12.1875    -13.7500       0.3938E-004
    -12.1875    -12.5000       0.5766E-004
    -12.1875    -11.2500       0.5709E-004
    -12.1875    -10.0000       0.6356E-004
    -12.1875     -8.7500       0.1251E-003
    -12.1875     -7.5000       0.2697E-003
    -12.1875     -6.2500       0.4931E-003
    -12.1875     -5.0000       0.7746E-003
    -12.1875     -3.7500       0.1093E-002
    -12.1875     -2.5000       0.1410E-002
    -12.1875     -1.2500       0.1654E-002
    -12.1875      0.0000       0.1743E-002
    -12.1875      1.2500       0.1635E-002
    -12.1875      2.5000       0.1359E-002
    -12.1875      3.7500       0.9967E-003
    -12.1875      5.0000       0.6376E-003
    -12.1875      6.2500       0.3397E-003
    -12.1875      7.5000       0.1325E-003
    -12.1875      8.7500       0.2805E-004
    -12.1875     10.0000       0.1236E-004
    -12.1875     11.2500       0.4076E-004
    -12.1875     12.5000       0.5931E-004
    -12.1875     13.7500       0.4588E-004
    -12.1875     15.0000       0.1921E-004
    -12.1875     16.2500       0.2848E-005
    -12.1875     17.5000       0.3223E-007
    -12.1875     18.7500       0.1949E-012

    -11.2500    -20.0000       0.1161E-011
    -11.2500    -18.7500       0.3976E-011
    -11.2500    -17.5000       0.6089E-007
    -11.2500    -16.2500       0.5387E-005
    -11.2500    -15.0000       0.3628E-004
    -11.2500    -13.7500       0.8783E-004
    -11.2500    -12.5000       0.1238E-003
    -11.2500    -11.2500       0.1107E-003
    -11.2500    -10.0000       0.5913E-004
    -11.2500     -8.7500       0.2159E-004
    -11.2500     -7.5000       0.5741E-004
    -11.2500     -6.2500       0.2025E-003
    -11.2500     -5.0000       0.4587E-003
    -11.2500     -3.7500       0.7935E-003
    -11.2500     -2.5000       0.1135E-002
    -11.2500     -1.2500       0.1394E-002
    -11.2500      0.0000       0.1503E-002
    -11.2500      1.2500       0.1460E-002
    -11.2500      2.5000       0.1320E-002
    -11.2500      3.7500       0.1141E-002
    -11.2500      5.0000       0.9551E-003
    -11.2500      6.2500       0.7584E-003
    -11.2500      7.5000       0.5545E-003
    -11.2500      8.7500       0.3732E-003
    -11.2500     10.0000       0.2446E-003
    -11.2500     11.2500       0.1699E-003
    -11.2500     12.5000       0.1178E-003
    -11.2500     13.7500       0.6427E-004
    -11.2500     15.0000       0.2127E-004
    -11.2500     16.2500       0.2644E-005
    -11.2500     17.5000       0.2691E-007
    -11.2500     18.7500       0.1726E-011

    -10.3125    -20.0000       0.3403E-011
    -10.3125    -18.7500       0.1643E-010
    -10.3125    -17.5000       0.1219E-006
    -10.3125    -16.2500       0.1101E-004
    -10.3125    -15.0000       0.7754E-004
    -10.3125    -13.7500       0.2025E-003
    -10.3125    -12.5000       0.3301E-003
    -10.3125    -11.2500       0.4003E-003
    -10.3125    -10.0000       0.3986E-003
    -10.3125     -8.7500       0.3518E-003
    -10.3125     -7.5000       0.3075E-003
    -10.3125     -6.2500       0.3063E-003
    -10.3125     -5.0000       0.3658E-003
    -10.3125     -3.7500       0.4706E-003
    -10.3125     -2.5000       0.5811E-003
    -10.3125     -1.2500       0.6626E-003
    -10.3125      0.0000       0.7096E-003
    -10.3125      1.2500       0.7555E-003
    -10.3125      2.5000       0.8376E-003
    -10.3125      3.7500       0.9530E-003
    -10.3125      5.0000       0.1054E-002
    -10.3125      6.2500       0.1077E-002
    -10.3125      7.5000       0.9961E-003
    -10.3125      8.7500       0.8389E-003
    -10.3125     10.0000       0.6554E-003
    -10.3125     11.2500       0.4824E-003
    -10.3125     12.5000       0.3217E-003
    -10.3125     13.7500       0.1699E-003
    -10.3125     15.0000       0.5670E-004
    -10.3125     16.2500       0.7219E-005
    -10.3125     17.5000       0.7225E-007
    -10.3125     18.7500       0.7031E-011

     -9.3750    -20.0000       0.9947E-011
     -9.3750    -18.7500       0.2802E-010
     -9.3750    -17.5000       0.1519E-006
     -9.3750    -16.2500       0.1397E-004
     -9.3750    -15.0000       0.1022E-003
     -9.3750    -13.7500       0.2815E-003
     -9.3750    -12.5000       0.4932E-003
     -9.3750    -11.2500       0.6683E-003
     -9.3750    -10.0000       0.7798E-003
     -9.3750     -8.7500       0.8215E-003
     -9.3750     -7.5000       0.7971E-003
     -9.3750     -6.2500       0.7118E-003
     -9.3750     -5.0000       0.5785E-003
     -9.3750     -3.7500       0.4110E-003
     -9.3750     -2.5000       0.2404E-003
     -9.3750     -1.2500       0.1096E-003
     -9.3750      0.0000       0.6717E-004
     -9.3750      1.2500       0.1460E-003
     -9.3750      2.5000       0.3403E-003
     -9.3750      3.7500       0.5996E-003
     -9.3750      5.0000       0.8468E-003
     -9.3750      6.2500       0.1013E-002
     -9.3750      7.5000       0.1065E-002
     -9.3750      8.7500       0.1012E-002
     -9.3750     10.0000       0.8797E-003
     -9.3750     11.2500       0.7004E-003
     -9.3750     12.5000       0.4898E-003
     -9.3750     13.7500       0.2688E-003
     -9.3750     15.0000       0.9400E-004
     -9.3750     16.2500       0.1251E-004
     -9.3750     17.5000       0.1280E-006
     -9.3750     18.7500       0.1065E-010

     -8.4375    -20.0000       0.2189E-010
     -8.4375    -18.7500       0.2941E-010
     -8.4375    -17.5000       0.1243E-006
     -8.4375    -16.2500       0.1162E-004
     -8.4375    -15.0000       0.8829E-004
     -8.4375    -13.7500       0.2546E-003
     -8.4375    -12.5000       0.4682E-003
     -8.4375    -11.2500       0.6766E-003
     -8.4375    -10.0000       0.8642E-003
     -8.4375     -8.7500       0.1013E-002
     -8.4375     -7.5000       0.1091E-002
     -8.4375     -6.2500       0.1058E-002
     -8.4375     -5.0000       0.9076E-003
     -8.4375     -3.7500       0.6678E-003
     -8.4375     -2.5000       0.4165E-003
     -8.4375     -1.2500       0.2278E-003
     -8.4375      0.0000       0.1487E-003
     -8.4375      1.2500       0.1753E-003
     -8.4375      2.5000       0.2707E-003
     -8.4375      3.7500       0.3949E-003
     -8.4375      5.0000       0.5172E-003
     -8.4375      6.2500       0.6226E-003
     -8.4375      7.5000       0.7007E-003
     -8.4375      8.7500       0.7382E-003
     -8.4375     10.0000       0.7186E-003
     -8.4375     11.2500       0.6305E-003
     -8.4375     12.5000       0.4728E-003
     -8.4375     13.7500       0.2732E-003
     -8.4375     15.0000       0.1000E-003
     -8.4375     16.2500       0.1381E-004
     -8.4375     17.5000       0.1445E-006
     -8.4375     18.7500       0.9102E-011

     -7.5000    -20.0000       0.3654E-010
     -7.5000    -18.7500       0.1953E-010
     -7.5000    -17.5000       0.6357E-007
     -7.5000    -16.2500       0.6067E-005
     -7.5000    -15.0000       0.4823E-004
     -7.5000    -13.7500       0.1457E-003
     -7.5000    -12.5000       0.2773E-003
     -7.5000    -11.2500       0.4180E-003
     -7.5000    -10.0000       0.5770E-003
     -7.5000     -8.7500       0.7575E-003
     -7.5000     -7.5000       0.9285E-003
     -7.5000     -6.2500       0.1038E-002
     -7.5000     -5.0000       0.1061E-002
     -7.5000     -3.7500       0.1013E-002
     -7.5000     -2.5000       0.9524E-003
     -7.5000     -1.2500       0.9116E-003
     -7.5000      0.0000       0.8814E-003
     -7.5000      1.2500       0.8172E-003
     -7.5000      2.5000       0.6907E-003
     -7.5000      3.7500       0.5212E-003
     -7.5000      5.0000       0.3583E-003
     -7.5000      6.2500       0.2531E-003
     -7.5000      7.5000       0.2258E-003
     -7.5000      8.7500       0.2611E-003
     -7.5000     10.0000       0.3149E-003
     -7.5000     11.2500       0.3346E-003
     -7.5000     12.5000       0.2857E-003
     -7.5000     13.7500       0.1791E-003
     -7.5000     15.0000       0.6940E-004
     -7.5000     16.2500       0.9965E-005
     -7.5000     17.5000       0.1072E-006
     -7.5000     18.7500       0.4062E-011

     -6.5625    -20.0000       0.4794E-010
     -6.5625    -18.7500       0.6457E-011
     -6.5625    -17.5000       0.2373E-007
     -6.5625    -16.2500       0.2233E-005
     -6.5625    -15.0000       0.1759E-004
     -6.5625    -13.7500       0.5161E-004
     -6.5625    -12.5000       0.9010E-004
     -6.5625    -11.2500       0.1220E-003
     -6.5625    -10.0000       0.1730E-003
     -6.5625     -8.7500       0.2806E-003
     -6.5625     -7.5000       0.4537E-003
     -6.5625     -6.2500       0.6696E-003
     -6.5625     -5.0000       0.9016E-003
     -6.5625     -3.7500       0.1139E-002
     -6.5625     -2.5000       0.1371E-002
     -6.5625     -1.2500       0.1552E-002
     -6.5625      0.0000       0.1612E-002
     -6.5625      1.2500       0.1500E-002
     -6.5625      2.5000       0.1226E-002
     -6.5625      3.7500       0.8659E-003
     -6.5625      5.0000       0.5115E-003
     -6.5625      6.2500       0.2330E-003
     -6.5625      7.5000       0.6299E-004
     -6.5625      8.7500       0.4351E-005
     -6.5625     10.0000       0.2721E-004
     -6.5625     11.2500       0.7556E-004
     -6.5625     12.5000       0.9480E-004
     -6.5625     13.7500       0.7014E-004
     -6.5625     15.0000       0.2937E-004
     -6.5625     16.2500       0.4394E-005
     -6.5625     17.5000       0.4921E-007
     -6.5625     18.7500       0.7922E-012

     -5.6250    -20.0000       0.5052E-010
     -5.6250    -18.7500       0.4072E-012
     -5.6250    -17.5000       0.4020E-007
     -5.6250    -16.2500       0.3533E-005
     -5.6250    -15.0000       0.2362E-004
     -5.6250    -13.7500       0.5595E-004
     -5.6250    -12.5000       0.7306E-004
     -5.6250    -11.2500       0.5191E-004
     -5.6250    -10.0000       0.1144E-004
     -5.6250     -8.7500       0.6537E-005
     -5.6250     -7.5000       0.8831E-004
     -5.6250     -6.2500       0.2793E-003
     -5.6250     -5.0000       0.5719E-003
     -5.6250     -3.7500       0.9346E-003
     -5.6250     -2.5000       0.1302E-002
     -5.6250     -1.2500       0.1581E-002
     -5.6250      0.0000       0.1693E-002
     -5.6250      1.2500       0.1617E-002
     -5.6250      2.5000       0.1401E-002
     -5.6250      3.7500       0.1123E-002
     -5.6250      5.0000       0.8406E-003
     -5.6250      6.2500       0.5802E-003
     -5.6250      7.5000       0.3574E-003
     -5.6250      8.7500       0.1969E-003
     -5.6250     10.0000       0.1118E-003
     -5.6250     11.2500       0.8395E-004
     -5.6250     12.5000       0.6982E-004
     -5.6250     13.7500       0.4320E-004
     -5.6250     15.0000       0.1550E-004
     -5.6250     16.2500       0.2047E-005
     -5.6250     17.5000       0.2203E-007
     -5.6250     18.7500       0.3272E-011

     -4.6875    -20.0000       0.4291E-010
     -4.6875    -18.7500       0.5004E-011
     -4.6875    -17.5000       0.9836E-007
     -4.6875    -16.2500       0.8810E-005
     -4.6875    -15.0000       0.6095E-004
     -4.6875    -13.7500       0.1549E-003
     -4.6875    -12.5000       0.2414E-003
     -4.6875    -11.2500       0.2702E-003
     -4.6875    -10.0000       0.2363E-003
     -4.6875     -8.7500       0.1796E-003
     -4.6875     -7.5000       0.1577E-003
     -4.6875     -6.2500       0.2149E-003
     -4.6875     -5.0000       0.3644E-003
     -4.6875     -3.7500       0.5812E-003
     -4.6875     -2.5000       0.8053E-003
     -4.6875     -1.2500       0.9734E-003
     -4.6875      0.0000       0.1053E-002
     -4.6875      1.2500       0.1066E-002
     -4.6875      2.5000       0.1062E-002
     -4.6875      3.7500       0.1063E-002
     -4.6875      5.0000       0.1053E-002
     -4.6875      6.2500       0.9856E-003
     -4.6875      7.5000       0.8467E-003
     -4.6875      8.7500       0.6670E-003
     -4.6875     10.0000       0.4933E-003
     -4.6875     11.2500       0.3523E-003
     -4.6875     12.5000       0.2330E-003
     -4.6875     13.7500       0.1223E-003
     -4.6875     15.0000       0.4013E-004
     -4.6875     16.2500       0.5011E-005
     -4.6875     17.5000       0.4983E-007
     -4.6875     18.7500       0.1042E-010

     -3.7500    -20.0000       0.2901E-010
     -3.7500    -18.7500       0.1446E-010
     -3.7500    -17.5000       0.1465E-006
     -3.7500    -16.2500       0.1337E-004
     -3.7500    -15.0000       0.9640E-004
     -3.7500    -13.7500       0.2604E-003
     -3.7500    -12.5000       0.4453E-003
     -3.7500    -11.2500       0.5825E-003
     -3.7500    -10.0000       0.6473E-003
     -3.7500     -8.7500       0.6455E-003
     -3.7500     -7.5000       0.6001E-003
     -3.7500     -6.2500       0.5337E-003
     -3.7500     -5.0000       0.4638E-003
     -3.7500     -3.7500       0.3927E-003
     -3.7500     -2.5000       0.3226E-003
     -3.7500     -1.2500       0.2673E-003
     -3.7500      0.0000       0.2584E-003
     -3.7500      1.2500       0.3344E-003
     -3.7500      2.5000       0.5075E-003
     -3.7500      3.7500       0.7407E-003
     -3.7500      5.0000       0.9599E-003
     -3.7500      6.2500       0.1089E-002
     -3.7500      7.5000       0.1096E-002
     -3.7500      8.7500       0.9966E-003
     -3.7500     10.0000       0.8321E-003
     -3.7500     11.2500       0.6417E-003
     -3.7500     12.5000       0.4392E-003
     -3.7500     13.7500       0.2370E-003
     -3.7500     15.0000       0.8135E-004
     -3.7500     16.2500       0.1065E-004
     -3.7500     17.5000       0.1079E-006
     -3.7500     18.7500       0.1678E-010

     -2.8125    -20.0000       0.1516E-010
     -2.8125    -18.7500       0.1912E-010
     -2.8125    -17.5000       0.1419E-006
     -2.8125    -16.2500       0.1317E-004
     -2.8125    -15.0000       0.9846E-004
     -2.8125    -13.7500       0.2788E-003
     -2.8125    -12.5000       0.5037E-003
     -2.8125    -11.2500       0.7113E-003
     -2.8125    -10.0000       0.8790E-003
     -2.8125     -8.7500       0.9898E-003
     -2.8125     -7.5000       0.1022E-002
     -2.8125     -6.2500       0.9518E-003
     -2.8125     -5.0000       0.7816E-003
     -2.8125     -3.7500       0.5369E-003
     -2.8125     -2.5000       0.2834E-003
     -2.8125     -1.2500       0.9149E-004
     -2.8125      0.0000       0.1697E-004
     -2.8125      1.2500       0.7315E-004
     -2.8125      2.5000       0.2319E-003
     -2.8125      3.7500       0.4413E-003
     -2.8125      5.0000       0.6442E-003
     -2.8125      6.2500       0.7991E-003
     -2.8125      7.5000       0.8844E-003
     -2.8125      8.7500       0.8934E-003
     -2.8125     10.0000       0.8277E-003
     -2.8125     11.2500       0.6953E-003
     -2.8125     12.5000       0.5051E-003
     -2.8125     13.7500       0.2854E-003
     -2.8125     15.0000       0.1025E-003
     -2.8125     16.2500       0.1395E-004
     -2.8125     17.5000       0.1446E-006
     -2.8125     18.7500       0.1718E-010

     -1.8750    -20.0000       0.5916E-011
     -1.8750    -18.7500       0.1433E-010
     -1.8750    -17.5000       0.8857E-007
     -1.8750    -16.2500       0.8376E-005
     -1.8750    -15.0000       0.6531E-004
     -1.8750    -13.7500       0.1937E-003
     -1.8750    -12.5000       0.3647E-003
     -1.8750    -11.2500       0.5425E-003
     -1.8750    -10.0000       0.7260E-003
     -1.8750     -8.7500       0.9072E-003
     -1.8750     -7.5000       0.1048E-002
     -1.8750     -6.2500       0.1098E-002
     -1.8750     -5.0000       0.1035E-002
     -1.8750     -3.7500       0.8855E-003
     -1.8750     -2.5000       0.7227E-003
     -1.8750     -1.2500       0.6032E-003
     -1.8750      0.0000       0.5444E-003
     -1.8750      1.2500       0.5158E-003
     -1.8750      2.5000       0.4807E-003
     -1.8750      3.7500       0.4315E-003
     -1.8750      5.0000       0.3863E-003
     -1.8750      6.2500       0.3727E-003
     -1.8750      7.5000       0.3993E-003
     -1.8750      8.7500       0.4489E-003
     -1.8750     10.0000       0.4839E-003
     -1.8750     11.2500       0.4654E-003
     -1.8750     12.5000       0.3724E-003
     -1.8750     13.7500       0.2246E-003
     -1.8750     15.0000       0.8485E-004
     -1.8750     16.2500       0.1198E-004
     -1.8750     17.5000       0.1273E-006
     -1.8750     18.7500       0.1117E-010

     -0.9375    -20.0000       0.1872E-011
     -0.9375    -18.7500       0.4738E-011
     -0.9375    -17.5000       0.3397E-007
     -0.9375    -16.2500       0.3256E-005
     -0.9375    -15.0000       0.2640E-004
     -0.9375    -13.7500       0.8070E-004
     -0.9375    -12.5000       0.1517E-003
     -0.9375    -11.2500       0.2257E-003
     -0.9375    -10.0000       0.3239E-003
     -0.9375     -8.7500       0.4708E-003
     -0.9375     -7.5000       0.6564E-003
     -0.9375     -6.2500       0.8424E-003
     -0.9375     -5.0000       0.9994E-003
     -0.9375     -3.7500       0.1128E-002
     -0.9375     -2.5000       0.1249E-002
     -0.9375     -1.2500       0.1346E-002
     -0.9375      0.0000       0.1370E-002
     -0.9375      1.2500       0.1267E-002
     -0.9375      2.5000       0.1032E-002
     -0.9375      3.7500       0.7200E-003
     -0.9375      5.0000       0.4156E-003
     -0.9375      6.2500       0.1891E-003
     -0.9375      7.5000       0.7184E-004
     -0.9375      8.7500       0.5761E-004
     -0.9375     10.0000       0.1058E-003
     -0.9375     11.2500       0.1562E-003
     -0.9375     12.5000       0.1587E-003
     -0.9375     13.7500       0.1084E-003
     -0.9375     15.0000       0.4402E-004
     -0.9375     16.2500       0.6492E-005
     -0.9375     17.5000       0.7141E-007
     -0.9375     18.7500       0.3502E-011

      0.0000    -20.0000       0.8930E-012
      0.0000    -18.7500       0.6210E-014
      0.0000    -17.5000       0.2659E-007
      0.0000    -16.2500       0.2360E-005
      0.0000    -15.0000       0.1632E-004
      0.0000    -13.7500       0.4028E-004
      0.0000    -12.5000       0.5412E-004
      0.0000    -11.2500       0.4251E-004
      0.0000    -10.0000       0.2996E-004
      0.0000     -8.7500       0.6809E-004
      0.0000     -7.5000       0.1937E-003
      0.0000     -6.2500       0.4119E-003
      0.0000     -5.0000       0.7060E-003
      0.0000     -3.7500       0.1050E-002
      0.0000     -2.5000       0.1395E-002
      0.0000     -1.2500       0.1660E-002
      0.0000      0.0000       0.1760E-002
      0.0000      1.2500       0.1660E-002
      0.0000      2.5000       0.1395E-002
      0.0000      3.7500       0.1050E-002
      0.0000      5.0000       0.7060E-003
      0.0000      6.2500       0.4119E-003
      0.0000      7.5000       0.1937E-003
      0.0000      8.7500       0.6809E-004
      0.0000     10.0000       0.2996E-004
      0.0000     11.2500       0.4251E-004
      0.0000     12.5000       0.5412E-004
      0.0000     13.7500       0.4028E-004
      0.0000     15.0000       0.1632E-004
      0.0000     16.2500       0.2360E-005
      0.0000     17.5000       0.2658E-007
      0.0000     18.7500       0.6179E-014

      0.9375    -20.0000       0.1386E-011
      0.9375    -18.7500       0.6003E-011
      0.9375    -17.5000       0.7298E-007
      0.9375    -16.2500       0.6484E-005
      0.9375    -15.0000       0.4404E-004
      0.9375    -13.7500       0.1084E-003
      0.9375    -12.5000       0.1588E-003
      0.9375    -11.2500       0.1561E-003
      0.9375    -10.0000       0.1059E-003
      0.9375     -8.7500       0.5758E-004
      0.9375     -7.5000       0.7185E-004
      0.9375     -6.2500       0.1891E-003
      0.9375     -5.0000       0.4155E-003
      0.9375     -3.7500       0.7200E-003
      0.9375     -2.5000       0.1032E-002
      0.9375     -1.2500       0.1267E-002
      0.9375      0.0000       0.1370E-002
      0.9375      1.2500       0.1346E-002
      0.9375      2.5000       0.1249E-002
      0.9375      3.7500       0.1129E-002
      0.9375      5.0000       0.9992E-003
      0.9375      6.2500       0.8426E-003
      0.9375      7.5000       0.6563E-003
      0.9375      8.7500       0.4709E-003
      0.9375     10.0000       0.3239E-003
      0.9375     11.2500       0.2257E-003
      0.9375     12.5000       0.1517E-003
      0.9375     13.7500       0.8071E-004
      0.9375     15.0000       0.2639E-004
      0.9375     16.2500       0.3260E-005
      0.9375     17.5000       0.3270E-007
      0.9375     18.7500       0.2646E-011

      1.8750    -20.0000       0.4293E-011
      1.8750    -18.7500       0.1918E-010
      1.8750    -17.5000       0.1319E-006
      1.8750    -16.2500       0.1196E-004
      1.8750    -15.0000       0.8491E-004
      1.8750    -13.7500       0.2245E-003
      1.8750    -12.5000       0.3725E-003
      1.8750    -11.2500       0.4653E-003
      1.8750    -10.0000       0.4841E-003
      1.8750     -8.7500       0.4487E-003
      1.8750     -7.5000       0.3995E-003
      1.8750     -6.2500       0.3726E-003
      1.8750     -5.0000       0.3864E-003
      1.8750     -3.7500       0.4314E-003
      1.8750     -2.5000       0.4807E-003
      1.8750     -1.2500       0.5158E-003
      1.8750      0.0000       0.5443E-003
      1.8750      1.2500       0.6034E-003
      1.8750      2.5000       0.7223E-003
      1.8750      3.7500       0.8859E-003
      1.8750      5.0000       0.1035E-002
      1.8750      6.2500       0.1098E-002
      1.8750      7.5000       0.1048E-002
      1.8750      8.7500       0.9075E-003
      1.8750     10.0000       0.7258E-003
      1.8750     11.2500       0.5426E-003
      1.8750     12.5000       0.3646E-003
      1.8750     13.7500       0.1938E-003
      1.8750     15.0000       0.6528E-004
      1.8750     16.2500       0.8392E-005
      1.8750     17.5000       0.8433E-007
      1.8750     18.7500       0.8061E-011

      2.8125    -20.0000       0.1193E-010
      2.8125    -18.7500       0.2930E-010
      2.8125    -17.5000       0.1509E-006
      2.8125    -16.2500       0.1393E-004
      2.8125    -15.0000       0.1026E-003
      2.8125    -13.7500       0.2853E-003
      2.8125    -12.5000       0.5053E-003
      2.8125    -11.2500       0.6950E-003
      2.8125    -10.0000       0.8280E-003
      2.8125     -8.7500       0.8931E-003
      2.8125     -7.5000       0.8847E-003
      2.8125     -6.2500       0.7987E-003
      2.8125     -5.0000       0.6446E-003
      2.8125     -3.7500       0.4410E-003
      2.8125     -2.5000       0.2322E-003
      2.8125     -1.2500       0.7301E-004
      2.8125      0.0000       0.1695E-004
      2.8125      1.2500       0.9166E-004
      2.8125      2.5000       0.2830E-003
      2.8125      3.7500       0.5373E-003
      2.8125      5.0000       0.7812E-003
      2.8125      6.2500       0.9523E-003
      2.8125      7.5000       0.1021E-002
      2.8125      8.7500       0.9902E-003
      2.8125     10.0000       0.8788E-003
      2.8125     11.2500       0.7116E-003
      2.8125     12.5000       0.5035E-003
      2.8125     13.7500       0.2789E-003
      2.8125     15.0000       0.9840E-004
      2.8125     16.2500       0.1319E-004
      2.8125     17.5000       0.1356E-006
      2.8125     18.7500       0.1078E-010

      3.7500    -20.0000       0.2476E-010
      3.7500    -18.7500       0.2819E-010
      3.7500    -17.5000       0.1132E-006
      3.7500    -16.2500       0.1063E-004
      3.7500    -15.0000       0.8140E-004
      3.7500    -13.7500       0.2369E-003
      3.7500    -12.5000       0.4393E-003
      3.7500    -11.2500       0.6415E-003
      3.7500    -10.0000       0.8324E-003
      3.7500     -8.7500       0.9963E-003
      3.7500     -7.5000       0.1096E-002
      3.7500     -6.2500       0.1089E-002
      3.7500     -5.0000       0.9603E-003
      3.7500     -3.7500       0.7403E-003
      3.7500     -2.5000       0.5078E-003
      3.7500     -1.2500       0.3342E-003
      3.7500      0.0000       0.2584E-003
      3.7500      1.2500       0.2673E-003
      3.7500      2.5000       0.3224E-003
      3.7500      3.7500       0.3929E-003
      3.7500      5.0000       0.4635E-003
      3.7500      6.2500       0.5339E-003
      3.7500      7.5000       0.5998E-003
      3.7500      8.7500       0.6458E-003
      3.7500     10.0000       0.6471E-003
      3.7500     11.2500       0.5827E-003
      3.7500     12.5000       0.4451E-003
      3.7500     13.7500       0.2606E-003
      3.7500     15.0000       0.9634E-004
      3.7500     16.2500       0.1340E-004
      3.7500     17.5000       0.1409E-006
      3.7500     18.7500       0.8230E-011

      4.6875    -20.0000       0.3929E-010
      4.6875    -18.7500       0.1682E-010
      4.6875    -17.5000       0.5222E-007
      4.6875    -16.2500       0.5002E-005
      4.6875    -15.0000       0.4014E-004
      4.6875    -13.7500       0.1222E-003
      4.6875    -12.5000       0.2331E-003
      4.6875    -11.2500       0.3522E-003
      4.6875    -10.0000       0.4934E-003
      4.6875     -8.7500       0.6668E-003
      4.6875     -7.5000       0.8470E-003
      4.6875     -6.2500       0.9853E-003
      4.6875     -5.0000       0.1053E-002
      4.6875     -3.7500       0.1063E-002
      4.6875     -2.5000       0.1062E-002
      4.6875     -1.2500       0.1066E-002
      4.6875      0.0000       0.1053E-002
      4.6875      1.2500       0.9734E-003
      4.6875      2.5000       0.8053E-003
      4.6875      3.7500       0.5812E-003
      4.6875      5.0000       0.3643E-003
      4.6875      6.2500       0.2149E-003
      4.6875      7.5000       0.1577E-003
      4.6875      8.7500       0.1797E-003
      4.6875     10.0000       0.2362E-003
      4.6875     11.2500       0.2703E-003
      4.6875     12.5000       0.2413E-003
      4.6875     13.7500       0.1550E-003
      4.6875     15.0000       0.6091E-004
      4.6875     16.2500       0.8824E-005
      4.6875     17.5000       0.9561E-007
      4.6875     18.7500       0.3087E-011

      5.6250    -20.0000       0.4929E-010
      5.6250    -18.7500       0.4430E-011
      5.6250    -17.5000       0.2221E-007
      5.6250    -16.2500       0.2047E-005
      5.6250    -15.0000       0.1550E-004
      5.6250    -13.7500       0.4320E-004
      5.6250    -12.5000       0.6981E-004
      5.6250    -11.2500       0.8395E-004
      5.6250    -10.0000       0.1119E-003
      5.6250     -8.7500       0.1968E-003
      5.6250     -7.5000       0.3575E-003
      5.6250     -6.2500       0.5801E-003
      5.6250     -5.0000       0.8406E-003
      5.6250     -3.7500       0.1122E-002
      5.6250     -2.5000       0.1402E-002
      5.6250     -1.2500       0.1617E-002
      5.6250      0.0000       0.1693E-002
      5.6250      1.2500       0.1581E-002
      5.6250      2.5000       0.1302E-002
      5.6250      3.7500       0.9345E-003
      5.6250      5.0000       0.5719E-003
      5.6250      6.2500       0.2793E-003
      5.6250      7.5000       0.8833E-004
      5.6250      8.7500       0.6530E-005
      5.6250     10.0000       0.1143E-004
      5.6250     11.2500       0.5192E-004
      5.6250     12.5000       0.7305E-004
      5.6250     13.7500       0.5597E-004
      5.6250     15.0000       0.2361E-004
      5.6250     16.2500       0.3535E-005
      5.6250     17.5000       0.3988E-007
      5.6250     18.7500       0.7790E-012

      6.5625    -20.0000       0.4975E-010
      6.5625    -18.7500       0.5375E-012
      6.5625    -17.5000       0.4985E-007
      6.5625    -16.2500       0.4390E-005
      6.5625    -15.0000       0.2938E-004
      6.5625    -13.7500       0.7012E-004
      6.5625    -12.5000       0.9483E-004
      6.5625    -11.2500       0.7553E-004
      6.5625    -10.0000       0.2723E-004
      6.5625     -8.7500       0.4351E-005
      6.5625     -7.5000       0.6296E-004
      6.5625     -6.2500       0.2330E-003
      6.5625     -5.0000       0.5115E-003
      6.5625     -3.7500       0.8659E-003
      6.5625     -2.5000       0.1226E-002
      6.5625     -1.2500       0.1500E-002
      6.5625      0.0000       0.1612E-002
      6.5625      1.2500       0.1552E-002
      6.5625      2.5000       0.1371E-002
      6.5625      3.7500       0.1139E-002
      6.5625      5.0000       0.9015E-003
      6.5625      6.2500       0.6697E-003
      6.5625      7.5000       0.4536E-003
      6.5625      8.7500       0.2806E-003
      6.5625     10.0000       0.1730E-003
      6.5625     11.2500       0.1220E-003
      6.5625     12.5000       0.9011E-004
      6.5625     13.7500       0.5161E-004
      6.5625     15.0000       0.1759E-004
      6.5625     16.2500       0.2234E-005
      6.5625     17.5000       0.2329E-007
      6.5625     18.7500       0.4461E-011

      7.5000    -20.0000       0.4044E-010
      7.5000    -18.7500       0.6817E-011
      7.5000    -17.5000       0.1106E-006
      7.5000    -16.2500       0.9949E-005
      7.5000    -15.0000       0.6945E-004
      7.5000    -13.7500       0.1790E-003
      7.5000    -12.5000       0.2858E-003
      7.5000    -11.2500       0.3344E-003
      7.5000    -10.0000       0.3150E-003
      7.5000     -8.7500       0.2609E-003
      7.5000     -7.5000       0.2259E-003
      7.5000     -6.2500       0.2530E-003
      7.5000     -5.0000       0.3583E-003
      7.5000     -3.7500       0.5212E-003
      7.5000     -2.5000       0.6907E-003
      7.5000     -1.2500       0.8172E-003
      7.5000      0.0000       0.8813E-003
      7.5000      1.2500       0.9118E-003
      7.5000      2.5000       0.9521E-003
      7.5000      3.7500       0.1013E-002
      7.5000      5.0000       0.1060E-002
      7.5000      6.2500       0.1039E-002
      7.5000      7.5000       0.9282E-003
      7.5000      8.7500       0.7577E-003
      7.5000     10.0000       0.5769E-003
      7.5000     11.2500       0.4181E-003
      7.5000     12.5000       0.2773E-003
      7.5000     13.7500       0.1458E-003
      7.5000     15.0000       0.4821E-004
      7.5000     16.2500       0.6078E-005
      7.5000     17.5000       0.6056E-007
      7.5000     18.7500       0.1196E-010

      8.4375    -20.0000       0.2604E-010
      8.4375    -18.7500       0.1605E-010
      8.4375    -17.5000       0.1505E-006
      8.4375    -16.2500       0.1378E-004
      8.4375    -15.0000       0.1001E-003
      8.4375    -13.7500       0.2731E-003
      8.4375    -12.5000       0.4729E-003
      8.4375    -11.2500       0.6302E-003
      8.4375    -10.0000       0.7188E-003
      8.4375     -8.7500       0.7379E-003
      8.4375     -7.5000       0.7010E-003
      8.4375     -6.2500       0.6223E-003
      8.4375     -5.0000       0.5175E-003
      8.4375     -3.7500       0.3947E-003
      8.4375     -2.5000       0.2709E-003
      8.4375     -1.2500       0.1752E-003
      8.4375      0.0000       0.1487E-003
      8.4375      1.2500       0.2280E-003
      8.4375      2.5000       0.4161E-003
      8.4375      3.7500       0.6683E-003
      8.4375      5.0000       0.9071E-003
      8.4375      6.2500       0.1059E-002
      8.4375      7.5000       0.1090E-002
      8.4375      8.7500       0.1014E-002
      8.4375     10.0000       0.8639E-003
      8.4375     11.2500       0.6768E-003
      8.4375     12.5000       0.4681E-003
      8.4375     13.7500       0.2547E-003
      8.4375     15.0000       0.8824E-004
      8.4375     16.2500       0.1165E-004
      8.4375     17.5000       0.1185E-006
      8.4375     18.7500       0.1744E-010

      9.3750    -20.0000       0.1286E-010
      9.3750    -18.7500       0.1890E-010
      9.3750    -17.5000       0.1340E-006
      9.3750    -16.2500       0.1248E-004
      9.3750    -15.0000       0.9406E-004
      9.3750    -13.7500       0.2687E-003
      9.3750    -12.5000       0.4899E-003
      9.3750    -11.2500       0.7002E-003
      9.3750    -10.0000       0.8799E-003
      9.3750     -8.7500       0.1011E-002
      9.3750     -7.5000       0.1066E-002
      9.3750     -6.2500       0.1012E-002
      9.3750     -5.0000       0.8473E-003
      9.3750     -3.7500       0.5992E-003
      9.3750     -2.5000       0.3407E-003
      9.3750     -1.2500       0.1458E-003
      9.3750      0.0000       0.6720E-004
      9.3750      1.2500       0.1097E-003
      9.3750      2.5000       0.2401E-003
      9.3750      3.7500       0.4113E-003
      9.3750      5.0000       0.5782E-003
      9.3750      6.2500       0.7121E-003
      9.3750      7.5000       0.7968E-003
      9.3750      8.7500       0.8218E-003
      9.3750     10.0000       0.7796E-003
      9.3750     11.2500       0.6685E-003
      9.3750     12.5000       0.4930E-003
      9.3750     13.7500       0.2816E-003
      9.3750     15.0000       0.1021E-003
      9.3750     16.2500       0.1400E-004
      9.3750     17.5000       0.1457E-006
      9.3750     18.7500       0.1639E-010

     10.3125    -20.0000       0.4739E-011
     10.3125    -18.7500       0.1251E-010
     10.3125    -17.5000       0.7589E-007
     10.3125    -16.2500       0.7206E-005
     10.3125    -15.0000       0.5673E-004
     10.3125    -13.7500       0.1699E-003
     10.3125    -12.5000       0.3218E-003
     10.3125    -11.2500       0.4823E-003
     10.3125    -10.0000       0.6555E-003
     10.3125     -8.7500       0.8387E-003
     10.3125     -7.5000       0.9964E-003
     10.3125     -6.2500       0.1076E-002
     10.3125     -5.0000       0.1054E-002
     10.3125     -3.7500       0.9526E-003
     10.3125     -2.5000       0.8379E-003
     10.3125     -1.2500       0.7553E-003
     10.3125      0.0000       0.7097E-003
     10.3125      1.2500       0.6626E-003
     10.3125      2.5000       0.5811E-003
     10.3125      3.7500       0.4706E-003
     10.3125      5.0000       0.3657E-003
     10.3125      6.2500       0.3064E-003
     10.3125      7.5000       0.3074E-003
     10.3125      8.7500       0.3519E-003
     10.3125     10.0000       0.3985E-003
     10.3125     11.2500       0.4005E-003
     10.3125     12.5000       0.3300E-003
     10.3125     13.7500       0.2026E-003
     10.3125     15.0000       0.7749E-004
     10.3125     16.2500       0.1103E-004
     10.3125     17.5000       0.1179E-006
     10.3125     18.7500       0.9561E-011

     11.2500    -20.0000       0.1510E-011
     11.2500    -18.7500       0.3104E-011
     11.2500    -17.5000       0.2772E-007
     11.2500    -16.2500       0.2642E-005
     11.2500    -15.0000       0.2127E-004
     11.2500    -13.7500       0.6427E-004
     11.2500    -12.5000       0.1178E-003
     11.2500    -11.2500       0.1699E-003
     11.2500    -10.0000       0.2446E-003
     11.2500     -8.7500       0.3731E-003
     11.2500     -7.5000       0.5547E-003
     11.2500     -6.2500       0.7582E-003
     11.2500     -5.0000       0.9553E-003
     11.2500     -3.7500       0.1141E-002
     11.2500     -2.5000       0.1320E-002
     11.2500     -1.2500       0.1460E-002
     11.2500      0.0000       0.1503E-002
     11.2500      1.2500       0.1394E-002
     11.2500      2.5000       0.1135E-002
     11.2500      3.7500       0.7935E-003
     11.2500      5.0000       0.4587E-003
     11.2500      6.2500       0.2025E-003
     11.2500      7.5000       0.5742E-004
     11.2500      8.7500       0.2160E-004
     11.2500     10.0000       0.5909E-004
     11.2500     11.2500       0.1108E-003
     11.2500     12.5000       0.1237E-003
     11.2500     13.7500       0.8786E-004
     11.2500     15.0000       0.3626E-004
     11.2500     16.2500       0.5393E-005
     11.2500     17.5000       0.5983E-007
     11.2500     18.7500       0.2327E-011

     12.1875    -20.0000       0.8828E-012
     12.1875    -18.7500       0.3159E-012
     12.1875    -17.5000       0.3233E-007
     12.1875    -16.2500       0.2847E-005
     12.1875    -15.0000       0.1921E-004
     12.1875    -13.7500       0.4588E-004
     12.1875    -12.5000       0.5932E-004
     12.1875    -11.2500       0.4076E-004
     12.1875    -10.0000       0.1236E-004
     12.1875     -8.7500       0.2806E-004
     12.1875     -7.5000       0.1325E-003
     12.1875     -6.2500       0.3398E-003
     12.1875     -5.0000       0.6376E-003
     12.1875     -3.7500       0.9967E-003
     12.1875     -2.5000       0.1359E-002
     12.1875     -1.2500       0.1635E-002
     12.1875      0.0000       0.1743E-002
     12.1875      1.2500       0.1654E-002
     12.1875      2.5000       0.1410E-002
     12.1875      3.7500       0.1093E-002
     12.1875      5.0000       0.7746E-003
     12.1875      6.2500       0.4931E-003
     12.1875      7.5000       0.2697E-003
     12.1875      8.7500       0.1251E-003
     12.1875     10.0000       0.6355E-004
     12.1875     11.2500       0.5709E-004
     12.1875     12.5000       0.5766E-004
     12.1875     13.7500       0.3937E-004
     12.1875     15.0000       0.1507E-004
     12.1875     16.2500       0.2089E-005
     12.1875     17.5000       0.2314E-007
     12.1875     18.7500       0.8224E-013

     13.1250    -20.0000       0.1702E-011
     13.1250    -18.7500       0.8341E-011
     13.1250    -17.5000       0.8561E-007
     13.1250    -16.2500       0.7640E-005
     13.1250    -15.0000       0.5237E-004
     13.1250    -13.7500       0.1310E-003
     13.1250    -12.5000       0.1985E-003
     13.1250    -11.2500       0.2099E-003
     13.1250    -10.0000       0.1657E-003
     13.1250     -8.7500       0.1109E-003
     13.1250     -7.5000       0.1057E-003
     13.1250     -6.2500       0.1933E-003
     13.1250     -5.0000       0.3837E-003
     13.1250     -3.7500       0.6483E-003
     13.1250     -2.5000       0.9204E-003
     13.1250     -1.2500       0.1125E-002
     13.1250      0.0000       0.1218E-002
     13.1250      1.2500       0.1213E-002
     13.1250      2.5000       0.1162E-002
     13.1250      3.7500       0.1102E-002
     13.1250      5.0000       0.1032E-002
     13.1250      6.2500       0.9194E-003
     13.1250      7.5000       0.7549E-003
     13.1250      8.7500       0.5701E-003
     13.1250     10.0000       0.4079E-003
     13.1250     11.2500       0.2873E-003
     13.1250     12.5000       0.1906E-003
     13.1250     13.7500       0.1003E-003
     13.1250     15.0000       0.3276E-004
     13.1250     16.2500       0.4059E-005
     13.1250     17.5000       0.4046E-007
     13.1250     18.7500       0.3684E-011

     14.0625    -20.0000       0.5379E-011
     14.0625    -18.7500       0.2180E-010
     14.0625    -17.5000       0.1402E-006
     14.0625    -16.2500       0.1276E-004
     14.0625    -15.0000       0.9128E-004
     14.0625    -13.7500       0.2440E-003
     14.0625    -12.5000       0.4114E-003
     14.0625    -11.2500       0.5268E-003
     14.0625    -10.0000       0.5681E-003
     14.0625     -8.7500       0.5479E-003
     14.0625     -7.5000       0.4983E-003
     14.0625     -6.2500       0.4494E-003
     14.0625     -5.0000       0.4195E-003
     14.0625     -3.7500       0.4051E-003
     14.0625     -2.5000       0.3934E-003
     14.0625     -1.2500       0.3823E-003
     14.0625      0.0000       0.3920E-003
     14.0625      1.2500       0.4612E-003
     14.0625      2.5000       0.6109E-003
     14.0625      3.7500       0.8142E-003
     14.0625      5.0000       0.1003E-002
     14.0625      6.2500       0.1103E-002
     14.0625      7.5000       0.1082E-002
     14.0625      8.7500       0.9607E-003
     14.0625     10.0000       0.7855E-003
     14.0625     11.2500       0.5964E-003
     14.0625     12.5000       0.4042E-003
     14.0625     13.7500       0.2164E-003
     14.0625     15.0000       0.7360E-004
     14.0625     16.2500       0.9550E-005
     14.0625     17.5000       0.9639E-007
     14.0625     18.7500       0.8972E-011

     15.0000    -20.0000       0.1413E-010
     15.0000    -18.7500       0.3010E-010
     15.0000    -17.5000       0.1475E-006
     15.0000    -16.2500       0.1365E-004
     15.0000    -15.0000       0.1013E-003
     15.0000    -13.7500       0.2844E-003
     15.0000    -12.5000       0.5089E-003
     15.0000    -11.2500       0.7096E-003
     15.0000    -10.0000       0.8615E-003
     15.0000     -8.7500       0.9499E-003
     15.0000     -7.5000       0.9606E-003
     15.0000     -6.2500       0.8798E-003
     15.0000     -5.0000       0.7132E-003
     15.0000     -3.7500       0.4835E-003
     15.0000     -2.5000       0.2467E-003
     15.0000     -1.2500       0.6690E-004
     15.0000      0.0000       0.2559E-010
     15.0000      1.2500       0.6706E-004
     15.0000      2.5000       0.2464E-003
     15.0000      3.7500       0.4839E-003
     15.0000      5.0000       0.7128E-003
     15.0000      6.2500       0.8802E-003
     15.0000      7.5000       0.9602E-003
     15.0000      8.7500       0.9503E-003
     15.0000     10.0000       0.8612E-003
     15.0000     11.2500       0.7098E-003
     15.0000     12.5000       0.5087E-003
     15.0000     13.7500       0.2845E-003
     15.0000     15.0000       0.1013E-003
     15.0000     16.2500       0.1368E-004
     15.0000     17.5000       0.1412E-006
     15.0000     18.7500       0.1068E-010

     15.9375    -20.0000       0.2771E-010
     15.9375    -18.7500       0.2652E-010
     15.9375    -17.5000       0.1011E-006
     15.9375    -16.2500       0.9531E-005
     15.9375    -15.0000       0.7364E-004
     15.9375    -13.7500       0.2163E-003
     15.9375    -12.5000       0.4043E-003
     15.9375    -11.2500       0.5962E-003
     15.9375    -10.0000       0.7857E-003
     15.9375     -8.7500       0.9604E-003
     15.9375     -7.5000       0.1082E-002
     15.9375     -6.2500       0.1102E-002
     15.9375     -5.0000       0.1003E-002
     15.9375     -3.7500       0.8138E-003
     15.9375     -2.5000       0.6112E-003
     15.9375     -1.2500       0.4609E-003
     15.9375      0.0000       0.3921E-003
     15.9375      1.2500       0.3823E-003
     15.9375      2.5000       0.3933E-003
     15.9375      3.7500       0.4052E-003
     15.9375      5.0000       0.4193E-003
     15.9375      6.2500       0.4496E-003
     15.9375      7.5000       0.4981E-003
     15.9375      8.7500       0.5481E-003
     15.9375     10.0000       0.5679E-003
     15.9375     11.2500       0.5270E-003
     15.9375     12.5000       0.4113E-003
     15.9375     13.7500       0.2441E-003
     15.9375     15.0000       0.9122E-004
     15.9375     16.2500       0.1278E-004
     15.9375     17.5000       0.1352E-006
     15.9375     18.7500       0.7245E-011

     16.8750    -20.0000       0.4186E-010
     16.8750    -18.7500       0.1406E-010
     16.8750    -17.5000       0.4222E-007
     16.8750    -16.2500       0.4053E-005
     16.8750    -15.0000       0.3277E-004
     16.8750    -13.7500       0.1003E-003
     16.8750    -12.5000       0.1906E-003
     16.8750    -11.2500       0.2872E-003
     16.8750    -10.0000       0.4080E-003
     16.8750     -8.7500       0.5700E-003
     16.8750     -7.5000       0.7551E-003
     16.8750     -6.2500       0.9191E-003
     16.8750     -5.0000       0.1032E-002
     16.8750     -3.7500       0.1102E-002
     16.8750     -2.5000       0.1162E-002
     16.8750     -1.2500       0.1213E-002
     16.8750      0.0000       0.1218E-002
     16.8750      1.2500       0.1125E-002
     16.8750      2.5000       0.9205E-003
     16.8750      3.7500       0.6483E-003
     16.8750      5.0000       0.3837E-003
     16.8750      6.2500       0.1933E-003
     16.8750      7.5000       0.1057E-003
     16.8750      8.7500       0.1110E-003
     16.8750     10.0000       0.1657E-003
     16.8750     11.2500       0.2100E-003
     16.8750     12.5000       0.1984E-003
     16.8750     13.7500       0.1311E-003
     16.8750     15.0000       0.5234E-004
     16.8750     16.2500       0.7651E-005
     16.8750     17.5000       0.8353E-007
     16.8750     18.7500       0.2234E-011

     17.8125    -20.0000       0.5023E-010
     17.8125    -18.7500       0.2772E-011
     17.8125    -17.5000       0.2317E-007
     17.8125    -16.2500       0.2090E-005
     17.8125    -15.0000       0.1507E-004
     17.8125    -13.7500       0.3938E-004
     17.8125    -12.5000       0.5766E-004
     17.8125    -11.2500       0.5709E-004
     17.8125    -10.0000       0.6356E-004
     17.8125     -8.7500       0.1251E-003
     17.8125     -7.5000       0.2697E-003
     17.8125     -6.2500       0.4931E-003
     17.8125     -5.0000       0.7746E-003
     17.8125     -3.7500       0.1093E-002
     17.8125     -2.5000       0.1410E-002
     17.8125     -1.2500       0.1654E-002
     17.8125      0.0000       0.1743E-002
     17.8125      1.2500       0.1635E-002
     17.8125      2.5000       0.1359E-002
     17.8125      3.7500       0.9967E-003
     17.8125      5.0000       0.6376E-003
     17.8125      6.2500       0.3397E-003
     17.8125      7.5000       0.1325E-003
     17.8125      8.7500       0.2805E-004
     17.8125     10.0000       0.1236E-004
     17.8125     11.2500       0.4076E-004
     17.8125     12.5000       0.5931E-004
     17.8125     13.7500       0.4588E-004
     17.8125     15.0000       0.1921E-004
     17.8125     16.2500       0.2848E-005
     17.8125     17.5000       0.3225E-007
     17.8125     18.7500       0.1025E-011

     18.7500    -20.0000       0.4858E-010
     18.7500    -18.7500       0.1107E-011
     18.7500    -17.5000       0.6094E-007
     18.7500    -16.2500       0.5387E-005
     18.7500    -15.0000       0.3628E-004
     18.7500    -13.7500       0.8783E-004
     18.7500    -12.5000       0.1238E-003
     18.7500    -11.2500       0.1107E-003
     18.7500    -10.0000       0.5913E-004
     18.7500     -8.7500       0.2159E-004
     18.7500     -7.5000       0.5741E-004
     18.7500     -6.2500       0.2025E-003
     18.7500     -5.0000       0.4587E-003
     18.7500     -3.7500       0.7935E-003
     18.7500     -2.5000       0.1135E-002
     18.7500     -1.2500       0.1394E-002
     18.7500      0.0000       0.1503E-002
     18.7500      1.2500       0.1460E-002
     18.7500      2.5000       0.1320E-002
     18.7500      3.7500       0.1141E-002
     18.7500      5.0000       0.9551E-003
     18.7500      6.2500       0.7584E-003
     18.7500      7.5000       0.5545E-003
     18.7500      8.7500       0.3732E-003
     18.7500     10.0000       0.2446E-003
     18.7500     11.2500       0.1699E-003
     18.7500     12.5000       0.1178E-003
     18.7500     13.7500       0.6427E-004
     18.7500     15.0000       0.2127E-004
     18.7500     16.2500       0.2644E-005
     18.7500     17.5000       0.2688E-007
     18.7500     18.7500       0.5816E-011

     19.6875    -20.0000       0.3776E-010
     19.6875    -18.7500       0.8756E-011
     19.6875    -17.5000       0.1220E-006
     19.6875    -16.2500       0.1101E-004
     19.6875    -15.0000       0.7754E-004
     19.6875    -13.7500       0.2025E-003
     19.6875    -12.5000       0.3301E-003
     19.6875    -11.2500       0.4003E-003
     19.6875    -10.0000       0.3986E-003
     19.6875     -8.7500       0.3518E-003
     19.6875     -7.5000       0.3075E-003
     19.6875     -6.2500       0.3063E-003
     19.6875     -5.0000       0.3658E-003
     19.6875     -3.7500       0.4706E-003
     19.6875     -2.5000       0.5811E-003
     19.6875     -1.2500       0.6626E-003
     19.6875      0.0000       0.7096E-003
     19.6875      1.2500       0.7555E-003
     19.6875      2.5000       0.8376E-003
     19.6875      3.7500       0.9530E-003
     19.6875      5.0000       0.1054E-002
     19.6875      6.2500       0.1077E-002
     19.6875      7.5000       0.9961E-003
     19.6875      8.7500       0.8389E-003
     19.6875     10.0000       0.6554E-003
     19.6875     11.2500       0.4824E-003
     19.6875     12.5000       0.3217E-003
     19.6875     13.7500       0.1699E-003
     19.6875     15.0000       0.5670E-004
     19.6875     16.2500       0.7219E-005
     19.6875     17.5000       0.7218E-007
     19.6875     18.7500       0.1341E-010

     20.6250    -20.0000       0.2313E-010
     20.6250    -18.7500       0.1735E-010
     20.6250    -17.5000       0.1520E-006
     20.6250    -16.2500       0.1397E-004
     20.6250    -15.0000       0.1022E-003
     20.6250    -13.7500       0.2815E-003
     20.6250    -12.5000       0.4932E-003
     20.6250    -11.2500       0.6683E-003
     20.6250    -10.0000       0.7798E-003
     20.6250     -8.7500       0.8215E-003
     20.6250     -7.5000       0.7971E-003
     20.6250     -6.2500       0.7118E-003
     20.6250     -5.0000       0.5785E-003
     20.6250     -3.7500       0.4110E-003
     20.6250     -2.5000       0.2404E-003
     20.6250     -1.2500       0.1096E-003
     20.6250      0.0000       0.6717E-004
     20.6250      1.2500       0.1460E-003
     20.6250      2.5000       0.3403E-003
     20.6250      3.7500       0.5996E-003
     20.6250      5.0000       0.8468E-003
     20.6250      6.2500       0.1013E-002
     20.6250      7.5000       0.1065E-002
     20.6250      8.7500       0.1012E-002
     20.6250     10.0000       0.8797E-003
     20.6250     11.2500       0.7004E-003
     20.6250     12.5000       0.4898E-003
     20.6250     13.7500       0.2688E-003
     20.6250     15.0000       0.9400E-004
     20.6250     16.2500       0.1251E-004
     20.6250     17.5000       0.1279E-006
     20.6250     18.7500       0.1782E-010

     21.5625    -20.0000       0.1078E-010
     21.5625    -18.7500       0.1828E-010
     21.5625    -17.5000       0.1244E-006
     21.5625    -16.2500       0.1162E-004
     21.5625    -15.0000       0.8829E-004
     21.5625    -13.7500       0.2546E-003
     21.5625    -12.5000       0.4682E-003
     21.5625    -11.2500       0.6766E-003
     21.5625    -10.0000       0.8642E-003
     21.5625     -8.7500       0.1013E-002
     21.5625     -7.5000       0.1091E-002
     21.5625     -6.2500       0.1058E-002
     21.5625     -5.0000       0.9076E-003
     21.5625     -3.7500       0.6678E-003
     21.5625     -2.5000       0.4165E-003
     21.5625     -1.2500       0.2278E-003
     21.5625      0.0000       0.1487E-003
     21.5625      1.2500       0.1753E-003
     21.5625      2.5000       0.2707E-003
     21.5625      3.7500       0.3949E-003
     21.5625      5.0000       0.5172E-003
     21.5625      6.2500       0.6226E-003
     21.5625      7.5000       0.7007E-003
     21.5625      8.7500       0.7382E-003
     21.5625     10.0000       0.7186E-003
     21.5625     11.2500       0.6305E-003
     21.5625     12.5000       0.4728E-003
     21.5625     13.7500       0.2732E-003
     21.5625     15.0000       0.1000E-003
     21.5625     16.2500       0.1381E-004
     21.5625     17.5000       0.1444E-006
     21.5625     18.7500       0.1536E-010

     22.5000    -20.0000       0.3766E-011
     22.5000    -18.7500       0.1055E-010
     22.5000    -17.5000       0.6363E-007
     22.5000    -16.2500       0.6067E-005
     22.5000    -15.0000       0.4823E-004
     22.5000    -13.7500       0.1457E-003
     22.5000    -12.5000       0.2773E-003
     22.5000    -11.2500       0.4180E-003
     22.5000    -10.0000       0.5770E-003
     22.5000     -8.7500       0.7575E-003
     22.5000     -7.5000       0.9285E-003
     22.5000     -6.2500       0.1038E-002
     22.5000     -5.0000       0.1061E-002
     22.5000     -3.7500       0.1013E-002
     22.5000     -2.5000       0.9524E-003
     22.5000     -1.2500       0.9116E-003
     22.5000      0.0000       0.8814E-003
     22.5000      1.2500       0.8172E-003
     22.5000      2.5000       0.6907E-003
     22.5000      3.7500       0.5212E-003
     22.5000      5.0000       0.3583E-003
     22.5000      6.2500       0.2531E-003
     22.5000      7.5000       0.2258E-003
     22.5000      8.7500       0.2611E-003
     22.5000     10.0000       0.3149E-003
     22.5000     11.2500       0.3346E-003
     22.5000     12.5000       0.2857E-003
     22.5000     13.7500       0.1791E-003
     22.5000     15.0000       0.6941E-004
     22.5000     16.2500       0.9965E-005
     22.5000     17.5000       0.1072E-006
     22.5000     18.7500       0.7938E-011

     23.4375    -20.0000       0.1248E-011
     23.4375    -18.7500       0.1754E-011
     23.4375    -17.5000       0.2375E-007
     23.4375    -16.2500       0.2233E-005
     23.4375    -15.0000       0.1759E-004
     23.4375    -13.7500       0.5161E-004
     23.4375    -12.5000       0.9010E-004
     23.4375    -11.2500       0.1220E-003
     23.4375    -10.0000       0.1730E-003
     23.4375     -8.7500       0.2806E-003
     23.4375     -7.5000       0.4537E-003
     23.4375     -6.2500       0.6696E-003
     23.4375     -5.0000       0.9016E-003
     23.4375     -3.7500       0.1139E-002
     23.4375     -2.5000       0.1371E-002
     23.4375     -1.2500       0.1552E-002
     23.4375      0.0000       0.1612E-002
     23.4375      1.2500       0.1500E-002
     23.4375      2.5000       0.1226E-002
     23.4375      3.7500       0.8659E-003
     23.4375      5.0000       0.5115E-003
     23.4375      6.2500       0.2330E-003
     23.4375      7.5000       0.6299E-004
     23.4375      8.7500       0.4351E-005
     23.4375     10.0000       0.2721E-004
     23.4375     11.2500       0.7556E-004
     23.4375     12.5000       0.9480E-004
     23.4375     13.7500       0.7014E-004
     23.4375     15.0000       0.2937E-004
     23.4375     16.2500       0.4394E-005
     23.4375     17.5000       0.4917E-007
     23.4375     18.7500       0.1368E-011

     24.3750    -20.0000       0.9207E-012
     24.3750    -18.7500       0.1093E-011
     24.3750    -17.5000       0.4017E-007
     24.3750    -16.2500       0.3533E-005
     24.3750    -15.0000       0.2362E-004
     24.3750    -13.7500       0.5595E-004
     24.3750    -12.5000       0.7306E-004
     24.3750    -11.2500       0.5191E-004
     24.3750    -10.0000       0.1144E-004
     24.3750     -8.7500       0.6537E-005
     24.3750     -7.5000       0.8831E-004
     24.3750     -6.2500       0.2793E-003
     24.3750     -5.0000       0.5719E-003
     24.3750     -3.7500       0.9346E-003
     24.3750     -2.5000       0.1302E-002
     24.3750     -1.2500       0.1581E-002
     24.3750      0.0000       0.1693E-002
     24.3750      1.2500       0.1617E-002
     24.3750      2.5000       0.1401E-002
     24.3750      3.7500       0.1123E-002
     24.3750      5.0000       0.8406E-003
     24.3750      6.2500       0.5802E-003
     24.3750      7.5000       0.3574E-003
     24.3750      8.7500       0.1969E-003
     24.3750     10.0000       0.1118E-003
     24.3750     11.2500       0.8395E-004
     24.3750     12.5000       0.6982E-004
     24.3750     13.7500       0.4320E-004
     24.3750     15.0000       0.1550E-004
     24.3750     16.2500       0.2047E-005
     24.3750     17.5000       0.2204E-007
     24.3750     18.7500       0.4104E-012

     25.3125    -20.0000       0.2129E-011
     25.3125    -18.7500       0.1092E-010
     25.3125    -17.5000       0.9829E-007
     25.3125    -16.2500       0.8810E-005
     25.3125    -15.0000       0.6095E-004
     25.3125    -13.7500       0.1549E-003
     25.3125    -12.5000       0.2414E-003
     25.3125    -11.2500       0.2702E-003
     25.3125    -10.0000       0.2363E-003
     25.3125     -8.7500       0.1796E-003
     25.3125     -7.5000       0.1577E-003
     25.3125     -6.2500       0.2149E-003
     25.3125     -5.0000       0.3644E-003
     25.3125     -3.7500       0.5812E-003
     25.3125     -2.5000       0.8053E-003
     25.3125     -1.2500       0.9734E-003
     25.3125      0.0000       0.1053E-002
     25.3125      1.2500       0.1066E-002
     25.3125      2.5000       0.1062E-002
     25.3125      3.7500       0.1063E-002
     25.3125      5.0000       0.1053E-002
     25.3125      6.2500       0.9856E-003
     25.3125      7.5000       0.8467E-003
     25.3125      8.7500       0.6670E-003
     25.3125     10.0000       0.4933E-003
     25.3125     11.2500       0.3523E-003
     25.3125     12.5000       0.2330E-003
     25.3125     13.7500       0.1223E-003
     25.3125     15.0000       0.4013E-004
     25.3125     16.2500       0.5011E-005
     25.3125     17.5000       0.4989E-007
     25.3125     18.7500       0.4794E-011

     26.2500    -20.0000       0.6676E-011
     26.2500    -18.7500       0.2420E-010
     26.2500    -17.5000       0.1464E-006
     26.2500    -16.2500       0.1337E-004
     26.2500    -15.0000       0.9640E-004
     26.2500    -13.7500       0.2604E-003
     26.2500    -12.5000       0.4453E-003
     26.2500    -11.2500       0.5825E-003
     26.2500    -10.0000       0.6473E-003
     26.2500     -8.7500       0.6455E-003
     26.2500     -7.5000       0.6001E-003
     26.2500     -6.2500       0.5337E-003
     26.2500     -5.0000       0.4638E-003
     26.2500     -3.7500       0.3927E-003
     26.2500     -2.5000       0.3226E-003
     26.2500     -1.2500       0.2673E-003
     26.2500      0.0000       0.2584E-003
     26.2500      1.2500       0.3344E-003
     26.2500      2.5000       0.5075E-003
     26.2500      3.7500       0.7407E-003
     26.2500      5.0000       0.9599E-003
     26.2500      6.2500       0.1089E-002
     26.2500      7.5000       0.1096E-002
     26.2500      8.7500       0.9966E-003
     26.2500     10.0000       0.8321E-003
     26.2500     11.2500       0.6417E-003
     26.2500     12.5000       0.4392E-003
     26.2500     13.7500       0.2370E-003
     26.2500     15.0000       0.8135E-004
     26.2500     16.2500       0.1065E-004
     26.2500     17.5000       0.1080E-006
     26.2500     18.7500       0.9727E-011

     27.1875    -20.0000       0.1654E-010
     27.1875    -18.7500       0.3039E-010
     27.1875    -17.5000       0.1418E-006
     27.1875    -16.2500       0.1317E-004
     27.1875    -15.0000       0.9846E-004
     27.1875    -13.7500       0.2788E-003
     27.1875    -12.5000       0.5037E-003
     27.1875    -11.2500       0.7113E-003
     27.1875    -10.0000       0.8790E-003
     27.1875     -8.7500       0.9898E-003
     27.1875     -7.5000       0.1022E-002
     27.1875     -6.2500       0.9518E-003
     27.1875     -5.0000       0.7816E-003
     27.1875     -3.7500       0.5369E-003
     27.1875     -2.5000       0.2834E-003
     27.1875     -1.2500       0.9149E-004
     27.1875      0.0000       0.1697E-004
     27.1875      1.2500       0.7315E-004
     27.1875      2.5000       0.2319E-003
     27.1875      3.7500       0.4413E-003
     27.1875      5.0000       0.6442E-003
     27.1875      6.2500       0.7991E-003
     27.1875      7.5000       0.8844E-003
     27.1875      8.7500       0.8934E-003
     27.1875     10.0000       0.8277E-003
     27.1875     11.2500       0.6953E-003
     27.1875     12.5000       0.5051E-003
     27.1875     13.7500       0.2854E-003
     27.1875     15.0000       0.1025E-003
     27.1875     16.2500       0.1395E-004
     27.1875     17.5000       0.1447E-006
     27.1875     18.7500       0.1035E-010

     28.1250    -20.0000       0.3069E-010
     28.1250    -18.7500       0.2447E-010
     28.1250    -17.5000       0.8849E-007
     28.1250    -16.2500       0.8376E-005
     28.1250    -15.0000       0.6531E-004
     28.1250    -13.7500       0.1937E-003
     28.1250    -12.5000       0.3647E-003
     28.1250    -11.2500       0.5425E-003
     28.1250    -10.0000       0.7260E-003
     28.1250     -8.7500       0.9072E-003
     28.1250     -7.5000       0.1048E-002
     28.1250     -6.2500       0.1098E-002
     28.1250     -5.0000       0.1035E-002
     28.1250     -3.7500       0.8855E-003
     28.1250     -2.5000       0.7227E-003
     28.1250     -1.2500       0.6032E-003
     28.1250      0.0000       0.5444E-003
     28.1250      1.2500       0.5158E-003
     28.1250      2.5000       0.4807E-003
     28.1250      3.7500       0.4315E-003
     28.1250      5.0000       0.3863E-003
     28.1250      6.2500       0.3727E-003
     28.1250      7.5000       0.3993E-003
     28.1250      8.7500       0.4489E-003
     28.1250     10.0000       0.4839E-003
     28.1250     11.2500       0.4654E-003
     28.1250     12.5000       0.3724E-003
     28.1250     13.7500       0.2246E-003
     28.1250     15.0000       0.8485E-004
     28.1250     16.2500       0.1198E-004
     28.1250     17.5000       0.1274E-006
     28.1250     18.7500       0.6190E-011

     29.0625    -20.0000       0.4419E-010
     29.0625    -18.7500       0.1135E-010
     29.0625    -17.5000       0.3393E-007
     29.0625    -16.2500       0.3256E-005
     29.0625    -15.0000       0.2640E-004
     29.0625    -13.7500       0.8070E-004
     29.0625    -12.5000       0.1517E-003
     29.0625    -11.2500       0.2257E-003
     29.0625    -10.0000       0.3239E-003
     29.0625     -8.7500       0.4708E-003
     29.0625     -7.5000       0.6564E-003
     29.0625     -6.2500       0.8424E-003
     29.0625     -5.0000       0.9994E-003
     29.0625     -3.7500       0.1128E-002
     29.0625     -2.5000       0.1249E-002
     29.0625     -1.2500       0.1346E-002
     29.0625      0.0000       0.1370E-002
     29.0625      1.2500       0.1267E-002
     29.0625      2.5000       0.1032E-002
     29.0625      3.7500       0.7200E-003
     29.0625      5.0000       0.4156E-003
     29.0625      6.2500       0.1891E-003
     29.0625      7.5000       0.7184E-004
     29.0625      8.7500       0.5761E-004
     29.0625     10.0000       0.1058E-003
     29.0625     11.2500       0.1562E-003
     29.0625     12.5000       0.1587E-003
     29.0625     13.7500       0.1084E-003
     29.0625     15.0000       0.4402E-004
     29.0625     16.2500       0.6492E-005
     29.0625     17.5000       0.7146E-007
     29.0625     18.7500       0.1544E-011

