    -30.0000    -20.0000       0.3302E-011
    -30.0000    -18.7500       0.1207E-011
    -30.0000    -17.5000       0.2186E-006
    -30.0000    -16.2500       0.1937E-004
    -30.0000    -15.0000       0.1372E-003
    -30.0000    -13.7500       0.3737E-003
    -30.0000    -12.5000       0.6638E-003
    -30.0000    -11.2500       0.9255E-003
    -30.0000    -10.0000       0.1086E-002
    -30.0000     -8.7500       0.1102E-002
    -30.0000     -7.5000       0.9701E-003
    -30.0000     -6.2500       0.7285E-003
    -30.0000     -5.0000       0.4416E-003
    -30.0000     -3.7500       0.1854E-003
    -30.0000     -2.5000       0.3305E-004
    -30.0000     -1.2500       0.6420E-006
    -30.0000      0.0000       0.1503E-008
    -30.0000      1.2500       0.6420E-006
    -30.0000      2.5000       0.3305E-004
    -30.0000      3.7500       0.1854E-003
    -30.0000      5.0000       0.4416E-003
    -30.0000      6.2500       0.7285E-003
    -30.0000      7.5000       0.9701E-003
    -30.0000      8.7500       0.1102E-002
    -30.0000     10.0000       0.1086E-002
    -30.0000     11.2500       0.9255E-003
    -30.0000     12.5000       0.6638E-003
    -30.0000     13.7500       0.3737E-003
    -30.0000     15.0000       0.1372E-003
    -30.0000     16.2500       0.1937E-004
    -30.0000     17.5000       0.2186E-006
    -30.0000     18.7500       0.1207E-011

    -29.0625    -20.0000       0.4075E-011
    -29.0625    -18.7500       0.1079E-010
    -29.0625    -17.5000       0.2190E-006
    -29.0625    -16.2500       0.1940E-004
    -29.0625    -15.0000       0.1372E-003
    -29.0625    -13.7500       0.3737E-003
    -29.0625    -12.5000       0.6638E-003
    -29.0625    -11.2500       0.9256E-003
    -29.0625    -10.0000       0.1086E-002
    -29.0625     -8.7500       0.1102E-002
    -29.0625     -7.5000       0.9701E-003
    -29.0625     -6.2500       0.7284E-003
    -29.0625     -5.0000       0.4416E-003
    -29.0625     -3.7500       0.1853E-003
    -29.0625     -2.5000       0.3313E-004
    -29.0625     -1.2500       0.6273E-006
    -29.0625      0.0000       0.1699E-008
    -29.0625      1.2500       0.6235E-006
    -29.0625      2.5000       0.3313E-004
    -29.0625      3.7500       0.1854E-003
    -29.0625      5.0000       0.4417E-003
    -29.0625      6.2500       0.7285E-003
    -29.0625      7.5000       0.9702E-003
    -29.0625      8.7500       0.1102E-002
    -29.0625     10.0000       0.1086E-002
    -29.0625     11.2500       0.9255E-003
    -29.0625     12.5000       0.6639E-003
    -29.0625     13.7500       0.3737E-003
    -29.0625     15.0000       0.1372E-003
    -29.0625     16.2500       0.1936E-004
    -29.0625     17.5000       0.2163E-006
    -29.0625     18.7500       0.1811E-011

    -28.1250    -20.0000       0.7020E-011
    -28.1250    -18.7500       0.2372E-010
    -28.1250    -17.5000       0.2172E-006
    -28.1250    -16.2500       0.1943E-004
    -28.1250    -15.0000       0.1371E-003
    -28.1250    -13.7500       0.3736E-003
    -28.1250    -12.5000       0.6639E-003
    -28.1250    -11.2500       0.9255E-003
    -28.1250    -10.0000       0.1086E-002
    -28.1250     -8.7500       0.1101E-002
    -28.1250     -7.5000       0.9702E-003
    -28.1250     -6.2500       0.7282E-003
    -28.1250     -5.0000       0.4418E-003
    -28.1250     -3.7500       0.1852E-003
    -28.1250     -2.5000       0.3327E-004
    -28.1250     -1.2500       0.5998E-006
    -28.1250      0.0000       0.1152E-008
    -28.1250      1.2500       0.5999E-006
    -28.1250      2.5000       0.3326E-004
    -28.1250      3.7500       0.1853E-003
    -28.1250      5.0000       0.4418E-003
    -28.1250      6.2500       0.7285E-003
    -28.1250      7.5000       0.9702E-003
    -28.1250      8.7500       0.1101E-002
    -28.1250     10.0000       0.1086E-002
    -28.1250     11.2500       0.9254E-003
    -28.1250     12.5000       0.6640E-003
    -28.1250     13.7500       0.3737E-003
    -28.1250     15.0000       0.1372E-003
    -28.1250     16.2500       0.1939E-004
    -28.1250     17.5000       0.2141E-006
    -28.1250     18.7500       0.1047E-010

    -27.1875    -20.0000       0.1348E-010
    -27.1875    -18.7500       0.3001E-010
    -27.1875    -17.5000       0.2147E-006
    -27.1875    -16.2500       0.1943E-004
    -27.1875    -15.0000       0.1371E-003
    -27.1875    -13.7500       0.3736E-003
    -27.1875    -12.5000       0.6640E-003
    -27.1875    -11.2500       0.9255E-003
    -27.1875    -10.0000       0.1086E-002
    -27.1875     -8.7500       0.1101E-002
    -27.1875     -7.5000       0.9702E-003
    -27.1875     -6.2500       0.7283E-003
    -27.1875     -5.0000       0.4419E-003
    -27.1875     -3.7500       0.1852E-003
    -27.1875     -2.5000       0.3335E-004
    -27.1875     -1.2500       0.5839E-006
    -27.1875      0.0000       0.3474E-009
    -27.1875      1.2500       0.5922E-006
    -27.1875      2.5000       0.3332E-004
    -27.1875      3.7500       0.1853E-003
    -27.1875      5.0000       0.4419E-003
    -27.1875      6.2500       0.7284E-003
    -27.1875      7.5000       0.9702E-003
    -27.1875      8.7500       0.1101E-002
    -27.1875     10.0000       0.1086E-002
    -27.1875     11.2500       0.9255E-003
    -27.1875     12.5000       0.6640E-003
    -27.1875     13.7500       0.3737E-003
    -27.1875     15.0000       0.1371E-003
    -27.1875     16.2500       0.1943E-004
    -27.1875     17.5000       0.2139E-006
    -27.1875     18.7500       0.1838E-010

    -26.2500    -20.0000       0.2320E-010
    -26.2500    -18.7500       0.2496E-010
    -26.2500    -17.5000       0.2138E-006
    -26.2500    -16.2500       0.1940E-004
    -26.2500    -15.0000       0.1372E-003
    -26.2500    -13.7500       0.3737E-003
    -26.2500    -12.5000       0.6640E-003
    -26.2500    -11.2500       0.9254E-003
    -26.2500    -10.0000       0.1086E-002
    -26.2500     -8.7500       0.1101E-002
    -26.2500     -7.5000       0.9702E-003
    -26.2500     -6.2500       0.7284E-003
    -26.2500     -5.0000       0.4419E-003
    -26.2500     -3.7500       0.1853E-003
    -26.2500     -2.5000       0.3330E-004
    -26.2500     -1.2500       0.5938E-006
    -26.2500      0.0000       0.1141E-011
    -26.2500      1.2500       0.6073E-006
    -26.2500      2.5000       0.3327E-004
    -26.2500      3.7500       0.1853E-003
    -26.2500      5.0000       0.4417E-003
    -26.2500      6.2500       0.7283E-003
    -26.2500      7.5000       0.9701E-003
    -26.2500      8.7500       0.1101E-002
    -26.2500     10.0000       0.1086E-002
    -26.2500     11.2500       0.9255E-003
    -26.2500     12.5000       0.6640E-003
    -26.2500     13.7500       0.3736E-003
    -26.2500     15.0000       0.1371E-003
    -26.2500     16.2500       0.1944E-004
    -26.2500     17.5000       0.2159E-006
    -26.2500     18.7500       0.1821E-010

    -25.3125    -20.0000       0.3327E-010
    -25.3125    -18.7500       0.1313E-010
    -25.3125    -17.5000       0.2151E-006
    -25.3125    -16.2500       0.1937E-004
    -25.3125    -15.0000       0.1372E-003
    -25.3125    -13.7500       0.3737E-003
    -25.3125    -12.5000       0.6639E-003
    -25.3125    -11.2500       0.9255E-003
    -25.3125    -10.0000       0.1086E-002
    -25.3125     -8.7500       0.1101E-002
    -25.3125     -7.5000       0.9702E-003
    -25.3125     -6.2500       0.7285E-003
    -25.3125     -5.0000       0.4417E-003
    -25.3125     -3.7500       0.1854E-003
    -25.3125     -2.5000       0.3316E-004
    -25.3125     -1.2500       0.6207E-006
    -25.3125      0.0000       0.4206E-009
    -25.3125      1.2500       0.6318E-006
    -25.3125      2.5000       0.3314E-004
    -25.3125      3.7500       0.1854E-003
    -25.3125      5.0000       0.4416E-003
    -25.3125      6.2500       0.7284E-003
    -25.3125      7.5000       0.9701E-003
    -25.3125      8.7500       0.1102E-002
    -25.3125     10.0000       0.1086E-002
    -25.3125     11.2500       0.9256E-003
    -25.3125     12.5000       0.6638E-003
    -25.3125     13.7500       0.3737E-003
    -25.3125     15.0000       0.1371E-003
    -25.3125     16.2500       0.1942E-004
    -25.3125     17.5000       0.2182E-006
    -25.3125     18.7500       0.1071E-010

    -24.3750    -20.0000       0.3936E-010
    -24.3750    -18.7500       0.4288E-011
    -24.3750    -17.5000       0.2176E-006
    -24.3750    -16.2500       0.1936E-004
    -24.3750    -15.0000       0.1372E-003
    -24.3750    -13.7500       0.3737E-003
    -24.3750    -12.5000       0.6638E-003
    -24.3750    -11.2500       0.9255E-003
    -24.3750    -10.0000       0.1086E-002
    -24.3750     -8.7500       0.1102E-002
    -24.3750     -7.5000       0.9701E-003
    -24.3750     -6.2500       0.7285E-003
    -24.3750     -5.0000       0.4416E-003
    -24.3750     -3.7500       0.1855E-003
    -24.3750     -2.5000       0.3306E-004
    -24.3750     -1.2500       0.6406E-006
    -24.3750      0.0000       0.1233E-008
    -24.3750      1.2500       0.6438E-006
    -24.3750      2.5000       0.3305E-004
    -24.3750      3.7500       0.1854E-003
    -24.3750      5.0000       0.4415E-003
    -24.3750      6.2500       0.7285E-003
    -24.3750      7.5000       0.9701E-003
    -24.3750      8.7500       0.1102E-002
    -24.3750     10.0000       0.1086E-002
    -24.3750     11.2500       0.9256E-003
    -24.3750     12.5000       0.6638E-003
    -24.3750     13.7500       0.3737E-003
    -24.3750     15.0000       0.1372E-003
    -24.3750     16.2500       0.1938E-004
    -24.3750     17.5000       0.2188E-006
    -24.3750     18.7500       0.3888E-011

    -23.4375    -20.0000       0.3846E-010
    -23.4375    -18.7500       0.4872E-011
    -23.4375    -17.5000       0.2190E-006
    -23.4375    -16.2500       0.1939E-004
    -23.4375    -15.0000       0.1372E-003
    -23.4375    -13.7500       0.3737E-003
    -23.4375    -12.5000       0.6638E-003
    -23.4375    -11.2500       0.9256E-003
    -23.4375    -10.0000       0.1086E-002
    -23.4375     -8.7500       0.1102E-002
    -23.4375     -7.5000       0.9701E-003
    -23.4375     -6.2500       0.7284E-003
    -23.4375     -5.0000       0.4416E-003
    -23.4375     -3.7500       0.1854E-003
    -23.4375     -2.5000       0.3308E-004
    -23.4375     -1.2500       0.6359E-006
    -23.4375      0.0000       0.1716E-008
    -23.4375      1.2500       0.6327E-006
    -23.4375      2.5000       0.3309E-004
    -23.4375      3.7500       0.1854E-003
    -23.4375      5.0000       0.4416E-003
    -23.4375      6.2500       0.7285E-003
    -23.4375      7.5000       0.9702E-003
    -23.4375      8.7500       0.1102E-002
    -23.4375     10.0000       0.1086E-002
    -23.4375     11.2500       0.9255E-003
    -23.4375     12.5000       0.6638E-003
    -23.4375     13.7500       0.3737E-003
    -23.4375     15.0000       0.1372E-003
    -23.4375     16.2500       0.1936E-004
    -23.4375     17.5000       0.2171E-006
    -23.4375     18.7500       0.5575E-011

    -22.5000    -20.0000       0.3100E-010
    -22.5000    -18.7500       0.1263E-010
    -22.5000    -17.5000       0.2180E-006
    -22.5000    -16.2500       0.1942E-004
    -22.5000    -15.0000       0.1371E-003
    -22.5000    -13.7500       0.3736E-003
    -22.5000    -12.5000       0.6639E-003
    -22.5000    -11.2500       0.9255E-003
    -22.5000    -10.0000       0.1086E-002
    -22.5000     -8.7500       0.1101E-002
    -22.5000     -7.5000       0.9702E-003
    -22.5000     -6.2500       0.7283E-003
    -22.5000     -5.0000       0.4417E-003
    -22.5000     -3.7500       0.1853E-003
    -22.5000     -2.5000       0.3321E-004
    -22.5000     -1.2500       0.6107E-006
    -22.5000      0.0000       0.1440E-008
    -22.5000      1.2500       0.6084E-006
    -22.5000      2.5000       0.3321E-004
    -22.5000      3.7500       0.1854E-003
    -22.5000      5.0000       0.4418E-003
    -22.5000      6.2500       0.7285E-003
    -22.5000      7.5000       0.9702E-003
    -22.5000      8.7500       0.1101E-002
    -22.5000     10.0000       0.1086E-002
    -22.5000     11.2500       0.9254E-003
    -22.5000     12.5000       0.6640E-003
    -22.5000     13.7500       0.3737E-003
    -22.5000     15.0000       0.1372E-003
    -22.5000     16.2500       0.1937E-004
    -22.5000     17.5000       0.2146E-006
    -22.5000     18.7500       0.1606E-010

    -21.5625    -20.0000       0.2057E-010
    -21.5625    -18.7500       0.1901E-010
    -21.5625    -17.5000       0.2157E-006
    -21.5625    -16.2500       0.1944E-004
    -21.5625    -15.0000       0.1371E-003
    -21.5625    -13.7500       0.3736E-003
    -21.5625    -12.5000       0.6640E-003
    -21.5625    -11.2500       0.9255E-003
    -21.5625    -10.0000       0.1086E-002
    -21.5625     -8.7500       0.1101E-002
    -21.5625     -7.5000       0.9702E-003
    -21.5625     -6.2500       0.7282E-003
    -21.5625     -5.0000       0.4419E-003
    -21.5625     -3.7500       0.1852E-003
    -21.5625     -2.5000       0.3333E-004
    -21.5625     -1.2500       0.5875E-006
    -21.5625      0.0000       0.6511E-009
    -21.5625      1.2500       0.5925E-006
    -21.5625      2.5000       0.3331E-004
    -21.5625      3.7500       0.1853E-003
    -21.5625      5.0000       0.4419E-003
    -21.5625      6.2500       0.7284E-003
    -21.5625      7.5000       0.9702E-003
    -21.5625      8.7500       0.1101E-002
    -21.5625     10.0000       0.1086E-002
    -21.5625     11.2500       0.9254E-003
    -21.5625     12.5000       0.6640E-003
    -21.5625     13.7500       0.3737E-003
    -21.5625     15.0000       0.1371E-003
    -21.5625     16.2500       0.1941E-004
    -21.5625     17.5000       0.2136E-006
    -21.5625     18.7500       0.2739E-010

    -20.6250    -20.0000       0.1141E-010
    -20.6250    -18.7500       0.1718E-010
    -20.6250    -17.5000       0.2140E-006
    -20.6250    -16.2500       0.1942E-004
    -20.6250    -15.0000       0.1371E-003
    -20.6250    -13.7500       0.3737E-003
    -20.6250    -12.5000       0.6640E-003
    -20.6250    -11.2500       0.9254E-003
    -20.6250    -10.0000       0.1086E-002
    -20.6250     -8.7500       0.1101E-002
    -20.6250     -7.5000       0.9702E-003
    -20.6250     -6.2500       0.7283E-003
    -20.6250     -5.0000       0.4419E-003
    -20.6250     -3.7500       0.1852E-003
    -20.6250     -2.5000       0.3334E-004
    -20.6250     -1.2500       0.5868E-006
    -20.6250      0.0000       0.4980E-010
    -20.6250      1.2500       0.5991E-006
    -20.6250      2.5000       0.3330E-004
    -20.6250      3.7500       0.1853E-003
    -20.6250      5.0000       0.4418E-003
    -20.6250      6.2500       0.7283E-003
    -20.6250      7.5000       0.9701E-003
    -20.6250      8.7500       0.1101E-002
    -20.6250     10.0000       0.1086E-002
    -20.6250     11.2500       0.9255E-003
    -20.6250     12.5000       0.6640E-003
    -20.6250     13.7500       0.3737E-003
    -20.6250     15.0000       0.1371E-003
    -20.6250     16.2500       0.1944E-004
    -20.6250     17.5000       0.2149E-006
    -20.6250     18.7500       0.3014E-010

    -19.6875    -20.0000       0.5866E-011
    -19.6875    -18.7500       0.8343E-011
    -19.6875    -17.5000       0.2145E-006
    -19.6875    -16.2500       0.1938E-004
    -19.6875    -15.0000       0.1372E-003
    -19.6875    -13.7500       0.3737E-003
    -19.6875    -12.5000       0.6640E-003
    -19.6875    -11.2500       0.9254E-003
    -19.6875    -10.0000       0.1086E-002
    -19.6875     -8.7500       0.1101E-002
    -19.6875     -7.5000       0.9702E-003
    -19.6875     -6.2500       0.7285E-003
    -19.6875     -5.0000       0.4418E-003
    -19.6875     -3.7500       0.1854E-003
    -19.6875     -2.5000       0.3322E-004
    -19.6875     -1.2500       0.6093E-006
    -19.6875      0.0000       0.1709E-009
    -19.6875      1.2500       0.6223E-006
    -19.6875      2.5000       0.3319E-004
    -19.6875      3.7500       0.1853E-003
    -19.6875      5.0000       0.4416E-003
    -19.6875      6.2500       0.7283E-003
    -19.6875      7.5000       0.9701E-003
    -19.6875      8.7500       0.1101E-002
    -19.6875     10.0000       0.1086E-002
    -19.6875     11.2500       0.9256E-003
    -19.6875     12.5000       0.6639E-003
    -19.6875     13.7500       0.3737E-003
    -19.6875     15.0000       0.1371E-003
    -19.6875     16.2500       0.1943E-004
    -19.6875     17.5000       0.2175E-006
    -19.6875     18.7500       0.2162E-010

    -18.7500    -20.0000       0.3652E-011
    -18.7500    -18.7500       0.7892E-012
    -18.7500    -17.5000       0.2168E-006
    -18.7500    -16.2500       0.1936E-004
    -18.7500    -15.0000       0.1372E-003
    -18.7500    -13.7500       0.3737E-003
    -18.7500    -12.5000       0.6638E-003
    -18.7500    -11.2500       0.9255E-003
    -18.7500    -10.0000       0.1086E-002
    -18.7500     -8.7500       0.1102E-002
    -18.7500     -7.5000       0.9702E-003
    -18.7500     -6.2500       0.7286E-003
    -18.7500     -5.0000       0.4416E-003
    -18.7500     -3.7500       0.1854E-003
    -18.7500     -2.5000       0.3309E-004
    -18.7500     -1.2500       0.6350E-006
    -18.7500      0.0000       0.9068E-009
    -18.7500      1.2500       0.6416E-006
    -18.7500      2.5000       0.3308E-004
    -18.7500      3.7500       0.1854E-003
    -18.7500      5.0000       0.4415E-003
    -18.7500      6.2500       0.7284E-003
    -18.7500      7.5000       0.9701E-003
    -18.7500      8.7500       0.1102E-002
    -18.7500     10.0000       0.1086E-002
    -18.7500     11.2500       0.9256E-003
    -18.7500     12.5000       0.6638E-003
    -18.7500     13.7500       0.3737E-003
    -18.7500     15.0000       0.1372E-003
    -18.7500     16.2500       0.1940E-004
    -18.7500     17.5000       0.2190E-006
    -18.7500     18.7500       0.8331E-011

    -17.8125    -20.0000       0.3344E-011
    -17.8125    -18.7500       0.2419E-011
    -17.8125    -17.5000       0.2188E-006
    -17.8125    -16.2500       0.1937E-004
    -17.8125    -15.0000       0.1372E-003
    -17.8125    -13.7500       0.3737E-003
    -17.8125    -12.5000       0.6638E-003
    -17.8125    -11.2500       0.9255E-003
    -17.8125    -10.0000       0.1086E-002
    -17.8125     -8.7500       0.1102E-002
    -17.8125     -7.5000       0.9701E-003
    -17.8125     -6.2500       0.7285E-003
    -17.8125     -5.0000       0.4415E-003
    -17.8125     -3.7500       0.1854E-003
    -17.8125     -2.5000       0.3306E-004
    -17.8125     -1.2500       0.6411E-006
    -17.8125      0.0000       0.1604E-008
    -17.8125      1.2500       0.6397E-006
    -17.8125      2.5000       0.3306E-004
    -17.8125      3.7500       0.1854E-003
    -17.8125      5.0000       0.4416E-003
    -17.8125      6.2500       0.7285E-003
    -17.8125      7.5000       0.9701E-003
    -17.8125      8.7500       0.1102E-002
    -17.8125     10.0000       0.1086E-002
    -17.8125     11.2500       0.9255E-003
    -17.8125     12.5000       0.6638E-003
    -17.8125     13.7500       0.3737E-003
    -17.8125     15.0000       0.1372E-003
    -17.8125     16.2500       0.1936E-004
    -17.8125     17.5000       0.2182E-006
    -17.8125     18.7500       0.4386E-012

    -16.8750    -20.0000       0.4442E-011
    -16.8750    -18.7500       0.1344E-010
    -16.8750    -17.5000       0.2188E-006
    -16.8750    -16.2500       0.1941E-004
    -16.8750    -15.0000       0.1371E-003
    -16.8750    -13.7500       0.3737E-003
    -16.8750    -12.5000       0.6638E-003
    -16.8750    -11.2500       0.9256E-003
    -16.8750    -10.0000       0.1086E-002
    -16.8750     -8.7500       0.1101E-002
    -16.8750     -7.5000       0.9701E-003
    -16.8750     -6.2500       0.7283E-003
    -16.8750     -5.0000       0.4416E-003
    -16.8750     -3.7500       0.1853E-003
    -16.8750     -2.5000       0.3315E-004
    -16.8750     -1.2500       0.6221E-006
    -16.8750      0.0000       0.1642E-008
    -16.8750      1.2500       0.6184E-006
    -16.8750      2.5000       0.3315E-004
    -16.8750      3.7500       0.1854E-003
    -16.8750      5.0000       0.4417E-003
    -16.8750      6.2500       0.7285E-003
    -16.8750      7.5000       0.9702E-003
    -16.8750      8.7500       0.1102E-002
    -16.8750     10.0000       0.1086E-002
    -16.8750     11.2500       0.9255E-003
    -16.8750     12.5000       0.6639E-003
    -16.8750     13.7500       0.3737E-003
    -16.8750     15.0000       0.1372E-003
    -16.8750     16.2500       0.1936E-004
    -16.8750     17.5000       0.2158E-006
    -16.8750     18.7500       0.3128E-011

    -15.9375    -20.0000       0.8002E-011
    -15.9375    -18.7500       0.2579E-010
    -15.9375    -17.5000       0.2167E-006
    -15.9375    -16.2500       0.1943E-004
    -15.9375    -15.0000       0.1371E-003
    -15.9375    -13.7500       0.3736E-003
    -15.9375    -12.5000       0.6639E-003
    -15.9375    -11.2500       0.9255E-003
    -15.9375    -10.0000       0.1086E-002
    -15.9375     -8.7500       0.1101E-002
    -15.9375     -7.5000       0.9702E-003
    -15.9375     -6.2500       0.7282E-003
    -15.9375     -5.0000       0.4418E-003
    -15.9375     -3.7500       0.1852E-003
    -15.9375     -2.5000       0.3329E-004
    -15.9375     -1.2500       0.5949E-006
    -15.9375      0.0000       0.9875E-009
    -15.9375      1.2500       0.5965E-006
    -15.9375      2.5000       0.3328E-004
    -15.9375      3.7500       0.1853E-003
    -15.9375      5.0000       0.4419E-003
    -15.9375      6.2500       0.7285E-003
    -15.9375      7.5000       0.9702E-003
    -15.9375      8.7500       0.1101E-002
    -15.9375     10.0000       0.1086E-002
    -15.9375     11.2500       0.9254E-003
    -15.9375     12.5000       0.6640E-003
    -15.9375     13.7500       0.3737E-003
    -15.9375     15.0000       0.1372E-003
    -15.9375     16.2500       0.1940E-004
    -15.9375     17.5000       0.2139E-006
    -15.9375     18.7500       0.1242E-010

    -15.0000    -20.0000       0.1521E-010
    -15.0000    -18.7500       0.2989E-010
    -15.0000    -17.5000       0.2144E-006
    -15.0000    -16.2500       0.1943E-004
    -15.0000    -15.0000       0.1371E-003
    -15.0000    -13.7500       0.3737E-003
    -15.0000    -12.5000       0.6640E-003
    -15.0000    -11.2500       0.9255E-003
    -15.0000    -10.0000       0.1086E-002
    -15.0000     -8.7500       0.1101E-002
    -15.0000     -7.5000       0.9702E-003
    -15.0000     -6.2500       0.7283E-003
    -15.0000     -5.0000       0.4419E-003
    -15.0000     -3.7500       0.1852E-003
    -15.0000     -2.5000       0.3335E-004
    -15.0000     -1.2500       0.5838E-006
    -15.0000      0.0000       0.2223E-009
    -15.0000      1.2500       0.5936E-006
    -15.0000      2.5000       0.3332E-004
    -15.0000      3.7500       0.1853E-003
    -15.0000      5.0000       0.4419E-003
    -15.0000      6.2500       0.7284E-003
    -15.0000      7.5000       0.9702E-003
    -15.0000      8.7500       0.1101E-002
    -15.0000     10.0000       0.1086E-002
    -15.0000     11.2500       0.9255E-003
    -15.0000     12.5000       0.6640E-003
    -15.0000     13.7500       0.3737E-003
    -15.0000     15.0000       0.1371E-003
    -15.0000     16.2500       0.1943E-004
    -15.0000     17.5000       0.2142E-006
    -15.0000     18.7500       0.1910E-010

    -14.0625    -20.0000       0.2532E-010
    -14.0625    -18.7500       0.2285E-010
    -14.0625    -17.5000       0.2139E-006
    -14.0625    -16.2500       0.1940E-004
    -14.0625    -15.0000       0.1372E-003
    -14.0625    -13.7500       0.3737E-003
    -14.0625    -12.5000       0.6640E-003
    -14.0625    -11.2500       0.9254E-003
    -14.0625    -10.0000       0.1086E-002
    -14.0625     -8.7500       0.1101E-002
    -14.0625     -7.5000       0.9702E-003
    -14.0625     -6.2500       0.7284E-003
    -14.0625     -5.0000       0.4419E-003
    -14.0625     -3.7500       0.1853E-003
    -14.0625     -2.5000       0.3328E-004
    -14.0625     -1.2500       0.5985E-006
    -14.0625      0.0000       0.2628E-010
    -14.0625      1.2500       0.6122E-006
    -14.0625      2.5000       0.3324E-004
    -14.0625      3.7500       0.1853E-003
    -14.0625      5.0000       0.4417E-003
    -14.0625      6.2500       0.7283E-003
    -14.0625      7.5000       0.9701E-003
    -14.0625      8.7500       0.1101E-002
    -14.0625     10.0000       0.1086E-002
    -14.0625     11.2500       0.9255E-003
    -14.0625     12.5000       0.6639E-003
    -14.0625     13.7500       0.3737E-003
    -14.0625     15.0000       0.1371E-003
    -14.0625     16.2500       0.1944E-004
    -14.0625     17.5000       0.2164E-006
    -14.0625     18.7500       0.1711E-010

    -13.1250    -20.0000       0.3494E-010
    -13.1250    -18.7500       0.1082E-010
    -13.1250    -17.5000       0.2156E-006
    -13.1250    -16.2500       0.1937E-004
    -13.1250    -15.0000       0.1372E-003
    -13.1250    -13.7500       0.3737E-003
    -13.1250    -12.5000       0.6639E-003
    -13.1250    -11.2500       0.9255E-003
    -13.1250    -10.0000       0.1086E-002
    -13.1250     -8.7500       0.1102E-002
    -13.1250     -7.5000       0.9702E-003
    -13.1250     -6.2500       0.7286E-003
    -13.1250     -5.0000       0.4417E-003
    -13.1250     -3.7500       0.1854E-003
    -13.1250     -2.5000       0.3313E-004
    -13.1250     -1.2500       0.6260E-006
    -13.1250      0.0000       0.5735E-009
    -13.1250      1.2500       0.6358E-006
    -13.1250      2.5000       0.3312E-004
    -13.1250      3.7500       0.1854E-003
    -13.1250      5.0000       0.4416E-003
    -13.1250      6.2500       0.7284E-003
    -13.1250      7.5000       0.9701E-003
    -13.1250      8.7500       0.1102E-002
    -13.1250     10.0000       0.1086E-002
    -13.1250     11.2500       0.9256E-003
    -13.1250     12.5000       0.6638E-003
    -13.1250     13.7500       0.3737E-003
    -13.1250     15.0000       0.1371E-003
    -13.1250     16.2500       0.1941E-004
    -13.1250     17.5000       0.2185E-006
    -13.1250     18.7500       0.8982E-011

    -12.1875    -20.0000       0.3978E-010
    -12.1875    -18.7500       0.3588E-011
    -12.1875    -17.5000       0.2180E-006
    -12.1875    -16.2500       0.1936E-004
    -12.1875    -15.0000       0.1372E-003
    -12.1875    -13.7500       0.3737E-003
    -12.1875    -12.5000       0.6638E-003
    -12.1875    -11.2500       0.9255E-003
    -12.1875    -10.0000       0.1086E-002
    -12.1875     -8.7500       0.1102E-002
    -12.1875     -7.5000       0.9701E-003
    -12.1875     -6.2500       0.7285E-003
    -12.1875     -5.0000       0.4416E-003
    -12.1875     -3.7500       0.1854E-003
    -12.1875     -2.5000       0.3305E-004
    -12.1875     -1.2500       0.6419E-006
    -12.1875      0.0000       0.1378E-008
    -12.1875      1.2500       0.6434E-006
    -12.1875      2.5000       0.3305E-004
    -12.1875      3.7500       0.1854E-003
    -12.1875      5.0000       0.4415E-003
    -12.1875      6.2500       0.7285E-003
    -12.1875      7.5000       0.9701E-003
    -12.1875      8.7500       0.1102E-002
    -12.1875     10.0000       0.1086E-002
    -12.1875     11.2500       0.9256E-003
    -12.1875     12.5000       0.6638E-003
    -12.1875     13.7500       0.3737E-003
    -12.1875     15.0000       0.1372E-003
    -12.1875     16.2500       0.1937E-004
    -12.1875     17.5000       0.2186E-006
    -12.1875     18.7500       0.3397E-011

    -11.2500    -20.0000       0.3741E-010
    -11.2500    -18.7500       0.6074E-011
    -11.2500    -17.5000       0.2190E-006
    -11.2500    -16.2500       0.1939E-004
    -11.2500    -15.0000       0.1372E-003
    -11.2500    -13.7500       0.3737E-003
    -11.2500    -12.5000       0.6638E-003
    -11.2500    -11.2500       0.9256E-003
    -11.2500    -10.0000       0.1086E-002
    -11.2500     -8.7500       0.1102E-002
    -11.2500     -7.5000       0.9701E-003
    -11.2500     -6.2500       0.7284E-003
    -11.2500     -5.0000       0.4416E-003
    -11.2500     -3.7500       0.1854E-003
    -11.2500     -2.5000       0.3310E-004
    -11.2500     -1.2500       0.6320E-006
    -11.2500      0.0000       0.1724E-008
    -11.2500      1.2500       0.6283E-006
    -11.2500      2.5000       0.3311E-004
    -11.2500      3.7500       0.1854E-003
    -11.2500      5.0000       0.4417E-003
    -11.2500      6.2500       0.7285E-003
    -11.2500      7.5000       0.9702E-003
    -11.2500      8.7500       0.1102E-002
    -11.2500     10.0000       0.1086E-002
    -11.2500     11.2500       0.9255E-003
    -11.2500     12.5000       0.6639E-003
    -11.2500     13.7500       0.3737E-003
    -11.2500     15.0000       0.1372E-003
    -11.2500     16.2500       0.1936E-004
    -11.2500     17.5000       0.2166E-006
    -11.2500     18.7500       0.7129E-011

    -10.3125    -20.0000       0.2901E-010
    -10.3125    -18.7500       0.1431E-010
    -10.3125    -17.5000       0.2176E-006
    -10.3125    -16.2500       0.1943E-004
    -10.3125    -15.0000       0.1371E-003
    -10.3125    -13.7500       0.3736E-003
    -10.3125    -12.5000       0.6639E-003
    -10.3125    -11.2500       0.9255E-003
    -10.3125    -10.0000       0.1086E-002
    -10.3125     -8.7500       0.1101E-002
    -10.3125     -7.5000       0.9702E-003
    -10.3125     -6.2500       0.7283E-003
    -10.3125     -5.0000       0.4417E-003
    -10.3125     -3.7500       0.1853E-003
    -10.3125     -2.5000       0.3324E-004
    -10.3125     -1.2500       0.6051E-006
    -10.3125      0.0000       0.1304E-008
    -10.3125      1.2500       0.6039E-006
    -10.3125      2.5000       0.3323E-004
    -10.3125      3.7500       0.1854E-003
    -10.3125      5.0000       0.4418E-003
    -10.3125      6.2500       0.7285E-003
    -10.3125      7.5000       0.9702E-003
    -10.3125      8.7500       0.1101E-002
    -10.3125     10.0000       0.1086E-002
    -10.3125     11.2500       0.9254E-003
    -10.3125     12.5000       0.6640E-003
    -10.3125     13.7500       0.3737E-003
    -10.3125     15.0000       0.1372E-003
    -10.3125     16.2500       0.1938E-004
    -10.3125     17.5000       0.2143E-006
    -10.3125     18.7500       0.1859E-010

     -9.3750    -20.0000       0.1852E-010
     -9.3750    -18.7500       0.1940E-010
     -9.3750    -17.5000       0.2152E-006
     -9.3750    -16.2500       0.1943E-004
     -9.3750    -15.0000       0.1371E-003
     -9.3750    -13.7500       0.3736E-003
     -9.3750    -12.5000       0.6640E-003
     -9.3750    -11.2500       0.9255E-003
     -9.3750    -10.0000       0.1086E-002
     -9.3750     -8.7500       0.1101E-002
     -9.3750     -7.5000       0.9702E-003
     -9.3750     -6.2500       0.7283E-003
     -9.3750     -5.0000       0.4419E-003
     -9.3750     -3.7500       0.1852E-003
     -9.3750     -2.5000       0.3334E-004
     -9.3750     -1.2500       0.5851E-006
     -9.3750      0.0000       0.4920E-009
     -9.3750      1.2500       0.5919E-006
     -9.3750      2.5000       0.3332E-004
     -9.3750      3.7500       0.1853E-003
     -9.3750      5.0000       0.4419E-003
     -9.3750      6.2500       0.7284E-003
     -9.3750      7.5000       0.9702E-003
     -9.3750      8.7500       0.1101E-002
     -9.3750     10.0000       0.1086E-002
     -9.3750     11.2500       0.9255E-003
     -9.3750     12.5000       0.6640E-003
     -9.3750     13.7500       0.3737E-003
     -9.3750     15.0000       0.1371E-003
     -9.3750     16.2500       0.1942E-004
     -9.3750     17.5000       0.2136E-006
     -9.3750     18.7500       0.2885E-010

     -8.4375    -20.0000       0.9987E-011
     -8.4375    -18.7500       0.1578E-010
     -8.4375    -17.5000       0.2139E-006
     -8.4375    -16.2500       0.1941E-004
     -8.4375    -15.0000       0.1371E-003
     -8.4375    -13.7500       0.3737E-003
     -8.4375    -12.5000       0.6640E-003
     -8.4375    -11.2500       0.9254E-003
     -8.4375    -10.0000       0.1086E-002
     -8.4375     -8.7500       0.1101E-002
     -8.4375     -7.5000       0.9702E-003
     -8.4375     -6.2500       0.7284E-003
     -8.4375     -5.0000       0.4419E-003
     -8.4375     -3.7500       0.1853E-003
     -8.4375     -2.5000       0.3332E-004
     -8.4375     -1.2500       0.5899E-006
     -8.4375      0.0000       0.9074E-011
     -8.4375      1.2500       0.6029E-006
     -8.4375      2.5000       0.3329E-004
     -8.4375      3.7500       0.1853E-003
     -8.4375      5.0000       0.4418E-003
     -8.4375      6.2500       0.7283E-003
     -8.4375      7.5000       0.9701E-003
     -8.4375      8.7500       0.1101E-002
     -8.4375     10.0000       0.1086E-002
     -8.4375     11.2500       0.9255E-003
     -8.4375     12.5000       0.6640E-003
     -8.4375     13.7500       0.3737E-003
     -8.4375     15.0000       0.1371E-003
     -8.4375     16.2500       0.1944E-004
     -8.4375     17.5000       0.2154E-006
     -8.4375     18.7500       0.2925E-010

     -7.5000    -20.0000       0.5200E-011
     -7.5000    -18.7500       0.6413E-011
     -7.5000    -17.5000       0.2149E-006
     -7.5000    -16.2500       0.1937E-004
     -7.5000    -15.0000       0.1372E-003
     -7.5000    -13.7500       0.3737E-003
     -7.5000    -12.5000       0.6639E-003
     -7.5000    -11.2500       0.9255E-003
     -7.5000    -10.0000       0.1086E-002
     -7.5000     -8.7500       0.1101E-002
     -7.5000     -7.5000       0.9702E-003
     -7.5000     -6.2500       0.7285E-003
     -7.5000     -5.0000       0.4418E-003
     -7.5000     -3.7500       0.1854E-003
     -7.5000     -2.5000       0.3319E-004
     -7.5000     -1.2500       0.6151E-006
     -7.5000      0.0000       0.2847E-009
     -7.5000      1.2500       0.6272E-006
     -7.5000      2.5000       0.3317E-004
     -7.5000      3.7500       0.1853E-003
     -7.5000      5.0000       0.4416E-003
     -7.5000      6.2500       0.7283E-003
     -7.5000      7.5000       0.9701E-003
     -7.5000      8.7500       0.1101E-002
     -7.5000     10.0000       0.1086E-002
     -7.5000     11.2500       0.9256E-003
     -7.5000     12.5000       0.6638E-003
     -7.5000     13.7500       0.3737E-003
     -7.5000     15.0000       0.1371E-003
     -7.5000     16.2500       0.1943E-004
     -7.5000     17.5000       0.2179E-006
     -7.5000     18.7500       0.1902E-010

     -6.5625    -20.0000       0.3478E-011
     -6.5625    -18.7500       0.2338E-012
     -6.5625    -17.5000       0.2173E-006
     -6.5625    -16.2500       0.1936E-004
     -6.5625    -15.0000       0.1372E-003
     -6.5625    -13.7500       0.3737E-003
     -6.5625    -12.5000       0.6638E-003
     -6.5625    -11.2500       0.9255E-003
     -6.5625    -10.0000       0.1086E-002
     -6.5625     -8.7500       0.1102E-002
     -6.5625     -7.5000       0.9702E-003
     -6.5625     -6.2500       0.7286E-003
     -6.5625     -5.0000       0.4416E-003
     -6.5625     -3.7500       0.1855E-003
     -6.5625     -2.5000       0.3307E-004
     -6.5625     -1.2500       0.6383E-006
     -6.5625      0.0000       0.1074E-008
     -6.5625      1.2500       0.6432E-006
     -6.5625      2.5000       0.3306E-004
     -6.5625      3.7500       0.1854E-003
     -6.5625      5.0000       0.4415E-003
     -6.5625      6.2500       0.7284E-003
     -6.5625      7.5000       0.9701E-003
     -6.5625      8.7500       0.1102E-002
     -6.5625     10.0000       0.1086E-002
     -6.5625     11.2500       0.9256E-003
     -6.5625     12.5000       0.6638E-003
     -6.5625     13.7500       0.3737E-003
     -6.5625     15.0000       0.1372E-003
     -6.5625     16.2500       0.1939E-004
     -6.5625     17.5000       0.2191E-006
     -6.5625     18.7500       0.6034E-011

     -5.6250    -20.0000       0.3436E-011
     -5.6250    -18.7500       0.4037E-011
     -5.6250    -17.5000       0.2190E-006
     -5.6250    -16.2500       0.1938E-004
     -5.6250    -15.0000       0.1372E-003
     -5.6250    -13.7500       0.3737E-003
     -5.6250    -12.5000       0.6638E-003
     -5.6250    -11.2500       0.9256E-003
     -5.6250    -10.0000       0.1086E-002
     -5.6250     -8.7500       0.1102E-002
     -5.6250     -7.5000       0.9701E-003
     -5.6250     -6.2500       0.7284E-003
     -5.6250     -5.0000       0.4415E-003
     -5.6250     -3.7500       0.1854E-003
     -5.6250     -2.5000       0.3307E-004
     -5.6250     -1.2500       0.6390E-006
     -5.6250      0.0000       0.1675E-008
     -5.6250      1.2500       0.6366E-006
     -5.6250      2.5000       0.3307E-004
     -5.6250      3.7500       0.1854E-003
     -5.6250      5.0000       0.4416E-003
     -5.6250      6.2500       0.7285E-003
     -5.6250      7.5000       0.9702E-003
     -5.6250      8.7500       0.1102E-002
     -5.6250     10.0000       0.1086E-002
     -5.6250     11.2500       0.9255E-003
     -5.6250     12.5000       0.6638E-003
     -5.6250     13.7500       0.3737E-003
     -5.6250     15.0000       0.1372E-003
     -5.6250     16.2500       0.1936E-004
     -5.6250     17.5000       0.2178E-006
     -5.6250     18.7500       0.1263E-012

     -4.6875    -20.0000       0.4907E-011
     -4.6875    -18.7500       0.1615E-010
     -4.6875    -17.5000       0.2185E-006
     -4.6875    -16.2500       0.1941E-004
     -4.6875    -15.0000       0.1371E-003
     -4.6875    -13.7500       0.3737E-003
     -4.6875    -12.5000       0.6638E-003
     -4.6875    -11.2500       0.9256E-003
     -4.6875    -10.0000       0.1086E-002
     -4.6875     -8.7500       0.1101E-002
     -4.6875     -7.5000       0.9701E-003
     -4.6875     -6.2500       0.7283E-003
     -4.6875     -5.0000       0.4417E-003
     -4.6875     -3.7500       0.1853E-003
     -4.6875     -2.5000       0.3318E-004
     -4.6875     -1.2500       0.6165E-006
     -4.6875      0.0000       0.1554E-008
     -4.6875      1.2500       0.6133E-006
     -4.6875      2.5000       0.3318E-004
     -4.6875      3.7500       0.1854E-003
     -4.6875      5.0000       0.4418E-003
     -4.6875      6.2500       0.7285E-003
     -4.6875      7.5000       0.9702E-003
     -4.6875      8.7500       0.1101E-002
     -4.6875     10.0000       0.1086E-002
     -4.6875     11.2500       0.9254E-003
     -4.6875     12.5000       0.6639E-003
     -4.6875     13.7500       0.3737E-003
     -4.6875     15.0000       0.1372E-003
     -4.6875     16.2500       0.1937E-004
     -4.6875     17.5000       0.2153E-006
     -4.6875     18.7500       0.4728E-011

     -3.7500    -20.0000       0.9138E-011
     -3.7500    -18.7500       0.2750E-010
     -3.7500    -17.5000       0.2162E-006
     -3.7500    -16.2500       0.1944E-004
     -3.7500    -15.0000       0.1371E-003
     -3.7500    -13.7500       0.3736E-003
     -3.7500    -12.5000       0.6640E-003
     -3.7500    -11.2500       0.9255E-003
     -3.7500    -10.0000       0.1086E-002
     -3.7500     -8.7500       0.1101E-002
     -3.7500     -7.5000       0.9702E-003
     -3.7500     -6.2500       0.7282E-003
     -3.7500     -5.0000       0.4418E-003
     -3.7500     -3.7500       0.1852E-003
     -3.7500     -2.5000       0.3332E-004
     -3.7500     -1.2500       0.5908E-006
     -3.7500      0.0000       0.8186E-009
     -3.7500      1.2500       0.5940E-006
     -3.7500      2.5000       0.3329E-004
     -3.7500      3.7500       0.1853E-003
     -3.7500      5.0000       0.4419E-003
     -3.7500      6.2500       0.7284E-003
     -3.7500      7.5000       0.9702E-003
     -3.7500      8.7500       0.1101E-002
     -3.7500     10.0000       0.1086E-002
     -3.7500     11.2500       0.9254E-003
     -3.7500     12.5000       0.6640E-003
     -3.7500     13.7500       0.3737E-003
     -3.7500     15.0000       0.1372E-003
     -3.7500     16.2500       0.1940E-004
     -3.7500     17.5000       0.2137E-006
     -3.7500     18.7500       0.1426E-010

     -2.8125    -20.0000       0.1708E-010
     -2.8125    -18.7500       0.2930E-010
     -2.8125    -17.5000       0.2141E-006
     -2.8125    -16.2500       0.1942E-004
     -2.8125    -15.0000       0.1371E-003
     -2.8125    -13.7500       0.3737E-003
     -2.8125    -12.5000       0.6640E-003
     -2.8125    -11.2500       0.9254E-003
     -2.8125    -10.0000       0.1086E-002
     -2.8125     -8.7500       0.1101E-002
     -2.8125     -7.5000       0.9702E-003
     -2.8125     -6.2500       0.7283E-003
     -2.8125     -5.0000       0.4419E-003
     -2.8125     -3.7500       0.1852E-003
     -2.8125     -2.5000       0.3335E-004
     -2.8125     -1.2500       0.5847E-006
     -2.8125      0.0000       0.1219E-009
     -2.8125      1.2500       0.5959E-006
     -2.8125      2.5000       0.3331E-004
     -2.8125      3.7500       0.1853E-003
     -2.8125      5.0000       0.4418E-003
     -2.8125      6.2500       0.7283E-003
     -2.8125      7.5000       0.9701E-003
     -2.8125      8.7500       0.1101E-002
     -2.8125     10.0000       0.1086E-002
     -2.8125     11.2500       0.9255E-003
     -2.8125     12.5000       0.6640E-003
     -2.8125     13.7500       0.3737E-003
     -2.8125     15.0000       0.1371E-003
     -2.8125     16.2500       0.1944E-004
     -2.8125     17.5000       0.2145E-006
     -2.8125     18.7500       0.1945E-010

     -1.8750    -20.0000       0.2742E-010
     -1.8750    -18.7500       0.2052E-010
     -1.8750    -17.5000       0.2141E-006
     -1.8750    -16.2500       0.1939E-004
     -1.8750    -15.0000       0.1372E-003
     -1.8750    -13.7500       0.3737E-003
     -1.8750    -12.5000       0.6640E-003
     -1.8750    -11.2500       0.9254E-003
     -1.8750    -10.0000       0.1086E-002
     -1.8750     -8.7500       0.1101E-002
     -1.8750     -7.5000       0.9702E-003
     -1.8750     -6.2500       0.7285E-003
     -1.8750     -5.0000       0.4418E-003
     -1.8750     -3.7500       0.1853E-003
     -1.8750     -2.5000       0.3325E-004
     -1.8750     -1.2500       0.6037E-006
     -1.8750      0.0000       0.8355E-010
     -1.8750      1.2500       0.6172E-006
     -1.8750      2.5000       0.3322E-004
     -1.8750      3.7500       0.1853E-003
     -1.8750      5.0000       0.4417E-003
     -1.8750      6.2500       0.7283E-003
     -1.8750      7.5000       0.9701E-003
     -1.8750      8.7500       0.1101E-002
     -1.8750     10.0000       0.1086E-002
     -1.8750     11.2500       0.9256E-003
     -1.8750     12.5000       0.6639E-003
     -1.8750     13.7500       0.3737E-003
     -1.8750     15.0000       0.1371E-003
     -1.8750     16.2500       0.1944E-004
     -1.8750     17.5000       0.2169E-006
     -1.8750     18.7500       0.1574E-010

     -0.9375    -20.0000       0.3641E-010
     -0.9375    -18.7500       0.8713E-011
     -0.9375    -17.5000       0.2161E-006
     -0.9375    -16.2500       0.1936E-004
     -0.9375    -15.0000       0.1372E-003
     -0.9375    -13.7500       0.3737E-003
     -0.9375    -12.5000       0.6639E-003
     -0.9375    -11.2500       0.9255E-003
     -0.9375    -10.0000       0.1086E-002
     -0.9375     -8.7500       0.1102E-002
     -0.9375     -7.5000       0.9702E-003
     -0.9375     -6.2500       0.7286E-003
     -0.9375     -5.0000       0.4417E-003
     -0.9375     -3.7500       0.1854E-003
     -0.9375     -2.5000       0.3311E-004
     -0.9375     -1.2500       0.6309E-006
     -0.9375      0.0000       0.7376E-009
     -0.9375      1.2500       0.6391E-006
     -0.9375      2.5000       0.3309E-004
     -0.9375      3.7500       0.1854E-003
     -0.9375      5.0000       0.4415E-003
     -0.9375      6.2500       0.7284E-003
     -0.9375      7.5000       0.9701E-003
     -0.9375      8.7500       0.1102E-002
     -0.9375     10.0000       0.1086E-002
     -0.9375     11.2500       0.9256E-003
     -0.9375     12.5000       0.6638E-003
     -0.9375     13.7500       0.3737E-003
     -0.9375     15.0000       0.1371E-003
     -0.9375     16.2500       0.1940E-004
     -0.9375     17.5000       0.2187E-006
     -0.9375     18.7500       0.7360E-011

      0.0000    -20.0000       0.3990E-010
      0.0000    -18.7500       0.3309E-011
      0.0000    -17.5000       0.2184E-006
      0.0000    -16.2500       0.1937E-004
      0.0000    -15.0000       0.1372E-003
      0.0000    -13.7500       0.3737E-003
      0.0000    -12.5000       0.6638E-003
      0.0000    -11.2500       0.9255E-003
      0.0000    -10.0000       0.1086E-002
      0.0000     -8.7500       0.1102E-002
      0.0000     -7.5000       0.9701E-003
      0.0000     -6.2500       0.7285E-003
      0.0000     -5.0000       0.4416E-003
      0.0000     -3.7500       0.1854E-003
      0.0000     -2.5000       0.3305E-004
      0.0000     -1.2500       0.6420E-006
      0.0000      0.0000       0.1503E-008
      0.0000      1.2500       0.6420E-006
      0.0000      2.5000       0.3305E-004
      0.0000      3.7500       0.1854E-003
      0.0000      5.0000       0.4416E-003
      0.0000      6.2500       0.7285E-003
      0.0000      7.5000       0.9701E-003
      0.0000      8.7500       0.1102E-002
      0.0000     10.0000       0.1086E-002
      0.0000     11.2500       0.9255E-003
      0.0000     12.5000       0.6638E-003
      0.0000     13.7500       0.3737E-003
      0.0000     15.0000       0.1372E-003
      0.0000     16.2500       0.1937E-004
      0.0000     17.5000       0.2184E-006
      0.0000     18.7500       0.3309E-011

      0.9375    -20.0000       0.3611E-010
      0.9375    -18.7500       0.7525E-011
      0.9375    -17.5000       0.2189E-006
      0.9375    -16.2500       0.1940E-004
      0.9375    -15.0000       0.1372E-003
      0.9375    -13.7500       0.3737E-003
      0.9375    -12.5000       0.6638E-003
      0.9375    -11.2500       0.9256E-003
      0.9375    -10.0000       0.1086E-002
      0.9375     -8.7500       0.1102E-002
      0.9375     -7.5000       0.9701E-003
      0.9375     -6.2500       0.7284E-003
      0.9375     -5.0000       0.4416E-003
      0.9375     -3.7500       0.1853E-003
      0.9375     -2.5000       0.3313E-004
      0.9375     -1.2500       0.6273E-006
      0.9375      0.0000       0.1699E-008
      0.9375      1.2500       0.6235E-006
      0.9375      2.5000       0.3313E-004
      0.9375      3.7500       0.1854E-003
      0.9375      5.0000       0.4417E-003
      0.9375      6.2500       0.7285E-003
      0.9375      7.5000       0.9702E-003
      0.9375      8.7500       0.1102E-002
      0.9375     10.0000       0.1086E-002
      0.9375     11.2500       0.9255E-003
      0.9375     12.5000       0.6639E-003
      0.9375     13.7500       0.3737E-003
      0.9375     15.0000       0.1372E-003
      0.9375     16.2500       0.1936E-004
      0.9375     17.5000       0.2161E-006
      0.9375     18.7500       0.9019E-011

      1.8750    -20.0000       0.2693E-010
      1.8750    -18.7500       0.1586E-010
      1.8750    -17.5000       0.2171E-006
      1.8750    -16.2500       0.1943E-004
      1.8750    -15.0000       0.1371E-003
      1.8750    -13.7500       0.3736E-003
      1.8750    -12.5000       0.6639E-003
      1.8750    -11.2500       0.9255E-003
      1.8750    -10.0000       0.1086E-002
      1.8750     -8.7500       0.1101E-002
      1.8750     -7.5000       0.9702E-003
      1.8750     -6.2500       0.7282E-003
      1.8750     -5.0000       0.4418E-003
      1.8750     -3.7500       0.1852E-003
      1.8750     -2.5000       0.3327E-004
      1.8750     -1.2500       0.5997E-006
      1.8750      0.0000       0.1151E-008
      1.8750      1.2500       0.5999E-006
      1.8750      2.5000       0.3326E-004
      1.8750      3.7500       0.1853E-003
      1.8750      5.0000       0.4418E-003
      1.8750      6.2500       0.7285E-003
      1.8750      7.5000       0.9702E-003
      1.8750      8.7500       0.1101E-002
      1.8750     10.0000       0.1086E-002
      1.8750     11.2500       0.9254E-003
      1.8750     12.5000       0.6640E-003
      1.8750     13.7500       0.3737E-003
      1.8750     15.0000       0.1372E-003
      1.8750     16.2500       0.1939E-004
      1.8750     17.5000       0.2139E-006
      1.8750     18.7500       0.2108E-010

      2.8125    -20.0000       0.1656E-010
      2.8125    -18.7500       0.1941E-010
      2.8125    -17.5000       0.2148E-006
      2.8125    -16.2500       0.1943E-004
      2.8125    -15.0000       0.1371E-003
      2.8125    -13.7500       0.3736E-003
      2.8125    -12.5000       0.6640E-003
      2.8125    -11.2500       0.9255E-003
      2.8125    -10.0000       0.1086E-002
      2.8125     -8.7500       0.1101E-002
      2.8125     -7.5000       0.9702E-003
      2.8125     -6.2500       0.7283E-003
      2.8125     -5.0000       0.4419E-003
      2.8125     -3.7500       0.1852E-003
      2.8125     -2.5000       0.3335E-004
      2.8125     -1.2500       0.5839E-006
      2.8125      0.0000       0.3472E-009
      2.8125      1.2500       0.5922E-006
      2.8125      2.5000       0.3332E-004
      2.8125      3.7500       0.1853E-003
      2.8125      5.0000       0.4419E-003
      2.8125      6.2500       0.7284E-003
      2.8125      7.5000       0.9702E-003
      2.8125      8.7500       0.1101E-002
      2.8125     10.0000       0.1086E-002
      2.8125     11.2500       0.9255E-003
      2.8125     12.5000       0.6640E-003
      2.8125     13.7500       0.3737E-003
      2.8125     15.0000       0.1371E-003
      2.8125     16.2500       0.1943E-004
      2.8125     17.5000       0.2138E-006
      2.8125     18.7500       0.2989E-010

      3.7500    -20.0000       0.8723E-011
      3.7500    -18.7500       0.1412E-010
      3.7500    -17.5000       0.2139E-006
      3.7500    -16.2500       0.1940E-004
      3.7500    -15.0000       0.1372E-003
      3.7500    -13.7500       0.3737E-003
      3.7500    -12.5000       0.6640E-003
      3.7500    -11.2500       0.9254E-003
      3.7500    -10.0000       0.1086E-002
      3.7500     -8.7500       0.1101E-002
      3.7500     -7.5000       0.9702E-003
      3.7500     -6.2500       0.7284E-003
      3.7500     -5.0000       0.4419E-003
      3.7500     -3.7500       0.1853E-003
      3.7500     -2.5000       0.3330E-004
      3.7500     -1.2500       0.5938E-006
      3.7500      0.0000       0.1150E-011
      3.7500      1.2500       0.6074E-006
      3.7500      2.5000       0.3327E-004
      3.7500      3.7500       0.1853E-003
      3.7500      5.0000       0.4417E-003
      3.7500      6.2500       0.7283E-003
      3.7500      7.5000       0.9701E-003
      3.7500      8.7500       0.1101E-002
      3.7500     10.0000       0.1086E-002
      3.7500     11.2500       0.9255E-003
      3.7500     12.5000       0.6640E-003
      3.7500     13.7500       0.3736E-003
      3.7500     15.0000       0.1371E-003
      3.7500     16.2500       0.1944E-004
      3.7500     17.5000       0.2159E-006
      3.7500     18.7500       0.2790E-010

      4.6875    -20.0000       0.4660E-011
      4.6875    -18.7500       0.4618E-011
      4.6875    -17.5000       0.2153E-006
      4.6875    -16.2500       0.1937E-004
      4.6875    -15.0000       0.1372E-003
      4.6875    -13.7500       0.3737E-003
      4.6875    -12.5000       0.6639E-003
      4.6875    -11.2500       0.9255E-003
      4.6875    -10.0000       0.1086E-002
      4.6875     -8.7500       0.1101E-002
      4.6875     -7.5000       0.9702E-003
      4.6875     -6.2500       0.7285E-003
      4.6875     -5.0000       0.4417E-003
      4.6875     -3.7500       0.1854E-003
      4.6875     -2.5000       0.3316E-004
      4.6875     -1.2500       0.6207E-006
      4.6875      0.0000       0.4208E-009
      4.6875      1.2500       0.6318E-006
      4.6875      2.5000       0.3314E-004
      4.6875      3.7500       0.1854E-003
      4.6875      5.0000       0.4416E-003
      4.6875      6.2500       0.7284E-003
      4.6875      7.5000       0.9701E-003
      4.6875      8.7500       0.1102E-002
      4.6875     10.0000       0.1086E-002
      4.6875     11.2500       0.9256E-003
      4.6875     12.5000       0.6638E-003
      4.6875     13.7500       0.3737E-003
      4.6875     15.0000       0.1371E-003
      4.6875     16.2500       0.1942E-004
      4.6875     17.5000       0.2183E-006
      4.6875     18.7500       0.1629E-010

      5.6250    -20.0000       0.3366E-011
      5.6250    -18.7500       0.1085E-012
      5.6250    -17.5000       0.2178E-006
      5.6250    -16.2500       0.1936E-004
      5.6250    -15.0000       0.1372E-003
      5.6250    -13.7500       0.3737E-003
      5.6250    -12.5000       0.6638E-003
      5.6250    -11.2500       0.9255E-003
      5.6250    -10.0000       0.1086E-002
      5.6250     -8.7500       0.1102E-002
      5.6250     -7.5000       0.9701E-003
      5.6250     -6.2500       0.7285E-003
      5.6250     -5.0000       0.4416E-003
      5.6250     -3.7500       0.1855E-003
      5.6250     -2.5000       0.3306E-004
      5.6250     -1.2500       0.6407E-006
      5.6250      0.0000       0.1233E-008
      5.6250      1.2500       0.6438E-006
      5.6250      2.5000       0.3305E-004
      5.6250      3.7500       0.1854E-003
      5.6250      5.0000       0.4415E-003
      5.6250      6.2500       0.7285E-003
      5.6250      7.5000       0.9701E-003
      5.6250      8.7500       0.1102E-002
      5.6250     10.0000       0.1086E-002
      5.6250     11.2500       0.9256E-003
      5.6250     12.5000       0.6638E-003
      5.6250     13.7500       0.3737E-003
      5.6250     15.0000       0.1372E-003
      5.6250     16.2500       0.1938E-004
      5.6250     17.5000       0.2190E-006
      5.6250     18.7500       0.4044E-011

      6.5625    -20.0000       0.3583E-011
      6.5625    -18.7500       0.6014E-011
      6.5625    -17.5000       0.2191E-006
      6.5625    -16.2500       0.1939E-004
      6.5625    -15.0000       0.1372E-003
      6.5625    -13.7500       0.3737E-003
      6.5625    -12.5000       0.6638E-003
      6.5625    -11.2500       0.9256E-003
      6.5625    -10.0000       0.1086E-002
      6.5625     -8.7500       0.1102E-002
      6.5625     -7.5000       0.9701E-003
      6.5625     -6.2500       0.7284E-003
      6.5625     -5.0000       0.4416E-003
      6.5625     -3.7500       0.1854E-003
      6.5625     -2.5000       0.3308E-004
      6.5625     -1.2500       0.6359E-006
      6.5625      0.0000       0.1716E-008
      6.5625      1.2500       0.6327E-006
      6.5625      2.5000       0.3309E-004
      6.5625      3.7500       0.1854E-003
      6.5625      5.0000       0.4416E-003
      6.5625      6.2500       0.7285E-003
      6.5625      7.5000       0.9702E-003
      6.5625      8.7500       0.1102E-002
      6.5625     10.0000       0.1086E-002
      6.5625     11.2500       0.9255E-003
      6.5625     12.5000       0.6638E-003
      6.5625     13.7500       0.3737E-003
      6.5625     15.0000       0.1372E-003
      6.5625     16.2500       0.1936E-004
      6.5625     17.5000       0.2173E-006
      6.5625     18.7500       0.2671E-012

      7.5000    -20.0000       0.5483E-011
      7.5000    -18.7500       0.1882E-010
      7.5000    -17.5000       0.2181E-006
      7.5000    -16.2500       0.1942E-004
      7.5000    -15.0000       0.1371E-003
      7.5000    -13.7500       0.3736E-003
      7.5000    -12.5000       0.6639E-003
      7.5000    -11.2500       0.9255E-003
      7.5000    -10.0000       0.1086E-002
      7.5000     -8.7500       0.1101E-002
      7.5000     -7.5000       0.9702E-003
      7.5000     -6.2500       0.7283E-003
      7.5000     -5.0000       0.4417E-003
      7.5000     -3.7500       0.1853E-003
      7.5000     -2.5000       0.3321E-004
      7.5000     -1.2500       0.6107E-006
      7.5000      0.0000       0.1441E-008
      7.5000      1.2500       0.6084E-006
      7.5000      2.5000       0.3321E-004
      7.5000      3.7500       0.1854E-003
      7.5000      5.0000       0.4418E-003
      7.5000      6.2500       0.7285E-003
      7.5000      7.5000       0.9702E-003
      7.5000      8.7500       0.1101E-002
      7.5000     10.0000       0.1086E-002
      7.5000     11.2500       0.9254E-003
      7.5000     12.5000       0.6640E-003
      7.5000     13.7500       0.3737E-003
      7.5000     15.0000       0.1372E-003
      7.5000     16.2500       0.1937E-004
      7.5000     17.5000       0.2148E-006
      7.5000     18.7500       0.6538E-011

      8.4375    -20.0000       0.1043E-010
      8.4375    -18.7500       0.2880E-010
      8.4375    -17.5000       0.2157E-006
      8.4375    -16.2500       0.1944E-004
      8.4375    -15.0000       0.1371E-003
      8.4375    -13.7500       0.3736E-003
      8.4375    -12.5000       0.6640E-003
      8.4375    -11.2500       0.9255E-003
      8.4375    -10.0000       0.1086E-002
      8.4375     -8.7500       0.1101E-002
      8.4375     -7.5000       0.9702E-003
      8.4375     -6.2500       0.7282E-003
      8.4375     -5.0000       0.4419E-003
      8.4375     -3.7500       0.1852E-003
      8.4375     -2.5000       0.3333E-004
      8.4375     -1.2500       0.5875E-006
      8.4375      0.0000       0.6514E-009
      8.4375      1.2500       0.5925E-006
      8.4375      2.5000       0.3331E-004
      8.4375      3.7500       0.1853E-003
      8.4375      5.0000       0.4419E-003
      8.4375      6.2500       0.7284E-003
      8.4375      7.5000       0.9702E-003
      8.4375      8.7500       0.1101E-002
      8.4375     10.0000       0.1086E-002
      8.4375     11.2500       0.9254E-003
      8.4375     12.5000       0.6640E-003
      8.4375     13.7500       0.3737E-003
      8.4375     15.0000       0.1371E-003
      8.4375     16.2500       0.1941E-004
      8.4375     17.5000       0.2137E-006
      8.4375     18.7500       0.1591E-010

      9.3750    -20.0000       0.1905E-010
      9.3750    -18.7500       0.2824E-010
      9.3750    -17.5000       0.2139E-006
      9.3750    -16.2500       0.1942E-004
      9.3750    -15.0000       0.1371E-003
      9.3750    -13.7500       0.3737E-003
      9.3750    -12.5000       0.6640E-003
      9.3750    -11.2500       0.9254E-003
      9.3750    -10.0000       0.1086E-002
      9.3750     -8.7500       0.1101E-002
      9.3750     -7.5000       0.9702E-003
      9.3750     -6.2500       0.7283E-003
      9.3750     -5.0000       0.4419E-003
      9.3750     -3.7500       0.1852E-003
      9.3750     -2.5000       0.3334E-004
      9.3750     -1.2500       0.5868E-006
      9.3750      0.0000       0.4987E-010
      9.3750      1.2500       0.5990E-006
      9.3750      2.5000       0.3330E-004
      9.3750      3.7500       0.1853E-003
      9.3750      5.0000       0.4418E-003
      9.3750      6.2500       0.7283E-003
      9.3750      7.5000       0.9701E-003
      9.3750      8.7500       0.1101E-002
      9.3750     10.0000       0.1086E-002
      9.3750     11.2500       0.9255E-003
      9.3750     12.5000       0.6640E-003
      9.3750     13.7500       0.3737E-003
      9.3750     15.0000       0.1371E-003
      9.3750     16.2500       0.1944E-004
      9.3750     17.5000       0.2149E-006
      9.3750     18.7500       0.1941E-010

     10.3125    -20.0000       0.2947E-010
     10.3125    -18.7500       0.1807E-010
     10.3125    -17.5000       0.2143E-006
     10.3125    -16.2500       0.1938E-004
     10.3125    -15.0000       0.1372E-003
     10.3125    -13.7500       0.3737E-003
     10.3125    -12.5000       0.6640E-003
     10.3125    -11.2500       0.9254E-003
     10.3125    -10.0000       0.1086E-002
     10.3125     -8.7500       0.1101E-002
     10.3125     -7.5000       0.9702E-003
     10.3125     -6.2500       0.7285E-003
     10.3125     -5.0000       0.4418E-003
     10.3125     -3.7500       0.1854E-003
     10.3125     -2.5000       0.3322E-004
     10.3125     -1.2500       0.6093E-006
     10.3125      0.0000       0.1708E-009
     10.3125      1.2500       0.6223E-006
     10.3125      2.5000       0.3319E-004
     10.3125      3.7500       0.1853E-003
     10.3125      5.0000       0.4416E-003
     10.3125      6.2500       0.7283E-003
     10.3125      7.5000       0.9701E-003
     10.3125      8.7500       0.1101E-002
     10.3125     10.0000       0.1086E-002
     10.3125     11.2500       0.9256E-003
     10.3125     12.5000       0.6639E-003
     10.3125     13.7500       0.3737E-003
     10.3125     15.0000       0.1371E-003
     10.3125     16.2500       0.1943E-004
     10.3125     17.5000       0.2174E-006
     10.3125     18.7500       0.1417E-010

     11.2500    -20.0000       0.3766E-010
     11.2500    -18.7500       0.6887E-011
     11.2500    -17.5000       0.2166E-006
     11.2500    -16.2500       0.1936E-004
     11.2500    -15.0000       0.1372E-003
     11.2500    -13.7500       0.3737E-003
     11.2500    -12.5000       0.6638E-003
     11.2500    -11.2500       0.9255E-003
     11.2500    -10.0000       0.1086E-002
     11.2500     -8.7500       0.1102E-002
     11.2500     -7.5000       0.9702E-003
     11.2500     -6.2500       0.7286E-003
     11.2500     -5.0000       0.4416E-003
     11.2500     -3.7500       0.1854E-003
     11.2500     -2.5000       0.3309E-004
     11.2500     -1.2500       0.6350E-006
     11.2500      0.0000       0.9065E-009
     11.2500      1.2500       0.6416E-006
     11.2500      2.5000       0.3308E-004
     11.2500      3.7500       0.1854E-003
     11.2500      5.0000       0.4415E-003
     11.2500      6.2500       0.7284E-003
     11.2500      7.5000       0.9701E-003
     11.2500      8.7500       0.1102E-002
     11.2500     10.0000       0.1086E-002
     11.2500     11.2500       0.9256E-003
     11.2500     12.5000       0.6638E-003
     11.2500     13.7500       0.3737E-003
     11.2500     15.0000       0.1372E-003
     11.2500     16.2500       0.1940E-004
     11.2500     17.5000       0.2189E-006
     11.2500     18.7500       0.5925E-011

     12.1875    -20.0000       0.3971E-010
     12.1875    -18.7500       0.3446E-011
     12.1875    -17.5000       0.2187E-006
     12.1875    -16.2500       0.1937E-004
     12.1875    -15.0000       0.1372E-003
     12.1875    -13.7500       0.3737E-003
     12.1875    -12.5000       0.6638E-003
     12.1875    -11.2500       0.9255E-003
     12.1875    -10.0000       0.1086E-002
     12.1875     -8.7500       0.1102E-002
     12.1875     -7.5000       0.9701E-003
     12.1875     -6.2500       0.7285E-003
     12.1875     -5.0000       0.4415E-003
     12.1875     -3.7500       0.1854E-003
     12.1875     -2.5000       0.3306E-004
     12.1875     -1.2500       0.6411E-006
     12.1875      0.0000       0.1603E-008
     12.1875      1.2500       0.6397E-006
     12.1875      2.5000       0.3306E-004
     12.1875      3.7500       0.1854E-003
     12.1875      5.0000       0.4416E-003
     12.1875      6.2500       0.7285E-003
     12.1875      7.5000       0.9701E-003
     12.1875      8.7500       0.1102E-002
     12.1875     10.0000       0.1086E-002
     12.1875     11.2500       0.9255E-003
     12.1875     12.5000       0.6638E-003
     12.1875     13.7500       0.3737E-003
     12.1875     15.0000       0.1372E-003
     12.1875     16.2500       0.1936E-004
     12.1875     17.5000       0.2180E-006
     12.1875     18.7500       0.3643E-011

     13.1250    -20.0000       0.3459E-010
     13.1250    -18.7500       0.9153E-011
     13.1250    -17.5000       0.2187E-006
     13.1250    -16.2500       0.1941E-004
     13.1250    -15.0000       0.1371E-003
     13.1250    -13.7500       0.3737E-003
     13.1250    -12.5000       0.6638E-003
     13.1250    -11.2500       0.9256E-003
     13.1250    -10.0000       0.1086E-002
     13.1250     -8.7500       0.1101E-002
     13.1250     -7.5000       0.9701E-003
     13.1250     -6.2500       0.7283E-003
     13.1250     -5.0000       0.4416E-003
     13.1250     -3.7500       0.1853E-003
     13.1250     -2.5000       0.3315E-004
     13.1250     -1.2500       0.6221E-006
     13.1250      0.0000       0.1641E-008
     13.1250      1.2500       0.6184E-006
     13.1250      2.5000       0.3315E-004
     13.1250      3.7500       0.1854E-003
     13.1250      5.0000       0.4417E-003
     13.1250      6.2500       0.7285E-003
     13.1250      7.5000       0.9702E-003
     13.1250      8.7500       0.1102E-002
     13.1250     10.0000       0.1086E-002
     13.1250     11.2500       0.9255E-003
     13.1250     12.5000       0.6639E-003
     13.1250     13.7500       0.3737E-003
     13.1250     15.0000       0.1372E-003
     13.1250     16.2500       0.1936E-004
     13.1250     17.5000       0.2156E-006
     13.1250     18.7500       0.1119E-010

     14.0625    -20.0000       0.2481E-010
     14.0625    -18.7500       0.1720E-010
     14.0625    -17.5000       0.2166E-006
     14.0625    -16.2500       0.1943E-004
     14.0625    -15.0000       0.1371E-003
     14.0625    -13.7500       0.3736E-003
     14.0625    -12.5000       0.6639E-003
     14.0625    -11.2500       0.9255E-003
     14.0625    -10.0000       0.1086E-002
     14.0625     -8.7500       0.1101E-002
     14.0625     -7.5000       0.9702E-003
     14.0625     -6.2500       0.7282E-003
     14.0625     -5.0000       0.4418E-003
     14.0625     -3.7500       0.1852E-003
     14.0625     -2.5000       0.3329E-004
     14.0625     -1.2500       0.5949E-006
     14.0625      0.0000       0.9872E-009
     14.0625      1.2500       0.5965E-006
     14.0625      2.5000       0.3328E-004
     14.0625      3.7500       0.1853E-003
     14.0625      5.0000       0.4419E-003
     14.0625      6.2500       0.7285E-003
     14.0625      7.5000       0.9702E-003
     14.0625      8.7500       0.1101E-002
     14.0625     10.0000       0.1086E-002
     14.0625     11.2500       0.9254E-003
     14.0625     12.5000       0.6640E-003
     14.0625     13.7500       0.3737E-003
     14.0625     15.0000       0.1372E-003
     14.0625     16.2500       0.1940E-004
     14.0625     17.5000       0.2137E-006
     14.0625     18.7500       0.2343E-010

     15.0000    -20.0000       0.1471E-010
     15.0000    -18.7500       0.1903E-010
     15.0000    -17.5000       0.2144E-006
     15.0000    -16.2500       0.1943E-004
     15.0000    -15.0000       0.1371E-003
     15.0000    -13.7500       0.3737E-003
     15.0000    -12.5000       0.6640E-003
     15.0000    -11.2500       0.9255E-003
     15.0000    -10.0000       0.1086E-002
     15.0000     -8.7500       0.1101E-002
     15.0000     -7.5000       0.9702E-003
     15.0000     -6.2500       0.7283E-003
     15.0000     -5.0000       0.4419E-003
     15.0000     -3.7500       0.1852E-003
     15.0000     -2.5000       0.3335E-004
     15.0000     -1.2500       0.5838E-006
     15.0000      0.0000       0.2222E-009
     15.0000      1.2500       0.5936E-006
     15.0000      2.5000       0.3332E-004
     15.0000      3.7500       0.1853E-003
     15.0000      5.0000       0.4419E-003
     15.0000      6.2500       0.7284E-003
     15.0000      7.5000       0.9702E-003
     15.0000      8.7500       0.1101E-002
     15.0000     10.0000       0.1086E-002
     15.0000     11.2500       0.9255E-003
     15.0000     12.5000       0.6640E-003
     15.0000     13.7500       0.3737E-003
     15.0000     15.0000       0.1371E-003
     15.0000     16.2500       0.1943E-004
     15.0000     17.5000       0.2141E-006
     15.0000     18.7500       0.3046E-010

     15.9375    -20.0000       0.7618E-011
     15.9375    -18.7500       0.1228E-010
     15.9375    -17.5000       0.2140E-006
     15.9375    -16.2500       0.1940E-004
     15.9375    -15.0000       0.1372E-003
     15.9375    -13.7500       0.3737E-003
     15.9375    -12.5000       0.6640E-003
     15.9375    -11.2500       0.9254E-003
     15.9375    -10.0000       0.1086E-002
     15.9375     -8.7500       0.1101E-002
     15.9375     -7.5000       0.9702E-003
     15.9375     -6.2500       0.7284E-003
     15.9375     -5.0000       0.4419E-003
     15.9375     -3.7500       0.1853E-003
     15.9375     -2.5000       0.3328E-004
     15.9375     -1.2500       0.5985E-006
     15.9375      0.0000       0.2633E-010
     15.9375      1.2500       0.6122E-006
     15.9375      2.5000       0.3324E-004
     15.9375      3.7500       0.1853E-003
     15.9375      5.0000       0.4417E-003
     15.9375      6.2500       0.7283E-003
     15.9375      7.5000       0.9701E-003
     15.9375      8.7500       0.1101E-002
     15.9375     10.0000       0.1086E-002
     15.9375     11.2500       0.9255E-003
     15.9375     12.5000       0.6639E-003
     15.9375     13.7500       0.3737E-003
     15.9375     15.0000       0.1371E-003
     15.9375     16.2500       0.1944E-004
     15.9375     17.5000       0.2164E-006
     15.9375     18.7500       0.2614E-010

     16.8750    -20.0000       0.4231E-011
     16.8750    -18.7500       0.3037E-011
     16.8750    -17.5000       0.2158E-006
     16.8750    -16.2500       0.1937E-004
     16.8750    -15.0000       0.1372E-003
     16.8750    -13.7500       0.3737E-003
     16.8750    -12.5000       0.6639E-003
     16.8750    -11.2500       0.9255E-003
     16.8750    -10.0000       0.1086E-002
     16.8750     -8.7500       0.1102E-002
     16.8750     -7.5000       0.9702E-003
     16.8750     -6.2500       0.7286E-003
     16.8750     -5.0000       0.4417E-003
     16.8750     -3.7500       0.1854E-003
     16.8750     -2.5000       0.3314E-004
     16.8750     -1.2500       0.6260E-006
     16.8750      0.0000       0.5738E-009
     16.8750      1.2500       0.6358E-006
     16.8750      2.5000       0.3312E-004
     16.8750      3.7500       0.1854E-003
     16.8750      5.0000       0.4416E-003
     16.8750      6.2500       0.7284E-003
     16.8750      7.5000       0.9701E-003
     16.8750      8.7500       0.1102E-002
     16.8750     10.0000       0.1086E-002
     16.8750     11.2500       0.9256E-003
     16.8750     12.5000       0.6638E-003
     16.8750     13.7500       0.3737E-003
     16.8750     15.0000       0.1371E-003
     16.8750     16.2500       0.1941E-004
     16.8750     17.5000       0.2187E-006
     16.8750     18.7500       0.1355E-010

     17.8125    -20.0000       0.3309E-011
     17.8125    -18.7500       0.4323E-012
     17.8125    -17.5000       0.2182E-006
     17.8125    -16.2500       0.1936E-004
     17.8125    -15.0000       0.1372E-003
     17.8125    -13.7500       0.3737E-003
     17.8125    -12.5000       0.6638E-003
     17.8125    -11.2500       0.9255E-003
     17.8125    -10.0000       0.1086E-002
     17.8125     -8.7500       0.1102E-002
     17.8125     -7.5000       0.9701E-003
     17.8125     -6.2500       0.7285E-003
     17.8125     -5.0000       0.4416E-003
     17.8125     -3.7500       0.1854E-003
     17.8125     -2.5000       0.3305E-004
     17.8125     -1.2500       0.6419E-006
     17.8125      0.0000       0.1378E-008
     17.8125      1.2500       0.6434E-006
     17.8125      2.5000       0.3305E-004
     17.8125      3.7500       0.1854E-003
     17.8125      5.0000       0.4415E-003
     17.8125      6.2500       0.7285E-003
     17.8125      7.5000       0.9701E-003
     17.8125      8.7500       0.1102E-002
     17.8125     10.0000       0.1086E-002
     17.8125     11.2500       0.9256E-003
     17.8125     12.5000       0.6638E-003
     17.8125     13.7500       0.3737E-003
     17.8125     15.0000       0.1372E-003
     17.8125     16.2500       0.1937E-004
     17.8125     17.5000       0.2188E-006
     17.8125     18.7500       0.2419E-011

     18.7500    -20.0000       0.3793E-011
     18.7500    -18.7500       0.8289E-011
     18.7500    -17.5000       0.2191E-006
     18.7500    -16.2500       0.1939E-004
     18.7500    -15.0000       0.1372E-003
     18.7500    -13.7500       0.3737E-003
     18.7500    -12.5000       0.6638E-003
     18.7500    -11.2500       0.9256E-003
     18.7500    -10.0000       0.1086E-002
     18.7500     -8.7500       0.1102E-002
     18.7500     -7.5000       0.9701E-003
     18.7500     -6.2500       0.7284E-003
     18.7500     -5.0000       0.4416E-003
     18.7500     -3.7500       0.1854E-003
     18.7500     -2.5000       0.3310E-004
     18.7500     -1.2500       0.6320E-006
     18.7500      0.0000       0.1724E-008
     18.7500      1.2500       0.6283E-006
     18.7500      2.5000       0.3311E-004
     18.7500      3.7500       0.1854E-003
     18.7500      5.0000       0.4417E-003
     18.7500      6.2500       0.7285E-003
     18.7500      7.5000       0.9702E-003
     18.7500      8.7500       0.1102E-002
     18.7500     10.0000       0.1086E-002
     18.7500     11.2500       0.9255E-003
     18.7500     12.5000       0.6639E-003
     18.7500     13.7500       0.3737E-003
     18.7500     15.0000       0.1372E-003
     18.7500     16.2500       0.1936E-004
     18.7500     17.5000       0.2168E-006
     18.7500     18.7500       0.8408E-012

     19.6875    -20.0000       0.6183E-011
     19.6875    -18.7500       0.2138E-010
     19.6875    -17.5000       0.2177E-006
     19.6875    -16.2500       0.1943E-004
     19.6875    -15.0000       0.1371E-003
     19.6875    -13.7500       0.3736E-003
     19.6875    -12.5000       0.6639E-003
     19.6875    -11.2500       0.9255E-003
     19.6875    -10.0000       0.1086E-002
     19.6875     -8.7500       0.1101E-002
     19.6875     -7.5000       0.9702E-003
     19.6875     -6.2500       0.7283E-003
     19.6875     -5.0000       0.4417E-003
     19.6875     -3.7500       0.1853E-003
     19.6875     -2.5000       0.3324E-004
     19.6875     -1.2500       0.6051E-006
     19.6875      0.0000       0.1305E-008
     19.6875      1.2500       0.6039E-006
     19.6875      2.5000       0.3323E-004
     19.6875      3.7500       0.1854E-003
     19.6875      5.0000       0.4418E-003
     19.6875      6.2500       0.7285E-003
     19.6875      7.5000       0.9702E-003
     19.6875      8.7500       0.1101E-002
     19.6875     10.0000       0.1086E-002
     19.6875     11.2500       0.9254E-003
     19.6875     12.5000       0.6640E-003
     19.6875     13.7500       0.3737E-003
     19.6875     15.0000       0.1372E-003
     19.6875     16.2500       0.1938E-004
     19.6875     17.5000       0.2144E-006
     19.6875     18.7500       0.8480E-011

     20.6250    -20.0000       0.1188E-010
     20.6250    -18.7500       0.2964E-010
     20.6250    -17.5000       0.2152E-006
     20.6250    -16.2500       0.1943E-004
     20.6250    -15.0000       0.1371E-003
     20.6250    -13.7500       0.3736E-003
     20.6250    -12.5000       0.6640E-003
     20.6250    -11.2500       0.9255E-003
     20.6250    -10.0000       0.1086E-002
     20.6250     -8.7500       0.1101E-002
     20.6250     -7.5000       0.9702E-003
     20.6250     -6.2500       0.7283E-003
     20.6250     -5.0000       0.4419E-003
     20.6250     -3.7500       0.1852E-003
     20.6250     -2.5000       0.3334E-004
     20.6250     -1.2500       0.5852E-006
     20.6250      0.0000       0.4923E-009
     20.6250      1.2500       0.5918E-006
     20.6250      2.5000       0.3332E-004
     20.6250      3.7500       0.1853E-003
     20.6250      5.0000       0.4419E-003
     20.6250      6.2500       0.7284E-003
     20.6250      7.5000       0.9702E-003
     20.6250      8.7500       0.1101E-002
     20.6250     10.0000       0.1086E-002
     20.6250     11.2500       0.9255E-003
     20.6250     12.5000       0.6640E-003
     20.6250     13.7500       0.3737E-003
     20.6250     15.0000       0.1371E-003
     20.6250     16.2500       0.1942E-004
     20.6250     17.5000       0.2137E-006
     20.6250     18.7500       0.1730E-010

     21.5625    -20.0000       0.2109E-010
     21.5625    -18.7500       0.2678E-010
     21.5625    -17.5000       0.2138E-006
     21.5625    -16.2500       0.1941E-004
     21.5625    -15.0000       0.1371E-003
     21.5625    -13.7500       0.3737E-003
     21.5625    -12.5000       0.6640E-003
     21.5625    -11.2500       0.9254E-003
     21.5625    -10.0000       0.1086E-002
     21.5625     -8.7500       0.1101E-002
     21.5625     -7.5000       0.9702E-003
     21.5625     -6.2500       0.7284E-003
     21.5625     -5.0000       0.4419E-003
     21.5625     -3.7500       0.1853E-003
     21.5625     -2.5000       0.3332E-004
     21.5625     -1.2500       0.5899E-006
     21.5625      0.0000       0.9107E-011
     21.5625      1.2500       0.6029E-006
     21.5625      2.5000       0.3329E-004
     21.5625      3.7500       0.1853E-003
     21.5625      5.0000       0.4418E-003
     21.5625      6.2500       0.7283E-003
     21.5625      7.5000       0.9701E-003
     21.5625      8.7500       0.1101E-002
     21.5625     10.0000       0.1086E-002
     21.5625     11.2500       0.9255E-003
     21.5625     12.5000       0.6640E-003
     21.5625     13.7500       0.3736E-003
     21.5625     15.0000       0.1371E-003
     21.5625     16.2500       0.1944E-004
     21.5625     17.5000       0.2154E-006
     21.5625     18.7500       0.1899E-010

     22.5000    -20.0000       0.3144E-010
     22.5000    -18.7500       0.1558E-010
     22.5000    -17.5000       0.2147E-006
     22.5000    -16.2500       0.1938E-004
     22.5000    -15.0000       0.1372E-003
     22.5000    -13.7500       0.3737E-003
     22.5000    -12.5000       0.6639E-003
     22.5000    -11.2500       0.9255E-003
     22.5000    -10.0000       0.1086E-002
     22.5000     -8.7500       0.1101E-002
     22.5000     -7.5000       0.9702E-003
     22.5000     -6.2500       0.7285E-003
     22.5000     -5.0000       0.4418E-003
     22.5000     -3.7500       0.1854E-003
     22.5000     -2.5000       0.3319E-004
     22.5000     -1.2500       0.6151E-006
     22.5000      0.0000       0.2846E-009
     22.5000      1.2500       0.6272E-006
     22.5000      2.5000       0.3317E-004
     22.5000      3.7500       0.1853E-003
     22.5000      5.0000       0.4416E-003
     22.5000      6.2500       0.7283E-003
     22.5000      7.5000       0.9701E-003
     22.5000      8.7500       0.1101E-002
     22.5000     10.0000       0.1086E-002
     22.5000     11.2500       0.9256E-003
     22.5000     12.5000       0.6638E-003
     22.5000     13.7500       0.3737E-003
     22.5000     15.0000       0.1371E-003
     22.5000     16.2500       0.1943E-004
     22.5000     17.5000       0.2178E-006
     22.5000     18.7500       0.1247E-010

     23.4375    -20.0000       0.3865E-010
     23.4375    -18.7500       0.5397E-011
     23.4375    -17.5000       0.2171E-006
     23.4375    -16.2500       0.1936E-004
     23.4375    -15.0000       0.1372E-003
     23.4375    -13.7500       0.3737E-003
     23.4375    -12.5000       0.6638E-003
     23.4375    -11.2500       0.9255E-003
     23.4375    -10.0000       0.1086E-002
     23.4375     -8.7500       0.1102E-002
     23.4375     -7.5000       0.9702E-003
     23.4375     -6.2500       0.7286E-003
     23.4375     -5.0000       0.4416E-003
     23.4375     -3.7500       0.1855E-003
     23.4375     -2.5000       0.3307E-004
     23.4375     -1.2500       0.6383E-006
     23.4375      0.0000       0.1074E-008
     23.4375      1.2500       0.6432E-006
     23.4375      2.5000       0.3306E-004
     23.4375      3.7500       0.1854E-003
     23.4375      5.0000       0.4415E-003
     23.4375      6.2500       0.7284E-003
     23.4375      7.5000       0.9701E-003
     23.4375      8.7500       0.1102E-002
     23.4375     10.0000       0.1086E-002
     23.4375     11.2500       0.9256E-003
     23.4375     12.5000       0.6638E-003
     23.4375     13.7500       0.3737E-003
     23.4375     15.0000       0.1372E-003
     23.4375     16.2500       0.1939E-004
     23.4375     17.5000       0.2189E-006
     23.4375     18.7500       0.4747E-011

     24.3750    -20.0000       0.3923E-010
     24.3750    -18.7500       0.3979E-011
     24.3750    -17.5000       0.2189E-006
     24.3750    -16.2500       0.1938E-004
     24.3750    -15.0000       0.1372E-003
     24.3750    -13.7500       0.3737E-003
     24.3750    -12.5000       0.6638E-003
     24.3750    -11.2500       0.9256E-003
     24.3750    -10.0000       0.1086E-002
     24.3750     -8.7500       0.1102E-002
     24.3750     -7.5000       0.9701E-003
     24.3750     -6.2500       0.7284E-003
     24.3750     -5.0000       0.4415E-003
     24.3750     -3.7500       0.1854E-003
     24.3750     -2.5000       0.3307E-004
     24.3750     -1.2500       0.6390E-006
     24.3750      0.0000       0.1675E-008
     24.3750      1.2500       0.6366E-006
     24.3750      2.5000       0.3307E-004
     24.3750      3.7500       0.1854E-003
     24.3750      5.0000       0.4416E-003
     24.3750      6.2500       0.7285E-003
     24.3750      7.5000       0.9702E-003
     24.3750      8.7500       0.1102E-002
     24.3750     10.0000       0.1086E-002
     24.3750     11.2500       0.9255E-003
     24.3750     12.5000       0.6638E-003
     24.3750     13.7500       0.3737E-003
     24.3750     15.0000       0.1372E-003
     24.3750     16.2500       0.1936E-004
     24.3750     17.5000       0.2176E-006
     24.3750     18.7500       0.4403E-011

     25.3125    -20.0000       0.3287E-010
     25.3125    -18.7500       0.1088E-010
     25.3125    -17.5000       0.2184E-006
     25.3125    -16.2500       0.1941E-004
     25.3125    -15.0000       0.1371E-003
     25.3125    -13.7500       0.3737E-003
     25.3125    -12.5000       0.6638E-003
     25.3125    -11.2500       0.9256E-003
     25.3125    -10.0000       0.1086E-002
     25.3125     -8.7500       0.1101E-002
     25.3125     -7.5000       0.9701E-003
     25.3125     -6.2500       0.7283E-003
     25.3125     -5.0000       0.4417E-003
     25.3125     -3.7500       0.1853E-003
     25.3125     -2.5000       0.3318E-004
     25.3125     -1.2500       0.6165E-006
     25.3125      0.0000       0.1554E-008
     25.3125      1.2500       0.6133E-006
     25.3125      2.5000       0.3318E-004
     25.3125      3.7500       0.1854E-003
     25.3125      5.0000       0.4418E-003
     25.3125      6.2500       0.7285E-003
     25.3125      7.5000       0.9702E-003
     25.3125      8.7500       0.1101E-002
     25.3125     10.0000       0.1086E-002
     25.3125     11.2500       0.9254E-003
     25.3125     12.5000       0.6639E-003
     25.3125     13.7500       0.3737E-003
     25.3125     15.0000       0.1372E-003
     25.3125     16.2500       0.1937E-004
     25.3125     17.5000       0.2151E-006
     25.3125     18.7500       0.1356E-010

     26.2500    -20.0000       0.2267E-010
     26.2500    -18.7500       0.1827E-010
     26.2500    -17.5000       0.2161E-006
     26.2500    -16.2500       0.1944E-004
     26.2500    -15.0000       0.1371E-003
     26.2500    -13.7500       0.3736E-003
     26.2500    -12.5000       0.6640E-003
     26.2500    -11.2500       0.9255E-003
     26.2500    -10.0000       0.1086E-002
     26.2500     -8.7500       0.1101E-002
     26.2500     -7.5000       0.9702E-003
     26.2500     -6.2500       0.7282E-003
     26.2500     -5.0000       0.4418E-003
     26.2500     -3.7500       0.1852E-003
     26.2500     -2.5000       0.3332E-004
     26.2500     -1.2500       0.5908E-006
     26.2500      0.0000       0.8183E-009
     26.2500      1.2500       0.5940E-006
     26.2500      2.5000       0.3329E-004
     26.2500      3.7500       0.1853E-003
     26.2500      5.0000       0.4419E-003
     26.2500      6.2500       0.7284E-003
     26.2500      7.5000       0.9702E-003
     26.2500      8.7500       0.1101E-002
     26.2500     10.0000       0.1086E-002
     26.2500     11.2500       0.9254E-003
     26.2500     12.5000       0.6640E-003
     26.2500     13.7500       0.3737E-003
     26.2500     15.0000       0.1372E-003
     26.2500     16.2500       0.1940E-004
     26.2500     17.5000       0.2136E-006
     26.2500     18.7500       0.2556E-010

     27.1875    -20.0000       0.1299E-010
     27.1875    -18.7500       0.1828E-010
     27.1875    -17.5000       0.2142E-006
     27.1875    -16.2500       0.1942E-004
     27.1875    -15.0000       0.1371E-003
     27.1875    -13.7500       0.3737E-003
     27.1875    -12.5000       0.6640E-003
     27.1875    -11.2500       0.9254E-003
     27.1875    -10.0000       0.1086E-002
     27.1875     -8.7500       0.1101E-002
     27.1875     -7.5000       0.9702E-003
     27.1875     -6.2500       0.7283E-003
     27.1875     -5.0000       0.4419E-003
     27.1875     -3.7500       0.1852E-003
     27.1875     -2.5000       0.3335E-004
     27.1875     -1.2500       0.5847E-006
     27.1875      0.0000       0.1218E-009
     27.1875      1.2500       0.5959E-006
     27.1875      2.5000       0.3331E-004
     27.1875      3.7500       0.1853E-003
     27.1875      5.0000       0.4418E-003
     27.1875      6.2500       0.7283E-003
     27.1875      7.5000       0.9701E-003
     27.1875      8.7500       0.1101E-002
     27.1875     10.0000       0.1086E-002
     27.1875     11.2500       0.9255E-003
     27.1875     12.5000       0.6640E-003
     27.1875     13.7500       0.3737E-003
     27.1875     15.0000       0.1371E-003
     27.1875     16.2500       0.1944E-004
     27.1875     17.5000       0.2145E-006
     27.1875     18.7500       0.3055E-010

     28.1250    -20.0000       0.6668E-011
     28.1250    -18.7500       0.1033E-010
     28.1250    -17.5000       0.2142E-006
     28.1250    -16.2500       0.1939E-004
     28.1250    -15.0000       0.1372E-003
     28.1250    -13.7500       0.3737E-003
     28.1250    -12.5000       0.6640E-003
     28.1250    -11.2500       0.9254E-003
     28.1250    -10.0000       0.1086E-002
     28.1250     -8.7500       0.1101E-002
     28.1250     -7.5000       0.9702E-003
     28.1250     -6.2500       0.7285E-003
     28.1250     -5.0000       0.4418E-003
     28.1250     -3.7500       0.1853E-003
     28.1250     -2.5000       0.3325E-004
     28.1250     -1.2500       0.6037E-006
     28.1250      0.0000       0.8365E-010
     28.1250      1.2500       0.6173E-006
     28.1250      2.5000       0.3322E-004
     28.1250      3.7500       0.1853E-003
     28.1250      5.0000       0.4417E-003
     28.1250      6.2500       0.7283E-003
     28.1250      7.5000       0.9701E-003
     28.1250      8.7500       0.1101E-002
     28.1250     10.0000       0.1086E-002
     28.1250     11.2500       0.9256E-003
     28.1250     12.5000       0.6639E-003
     28.1250     13.7500       0.3737E-003
     28.1250     15.0000       0.1371E-003
     28.1250     16.2500       0.1944E-004
     28.1250     17.5000       0.2170E-006
     28.1250     18.7500       0.2402E-010

     29.0625    -20.0000       0.3899E-011
     29.0625    -18.7500       0.1740E-011
     29.0625    -17.5000       0.2163E-006
     29.0625    -16.2500       0.1936E-004
     29.0625    -15.0000       0.1372E-003
     29.0625    -13.7500       0.3737E-003
     29.0625    -12.5000       0.6639E-003
     29.0625    -11.2500       0.9255E-003
     29.0625    -10.0000       0.1086E-002
     29.0625     -8.7500       0.1102E-002
     29.0625     -7.5000       0.9702E-003
     29.0625     -6.2500       0.7286E-003
     29.0625     -5.0000       0.4417E-003
     29.0625     -3.7500       0.1854E-003
     29.0625     -2.5000       0.3311E-004
     29.0625     -1.2500       0.6309E-006
     29.0625      0.0000       0.7379E-009
     29.0625      1.2500       0.6391E-006
     29.0625      2.5000       0.3310E-004
     29.0625      3.7500       0.1854E-003
     29.0625      5.0000       0.4415E-003
     29.0625      6.2500       0.7284E-003
     29.0625      7.5000       0.9701E-003
     29.0625      8.7500       0.1102E-002
     29.0625     10.0000       0.1086E-002
     29.0625     11.2500       0.9256E-003
     29.0625     12.5000       0.6638E-003
     29.0625     13.7500       0.3737E-003
     29.0625     15.0000       0.1371E-003
     29.0625     16.2500       0.1940E-004
     29.0625     17.5000       0.2189E-006
     29.0625     18.7500       0.1086E-010

