    -30.0000    -20.0000       0.1271E-010
    -30.0000    -18.7500       0.8702E-011
    -30.0000    -17.5000       0.2772E-006
    -30.0000    -16.2500       0.2267E-004
    -30.0000    -15.0000       0.1387E-003
    -30.0000    -13.7500       0.3057E-003
    -30.0000    -12.5000       0.4245E-003
    -30.0000    -11.2500       0.4648E-003
    -30.0000    -10.0000       0.4404E-003
    -30.0000     -8.7500       0.3898E-003
    -30.0000     -7.5000       0.3677E-003
    -30.0000     -6.2500       0.4129E-003
    -30.0000     -5.0000       0.5281E-003
    -30.0000     -3.7500       0.6929E-003
    -30.0000     -2.5000       0.8680E-003
    -30.0000     -1.2500       0.9983E-003
    -30.0000      0.0000       0.1045E-002
    -30.0000      1.2500       0.9983E-003
    -30.0000      2.5000       0.8680E-003
    -30.0000      3.7500       0.6929E-003
    -30.0000      5.0000       0.5281E-003
    -30.0000      6.2500       0.4129E-003
    -30.0000      7.5000       0.3677E-003
    -30.0000      8.7500       0.3898E-003
    -30.0000     10.0000       0.4404E-003
    -30.0000     11.2500       0.4648E-003
    -30.0000     12.5000       0.4245E-003
    -30.0000     13.7500       0.3057E-003
    -30.0000     15.0000       0.1387E-003
    -30.0000     16.2500       0.2267E-004
    -30.0000     17.5000       0.2772E-006
    -30.0000     18.7500       0.8701E-011

    -29.0625    -20.0000       0.1241E-010
    -29.0625    -18.7500       0.1062E-010
    -29.0625    -17.5000       0.1193E-006
    -29.0625    -16.2500       0.9350E-005
    -29.0625    -15.0000       0.5148E-004
    -29.0625    -13.7500       0.9607E-004
    -29.0625    -12.5000       0.1033E-003
    -29.0625    -11.2500       0.7734E-004
    -29.0625    -10.0000       0.3781E-004
    -29.0625     -8.7500       0.7365E-005
    -29.0625     -7.5000       0.1198E-004
    -29.0625     -6.2500       0.7164E-004
    -29.0625     -5.0000       0.1865E-003
    -29.0625     -3.7500       0.3435E-003
    -29.0625     -2.5000       0.5209E-003
    -29.0625     -1.2500       0.6860E-003
    -29.0625      0.0000       0.8134E-003
    -29.0625      1.2500       0.8975E-003
    -29.0625      2.5000       0.9426E-003
    -29.0625      3.7500       0.9603E-003
    -29.0625      5.0000       0.9746E-003
    -29.0625      6.2500       0.9979E-003
    -29.0625      7.5000       0.1027E-002
    -29.0625      8.7500       0.1047E-002
    -29.0625     10.0000       0.1028E-002
    -29.0625     11.2500       0.9281E-003
    -29.0625     12.5000       0.7316E-003
    -29.0625     13.7500       0.4621E-003
    -29.0625     15.0000       0.1896E-003
    -29.0625     16.2500       0.2897E-004
    -29.0625     17.5000       0.3376E-006
    -29.0625     18.7500       0.5053E-011

    -28.1250    -20.0000       0.1115E-010
    -28.1250    -18.7500       0.1037E-010
    -28.1250    -17.5000       0.9797E-008
    -28.1250    -16.2500       0.8297E-006
    -28.1250    -15.0000       0.5565E-005
    -28.1250    -13.7500       0.1962E-004
    -28.1250    -12.5000       0.5377E-004
    -28.1250    -11.2500       0.1108E-003
    -28.1250    -10.0000       0.1790E-003
    -28.1250     -8.7500       0.2405E-003
    -28.1250     -7.5000       0.2772E-003
    -28.1250     -6.2500       0.2785E-003
    -28.1250     -5.0000       0.2541E-003
    -28.1250     -3.7500       0.2228E-003
    -28.1250     -2.5000       0.2095E-003
    -28.1250     -1.2500       0.2377E-003
    -28.1250      0.0000       0.3230E-003
    -28.1250      1.2500       0.4730E-003
    -28.1250      2.5000       0.6786E-003
    -28.1250      3.7500       0.9083E-003
    -28.1250      5.0000       0.1129E-002
    -28.1250      6.2500       0.1307E-002
    -28.1250      7.5000       0.1404E-002
    -28.1250      8.7500       0.1394E-002
    -28.1250     10.0000       0.1278E-002
    -28.1250     11.2500       0.1056E-002
    -28.1250     12.5000       0.7518E-003
    -28.1250     13.7500       0.4264E-003
    -28.1250     15.0000       0.1591E-003
    -28.1250     16.2500       0.2264E-004
    -28.1250     17.5000       0.2508E-006
    -28.1250     18.7500       0.8995E-011

    -27.1875    -20.0000       0.1010E-010
    -27.1875    -18.7500       0.6863E-011
    -27.1875    -17.5000       0.4620E-007
    -27.1875    -16.2500       0.4689E-005
    -27.1875    -15.0000       0.4177E-004
    -27.1875    -13.7500       0.1444E-003
    -27.1875    -12.5000       0.3200E-003
    -27.1875    -11.2500       0.5354E-003
    -27.1875    -10.0000       0.7380E-003
    -27.1875     -8.7500       0.8810E-003
    -27.1875     -7.5000       0.9267E-003
    -27.1875     -6.2500       0.8489E-003
    -27.1875     -5.0000       0.6705E-003
    -27.1875     -3.7500       0.4383E-003
    -27.1875     -2.5000       0.2110E-003
    -27.1875     -1.2500       0.5194E-004
    -27.1875      0.0000       0.1005E-004
    -27.1875      1.2500       0.1016E-003
    -27.1875      2.5000       0.3102E-003
    -27.1875      3.7500       0.5830E-003
    -27.1875      5.0000       0.8553E-003
    -27.1875      6.2500       0.1066E-002
    -27.1875      7.5000       0.1164E-002
    -27.1875      8.7500       0.1125E-002
    -27.1875     10.0000       0.9699E-003
    -27.1875     11.2500       0.7349E-003
    -27.1875     12.5000       0.4674E-003
    -27.1875     13.7500       0.2303E-003
    -27.1875     15.0000       0.7417E-004
    -27.1875     16.2500       0.9303E-005
    -27.1875     17.5000       0.9390E-007
    -27.1875     18.7500       0.1693E-010

    -26.2500    -20.0000       0.1018E-010
    -26.2500    -18.7500       0.2377E-011
    -26.2500    -17.5000       0.1962E-006
    -26.2500    -16.2500       0.1750E-004
    -26.2500    -15.0000       0.1279E-003
    -26.2500    -13.7500       0.3593E-003
    -26.2500    -12.5000       0.6650E-003
    -26.2500    -11.2500       0.9730E-003
    -26.2500    -10.0000       0.1217E-002
    -26.2500     -8.7500       0.1359E-002
    -26.2500     -7.5000       0.1383E-002
    -26.2500     -6.2500       0.1275E-002
    -26.2500     -5.0000       0.1065E-002
    -26.2500     -3.7500       0.7981E-003
    -26.2500     -2.5000       0.5241E-003
    -26.2500     -1.2500       0.2944E-003
    -26.2500      0.0000       0.1534E-003
    -26.2500      1.2500       0.1141E-003
    -26.2500      2.5000       0.1651E-003
    -26.2500      3.7500       0.2733E-003
    -26.2500      5.0000       0.3955E-003
    -26.2500      6.2500       0.4885E-003
    -26.2500      7.5000       0.5207E-003
    -26.2500      8.7500       0.4766E-003
    -26.2500     10.0000       0.3759E-003
    -26.2500     11.2500       0.2499E-003
    -26.2500     12.5000       0.1307E-003
    -26.2500     13.7500       0.4802E-004
    -26.2500     15.0000       0.1035E-004
    -26.2500     16.2500       0.8185E-006
    -26.2500     17.5000       0.6387E-008
    -26.2500     18.7500       0.2150E-010

    -25.3125    -20.0000       0.1127E-010
    -25.3125    -18.7500       0.7130E-012
    -25.3125    -17.5000       0.3264E-006
    -25.3125    -16.2500       0.2786E-004
    -25.3125    -15.0000       0.1874E-003
    -25.3125    -13.7500       0.4734E-003
    -25.3125    -12.5000       0.7823E-003
    -25.3125    -11.2500       0.1035E-002
    -25.3125    -10.0000       0.1192E-002
    -25.3125     -8.7500       0.1251E-002
    -25.3125     -7.5000       0.1241E-002
    -25.3125     -6.2500       0.1180E-002
    -25.3125     -5.0000       0.1088E-002
    -25.3125     -3.7500       0.9824E-003
    -25.3125     -2.5000       0.8701E-003
    -25.3125     -1.2500       0.7489E-003
    -25.3125      0.0000       0.6251E-003
    -25.3125      1.2500       0.4993E-003
    -25.3125      2.5000       0.3725E-003
    -25.3125      3.7500       0.2547E-003
    -25.3125      5.0000       0.1586E-003
    -25.3125      6.2500       0.8758E-004
    -25.3125      7.5000       0.4436E-004
    -25.3125      8.7500       0.2573E-004
    -25.3125     10.0000       0.2416E-004
    -25.3125     11.2500       0.3194E-004
    -25.3125     12.5000       0.4119E-004
    -25.3125     13.7500       0.4165E-004
    -25.3125     15.0000       0.2438E-004
    -25.3125     16.2500       0.4728E-005
    -25.3125     17.5000       0.6620E-007
    -25.3125     18.7500       0.1822E-010

    -24.3750    -20.0000       0.1231E-010
    -24.3750    -18.7500       0.3858E-011
    -24.3750    -17.5000       0.3213E-006
    -24.3750    -16.2500       0.2658E-004
    -24.3750    -15.0000       0.1674E-003
    -24.3750    -13.7500       0.3853E-003
    -24.3750    -12.5000       0.5679E-003
    -24.3750    -11.2500       0.6671E-003
    -24.3750    -10.0000       0.6841E-003
    -24.3750     -8.7500       0.6525E-003
    -24.3750     -7.5000       0.6274E-003
    -24.3750     -6.2500       0.6470E-003
    -24.3750     -5.0000       0.7185E-003
    -24.3750     -3.7500       0.8278E-003
    -24.3750     -2.5000       0.9417E-003
    -24.3750     -1.2500       0.1012E-002
    -24.3750      0.0000       0.1006E-002
    -24.3750      1.2500       0.9142E-003
    -24.3750      2.5000       0.7477E-003
    -24.3750      3.7500       0.5439E-003
    -24.3750      5.0000       0.3557E-003
    -24.3750      6.2500       0.2205E-003
    -24.3750      7.5000       0.1600E-003
    -24.3750      8.7500       0.1740E-003
    -24.3750     10.0000       0.2283E-003
    -24.3750     11.2500       0.2755E-003
    -24.3750     12.5000       0.2787E-003
    -24.3750     13.7500       0.2169E-003
    -24.3750     15.0000       0.1038E-003
    -24.3750     16.2500       0.1755E-004
    -24.3750     17.5000       0.2202E-006
    -24.3750     18.7500       0.9554E-011

    -23.4375    -20.0000       0.1226E-010
    -23.4375    -18.7500       0.1010E-010
    -23.4375    -17.5000       0.1853E-006
    -23.4375    -16.2500       0.1479E-004
    -23.4375    -15.0000       0.8565E-004
    -23.4375    -13.7500       0.1733E-003
    -23.4375    -12.5000       0.2119E-003
    -23.4375    -11.2500       0.1949E-003
    -23.4375    -10.0000       0.1446E-003
    -23.4375     -8.7500       0.9448E-004
    -23.4375     -7.5000       0.8603E-004
    -23.4375     -6.2500       0.1496E-003
    -23.4375     -5.0000       0.2847E-003
    -23.4375     -3.7500       0.4713E-003
    -23.4375     -2.5000       0.6755E-003
    -23.4375     -1.2500       0.8494E-003
    -23.4375      0.0000       0.9574E-003
    -23.4375      1.2500       0.9906E-003
    -23.4375      2.5000       0.9572E-003
    -23.4375      3.7500       0.8834E-003
    -23.4375      5.0000       0.8113E-003
    -23.4375      6.2500       0.7686E-003
    -23.4375      7.5000       0.7644E-003
    -23.4375      8.7500       0.7890E-003
    -23.4375     10.0000       0.8062E-003
    -23.4375     11.2500       0.7634E-003
    -23.4375     12.5000       0.6317E-003
    -23.4375     13.7500       0.4179E-003
    -23.4375     15.0000       0.1780E-003
    -23.4375     16.2500       0.2790E-004
    -23.4375     17.5000       0.3316E-006
    -23.4375     18.7500       0.2808E-011

    -22.5000    -20.0000       0.1107E-010
    -22.5000    -18.7500       0.1531E-010
    -22.5000    -17.5000       0.3927E-007
    -22.5000    -16.2500       0.2962E-005
    -22.5000    -15.0000       0.1483E-004
    -22.5000    -13.7500       0.2573E-004
    -22.5000    -12.5000       0.3092E-004
    -22.5000    -11.2500       0.3886E-004
    -22.5000    -10.0000       0.5357E-004
    -22.5000     -8.7500       0.7420E-004
    -22.5000     -7.5000       0.9950E-004
    -22.5000     -6.2500       0.1307E-003
    -22.5000     -5.0000       0.1725E-003
    -22.5000     -3.7500       0.2297E-003
    -22.5000     -2.5000       0.3076E-003
    -22.5000     -1.2500       0.4061E-003
    -22.5000      0.0000       0.5231E-003
    -22.5000      1.2500       0.6607E-003
    -22.5000      2.5000       0.8152E-003
    -22.5000      3.7500       0.9717E-003
    -22.5000      5.0000       0.1120E-002
    -22.5000      6.2500       0.1244E-002
    -22.5000      7.5000       0.1319E-002
    -22.5000      8.7500       0.1323E-002
    -22.5000     10.0000       0.1244E-002
    -22.5000     11.2500       0.1062E-002
    -22.5000     12.5000       0.7865E-003
    -22.5000     13.7500       0.4660E-003
    -22.5000     15.0000       0.1810E-003
    -22.5000     16.2500       0.2656E-004
    -22.5000     17.5000       0.3014E-006
    -22.5000     18.7500       0.3762E-011

    -21.5625    -20.0000       0.9724E-011
    -21.5625    -18.7500       0.1626E-010
    -21.5625    -17.5000       0.1292E-007
    -21.5625    -16.2500       0.1620E-005
    -21.5625    -15.0000       0.1789E-004
    -21.5625    -13.7500       0.7393E-004
    -21.5625    -12.5000       0.1861E-003
    -21.5625    -11.2500       0.3381E-003
    -21.5625    -10.0000       0.4923E-003
    -21.5625     -8.7500       0.6097E-003
    -21.5625     -7.5000       0.6558E-003
    -21.5625     -6.2500       0.6072E-003
    -21.5625     -5.0000       0.4820E-003
    -21.5625     -3.7500       0.3182E-003
    -21.5625     -2.5000       0.1653E-003
    -21.5625     -1.2500       0.7557E-004
    -21.5625      0.0000       0.8821E-004
    -21.5625      1.2500       0.2171E-003
    -21.5625      2.5000       0.4476E-003
    -21.5625      3.7500       0.7304E-003
    -21.5625      5.0000       0.1008E-002
    -21.5625      6.2500       0.1225E-002
    -21.5625      7.5000       0.1333E-002
    -21.5625      8.7500       0.1303E-002
    -21.5625     10.0000       0.1153E-002
    -21.5625     11.2500       0.9063E-003
    -21.5625     12.5000       0.6058E-003
    -21.5625     13.7500       0.3186E-003
    -21.5625     15.0000       0.1102E-003
    -21.5625     16.2500       0.1474E-004
    -21.5625     17.5000       0.1565E-006
    -21.5625     18.7500       0.1158E-010

    -20.6250    -20.0000       0.9408E-011
    -20.6250    -18.7500       0.1315E-010
    -20.6250    -17.5000       0.1296E-006
    -20.6250    -16.2500       0.1196E-004
    -20.6250    -15.0000       0.9210E-004
    -20.6250    -13.7500       0.2750E-003
    -20.6250    -12.5000       0.5392E-003
    -20.6250    -11.2500       0.8259E-003
    -20.6250    -10.0000       0.1070E-002
    -20.6250     -8.7500       0.1224E-002
    -20.6250     -7.5000       0.1259E-002
    -20.6250     -6.2500       0.1155E-002
    -20.6250     -5.0000       0.9373E-003
    -20.6250     -3.7500       0.6579E-003
    -20.6250     -2.5000       0.3753E-003
    -20.6250     -1.2500       0.1521E-003
    -20.6250      0.0000       0.3987E-004
    -20.6250      1.2500       0.5446E-004
    -20.6250      2.5000       0.1810E-003
    -20.6250      3.7500       0.3738E-003
    -20.6250      5.0000       0.5750E-003
    -20.6250      6.2500       0.7288E-003
    -20.6250      7.5000       0.7928E-003
    -20.6250      8.7500       0.7464E-003
    -20.6250     10.0000       0.6144E-003
    -20.6250     11.2500       0.4346E-003
    -20.6250     12.5000       0.2499E-003
    -20.6250     13.7500       0.1065E-003
    -20.6250     15.0000       0.2848E-004
    -20.6250     16.2500       0.2933E-005
    -20.6250     17.5000       0.2556E-007
    -20.6250     18.7500       0.1952E-010

    -19.6875    -20.0000       0.1043E-010
    -19.6875    -18.7500       0.9217E-011
    -19.6875    -17.5000       0.2855E-006
    -19.6875    -16.2500       0.2478E-004
    -19.6875    -15.0000       0.1715E-003
    -19.6875    -13.7500       0.4501E-003
    -19.6875    -12.5000       0.7763E-003
    -19.6875    -11.2500       0.1069E-002
    -19.6875    -10.0000       0.1273E-002
    -19.6875     -8.7500       0.1371E-002
    -19.6875     -7.5000       0.1374E-002
    -19.6875     -6.2500       0.1287E-002
    -19.6875     -5.0000       0.1134E-002
    -19.6875     -3.7500       0.9466E-003
    -19.6875     -2.5000       0.7505E-003
    -19.6875     -1.2500       0.5675E-003
    -19.6875      0.0000       0.4212E-003
    -19.6875      1.2500       0.3177E-003
    -19.6875      2.5000       0.2528E-003
    -19.6875      3.7500       0.2188E-003
    -19.6875      5.0000       0.2049E-003
    -19.6875      6.2500       0.1950E-003
    -19.6875      7.5000       0.1782E-003
    -19.6875      8.7500       0.1468E-003
    -19.6875     10.0000       0.1058E-003
    -19.6875     11.2500       0.6558E-004
    -19.6875     12.5000       0.3510E-004
    -19.6875     13.7500       0.1833E-004
    -19.6875     15.0000       0.8473E-005
    -19.6875     16.2500       0.1640E-005
    -19.6875     17.5000       0.2495E-007
    -19.6875     18.7500       0.2092E-010

    -18.7500    -20.0000       0.1197E-010
    -18.7500    -18.7500       0.7725E-011
    -18.7500    -17.5000       0.3420E-006
    -18.7500    -16.2500       0.2869E-004
    -18.7500    -15.0000       0.1855E-003
    -18.7500    -13.7500       0.4438E-003
    -18.7500    -12.5000       0.6870E-003
    -18.7500    -11.2500       0.8515E-003
    -18.7500    -10.0000       0.9222E-003
    -18.7500     -8.7500       0.9221E-003
    -18.7500     -7.5000       0.8994E-003
    -18.7500     -6.2500       0.8871E-003
    -18.7500     -5.0000       0.8978E-003
    -18.7500     -3.7500       0.9281E-003
    -18.7500     -2.5000       0.9576E-003
    -18.7500     -1.2500       0.9521E-003
    -18.7500      0.0000       0.8925E-003
    -18.7500      1.2500       0.7722E-003
    -18.7500      2.5000       0.5990E-003
    -18.7500      3.7500       0.4035E-003
    -18.7500      5.0000       0.2276E-003
    -18.7500      6.2500       0.9924E-004
    -18.7500      7.5000       0.3607E-004
    -18.7500      8.7500       0.3821E-004
    -18.7500     10.0000       0.8024E-004
    -18.7500     11.2500       0.1280E-003
    -18.7500     12.5000       0.1527E-003
    -18.7500     13.7500       0.1325E-003
    -18.7500     15.0000       0.6799E-004
    -18.7500     16.2500       0.1201E-004
    -18.7500     17.5000       0.1552E-006
    -18.7500     18.7500       0.1499E-010

    -17.8125    -20.0000       0.1276E-010
    -17.8125    -18.7500       0.9116E-011
    -17.8125    -17.5000       0.2489E-006
    -17.8125    -16.2500       0.2022E-004
    -17.8125    -15.0000       0.1217E-003
    -17.8125    -13.7500       0.2616E-003
    -17.8125    -12.5000       0.3505E-003
    -17.8125    -11.2500       0.3666E-003
    -17.8125    -10.0000       0.3282E-003
    -17.8125     -8.7500       0.2737E-003
    -17.8125     -7.5000       0.2551E-003
    -17.8125     -6.2500       0.3094E-003
    -17.8125     -5.0000       0.4379E-003
    -17.8125     -3.7500       0.6188E-003
    -17.8125     -2.5000       0.8127E-003
    -17.8125     -1.2500       0.9646E-003
    -17.8125      0.0000       0.1035E-002
    -17.8125      1.2500       0.1014E-002
    -17.8125      2.5000       0.9116E-003
    -17.8125      3.7500       0.7635E-003
    -17.8125      5.0000       0.6229E-003
    -17.8125      6.2500       0.5269E-003
    -17.8125      7.5000       0.4934E-003
    -17.8125      8.7500       0.5177E-003
    -17.8125     10.0000       0.5605E-003
    -17.8125     11.2500       0.5663E-003
    -17.8125     12.5000       0.4979E-003
    -17.8125     13.7500       0.3475E-003
    -17.8125     15.0000       0.1541E-003
    -17.8125     16.2500       0.2482E-004
    -17.8125     17.5000       0.3003E-006
    -17.8125     18.7500       0.7433E-011

    -16.8750    -20.0000       0.1221E-010
    -16.8750    -18.7500       0.1083E-010
    -16.8750    -17.5000       0.8894E-007
    -16.8750    -16.2500       0.6891E-005
    -16.8750    -15.0000       0.3676E-004
    -16.8750    -13.7500       0.6538E-004
    -16.8750    -12.5000       0.6567E-004
    -16.8750    -11.2500       0.4488E-004
    -16.8750    -10.0000       0.1888E-004
    -16.8750     -8.7500       0.3145E-005
    -16.8750     -7.5000       0.1478E-004
    -16.8750     -6.2500       0.6771E-004
    -16.8750     -5.0000       0.1632E-003
    -16.8750     -3.7500       0.2932E-003
    -16.8750     -2.5000       0.4444E-003
    -16.8750     -1.2500       0.5939E-003
    -16.8750      0.0000       0.7231E-003
    -16.8750      1.2500       0.8289E-003
    -16.8750      2.5000       0.9131E-003
    -16.8750      3.7500       0.9786E-003
    -16.8750      5.0000       0.1039E-002
    -16.8750      6.2500       0.1097E-002
    -16.8750      7.5000       0.1142E-002
    -16.8750      8.7500       0.1158E-002
    -16.8750     10.0000       0.1119E-002
    -16.8750     11.2500       0.9901E-003
    -16.8750     12.5000       0.7638E-003
    -16.8750     13.7500       0.4721E-003
    -16.8750     15.0000       0.1903E-003
    -16.8750     16.2500       0.2869E-004
    -16.8750     17.5000       0.3313E-006
    -16.8750     18.7500       0.5250E-011

    -15.9375    -20.0000       0.1089E-010
    -15.9375    -18.7500       0.9901E-011
    -15.9375    -17.5000       0.4373E-008
    -15.9375    -16.2500       0.5505E-006
    -15.9375    -15.0000       0.6201E-005
    -15.9375    -13.7500       0.2964E-004
    -15.9375    -12.5000       0.8603E-004
    -15.9375    -11.2500       0.1731E-003
    -15.9375    -10.0000       0.2703E-003
    -15.9375     -8.7500       0.3519E-003
    -15.9375     -7.5000       0.3929E-003
    -15.9375     -6.2500       0.3776E-003
    -15.9375     -5.0000       0.3184E-003
    -15.9375     -3.7500       0.2412E-003
    -15.9375     -2.5000       0.1799E-003
    -15.9375     -1.2500       0.1689E-003
    -15.9375      0.0000       0.2326E-003
    -15.9375      1.2500       0.3808E-003
    -15.9375      2.5000       0.6022E-003
    -15.9375      3.7500       0.8581E-003
    -15.9375      5.0000       0.1106E-002
    -15.9375      6.2500       0.1303E-002
    -15.9375      7.5000       0.1406E-002
    -15.9375      8.7500       0.1390E-002
    -15.9375     10.0000       0.1259E-002
    -15.9375     11.2500       0.1024E-002
    -15.9375     12.5000       0.7143E-003
    -15.9375     13.7500       0.3957E-003
    -15.9375     15.0000       0.1444E-003
    -15.9375     16.2500       0.2018E-004
    -15.9375     17.5000       0.2207E-006
    -15.9375     18.7500       0.1048E-010

    -15.0000    -20.0000       0.1001E-010
    -15.0000    -18.7500       0.5924E-011
    -15.0000    -17.5000       0.7052E-007
    -15.0000    -16.2500       0.6838E-005
    -15.0000    -15.0000       0.5720E-004
    -15.0000    -13.7500       0.1862E-003
    -15.0000    -12.5000       0.3934E-003
    -15.0000    -11.2500       0.6368E-003
    -15.0000    -10.0000       0.8580E-003
    -15.0000     -8.7500       0.1009E-002
    -15.0000     -7.5000       0.1052E-002
    -15.0000     -6.2500       0.9627E-003
    -15.0000     -5.0000       0.7652E-003
    -15.0000     -3.7500       0.5089E-003
    -15.0000     -2.5000       0.2547E-003
    -15.0000     -1.2500       0.6785E-004
    -15.0000      0.0000       0.8782E-011
    -15.0000      1.2500       0.6780E-004
    -15.0000      2.5000       0.2548E-003
    -15.0000      3.7500       0.5088E-003
    -15.0000      5.0000       0.7653E-003
    -15.0000      6.2500       0.9627E-003
    -15.0000      7.5000       0.1052E-002
    -15.0000      8.7500       0.1009E-002
    -15.0000     10.0000       0.8579E-003
    -15.0000     11.2500       0.6369E-003
    -15.0000     12.5000       0.3934E-003
    -15.0000     13.7500       0.1862E-003
    -15.0000     15.0000       0.5718E-004
    -15.0000     16.2500       0.6848E-005
    -15.0000     17.5000       0.6672E-007
    -15.0000     18.7500       0.1834E-010

    -14.0625    -20.0000       0.1034E-010
    -14.0625    -18.7500       0.1708E-011
    -14.0625    -17.5000       0.2286E-006
    -14.0625    -16.2500       0.2016E-004
    -14.0625    -15.0000       0.1444E-003
    -14.0625    -13.7500       0.3957E-003
    -14.0625    -12.5000       0.7143E-003
    -14.0625    -11.2500       0.1023E-002
    -14.0625    -10.0000       0.1259E-002
    -14.0625     -8.7500       0.1390E-002
    -14.0625     -7.5000       0.1407E-002
    -14.0625     -6.2500       0.1303E-002
    -14.0625     -5.0000       0.1106E-002
    -14.0625     -3.7500       0.8581E-003
    -14.0625     -2.5000       0.6022E-003
    -14.0625     -1.2500       0.3807E-003
    -14.0625      0.0000       0.2327E-003
    -14.0625      1.2500       0.1688E-003
    -14.0625      2.5000       0.1800E-003
    -14.0625      3.7500       0.2410E-003
    -14.0625      5.0000       0.3185E-003
    -14.0625      6.2500       0.3775E-003
    -14.0625      7.5000       0.3929E-003
    -14.0625      8.7500       0.3519E-003
    -14.0625     10.0000       0.2702E-003
    -14.0625     11.2500       0.1731E-003
    -14.0625     12.5000       0.8597E-004
    -14.0625     13.7500       0.2968E-004
    -14.0625     15.0000       0.6189E-005
    -14.0625     16.2500       0.5495E-006
    -14.0625     17.5000       0.6317E-008
    -14.0625     18.7500       0.2150E-010

    -13.1250    -20.0000       0.1153E-010
    -13.1250    -18.7500       0.9573E-012
    -13.1250    -17.5000       0.3382E-006
    -13.1250    -16.2500       0.2868E-004
    -13.1250    -15.0000       0.1903E-003
    -13.1250    -13.7500       0.4721E-003
    -13.1250    -12.5000       0.7638E-003
    -13.1250    -11.2500       0.9901E-003
    -13.1250    -10.0000       0.1119E-002
    -13.1250     -8.7500       0.1158E-002
    -13.1250     -7.5000       0.1142E-002
    -13.1250     -6.2500       0.1097E-002
    -13.1250     -5.0000       0.1039E-002
    -13.1250     -3.7500       0.9786E-003
    -13.1250     -2.5000       0.9131E-003
    -13.1250     -1.2500       0.8289E-003
    -13.1250      0.0000       0.7231E-003
    -13.1250      1.2500       0.5938E-003
    -13.1250      2.5000       0.4445E-003
    -13.1250      3.7500       0.2931E-003
    -13.1250      5.0000       0.1633E-003
    -13.1250      6.2500       0.6765E-004
    -13.1250      7.5000       0.1481E-004
    -13.1250      8.7500       0.3157E-005
    -13.1250     10.0000       0.1884E-004
    -13.1250     11.2500       0.4493E-004
    -13.1250     12.5000       0.6564E-004
    -13.1250     13.7500       0.6540E-004
    -13.1250     15.0000       0.3675E-004
    -13.1250     16.2500       0.6884E-005
    -13.1250     17.5000       0.9333E-007
    -13.1250     18.7500       0.1672E-010

    -12.1875    -20.0000       0.1241E-010
    -12.1875    -18.7500       0.4974E-011
    -12.1875    -17.5000       0.3019E-006
    -12.1875    -16.2500       0.2482E-004
    -12.1875    -15.0000       0.1541E-003
    -12.1875    -13.7500       0.3475E-003
    -12.1875    -12.5000       0.4979E-003
    -12.1875    -11.2500       0.5663E-003
    -12.1875    -10.0000       0.5605E-003
    -12.1875     -8.7500       0.5177E-003
    -12.1875     -7.5000       0.4934E-003
    -12.1875     -6.2500       0.5269E-003
    -12.1875     -5.0000       0.6229E-003
    -12.1875     -3.7500       0.7635E-003
    -12.1875     -2.5000       0.9116E-003
    -12.1875     -1.2500       0.1014E-002
    -12.1875      0.0000       0.1035E-002
    -12.1875      1.2500       0.9645E-003
    -12.1875      2.5000       0.8127E-003
    -12.1875      3.7500       0.6187E-003
    -12.1875      5.0000       0.4379E-003
    -12.1875      6.2500       0.3094E-003
    -12.1875      7.5000       0.2551E-003
    -12.1875      8.7500       0.2737E-003
    -12.1875     10.0000       0.3282E-003
    -12.1875     11.2500       0.3666E-003
    -12.1875     12.5000       0.3505E-003
    -12.1875     13.7500       0.2616E-003
    -12.1875     15.0000       0.1217E-003
    -12.1875     16.2500       0.2022E-004
    -12.1875     17.5000       0.2504E-006
    -12.1875     18.7500       0.7800E-011

    -11.2500    -20.0000       0.1209E-010
    -11.2500    -18.7500       0.1136E-010
    -11.2500    -17.5000       0.1520E-006
    -11.2500    -16.2500       0.1202E-004
    -11.2500    -15.0000       0.6799E-004
    -11.2500    -13.7500       0.1325E-003
    -11.2500    -12.5000       0.1527E-003
    -11.2500    -11.2500       0.1280E-003
    -11.2500    -10.0000       0.8025E-004
    -11.2500     -8.7500       0.3821E-004
    -11.2500     -7.5000       0.3604E-004
    -11.2500     -6.2500       0.9928E-004
    -11.2500     -5.0000       0.2275E-003
    -11.2500     -3.7500       0.4036E-003
    -11.2500     -2.5000       0.5989E-003
    -11.2500     -1.2500       0.7723E-003
    -11.2500      0.0000       0.8925E-003
    -11.2500      1.2500       0.9521E-003
    -11.2500      2.5000       0.9575E-003
    -11.2500      3.7500       0.9281E-003
    -11.2500      5.0000       0.8978E-003
    -11.2500      6.2500       0.8871E-003
    -11.2500      7.5000       0.8993E-003
    -11.2500      8.7500       0.9221E-003
    -11.2500     10.0000       0.9222E-003
    -11.2500     11.2500       0.8515E-003
    -11.2500     12.5000       0.6870E-003
    -11.2500     13.7500       0.4438E-003
    -11.2500     15.0000       0.1855E-003
    -11.2500     16.2500       0.2870E-004
    -11.2500     17.5000       0.3381E-006
    -11.2500     18.7500       0.2299E-011

    -10.3125    -20.0000       0.1077E-010
    -10.3125    -18.7500       0.1589E-010
    -10.3125    -17.5000       0.2163E-007
    -10.3125    -16.2500       0.1644E-005
    -10.3125    -15.0000       0.8480E-005
    -10.3125    -13.7500       0.1830E-004
    -10.3125    -12.5000       0.3516E-004
    -10.3125    -11.2500       0.6551E-004
    -10.3125    -10.0000       0.1059E-003
    -10.3125     -8.7500       0.1467E-003
    -10.3125     -7.5000       0.1781E-003
    -10.3125     -6.2500       0.1951E-003
    -10.3125     -5.0000       0.2048E-003
    -10.3125     -3.7500       0.2189E-003
    -10.3125     -2.5000       0.2526E-003
    -10.3125     -1.2500       0.3178E-003
    -10.3125      0.0000       0.4211E-003
    -10.3125      1.2500       0.5675E-003
    -10.3125      2.5000       0.7505E-003
    -10.3125      3.7500       0.9466E-003
    -10.3125      5.0000       0.1134E-002
    -10.3125      6.2500       0.1287E-002
    -10.3125      7.5000       0.1374E-002
    -10.3125      8.7500       0.1372E-002
    -10.3125     10.0000       0.1273E-002
    -10.3125     11.2500       0.1069E-002
    -10.3125     12.5000       0.7762E-003
    -10.3125     13.7500       0.4501E-003
    -10.3125     15.0000       0.1715E-003
    -10.3125     16.2500       0.2479E-004
    -10.3125     17.5000       0.2784E-006
    -10.3125     18.7500       0.4934E-011

     -9.3750    -20.0000       0.9551E-011
     -9.3750    -18.7500       0.1589E-010
     -9.3750    -17.5000       0.2662E-007
     -9.3750    -16.2500       0.2928E-005
     -9.3750    -15.0000       0.2849E-004
     -9.3750    -13.7500       0.1065E-003
     -9.3750    -12.5000       0.2500E-003
     -9.3750    -11.2500       0.4345E-003
     -9.3750    -10.0000       0.6145E-003
     -9.3750     -8.7500       0.7463E-003
     -9.3750     -7.5000       0.7928E-003
     -9.3750     -6.2500       0.7289E-003
     -9.3750     -5.0000       0.5749E-003
     -9.3750     -3.7500       0.3739E-003
     -9.3750     -2.5000       0.1808E-003
     -9.3750     -1.2500       0.5455E-004
     -9.3750      0.0000       0.3984E-004
     -9.3750      1.2500       0.1521E-003
     -9.3750      2.5000       0.3753E-003
     -9.3750      3.7500       0.6578E-003
     -9.3750      5.0000       0.9374E-003
     -9.3750      6.2500       0.1155E-002
     -9.3750      7.5000       0.1259E-002
     -9.3750      8.7500       0.1224E-002
     -9.3750     10.0000       0.1070E-002
     -9.3750     11.2500       0.8259E-003
     -9.3750     12.5000       0.5391E-003
     -9.3750     13.7500       0.2750E-003
     -9.3750     15.0000       0.9208E-004
     -9.3750     16.2500       0.1197E-004
     -9.3750     17.5000       0.1244E-006
     -9.3750     18.7500       0.1342E-010

     -8.4375    -20.0000       0.9518E-011
     -8.4375    -18.7500       0.1230E-010
     -8.4375    -17.5000       0.1625E-006
     -8.4375    -16.2500       0.1473E-004
     -8.4375    -15.0000       0.1102E-003
     -8.4375    -13.7500       0.3185E-003
     -8.4375    -12.5000       0.6059E-003
     -8.4375    -11.2500       0.9062E-003
     -8.4375    -10.0000       0.1153E-002
     -8.4375     -8.7500       0.1303E-002
     -8.4375     -7.5000       0.1333E-002
     -8.4375     -6.2500       0.1225E-002
     -8.4375     -5.0000       0.1008E-002
     -8.4375     -3.7500       0.7305E-003
     -8.4375     -2.5000       0.4475E-003
     -8.4375     -1.2500       0.2171E-003
     -8.4375      0.0000       0.8825E-004
     -8.4375      1.2500       0.7548E-004
     -8.4375      2.5000       0.1654E-003
     -8.4375      3.7500       0.3181E-003
     -8.4375      5.0000       0.4821E-003
     -8.4375      6.2500       0.6071E-003
     -8.4375      7.5000       0.6557E-003
     -8.4375      8.7500       0.6098E-003
     -8.4375     10.0000       0.4922E-003
     -8.4375     11.2500       0.3381E-003
     -8.4375     12.5000       0.1860E-003
     -8.4375     13.7500       0.7396E-004
     -8.4375     15.0000       0.1788E-004
     -8.4375     16.2500       0.1623E-005
     -8.4375     17.5000       0.1294E-007
     -8.4375     18.7500       0.2046E-010

     -7.5000    -20.0000       0.1074E-010
     -7.5000    -18.7500       0.8657E-011
     -7.5000    -17.5000       0.3083E-006
     -7.5000    -16.2500       0.2655E-004
     -7.5000    -15.0000       0.1810E-003
     -7.5000    -13.7500       0.4660E-003
     -7.5000    -12.5000       0.7865E-003
     -7.5000    -11.2500       0.1062E-002
     -7.5000    -10.0000       0.1244E-002
     -7.5000     -8.7500       0.1323E-002
     -7.5000     -7.5000       0.1319E-002
     -7.5000     -6.2500       0.1244E-002
     -7.5000     -5.0000       0.1120E-002
     -7.5000     -3.7500       0.9716E-003
     -7.5000     -2.5000       0.8152E-003
     -7.5000     -1.2500       0.6607E-003
     -7.5000      0.0000       0.5232E-003
     -7.5000      1.2500       0.4060E-003
     -7.5000      2.5000       0.3077E-003
     -7.5000      3.7500       0.2296E-003
     -7.5000      5.0000       0.1726E-003
     -7.5000      6.2500       0.1306E-003
     -7.5000      7.5000       0.9952E-004
     -7.5000      8.7500       0.7423E-004
     -7.5000     10.0000       0.5352E-004
     -7.5000     11.2500       0.3891E-004
     -7.5000     12.5000       0.3087E-004
     -7.5000     13.7500       0.2576E-004
     -7.5000     15.0000       0.1483E-004
     -7.5000     16.2500       0.2957E-005
     -7.5000     17.5000       0.4299E-007
     -7.5000     18.7500       0.2021E-010

     -6.5625    -20.0000       0.1222E-010
     -6.5625    -18.7500       0.7822E-011
     -6.5625    -17.5000       0.3345E-006
     -6.5625    -16.2500       0.2789E-004
     -6.5625    -15.0000       0.1780E-003
     -6.5625    -13.7500       0.4179E-003
     -6.5625    -12.5000       0.6317E-003
     -6.5625    -11.2500       0.7634E-003
     -6.5625    -10.0000       0.8062E-003
     -6.5625     -8.7500       0.7890E-003
     -6.5625     -7.5000       0.7644E-003
     -6.5625     -6.2500       0.7686E-003
     -6.5625     -5.0000       0.8113E-003
     -6.5625     -3.7500       0.8834E-003
     -6.5625     -2.5000       0.9572E-003
     -6.5625     -1.2500       0.9906E-003
     -6.5625      0.0000       0.9574E-003
     -6.5625      1.2500       0.8493E-003
     -6.5625      2.5000       0.6755E-003
     -6.5625      3.7500       0.4712E-003
     -6.5625      5.0000       0.2847E-003
     -6.5625      6.2500       0.1495E-003
     -6.5625      7.5000       0.8605E-004
     -6.5625      8.7500       0.9448E-004
     -6.5625     10.0000       0.1446E-003
     -6.5625     11.2500       0.1949E-003
     -6.5625     12.5000       0.2119E-003
     -6.5625     13.7500       0.1733E-003
     -6.5625     15.0000       0.8565E-004
     -6.5625     16.2500       0.1478E-004
     -6.5625     17.5000       0.1878E-006
     -6.5625     18.7500       0.1336E-010

     -5.6250    -20.0000       0.1276E-010
     -5.6250    -18.7500       0.9543E-011
     -5.6250    -17.5000       0.2178E-006
     -5.6250    -16.2500       0.1756E-004
     -5.6250    -15.0000       0.1038E-003
     -5.6250    -13.7500       0.2169E-003
     -5.6250    -12.5000       0.2787E-003
     -5.6250    -11.2500       0.2755E-003
     -5.6250    -10.0000       0.2283E-003
     -5.6250     -8.7500       0.1740E-003
     -5.6250     -7.5000       0.1600E-003
     -5.6250     -6.2500       0.2205E-003
     -5.6250     -5.0000       0.3557E-003
     -5.6250     -3.7500       0.5439E-003
     -5.6250     -2.5000       0.7477E-003
     -5.6250     -1.2500       0.9143E-003
     -5.6250      0.0000       0.1006E-002
     -5.6250      1.2500       0.1012E-002
     -5.6250      2.5000       0.9417E-003
     -5.6250      3.7500       0.8278E-003
     -5.6250      5.0000       0.7185E-003
     -5.6250      6.2500       0.6470E-003
     -5.6250      7.5000       0.6274E-003
     -5.6250      8.7500       0.6525E-003
     -5.6250     10.0000       0.6841E-003
     -5.6250     11.2500       0.6671E-003
     -5.6250     12.5000       0.5679E-003
     -5.6250     13.7500       0.3853E-003
     -5.6250     15.0000       0.1674E-003
     -5.6250     16.2500       0.2659E-004
     -5.6250     17.5000       0.3185E-006
     -5.6250     18.7500       0.6399E-011

     -4.6875    -20.0000       0.1197E-010
     -4.6875    -18.7500       0.1092E-010
     -4.6875    -17.5000       0.6188E-007
     -4.6875    -16.2500       0.4734E-005
     -4.6875    -15.0000       0.2438E-004
     -4.6875    -13.7500       0.4163E-004
     -4.6875    -12.5000       0.4123E-004
     -4.6875    -11.2500       0.3189E-004
     -4.6875    -10.0000       0.2420E-004
     -4.6875     -8.7500       0.2571E-004
     -4.6875     -7.5000       0.4434E-004
     -4.6875     -6.2500       0.8764E-004
     -4.6875     -5.0000       0.1585E-003
     -4.6875     -3.7500       0.2548E-003
     -4.6875     -2.5000       0.3724E-003
     -4.6875     -1.2500       0.4994E-003
     -4.6875      0.0000       0.6251E-003
     -4.6875      1.2500       0.7490E-003
     -4.6875      2.5000       0.8701E-003
     -4.6875      3.7500       0.9825E-003
     -4.6875      5.0000       0.1088E-002
     -4.6875      6.2500       0.1180E-002
     -4.6875      7.5000       0.1241E-002
     -4.6875      8.7500       0.1251E-002
     -4.6875     10.0000       0.1192E-002
     -4.6875     11.2500       0.1035E-002
     -4.6875     12.5000       0.7823E-003
     -4.6875     13.7500       0.4734E-003
     -4.6875     15.0000       0.1874E-003
     -4.6875     16.2500       0.2788E-004
     -4.6875     17.5000       0.3189E-006
     -4.6875     18.7500       0.5770E-011

     -3.7500    -20.0000       0.1064E-010
     -3.7500    -18.7500       0.9299E-011
     -3.7500    -17.5000       0.5467E-008
     -3.7500    -16.2500       0.8174E-006
     -3.7500    -15.0000       0.1036E-004
     -3.7500    -13.7500       0.4798E-004
     -3.7500    -12.5000       0.1307E-003
     -3.7500    -11.2500       0.2498E-003
     -3.7500    -10.0000       0.3760E-003
     -3.7500     -8.7500       0.4765E-003
     -3.7500     -7.5000       0.5207E-003
     -3.7500     -6.2500       0.4886E-003
     -3.7500     -5.0000       0.3954E-003
     -3.7500     -3.7500       0.2734E-003
     -3.7500     -2.5000       0.1650E-003
     -3.7500     -1.2500       0.1142E-003
     -3.7500      0.0000       0.1533E-003
     -3.7500      1.2500       0.2944E-003
     -3.7500      2.5000       0.5242E-003
     -3.7500      3.7500       0.7981E-003
     -3.7500      5.0000       0.1065E-002
     -3.7500      6.2500       0.1275E-002
     -3.7500      7.5000       0.1383E-002
     -3.7500      8.7500       0.1359E-002
     -3.7500     10.0000       0.1217E-002
     -3.7500     11.2500       0.9730E-003
     -3.7500     12.5000       0.6650E-003
     -3.7500     13.7500       0.3593E-003
     -3.7500     15.0000       0.1279E-003
     -3.7500     16.2500       0.1751E-004
     -3.7500     17.5000       0.1887E-006
     -3.7500     18.7500       0.1209E-010

     -2.8125    -20.0000       0.9974E-011
     -2.8125    -18.7500       0.4972E-011
     -2.8125    -17.5000       0.9881E-007
     -2.8125    -16.2500       0.9291E-005
     -2.8125    -15.0000       0.7419E-004
     -2.8125    -13.7500       0.2303E-003
     -2.8125    -12.5000       0.4674E-003
     -2.8125    -11.2500       0.7349E-003
     -2.8125    -10.0000       0.9700E-003
     -2.8125     -8.7500       0.1124E-002
     -2.8125     -7.5000       0.1164E-002
     -2.8125     -6.2500       0.1066E-002
     -2.8125     -5.0000       0.8553E-003
     -2.8125     -3.7500       0.5831E-003
     -2.8125     -2.5000       0.3101E-003
     -2.8125     -1.2500       0.1017E-003
     -2.8125      0.0000       0.1007E-004
     -2.8125      1.2500       0.5187E-004
     -2.8125      2.5000       0.2111E-003
     -2.8125      3.7500       0.4382E-003
     -2.8125      5.0000       0.6706E-003
     -2.8125      6.2500       0.8489E-003
     -2.8125      7.5000       0.9266E-003
     -2.8125      8.7500       0.8811E-003
     -2.8125     10.0000       0.7379E-003
     -2.8125     11.2500       0.5354E-003
     -2.8125     12.5000       0.3200E-003
     -2.8125     13.7500       0.1444E-003
     -2.8125     15.0000       0.4175E-004
     -2.8125     16.2500       0.4697E-005
     -2.8125     17.5000       0.4359E-007
     -2.8125     18.7500       0.1955E-010

     -1.8750    -20.0000       0.1054E-010
     -1.8750    -18.7500       0.1187E-011
     -1.8750    -17.5000       0.2590E-006
     -1.8750    -16.2500       0.2262E-004
     -1.8750    -15.0000       0.1591E-003
     -1.8750    -13.7500       0.4264E-003
     -1.8750    -12.5000       0.7519E-003
     -1.8750    -11.2500       0.1056E-002
     -1.8750    -10.0000       0.1278E-002
     -1.8750     -8.7500       0.1394E-002
     -1.8750     -7.5000       0.1404E-002
     -1.8750     -6.2500       0.1307E-002
     -1.8750     -5.0000       0.1129E-002
     -1.8750     -3.7500       0.9083E-003
     -1.8750     -2.5000       0.6786E-003
     -1.8750     -1.2500       0.4730E-003
     -1.8750      0.0000       0.3231E-003
     -1.8750      1.2500       0.2376E-003
     -1.8750      2.5000       0.2096E-003
     -1.8750      3.7500       0.2226E-003
     -1.8750      5.0000       0.2542E-003
     -1.8750      6.2500       0.2784E-003
     -1.8750      7.5000       0.2772E-003
     -1.8750      8.7500       0.2405E-003
     -1.8750     10.0000       0.1790E-003
     -1.8750     11.2500       0.1109E-003
     -1.8750     12.5000       0.5371E-004
     -1.8750     13.7500       0.1966E-004
     -1.8750     15.0000       0.5556E-005
     -1.8750     16.2500       0.8268E-006
     -1.8750     17.5000       0.1262E-007
     -1.8750     18.7500       0.2116E-010

     -0.9375    -20.0000       0.1176E-010
     -0.9375    -18.7500       0.1406E-011
     -0.9375    -17.5000       0.3436E-006
     -0.9375    -16.2500       0.2896E-004
     -0.9375    -15.0000       0.1896E-003
     -0.9375    -13.7500       0.4621E-003
     -0.9375    -12.5000       0.7316E-003
     -0.9375    -11.2500       0.9281E-003
     -0.9375    -10.0000       0.1028E-002
     -0.9375     -8.7500       0.1047E-002
     -0.9375     -7.5000       0.1027E-002
     -0.9375     -6.2500       0.9979E-003
     -0.9375     -5.0000       0.9746E-003
     -0.9375     -3.7500       0.9602E-003
     -0.9375     -2.5000       0.9427E-003
     -0.9375     -1.2500       0.8975E-003
     -0.9375      0.0000       0.8134E-003
     -0.9375      1.2500       0.6860E-003
     -0.9375      2.5000       0.5210E-003
     -0.9375      3.7500       0.3434E-003
     -0.9375      5.0000       0.1866E-003
     -0.9375      6.2500       0.7159E-004
     -0.9375      7.5000       0.1201E-004
     -0.9375      8.7500       0.7371E-005
     -0.9375     10.0000       0.3778E-004
     -0.9375     11.2500       0.7737E-004
     -0.9375     12.5000       0.1033E-003
     -0.9375     13.7500       0.9608E-004
     -0.9375     15.0000       0.5148E-004
     -0.9375     16.2500       0.9343E-005
     -0.9375     17.5000       0.1235E-006
     -0.9375     18.7500       0.1504E-010

      0.0000    -20.0000       0.1245E-010
      0.0000    -18.7500       0.6192E-011
      0.0000    -17.5000       0.2777E-006
      0.0000    -16.2500       0.2267E-004
      0.0000    -15.0000       0.1387E-003
      0.0000    -13.7500       0.3057E-003
      0.0000    -12.5000       0.4246E-003
      0.0000    -11.2500       0.4648E-003
      0.0000    -10.0000       0.4404E-003
      0.0000     -8.7500       0.3898E-003
      0.0000     -7.5000       0.3677E-003
      0.0000     -6.2500       0.4129E-003
      0.0000     -5.0000       0.5281E-003
      0.0000     -3.7500       0.6929E-003
      0.0000     -2.5000       0.8680E-003
      0.0000     -1.2500       0.9983E-003
      0.0000      0.0000       0.1045E-002
      0.0000      1.2500       0.9983E-003
      0.0000      2.5000       0.8680E-003
      0.0000      3.7500       0.6929E-003
      0.0000      5.0000       0.5281E-003
      0.0000      6.2500       0.4129E-003
      0.0000      7.5000       0.3677E-003
      0.0000      8.7500       0.3898E-003
      0.0000     10.0000       0.4404E-003
      0.0000     11.2500       0.4648E-003
      0.0000     12.5000       0.4246E-003
      0.0000     13.7500       0.3057E-003
      0.0000     15.0000       0.1387E-003
      0.0000     16.2500       0.2267E-004
      0.0000     17.5000       0.2777E-006
      0.0000     18.7500       0.6193E-011

      0.9375    -20.0000       0.1188E-010
      0.9375    -18.7500       0.1255E-010
      0.9375    -17.5000       0.1196E-006
      0.9375    -16.2500       0.9350E-005
      0.9375    -15.0000       0.5148E-004
      0.9375    -13.7500       0.9607E-004
      0.9375    -12.5000       0.1033E-003
      0.9375    -11.2500       0.7734E-004
      0.9375    -10.0000       0.3781E-004
      0.9375     -8.7500       0.7364E-005
      0.9375     -7.5000       0.1198E-004
      0.9375     -6.2500       0.7164E-004
      0.9375     -5.0000       0.1865E-003
      0.9375     -3.7500       0.3435E-003
      0.9375     -2.5000       0.5209E-003
      0.9375     -1.2500       0.6860E-003
      0.9375      0.0000       0.8134E-003
      0.9375      1.2500       0.8975E-003
      0.9375      2.5000       0.9426E-003
      0.9375      3.7500       0.9603E-003
      0.9375      5.0000       0.9746E-003
      0.9375      6.2500       0.9979E-003
      0.9375      7.5000       0.1027E-002
      0.9375      8.7500       0.1047E-002
      0.9375     10.0000       0.1028E-002
      0.9375     11.2500       0.9281E-003
      0.9375     12.5000       0.7316E-003
      0.9375     13.7500       0.4621E-003
      0.9375     15.0000       0.1896E-003
      0.9375     16.2500       0.2897E-004
      0.9375     17.5000       0.3382E-006
      0.9375     18.7500       0.2141E-011

      1.8750    -20.0000       0.1047E-010
      1.8750    -18.7500       0.1628E-010
      1.8750    -17.5000       0.9847E-008
      1.8750    -16.2500       0.8297E-006
      1.8750    -15.0000       0.5565E-005
      1.8750    -13.7500       0.1962E-004
      1.8750    -12.5000       0.5377E-004
      1.8750    -11.2500       0.1108E-003
      1.8750    -10.0000       0.1790E-003
      1.8750     -8.7500       0.2405E-003
      1.8750     -7.5000       0.2772E-003
      1.8750     -6.2500       0.2785E-003
      1.8750     -5.0000       0.2541E-003
      1.8750     -3.7500       0.2228E-003
      1.8750     -2.5000       0.2095E-003
      1.8750     -1.2500       0.2377E-003
      1.8750      0.0000       0.3230E-003
      1.8750      1.2500       0.4730E-003
      1.8750      2.5000       0.6786E-003
      1.8750      3.7500       0.9083E-003
      1.8750      5.0000       0.1129E-002
      1.8750      6.2500       0.1307E-002
      1.8750      7.5000       0.1404E-002
      1.8750      8.7500       0.1394E-002
      1.8750     10.0000       0.1278E-002
      1.8750     11.2500       0.1056E-002
      1.8750     12.5000       0.7518E-003
      1.8750     13.7500       0.4264E-003
      1.8750     15.0000       0.1591E-003
      1.8750     16.2500       0.2264E-004
      1.8750     17.5000       0.2513E-006
      1.8750     18.7500       0.6358E-011

      2.8125    -20.0000       0.9429E-011
      2.8125    -18.7500       0.1536E-010
      2.8125    -17.5000       0.4598E-007
      2.8125    -16.2500       0.4690E-005
      2.8125    -15.0000       0.4177E-004
      2.8125    -13.7500       0.1444E-003
      2.8125    -12.5000       0.3200E-003
      2.8125    -11.2500       0.5354E-003
      2.8125    -10.0000       0.7380E-003
      2.8125     -8.7500       0.8810E-003
      2.8125     -7.5000       0.9267E-003
      2.8125     -6.2500       0.8489E-003
      2.8125     -5.0000       0.6705E-003
      2.8125     -3.7500       0.4383E-003
      2.8125     -2.5000       0.2110E-003
      2.8125     -1.2500       0.5194E-004
      2.8125      0.0000       0.1005E-004
      2.8125      1.2500       0.1016E-003
      2.8125      2.5000       0.3102E-003
      2.8125      3.7500       0.5830E-003
      2.8125      5.0000       0.8553E-003
      2.8125      6.2500       0.1066E-002
      2.8125      7.5000       0.1164E-002
      2.8125      8.7500       0.1125E-002
      2.8125     10.0000       0.9699E-003
      2.8125     11.2500       0.7349E-003
      2.8125     12.5000       0.4674E-003
      2.8125     13.7500       0.2303E-003
      2.8125     15.0000       0.7417E-004
      2.8125     16.2500       0.9302E-005
      2.8125     17.5000       0.9422E-007
      2.8125     18.7500       0.1519E-010

      3.7500    -20.0000       0.9682E-011
      3.7500    -18.7500       0.1146E-010
      3.7500    -17.5000       0.1957E-006
      3.7500    -16.2500       0.1750E-004
      3.7500    -15.0000       0.1279E-003
      3.7500    -13.7500       0.3593E-003
      3.7500    -12.5000       0.6650E-003
      3.7500    -11.2500       0.9730E-003
      3.7500    -10.0000       0.1217E-002
      3.7500     -8.7500       0.1359E-002
      3.7500     -7.5000       0.1383E-002
      3.7500     -6.2500       0.1275E-002
      3.7500     -5.0000       0.1065E-002
      3.7500     -3.7500       0.7981E-003
      3.7500     -2.5000       0.5241E-003
      3.7500     -1.2500       0.2944E-003
      3.7500      0.0000       0.1534E-003
      3.7500      1.2500       0.1141E-003
      3.7500      2.5000       0.1651E-003
      3.7500      3.7500       0.2733E-003
      3.7500      5.0000       0.3955E-003
      3.7500      6.2500       0.4885E-003
      3.7500      7.5000       0.5207E-003
      3.7500      8.7500       0.4766E-003
      3.7500     10.0000       0.3759E-003
      3.7500     11.2500       0.2499E-003
      3.7500     12.5000       0.1307E-003
      3.7500     13.7500       0.4802E-004
      3.7500     15.0000       0.1035E-004
      3.7500     16.2500       0.8182E-006
      3.7500     17.5000       0.6444E-008
      3.7500     18.7500       0.2108E-010

      4.6875    -20.0000       0.1106E-010
      4.6875    -18.7500       0.8221E-011
      4.6875    -17.5000       0.3259E-006
      4.6875    -16.2500       0.2787E-004
      4.6875    -15.0000       0.1874E-003
      4.6875    -13.7500       0.4734E-003
      4.6875    -12.5000       0.7823E-003
      4.6875    -11.2500       0.1035E-002
      4.6875    -10.0000       0.1192E-002
      4.6875     -8.7500       0.1251E-002
      4.6875     -7.5000       0.1241E-002
      4.6875     -6.2500       0.1180E-002
      4.6875     -5.0000       0.1088E-002
      4.6875     -3.7500       0.9824E-003
      4.6875     -2.5000       0.8701E-003
      4.6875     -1.2500       0.7489E-003
      4.6875      0.0000       0.6251E-003
      4.6875      1.2500       0.4993E-003
      4.6875      2.5000       0.3725E-003
      4.6875      3.7500       0.2547E-003
      4.6875      5.0000       0.1586E-003
      4.6875      6.2500       0.8758E-004
      4.6875      7.5000       0.4436E-004
      4.6875      8.7500       0.2573E-004
      4.6875     10.0000       0.2416E-004
      4.6875     11.2500       0.3194E-004
      4.6875     12.5000       0.4119E-004
      4.6875     13.7500       0.4165E-004
      4.6875     15.0000       0.2438E-004
      4.6875     16.2500       0.4728E-005
      4.6875     17.5000       0.6598E-007
      4.6875     18.7500       0.1922E-010

      5.6250    -20.0000       0.1244E-010
      5.6250    -18.7500       0.8031E-011
      5.6250    -17.5000       0.3208E-006
      5.6250    -16.2500       0.2658E-004
      5.6250    -15.0000       0.1674E-003
      5.6250    -13.7500       0.3853E-003
      5.6250    -12.5000       0.5679E-003
      5.6250    -11.2500       0.6671E-003
      5.6250    -10.0000       0.6840E-003
      5.6250     -8.7500       0.6525E-003
      5.6250     -7.5000       0.6274E-003
      5.6250     -6.2500       0.6470E-003
      5.6250     -5.0000       0.7185E-003
      5.6250     -3.7500       0.8278E-003
      5.6250     -2.5000       0.9417E-003
      5.6250     -1.2500       0.1012E-002
      5.6250      0.0000       0.1006E-002
      5.6250      1.2500       0.9142E-003
      5.6250      2.5000       0.7477E-003
      5.6250      3.7500       0.5439E-003
      5.6250      5.0000       0.3557E-003
      5.6250      6.2500       0.2205E-003
      5.6250      7.5000       0.1600E-003
      5.6250      8.7500       0.1740E-003
      5.6250     10.0000       0.2283E-003
      5.6250     11.2500       0.2755E-003
      5.6250     12.5000       0.2787E-003
      5.6250     13.7500       0.2169E-003
      5.6250     15.0000       0.1038E-003
      5.6250     16.2500       0.1756E-004
      5.6250     17.5000       0.2198E-006
      5.6250     18.7500       0.1173E-010

      6.5625    -20.0000       0.1269E-010
      6.5625    -18.7500       0.9956E-011
      6.5625    -17.5000       0.1849E-006
      6.5625    -16.2500       0.1479E-004
      6.5625    -15.0000       0.8565E-004
      6.5625    -13.7500       0.1733E-003
      6.5625    -12.5000       0.2119E-003
      6.5625    -11.2500       0.1949E-003
      6.5625    -10.0000       0.1446E-003
      6.5625     -8.7500       0.9449E-004
      6.5625     -7.5000       0.8603E-004
      6.5625     -6.2500       0.1496E-003
      6.5625     -5.0000       0.2847E-003
      6.5625     -3.7500       0.4713E-003
      6.5625     -2.5000       0.6755E-003
      6.5625     -1.2500       0.8494E-003
      6.5625      0.0000       0.9574E-003
      6.5625      1.2500       0.9906E-003
      6.5625      2.5000       0.9572E-003
      6.5625      3.7500       0.8834E-003
      6.5625      5.0000       0.8113E-003
      6.5625      6.2500       0.7686E-003
      6.5625      7.5000       0.7644E-003
      6.5625      8.7500       0.7890E-003
      6.5625     10.0000       0.8062E-003
      6.5625     11.2500       0.7634E-003
      6.5625     12.5000       0.6317E-003
      6.5625     13.7500       0.4179E-003
      6.5625     15.0000       0.1780E-003
      6.5625     16.2500       0.2790E-004
      6.5625     17.5000       0.3310E-006
      6.5625     18.7500       0.5639E-011

      7.5000    -20.0000       0.1171E-010
      7.5000    -18.7500       0.1088E-010
      7.5000    -17.5000       0.3911E-007
      7.5000    -16.2500       0.2963E-005
      7.5000    -15.0000       0.1483E-004
      7.5000    -13.7500       0.2573E-004
      7.5000    -12.5000       0.3092E-004
      7.5000    -11.2500       0.3886E-004
      7.5000    -10.0000       0.5357E-004
      7.5000     -8.7500       0.7420E-004
      7.5000     -7.5000       0.9950E-004
      7.5000     -6.2500       0.1307E-003
      7.5000     -5.0000       0.1725E-003
      7.5000     -3.7500       0.2297E-003
      7.5000     -2.5000       0.3076E-003
      7.5000     -1.2500       0.4061E-003
      7.5000      0.0000       0.5231E-003
      7.5000      1.2500       0.6607E-003
      7.5000      2.5000       0.8152E-003
      7.5000      3.7500       0.9717E-003
      7.5000      5.0000       0.1120E-002
      7.5000      6.2500       0.1244E-002
      7.5000      7.5000       0.1319E-002
      7.5000      8.7500       0.1323E-002
      7.5000     10.0000       0.1244E-002
      7.5000     11.2500       0.1062E-002
      7.5000     12.5000       0.7865E-003
      7.5000     13.7500       0.4660E-003
      7.5000     15.0000       0.1810E-003
      7.5000     16.2500       0.2656E-004
      7.5000     17.5000       0.3009E-006
      7.5000     18.7500       0.6590E-011

      8.4375    -20.0000       0.1042E-010
      8.4375    -18.7500       0.8578E-011
      8.4375    -17.5000       0.1304E-007
      8.4375    -16.2500       0.1620E-005
      8.4375    -15.0000       0.1789E-004
      8.4375    -13.7500       0.7393E-004
      8.4375    -12.5000       0.1861E-003
      8.4375    -11.2500       0.3381E-003
      8.4375    -10.0000       0.4923E-003
      8.4375     -8.7500       0.6097E-003
      8.4375     -7.5000       0.6558E-003
      8.4375     -6.2500       0.6072E-003
      8.4375     -5.0000       0.4820E-003
      8.4375     -3.7500       0.3182E-003
      8.4375     -2.5000       0.1653E-003
      8.4375     -1.2500       0.7557E-004
      8.4375      0.0000       0.8821E-004
      8.4375      1.2500       0.2171E-003
      8.4375      2.5000       0.4476E-003
      8.4375      3.7500       0.7304E-003
      8.4375      5.0000       0.1008E-002
      8.4375      6.2500       0.1225E-002
      8.4375      7.5000       0.1333E-002
      8.4375      8.7500       0.1303E-002
      8.4375     10.0000       0.1153E-002
      8.4375     11.2500       0.9063E-003
      8.4375     12.5000       0.6058E-003
      8.4375     13.7500       0.3186E-003
      8.4375     15.0000       0.1102E-003
      8.4375     16.2500       0.1474E-004
      8.4375     17.5000       0.1561E-006
      8.4375     18.7500       0.1374E-010

      9.3750    -20.0000       0.9992E-011
      9.3750    -18.7500       0.4041E-011
      9.3750    -17.5000       0.1300E-006
      9.3750    -16.2500       0.1195E-004
      9.3750    -15.0000       0.9210E-004
      9.3750    -13.7500       0.2750E-003
      9.3750    -12.5000       0.5392E-003
      9.3750    -11.2500       0.8258E-003
      9.3750    -10.0000       0.1070E-002
      9.3750     -8.7500       0.1224E-002
      9.3750     -7.5000       0.1259E-002
      9.3750     -6.2500       0.1155E-002
      9.3750     -5.0000       0.9373E-003
      9.3750     -3.7500       0.6579E-003
      9.3750     -2.5000       0.3753E-003
      9.3750     -1.2500       0.1521E-003
      9.3750      0.0000       0.3987E-004
      9.3750      1.2500       0.5446E-004
      9.3750      2.5000       0.1810E-003
      9.3750      3.7500       0.3738E-003
      9.3750      5.0000       0.5750E-003
      9.3750      6.2500       0.7288E-003
      9.3750      7.5000       0.7928E-003
      9.3750      8.7500       0.7464E-003
      9.3750     10.0000       0.6144E-003
      9.3750     11.2500       0.4346E-003
      9.3750     12.5000       0.2499E-003
      9.3750     13.7500       0.1065E-003
      9.3750     15.0000       0.2848E-004
      9.3750     16.2500       0.2933E-005
      9.3750     17.5000       0.2539E-007
      9.3750     18.7500       0.2050E-010

     10.3125    -20.0000       0.1077E-010
     10.3125    -18.7500       0.8364E-012
     10.3125    -17.5000       0.2860E-006
     10.3125    -16.2500       0.2478E-004
     10.3125    -15.0000       0.1715E-003
     10.3125    -13.7500       0.4501E-003
     10.3125    -12.5000       0.7763E-003
     10.3125    -11.2500       0.1069E-002
     10.3125    -10.0000       0.1273E-002
     10.3125     -8.7500       0.1371E-002
     10.3125     -7.5000       0.1374E-002
     10.3125     -6.2500       0.1287E-002
     10.3125     -5.0000       0.1134E-002
     10.3125     -3.7500       0.9466E-003
     10.3125     -2.5000       0.7505E-003
     10.3125     -1.2500       0.5675E-003
     10.3125      0.0000       0.4212E-003
     10.3125      1.2500       0.3177E-003
     10.3125      2.5000       0.2528E-003
     10.3125      3.7500       0.2188E-003
     10.3125      5.0000       0.2049E-003
     10.3125      6.2500       0.1950E-003
     10.3125      7.5000       0.1782E-003
     10.3125      8.7500       0.1468E-003
     10.3125     10.0000       0.1058E-003
     10.3125     11.2500       0.6558E-004
     10.3125     12.5000       0.3510E-004
     10.3125     13.7500       0.1833E-004
     10.3125     15.0000       0.8473E-005
     10.3125     16.2500       0.1640E-005
     10.3125     17.5000       0.2506E-007
     10.3125     18.7500       0.2048E-010

     11.2500    -20.0000       0.1198E-010
     11.2500    -18.7500       0.2050E-011
     11.2500    -17.5000       0.3426E-006
     11.2500    -16.2500       0.2869E-004
     11.2500    -15.0000       0.1855E-003
     11.2500    -13.7500       0.4438E-003
     11.2500    -12.5000       0.6870E-003
     11.2500    -11.2500       0.8515E-003
     11.2500    -10.0000       0.9222E-003
     11.2500     -8.7500       0.9221E-003
     11.2500     -7.5000       0.8994E-003
     11.2500     -6.2500       0.8871E-003
     11.2500     -5.0000       0.8978E-003
     11.2500     -3.7500       0.9281E-003
     11.2500     -2.5000       0.9576E-003
     11.2500     -1.2500       0.9521E-003
     11.2500      0.0000       0.8925E-003
     11.2500      1.2500       0.7722E-003
     11.2500      2.5000       0.5990E-003
     11.2500      3.7500       0.4035E-003
     11.2500      5.0000       0.2276E-003
     11.2500      6.2500       0.9924E-004
     11.2500      7.5000       0.3607E-004
     11.2500      8.7500       0.3821E-004
     11.2500     10.0000       0.8024E-004
     11.2500     11.2500       0.1280E-003
     11.2500     12.5000       0.1527E-003
     11.2500     13.7500       0.1325E-003
     11.2500     15.0000       0.6799E-004
     11.2500     16.2500       0.1201E-004
     11.2500     17.5000       0.1555E-006
     11.2500     18.7500       0.1324E-010

     12.1875    -20.0000       0.1244E-010
     12.1875    -18.7500       0.7477E-011
     12.1875    -17.5000       0.2494E-006
     12.1875    -16.2500       0.2022E-004
     12.1875    -15.0000       0.1217E-003
     12.1875    -13.7500       0.2616E-003
     12.1875    -12.5000       0.3505E-003
     12.1875    -11.2500       0.3666E-003
     12.1875    -10.0000       0.3282E-003
     12.1875     -8.7500       0.2737E-003
     12.1875     -7.5000       0.2551E-003
     12.1875     -6.2500       0.3094E-003
     12.1875     -5.0000       0.4379E-003
     12.1875     -3.7500       0.6188E-003
     12.1875     -2.5000       0.8127E-003
     12.1875     -1.2500       0.9646E-003
     12.1875      0.0000       0.1035E-002
     12.1875      1.2500       0.1014E-002
     12.1875      2.5000       0.9116E-003
     12.1875      3.7500       0.7635E-003
     12.1875      5.0000       0.6229E-003
     12.1875      6.2500       0.5269E-003
     12.1875      7.5000       0.4934E-003
     12.1875      8.7500       0.5177E-003
     12.1875     10.0000       0.5605E-003
     12.1875     11.2500       0.5663E-003
     12.1875     12.5000       0.4980E-003
     12.1875     13.7500       0.3475E-003
     12.1875     15.0000       0.1541E-003
     12.1875     16.2500       0.2482E-004
     12.1875     17.5000       0.3008E-006
     12.1875     18.7500       0.4792E-011

     13.1250    -20.0000       0.1163E-010
     13.1250    -18.7500       0.1362E-010
     13.1250    -17.5000       0.8921E-007
     13.1250    -16.2500       0.6891E-005
     13.1250    -15.0000       0.3676E-004
     13.1250    -13.7500       0.6538E-004
     13.1250    -12.5000       0.6567E-004
     13.1250    -11.2500       0.4488E-004
     13.1250    -10.0000       0.1888E-004
     13.1250     -8.7500       0.3145E-005
     13.1250     -7.5000       0.1478E-004
     13.1250     -6.2500       0.6771E-004
     13.1250     -5.0000       0.1632E-003
     13.1250     -3.7500       0.2932E-003
     13.1250     -2.5000       0.4444E-003
     13.1250     -1.2500       0.5939E-003
     13.1250      0.0000       0.7231E-003
     13.1250      1.2500       0.8289E-003
     13.1250      2.5000       0.9131E-003
     13.1250      3.7500       0.9786E-003
     13.1250      5.0000       0.1039E-002
     13.1250      6.2500       0.1097E-002
     13.1250      7.5000       0.1142E-002
     13.1250      8.7500       0.1158E-002
     13.1250     10.0000       0.1119E-002
     13.1250     11.2500       0.9901E-003
     13.1250     12.5000       0.7638E-003
     13.1250     13.7500       0.4721E-003
     13.1250     15.0000       0.1903E-003
     13.1250     16.2500       0.2869E-004
     13.1250     17.5000       0.3319E-006
     13.1250     18.7500       0.2339E-011

     14.0625    -20.0000       0.1019E-010
     14.0625    -18.7500       0.1646E-010
     14.0625    -17.5000       0.4368E-008
     14.0625    -16.2500       0.5506E-006
     14.0625    -15.0000       0.6201E-005
     14.0625    -13.7500       0.2964E-004
     14.0625    -12.5000       0.8603E-004
     14.0625    -11.2500       0.1731E-003
     14.0625    -10.0000       0.2703E-003
     14.0625     -8.7500       0.3519E-003
     14.0625     -7.5000       0.3929E-003
     14.0625     -6.2500       0.3776E-003
     14.0625     -5.0000       0.3184E-003
     14.0625     -3.7500       0.2412E-003
     14.0625     -2.5000       0.1799E-003
     14.0625     -1.2500       0.1689E-003
     14.0625      0.0000       0.2326E-003
     14.0625      1.2500       0.3808E-003
     14.0625      2.5000       0.6022E-003
     14.0625      3.7500       0.8581E-003
     14.0625      5.0000       0.1106E-002
     14.0625      6.2500       0.1303E-002
     14.0625      7.5000       0.1406E-002
     14.0625      8.7500       0.1390E-002
     14.0625     10.0000       0.1259E-002
     14.0625     11.2500       0.1024E-002
     14.0625     12.5000       0.7143E-003
     14.0625     13.7500       0.3957E-003
     14.0625     15.0000       0.1444E-003
     14.0625     16.2500       0.2018E-004
     14.0625     17.5000       0.2212E-006
     14.0625     18.7500       0.7981E-011

     15.0000    -20.0000       0.9363E-011
     15.0000    -18.7500       0.1471E-010
     15.0000    -17.5000       0.7024E-007
     15.0000    -16.2500       0.6839E-005
     15.0000    -15.0000       0.5720E-004
     15.0000    -13.7500       0.1862E-003
     15.0000    -12.5000       0.3934E-003
     15.0000    -11.2500       0.6368E-003
     15.0000    -10.0000       0.8580E-003
     15.0000     -8.7500       0.1009E-002
     15.0000     -7.5000       0.1052E-002
     15.0000     -6.2500       0.9627E-003
     15.0000     -5.0000       0.7652E-003
     15.0000     -3.7500       0.5089E-003
     15.0000     -2.5000       0.2547E-003
     15.0000     -1.2500       0.6785E-004
     15.0000      0.0000       0.8796E-011
     15.0000      1.2500       0.6780E-004
     15.0000      2.5000       0.2548E-003
     15.0000      3.7500       0.5088E-003
     15.0000      5.0000       0.7653E-003
     15.0000      6.2500       0.9627E-003
     15.0000      7.5000       0.1052E-002
     15.0000      8.7500       0.1009E-002
     15.0000     10.0000       0.8579E-003
     15.0000     11.2500       0.6369E-003
     15.0000     12.5000       0.3934E-003
     15.0000     13.7500       0.1862E-003
     15.0000     15.0000       0.5718E-004
     15.0000     16.2500       0.6847E-005
     15.0000     17.5000       0.6699E-007
     15.0000     18.7500       0.1684E-010

     15.9375    -20.0000       0.9894E-011
     15.9375    -18.7500       0.1064E-010
     15.9375    -17.5000       0.2281E-006
     15.9375    -16.2500       0.2016E-004
     15.9375    -15.0000       0.1444E-003
     15.9375    -13.7500       0.3957E-003
     15.9375    -12.5000       0.7143E-003
     15.9375    -11.2500       0.1023E-002
     15.9375    -10.0000       0.1259E-002
     15.9375     -8.7500       0.1390E-002
     15.9375     -7.5000       0.1407E-002
     15.9375     -6.2500       0.1303E-002
     15.9375     -5.0000       0.1106E-002
     15.9375     -3.7500       0.8581E-003
     15.9375     -2.5000       0.6022E-003
     15.9375     -1.2500       0.3807E-003
     15.9375      0.0000       0.2327E-003
     15.9375      1.2500       0.1688E-003
     15.9375      2.5000       0.1800E-003
     15.9375      3.7500       0.2410E-003
     15.9375      5.0000       0.3185E-003
     15.9375      6.2500       0.3775E-003
     15.9375      7.5000       0.3929E-003
     15.9375      8.7500       0.3519E-003
     15.9375     10.0000       0.2702E-003
     15.9375     11.2500       0.1731E-003
     15.9375     12.5000       0.8597E-004
     15.9375     13.7500       0.2968E-004
     15.9375     15.0000       0.6190E-005
     15.9375     16.2500       0.5494E-006
     15.9375     17.5000       0.6318E-008
     15.9375     18.7500       0.2136E-010

     16.8750    -20.0000       0.1138E-010
     16.8750    -18.7500       0.7920E-011
     16.8750    -17.5000       0.3376E-006
     16.8750    -16.2500       0.2868E-004
     16.8750    -15.0000       0.1903E-003
     16.8750    -13.7500       0.4721E-003
     16.8750    -12.5000       0.7638E-003
     16.8750    -11.2500       0.9901E-003
     16.8750    -10.0000       0.1119E-002
     16.8750     -8.7500       0.1158E-002
     16.8750     -7.5000       0.1142E-002
     16.8750     -6.2500       0.1097E-002
     16.8750     -5.0000       0.1039E-002
     16.8750     -3.7500       0.9786E-003
     16.8750     -2.5000       0.9131E-003
     16.8750     -1.2500       0.8289E-003
     16.8750      0.0000       0.7231E-003
     16.8750      1.2500       0.5938E-003
     16.8750      2.5000       0.4445E-003
     16.8750      3.7500       0.2931E-003
     16.8750      5.0000       0.1633E-003
     16.8750      6.2500       0.6765E-004
     16.8750      7.5000       0.1481E-004
     16.8750      8.7500       0.3157E-005
     16.8750     10.0000       0.1884E-004
     16.8750     11.2500       0.4493E-004
     16.8750     12.5000       0.6564E-004
     16.8750     13.7500       0.6540E-004
     16.8750     15.0000       0.3675E-004
     16.8750     16.2500       0.6885E-005
     16.8750     17.5000       0.9306E-007
     16.8750     18.7500       0.1798E-010

     17.8125    -20.0000       0.1260E-010
     17.8125    -18.7500       0.8332E-011
     17.8125    -17.5000       0.3014E-006
     17.8125    -16.2500       0.2482E-004
     17.8125    -15.0000       0.1541E-003
     17.8125    -13.7500       0.3475E-003
     17.8125    -12.5000       0.4979E-003
     17.8125    -11.2500       0.5663E-003
     17.8125    -10.0000       0.5605E-003
     17.8125     -8.7500       0.5177E-003
     17.8125     -7.5000       0.4934E-003
     17.8125     -6.2500       0.5269E-003
     17.8125     -5.0000       0.6229E-003
     17.8125     -3.7500       0.7635E-003
     17.8125     -2.5000       0.9116E-003
     17.8125     -1.2500       0.1014E-002
     17.8125      0.0000       0.1035E-002
     17.8125      1.2500       0.9645E-003
     17.8125      2.5000       0.8127E-003
     17.8125      3.7500       0.6187E-003
     17.8125      5.0000       0.4379E-003
     17.8125      6.2500       0.3094E-003
     17.8125      7.5000       0.2551E-003
     17.8125      8.7500       0.2737E-003
     17.8125     10.0000       0.3282E-003
     17.8125     11.2500       0.3666E-003
     17.8125     12.5000       0.3505E-003
     17.8125     13.7500       0.2616E-003
     17.8125     15.0000       0.1217E-003
     17.8125     16.2500       0.2022E-004
     17.8125     17.5000       0.2500E-006
     17.8125     18.7500       0.1015E-010

     18.7500    -20.0000       0.1258E-010
     18.7500    -18.7500       0.1033E-010
     18.7500    -17.5000       0.1517E-006
     18.7500    -16.2500       0.1202E-004
     18.7500    -15.0000       0.6799E-004
     18.7500    -13.7500       0.1325E-003
     18.7500    -12.5000       0.1527E-003
     18.7500    -11.2500       0.1280E-003
     18.7500    -10.0000       0.8025E-004
     18.7500     -8.7500       0.3821E-004
     18.7500     -7.5000       0.3604E-004
     18.7500     -6.2500       0.9928E-004
     18.7500     -5.0000       0.2275E-003
     18.7500     -3.7500       0.4036E-003
     18.7500     -2.5000       0.5989E-003
     18.7500     -1.2500       0.7723E-003
     18.7500      0.0000       0.8925E-003
     18.7500      1.2500       0.9521E-003
     18.7500      2.5000       0.9575E-003
     18.7500      3.7500       0.9281E-003
     18.7500      5.0000       0.8978E-003
     18.7500      6.2500       0.8871E-003
     18.7500      7.5000       0.8993E-003
     18.7500      8.7500       0.9221E-003
     18.7500     10.0000       0.9222E-003
     18.7500     11.2500       0.8515E-003
     18.7500     12.5000       0.6870E-003
     18.7500     13.7500       0.4438E-003
     18.7500     15.0000       0.1855E-003
     18.7500     16.2500       0.2870E-004
     18.7500     17.5000       0.3375E-006
     18.7500     18.7500       0.5184E-011

     19.6875    -20.0000       0.1143E-010
     19.6875    -18.7500       0.1070E-010
     19.6875    -17.5000       0.2153E-007
     19.6875    -16.2500       0.1644E-005
     19.6875    -15.0000       0.8480E-005
     19.6875    -13.7500       0.1830E-004
     19.6875    -12.5000       0.3516E-004
     19.6875    -11.2500       0.6551E-004
     19.6875    -10.0000       0.1059E-003
     19.6875     -8.7500       0.1467E-003
     19.6875     -7.5000       0.1781E-003
     19.6875     -6.2500       0.1951E-003
     19.6875     -5.0000       0.2048E-003
     19.6875     -3.7500       0.2189E-003
     19.6875     -2.5000       0.2526E-003
     19.6875     -1.2500       0.3178E-003
     19.6875      0.0000       0.4211E-003
     19.6875      1.2500       0.5675E-003
     19.6875      2.5000       0.7505E-003
     19.6875      3.7500       0.9466E-003
     19.6875      5.0000       0.1134E-002
     19.6875      6.2500       0.1287E-002
     19.6875      7.5000       0.1374E-002
     19.6875      8.7500       0.1372E-002
     19.6875     10.0000       0.1273E-002
     19.6875     11.2500       0.1069E-002
     19.6875     12.5000       0.7762E-003
     19.6875     13.7500       0.4501E-003
     19.6875     15.0000       0.1715E-003
     19.6875     16.2500       0.2479E-004
     19.6875     17.5000       0.2779E-006
     19.6875     18.7500       0.7680E-011

     20.6250    -20.0000       0.1024E-010
     20.6250    -18.7500       0.7757E-011
     20.6250    -17.5000       0.2679E-007
     20.6250    -16.2500       0.2927E-005
     20.6250    -15.0000       0.2850E-004
     20.6250    -13.7500       0.1065E-003
     20.6250    -12.5000       0.2500E-003
     20.6250    -11.2500       0.4345E-003
     20.6250    -10.0000       0.6145E-003
     20.6250     -8.7500       0.7463E-003
     20.6250     -7.5000       0.7928E-003
     20.6250     -6.2500       0.7288E-003
     20.6250     -5.0000       0.5749E-003
     20.6250     -3.7500       0.3739E-003
     20.6250     -2.5000       0.1808E-003
     20.6250     -1.2500       0.5455E-004
     20.6250      0.0000       0.3984E-004
     20.6250      1.2500       0.1521E-003
     20.6250      2.5000       0.3753E-003
     20.6250      3.7500       0.6578E-003
     20.6250      5.0000       0.9374E-003
     20.6250      6.2500       0.1155E-002
     20.6250      7.5000       0.1259E-002
     20.6250      8.7500       0.1224E-002
     20.6250     10.0000       0.1070E-002
     20.6250     11.2500       0.8259E-003
     20.6250     12.5000       0.5391E-003
     20.6250     13.7500       0.2750E-003
     20.6250     15.0000       0.9208E-004
     20.6250     16.2500       0.1197E-004
     20.6250     17.5000       0.1241E-006
     20.6250     18.7500       0.1538E-010

     21.5625    -20.0000       0.1006E-010
     21.5625    -18.7500       0.3165E-011
     21.5625    -17.5000       0.1629E-006
     21.5625    -16.2500       0.1472E-004
     21.5625    -15.0000       0.1102E-003
     21.5625    -13.7500       0.3185E-003
     21.5625    -12.5000       0.6059E-003
     21.5625    -11.2500       0.9062E-003
     21.5625    -10.0000       0.1153E-002
     21.5625     -8.7500       0.1303E-002
     21.5625     -7.5000       0.1333E-002
     21.5625     -6.2500       0.1225E-002
     21.5625     -5.0000       0.1008E-002
     21.5625     -3.7500       0.7305E-003
     21.5625     -2.5000       0.4475E-003
     21.5625     -1.2500       0.2171E-003
     21.5625      0.0000       0.8825E-004
     21.5625      1.2500       0.7548E-004
     21.5625      2.5000       0.1654E-003
     21.5625      3.7500       0.3181E-003
     21.5625      5.0000       0.4821E-003
     21.5625      6.2500       0.6071E-003
     21.5625      7.5000       0.6557E-003
     21.5625      8.7500       0.6098E-003
     21.5625     10.0000       0.4922E-003
     21.5625     11.2500       0.3381E-003
     21.5625     12.5000       0.1860E-003
     21.5625     13.7500       0.7397E-004
     21.5625     15.0000       0.1788E-004
     21.5625     16.2500       0.1623E-005
     21.5625     17.5000       0.1283E-007
     21.5625     18.7500       0.2117E-010

     22.5000    -20.0000       0.1102E-010
     22.5000    -18.7500       0.6744E-012
     22.5000    -17.5000       0.3088E-006
     22.5000    -16.2500       0.2655E-004
     22.5000    -15.0000       0.1810E-003
     22.5000    -13.7500       0.4660E-003
     22.5000    -12.5000       0.7865E-003
     22.5000    -11.2500       0.1062E-002
     22.5000    -10.0000       0.1244E-002
     22.5000     -8.7500       0.1323E-002
     22.5000     -7.5000       0.1319E-002
     22.5000     -6.2500       0.1244E-002
     22.5000     -5.0000       0.1120E-002
     22.5000     -3.7500       0.9716E-003
     22.5000     -2.5000       0.8152E-003
     22.5000     -1.2500       0.6607E-003
     22.5000      0.0000       0.5232E-003
     22.5000      1.2500       0.4060E-003
     22.5000      2.5000       0.3077E-003
     22.5000      3.7500       0.2296E-003
     22.5000      5.0000       0.1726E-003
     22.5000      6.2500       0.1306E-003
     22.5000      7.5000       0.9952E-004
     22.5000      8.7500       0.7423E-004
     22.5000     10.0000       0.5352E-004
     22.5000     11.2500       0.3891E-004
     22.5000     12.5000       0.3087E-004
     22.5000     13.7500       0.2576E-004
     22.5000     15.0000       0.1483E-004
     22.5000     16.2500       0.2957E-005
     22.5000     17.5000       0.4315E-007
     22.5000     18.7500       0.1949E-010

     23.4375    -20.0000       0.1217E-010
     23.4375    -18.7500       0.2874E-011
     23.4375    -17.5000       0.3350E-006
     23.4375    -16.2500       0.2789E-004
     23.4375    -15.0000       0.1780E-003
     23.4375    -13.7500       0.4179E-003
     23.4375    -12.5000       0.6317E-003
     23.4375    -11.2500       0.7634E-003
     23.4375    -10.0000       0.8062E-003
     23.4375     -8.7500       0.7890E-003
     23.4375     -7.5000       0.7644E-003
     23.4375     -6.2500       0.7686E-003
     23.4375     -5.0000       0.8113E-003
     23.4375     -3.7500       0.8834E-003
     23.4375     -2.5000       0.9572E-003
     23.4375     -1.2500       0.9906E-003
     23.4375      0.0000       0.9574E-003
     23.4375      1.2500       0.8493E-003
     23.4375      2.5000       0.6755E-003
     23.4375      3.7500       0.4712E-003
     23.4375      5.0000       0.2847E-003
     23.4375      6.2500       0.1495E-003
     23.4375      7.5000       0.8605E-004
     23.4375      8.7500       0.9448E-004
     23.4375     10.0000       0.1446E-003
     23.4375     11.2500       0.1949E-003
     23.4375     12.5000       0.2119E-003
     23.4375     13.7500       0.1733E-003
     23.4375     15.0000       0.8565E-004
     23.4375     16.2500       0.1478E-004
     23.4375     17.5000       0.1882E-006
     23.4375     18.7500       0.1139E-010

     24.3750    -20.0000       0.1238E-010
     24.3750    -18.7500       0.8792E-011
     24.3750    -17.5000       0.2182E-006
     24.3750    -16.2500       0.1756E-004
     24.3750    -15.0000       0.1038E-003
     24.3750    -13.7500       0.2169E-003
     24.3750    -12.5000       0.2787E-003
     24.3750    -11.2500       0.2755E-003
     24.3750    -10.0000       0.2283E-003
     24.3750     -8.7500       0.1740E-003
     24.3750     -7.5000       0.1600E-003
     24.3750     -6.2500       0.2205E-003
     24.3750     -5.0000       0.3557E-003
     24.3750     -3.7500       0.5439E-003
     24.3750     -2.5000       0.7477E-003
     24.3750     -1.2500       0.9143E-003
     24.3750      0.0000       0.1006E-002
     24.3750      1.2500       0.1012E-002
     24.3750      2.5000       0.9417E-003
     24.3750      3.7500       0.8278E-003
     24.3750      5.0000       0.7185E-003
     24.3750      6.2500       0.6470E-003
     24.3750      7.5000       0.6274E-003
     24.3750      8.7500       0.6525E-003
     24.3750     10.0000       0.6841E-003
     24.3750     11.2500       0.6671E-003
     24.3750     12.5000       0.5679E-003
     24.3750     13.7500       0.3853E-003
     24.3750     15.0000       0.1674E-003
     24.3750     16.2500       0.2659E-004
     24.3750     17.5000       0.3190E-006
     24.3750     18.7500       0.3650E-011

     25.3125    -20.0000       0.1136E-010
     25.3125    -18.7500       0.1455E-010
     25.3125    -17.5000       0.6209E-007
     25.3125    -16.2500       0.4734E-005
     25.3125    -15.0000       0.2438E-004
     25.3125    -13.7500       0.4163E-004
     25.3125    -12.5000       0.4123E-004
     25.3125    -11.2500       0.3189E-004
     25.3125    -10.0000       0.2420E-004
     25.3125     -8.7500       0.2571E-004
     25.3125     -7.5000       0.4434E-004
     25.3125     -6.2500       0.8764E-004
     25.3125     -5.0000       0.1585E-003
     25.3125     -3.7500       0.2548E-003
     25.3125     -2.5000       0.3724E-003
     25.3125     -1.2500       0.4994E-003
     25.3125      0.0000       0.6251E-003
     25.3125      1.2500       0.7490E-003
     25.3125      2.5000       0.8701E-003
     25.3125      3.7500       0.9825E-003
     25.3125      5.0000       0.1088E-002
     25.3125      6.2500       0.1180E-002
     25.3125      7.5000       0.1241E-002
     25.3125      8.7500       0.1251E-002
     25.3125     10.0000       0.1192E-002
     25.3125     11.2500       0.1035E-002
     25.3125     12.5000       0.7823E-003
     25.3125     13.7500       0.4734E-003
     25.3125     15.0000       0.1874E-003
     25.3125     16.2500       0.2788E-004
     25.3125     17.5000       0.3195E-006
     25.3125     18.7500       0.2886E-011

     26.2500    -20.0000       0.9941E-011
     26.2500    -18.7500       0.1646E-010
     26.2500    -17.5000       0.5405E-008
     26.2500    -16.2500       0.8176E-006
     26.2500    -15.0000       0.1036E-004
     26.2500    -13.7500       0.4798E-004
     26.2500    -12.5000       0.1307E-003
     26.2500    -11.2500       0.2498E-003
     26.2500    -10.0000       0.3760E-003
     26.2500     -8.7500       0.4766E-003
     26.2500     -7.5000       0.5207E-003
     26.2500     -6.2500       0.4886E-003
     26.2500     -5.0000       0.3954E-003
     26.2500     -3.7500       0.2734E-003
     26.2500     -2.5000       0.1650E-003
     26.2500     -1.2500       0.1142E-003
     26.2500      0.0000       0.1533E-003
     26.2500      1.2500       0.2944E-003
     26.2500      2.5000       0.5242E-003
     26.2500      3.7500       0.7981E-003
     26.2500      5.0000       0.1065E-002
     26.2500      6.2500       0.1275E-002
     26.2500      7.5000       0.1383E-002
     26.2500      8.7500       0.1359E-002
     26.2500     10.0000       0.1217E-002
     26.2500     11.2500       0.9730E-003
     26.2500     12.5000       0.6650E-003
     26.2500     13.7500       0.3593E-003
     26.2500     15.0000       0.1279E-003
     26.2500     16.2500       0.1751E-004
     26.2500     17.5000       0.1892E-006
     26.2500     18.7500       0.9742E-011

     27.1875    -20.0000       0.9356E-011
     27.1875    -18.7500       0.1397E-010
     27.1875    -17.5000       0.9849E-007
     27.1875    -16.2500       0.9292E-005
     27.1875    -15.0000       0.7419E-004
     27.1875    -13.7500       0.2303E-003
     27.1875    -12.5000       0.4674E-003
     27.1875    -11.2500       0.7349E-003
     27.1875    -10.0000       0.9700E-003
     27.1875     -8.7500       0.1124E-002
     27.1875     -7.5000       0.1164E-002
     27.1875     -6.2500       0.1066E-002
     27.1875     -5.0000       0.8553E-003
     27.1875     -3.7500       0.5831E-003
     27.1875     -2.5000       0.3101E-003
     27.1875     -1.2500       0.1017E-003
     27.1875      0.0000       0.1007E-004
     27.1875      1.2500       0.5187E-004
     27.1875      2.5000       0.2111E-003
     27.1875      3.7500       0.4382E-003
     27.1875      5.0000       0.6706E-003
     27.1875      6.2500       0.8489E-003
     27.1875      7.5000       0.9266E-003
     27.1875      8.7500       0.8811E-003
     27.1875     10.0000       0.7379E-003
     27.1875     11.2500       0.5354E-003
     27.1875     12.5000       0.3200E-003
     27.1875     13.7500       0.1444E-003
     27.1875     15.0000       0.4175E-004
     27.1875     16.2500       0.4697E-005
     27.1875     17.5000       0.4381E-007
     27.1875     18.7500       0.1830E-010

     28.1250    -20.0000       0.1015E-010
     28.1250    -18.7500       0.9884E-011
     28.1250    -17.5000       0.2585E-006
     28.1250    -16.2500       0.2262E-004
     28.1250    -15.0000       0.1591E-003
     28.1250    -13.7500       0.4264E-003
     28.1250    -12.5000       0.7519E-003
     28.1250    -11.2500       0.1056E-002
     28.1250    -10.0000       0.1278E-002
     28.1250     -8.7500       0.1394E-002
     28.1250     -7.5000       0.1404E-002
     28.1250     -6.2500       0.1307E-002
     28.1250     -5.0000       0.1129E-002
     28.1250     -3.7500       0.9083E-003
     28.1250     -2.5000       0.6786E-003
     28.1250     -1.2500       0.4730E-003
     28.1250      0.0000       0.3231E-003
     28.1250      1.2500       0.2376E-003
     28.1250      2.5000       0.2096E-003
     28.1250      3.7500       0.2226E-003
     28.1250      5.0000       0.2542E-003
     28.1250      6.2500       0.2784E-003
     28.1250      7.5000       0.2772E-003
     28.1250      8.7500       0.2405E-003
     28.1250     10.0000       0.1790E-003
     28.1250     11.2500       0.1109E-003
     28.1250     12.5000       0.5371E-004
     28.1250     13.7500       0.1965E-004
     28.1250     15.0000       0.5556E-005
     28.1250     16.2500       0.8268E-006
     28.1250     17.5000       0.1257E-007
     28.1250     18.7500       0.2131E-010

     29.0625    -20.0000       0.1169E-010
     29.0625    -18.7500       0.7755E-011
     29.0625    -17.5000       0.3431E-006
     29.0625    -16.2500       0.2896E-004
     29.0625    -15.0000       0.1896E-003
     29.0625    -13.7500       0.4621E-003
     29.0625    -12.5000       0.7316E-003
     29.0625    -11.2500       0.9281E-003
     29.0625    -10.0000       0.1028E-002
     29.0625     -8.7500       0.1047E-002
     29.0625     -7.5000       0.1027E-002
     29.0625     -6.2500       0.9979E-003
     29.0625     -5.0000       0.9746E-003
     29.0625     -3.7500       0.9602E-003
     29.0625     -2.5000       0.9427E-003
     29.0625     -1.2500       0.8975E-003
     29.0625      0.0000       0.8134E-003
     29.0625      1.2500       0.6860E-003
     29.0625      2.5000       0.5210E-003
     29.0625      3.7500       0.3434E-003
     29.0625      5.0000       0.1866E-003
     29.0625      6.2500       0.7159E-004
     29.0625      7.5000       0.1201E-004
     29.0625      8.7500       0.7371E-005
     29.0625     10.0000       0.3778E-004
     29.0625     11.2500       0.7737E-004
     29.0625     12.5000       0.1033E-003
     29.0625     13.7500       0.9608E-004
     29.0625     15.0000       0.5148E-004
     29.0625     16.2500       0.9344E-005
     29.0625     17.5000       0.1232E-006
     29.0625     18.7500       0.1655E-010

