    -30.0000    -20.0000       0.2505E-011
    -30.0000    -18.7500       0.1293E-010
    -30.0000    -17.5000       0.2127E-006
    -30.0000    -16.2500       0.1894E-004
    -30.0000    -15.0000       0.1343E-003
    -30.0000    -13.7500       0.3656E-003
    -30.0000    -12.5000       0.6492E-003
    -30.0000    -11.2500       0.9054E-003
    -30.0000    -10.0000       0.1064E-002
    -30.0000     -8.7500       0.1087E-002
    -30.0000     -7.5000       0.9685E-003
    -30.0000     -6.2500       0.7432E-003
    -30.0000     -5.0000       0.4678E-003
    -30.0000     -3.7500       0.2131E-003
    -30.0000     -2.5000       0.4750E-004
    -30.0000     -1.2500       0.1863E-005
    -30.0000      0.0000       0.3206E-007
    -30.0000      1.2500       0.1863E-005
    -30.0000      2.5000       0.4750E-004
    -30.0000      3.7500       0.2131E-003
    -30.0000      5.0000       0.4678E-003
    -30.0000      6.2500       0.7432E-003
    -30.0000      7.5000       0.9685E-003
    -30.0000      8.7500       0.1087E-002
    -30.0000     10.0000       0.1064E-002
    -30.0000     11.2500       0.9054E-003
    -30.0000     12.5000       0.6492E-003
    -30.0000     13.7500       0.3656E-003
    -30.0000     15.0000       0.1343E-003
    -30.0000     16.2500       0.1894E-004
    -30.0000     17.5000       0.2127E-006
    -30.0000     18.7500       0.1293E-010

    -29.0625    -20.0000       0.1974E-011
    -29.0625    -18.7500       0.2628E-010
    -29.0625    -17.5000       0.2106E-006
    -29.0625    -16.2500       0.1894E-004
    -29.0625    -15.0000       0.1343E-003
    -29.0625    -13.7500       0.3654E-003
    -29.0625    -12.5000       0.6493E-003
    -29.0625    -11.2500       0.9053E-003
    -29.0625    -10.0000       0.1064E-002
    -29.0625     -8.7500       0.1086E-002
    -29.0625     -7.5000       0.9687E-003
    -29.0625     -6.2500       0.7431E-003
    -29.0625     -5.0000       0.4679E-003
    -29.0625     -3.7500       0.2130E-003
    -29.0625     -2.5000       0.4757E-004
    -29.0625     -1.2500       0.1836E-005
    -29.0625      0.0000       0.2625E-007
    -29.0625      1.2500       0.1835E-005
    -29.0625      2.5000       0.4750E-004
    -29.0625      3.7500       0.2130E-003
    -29.0625      5.0000       0.4678E-003
    -29.0625      6.2500       0.7433E-003
    -29.0625      7.5000       0.9686E-003
    -29.0625      8.7500       0.1087E-002
    -29.0625     10.0000       0.1064E-002
    -29.0625     11.2500       0.9056E-003
    -29.0625     12.5000       0.6491E-003
    -29.0625     13.7500       0.3657E-003
    -29.0625     15.0000       0.1342E-003
    -29.0625     16.2500       0.1894E-004
    -29.0625     17.5000       0.2128E-006
    -29.0625     18.7500       0.3474E-011

    -28.1250    -20.0000       0.2234E-011
    -28.1250    -18.7500       0.3763E-010
    -28.1250    -17.5000       0.2074E-006
    -28.1250    -16.2500       0.1895E-004
    -28.1250    -15.0000       0.1343E-003
    -28.1250    -13.7500       0.3653E-003
    -28.1250    -12.5000       0.6492E-003
    -28.1250    -11.2500       0.9052E-003
    -28.1250    -10.0000       0.1065E-002
    -28.1250     -8.7500       0.1086E-002
    -28.1250     -7.5000       0.9689E-003
    -28.1250     -6.2500       0.7431E-003
    -28.1250     -5.0000       0.4680E-003
    -28.1250     -3.7500       0.2129E-003
    -28.1250     -2.5000       0.4760E-004
    -28.1250     -1.2500       0.1791E-005
    -28.1250      0.0000       0.1146E-007
    -28.1250      1.2500       0.1777E-005
    -28.1250      2.5000       0.4756E-004
    -28.1250      3.7500       0.2129E-003
    -28.1250      5.0000       0.4679E-003
    -28.1250      6.2500       0.7433E-003
    -28.1250      7.5000       0.9690E-003
    -28.1250      8.7500       0.1087E-002
    -28.1250     10.0000       0.1064E-002
    -28.1250     11.2500       0.9055E-003
    -28.1250     12.5000       0.6491E-003
    -28.1250     13.7500       0.3656E-003
    -28.1250     15.0000       0.1342E-003
    -28.1250     16.2500       0.1894E-004
    -28.1250     17.5000       0.2106E-006
    -28.1250     18.7500       0.2334E-011

    -27.1875    -20.0000       0.6371E-011
    -27.1875    -18.7500       0.3986E-010
    -27.1875    -17.5000       0.2059E-006
    -27.1875    -16.2500       0.1895E-004
    -27.1875    -15.0000       0.1342E-003
    -27.1875    -13.7500       0.3653E-003
    -27.1875    -12.5000       0.6491E-003
    -27.1875    -11.2500       0.9053E-003
    -27.1875    -10.0000       0.1065E-002
    -27.1875     -8.7500       0.1086E-002
    -27.1875     -7.5000       0.9691E-003
    -27.1875     -6.2500       0.7432E-003
    -27.1875     -5.0000       0.4680E-003
    -27.1875     -3.7500       0.2129E-003
    -27.1875     -2.5000       0.4758E-004
    -27.1875     -1.2500       0.1769E-005
    -27.1875      0.0000       0.8351E-009
    -27.1875      1.2500       0.1740E-005
    -27.1875      2.5000       0.4763E-004
    -27.1875      3.7500       0.2128E-003
    -27.1875      5.0000       0.4681E-003
    -27.1875      6.2500       0.7432E-003
    -27.1875      7.5000       0.9692E-003
    -27.1875      8.7500       0.1086E-002
    -27.1875     10.0000       0.1065E-002
    -27.1875     11.2500       0.9052E-003
    -27.1875     12.5000       0.6492E-003
    -27.1875     13.7500       0.3653E-003
    -27.1875     15.0000       0.1343E-003
    -27.1875     16.2500       0.1894E-004
    -27.1875     17.5000       0.2081E-006
    -27.1875     18.7500       0.5028E-011

    -26.2500    -20.0000       0.1527E-010
    -26.2500    -18.7500       0.3134E-010
    -26.2500    -17.5000       0.2074E-006
    -26.2500    -16.2500       0.1895E-004
    -26.2500    -15.0000       0.1342E-003
    -26.2500    -13.7500       0.3655E-003
    -26.2500    -12.5000       0.6491E-003
    -26.2500    -11.2500       0.9054E-003
    -26.2500    -10.0000       0.1064E-002
    -26.2500     -8.7500       0.1087E-002
    -26.2500     -7.5000       0.9690E-003
    -26.2500     -6.2500       0.7434E-003
    -26.2500     -5.0000       0.4679E-003
    -26.2500     -3.7500       0.2129E-003
    -26.2500     -2.5000       0.4752E-004
    -26.2500     -1.2500       0.1789E-005
    -26.2500      0.0000       0.3814E-008
    -26.2500      1.2500       0.1756E-005
    -26.2500      2.5000       0.4766E-004
    -26.2500      3.7500       0.2128E-003
    -26.2500      5.0000       0.4682E-003
    -26.2500      6.2500       0.7430E-003
    -26.2500      7.5000       0.9692E-003
    -26.2500      8.7500       0.1086E-002
    -26.2500     10.0000       0.1065E-002
    -26.2500     11.2500       0.9051E-003
    -26.2500     12.5000       0.6493E-003
    -26.2500     13.7500       0.3652E-003
    -26.2500     15.0000       0.1343E-003
    -26.2500     16.2500       0.1894E-004
    -26.2500     17.5000       0.2076E-006
    -26.2500     18.7500       0.5648E-011

    -25.3125    -20.0000       0.2574E-010
    -25.3125    -18.7500       0.1724E-010
    -25.3125    -17.5000       0.2107E-006
    -25.3125    -16.2500       0.1894E-004
    -25.3125    -15.0000       0.1342E-003
    -25.3125    -13.7500       0.3657E-003
    -25.3125    -12.5000       0.6491E-003
    -25.3125    -11.2500       0.9055E-003
    -25.3125    -10.0000       0.1064E-002
    -25.3125     -8.7500       0.1087E-002
    -25.3125     -7.5000       0.9687E-003
    -25.3125     -6.2500       0.7434E-003
    -25.3125     -5.0000       0.4678E-003
    -25.3125     -3.7500       0.2130E-003
    -25.3125     -2.5000       0.4748E-004
    -25.3125     -1.2500       0.1833E-005
    -25.3125      0.0000       0.1775E-007
    -25.3125      1.2500       0.1812E-005
    -25.3125      2.5000       0.4761E-004
    -25.3125      3.7500       0.2130E-003
    -25.3125      5.0000       0.4680E-003
    -25.3125      6.2500       0.7430E-003
    -25.3125      7.5000       0.9689E-003
    -25.3125      8.7500       0.1086E-002
    -25.3125     10.0000       0.1065E-002
    -25.3125     11.2500       0.9051E-003
    -25.3125     12.5000       0.6494E-003
    -25.3125     13.7500       0.3653E-003
    -25.3125     15.0000       0.1343E-003
    -25.3125     16.2500       0.1894E-004
    -25.3125     17.5000       0.2095E-006
    -25.3125     18.7500       0.2940E-011

    -24.3750    -20.0000       0.3225E-010
    -24.3750    -18.7500       0.5580E-011
    -24.3750    -17.5000       0.2129E-006
    -24.3750    -16.2500       0.1893E-004
    -24.3750    -15.0000       0.1343E-003
    -24.3750    -13.7500       0.3657E-003
    -24.3750    -12.5000       0.6492E-003
    -24.3750    -11.2500       0.9055E-003
    -24.3750    -10.0000       0.1064E-002
    -24.3750     -8.7500       0.1087E-002
    -24.3750     -7.5000       0.9685E-003
    -24.3750     -6.2500       0.7432E-003
    -24.3750     -5.0000       0.4678E-003
    -24.3750     -3.7500       0.2131E-003
    -24.3750     -2.5000       0.4749E-004
    -24.3750     -1.2500       0.1862E-005
    -24.3750      0.0000       0.3026E-007
    -24.3750      1.2500       0.1858E-005
    -24.3750      2.5000       0.4753E-004
    -24.3750      3.7500       0.2131E-003
    -24.3750      5.0000       0.4679E-003
    -24.3750      6.2500       0.7431E-003
    -24.3750      7.5000       0.9686E-003
    -24.3750      8.7500       0.1086E-002
    -24.3750     10.0000       0.1064E-002
    -24.3750     11.2500       0.9053E-003
    -24.3750     12.5000       0.6493E-003
    -24.3750     13.7500       0.3655E-003
    -24.3750     15.0000       0.1343E-003
    -24.3750     16.2500       0.1894E-004
    -24.3750     17.5000       0.2123E-006
    -24.3750     18.7500       0.1588E-011

    -23.4375    -20.0000       0.3095E-010
    -23.4375    -18.7500       0.1106E-011
    -23.4375    -17.5000       0.2122E-006
    -23.4375    -16.2500       0.1894E-004
    -23.4375    -15.0000       0.1343E-003
    -23.4375    -13.7500       0.3655E-003
    -23.4375    -12.5000       0.6493E-003
    -23.4375    -11.2500       0.9053E-003
    -23.4375    -10.0000       0.1064E-002
    -23.4375     -8.7500       0.1086E-002
    -23.4375     -7.5000       0.9686E-003
    -23.4375     -6.2500       0.7431E-003
    -23.4375     -5.0000       0.4679E-003
    -23.4375     -3.7500       0.2131E-003
    -23.4375     -2.5000       0.4754E-004
    -23.4375     -1.2500       0.1850E-005
    -23.4375      0.0000       0.3022E-007
    -23.4375      1.2500       0.1852E-005
    -23.4375      2.5000       0.4749E-004
    -23.4375      3.7500       0.2131E-003
    -23.4375      5.0000       0.4678E-003
    -23.4375      6.2500       0.7433E-003
    -23.4375      7.5000       0.9685E-003
    -23.4375      8.7500       0.1087E-002
    -23.4375     10.0000       0.1064E-002
    -23.4375     11.2500       0.9055E-003
    -23.4375     12.5000       0.6492E-003
    -23.4375     13.7500       0.3657E-003
    -23.4375     15.0000       0.1342E-003
    -23.4375     16.2500       0.1893E-004
    -23.4375     17.5000       0.2133E-006
    -23.4375     18.7500       0.7510E-011

    -22.5000    -20.0000       0.2262E-010
    -22.5000    -18.7500       0.2425E-011
    -22.5000    -17.5000       0.2091E-006
    -22.5000    -16.2500       0.1895E-004
    -22.5000    -15.0000       0.1343E-003
    -22.5000    -13.7500       0.3653E-003
    -22.5000    -12.5000       0.6493E-003
    -22.5000    -11.2500       0.9052E-003
    -22.5000    -10.0000       0.1065E-002
    -22.5000     -8.7500       0.1086E-002
    -22.5000     -7.5000       0.9688E-003
    -22.5000     -6.2500       0.7431E-003
    -22.5000     -5.0000       0.4680E-003
    -22.5000     -3.7500       0.2130E-003
    -22.5000     -2.5000       0.4759E-004
    -22.5000     -1.2500       0.1808E-005
    -22.5000      0.0000       0.1767E-007
    -22.5000      1.2500       0.1801E-005
    -22.5000      2.5000       0.4753E-004
    -22.5000      3.7500       0.2129E-003
    -22.5000      5.0000       0.4679E-003
    -22.5000      6.2500       0.7433E-003
    -22.5000      7.5000       0.9688E-003
    -22.5000      8.7500       0.1087E-002
    -22.5000     10.0000       0.1064E-002
    -22.5000     11.2500       0.9055E-003
    -22.5000     12.5000       0.6491E-003
    -22.5000     13.7500       0.3657E-003
    -22.5000     15.0000       0.1342E-003
    -22.5000     16.2500       0.1894E-004
    -22.5000     17.5000       0.2117E-006
    -22.5000     18.7500       0.2149E-010

    -21.5625    -20.0000       0.1209E-010
    -21.5625    -18.7500       0.4509E-011
    -21.5625    -17.5000       0.2066E-006
    -21.5625    -16.2500       0.1895E-004
    -21.5625    -15.0000       0.1343E-003
    -21.5625    -13.7500       0.3653E-003
    -21.5625    -12.5000       0.6492E-003
    -21.5625    -11.2500       0.9052E-003
    -21.5625    -10.0000       0.1065E-002
    -21.5625     -8.7500       0.1086E-002
    -21.5625     -7.5000       0.9691E-003
    -21.5625     -6.2500       0.7432E-003
    -21.5625     -5.0000       0.4680E-003
    -21.5625     -3.7500       0.2129E-003
    -21.5625     -2.5000       0.4760E-004
    -21.5625     -1.2500       0.1773E-005
    -21.5625      0.0000       0.3761E-008
    -21.5625      1.2500       0.1749E-005
    -21.5625      2.5000       0.4760E-004
    -21.5625      3.7500       0.2128E-003
    -21.5625      5.0000       0.4680E-003
    -21.5625      6.2500       0.7433E-003
    -21.5625      7.5000       0.9692E-003
    -21.5625      8.7500       0.1086E-002
    -21.5625     10.0000       0.1065E-002
    -21.5625     11.2500       0.9053E-003
    -21.5625     12.5000       0.6492E-003
    -21.5625     13.7500       0.3654E-003
    -21.5625     15.0000       0.1342E-003
    -21.5625     16.2500       0.1894E-004
    -21.5625     17.5000       0.2087E-006
    -21.5625     18.7500       0.3704E-010

    -20.6250    -20.0000       0.4540E-011
    -20.6250    -18.7500       0.4069E-011
    -20.6250    -17.5000       0.2067E-006
    -20.6250    -16.2500       0.1895E-004
    -20.6250    -15.0000       0.1342E-003
    -20.6250    -13.7500       0.3654E-003
    -20.6250    -12.5000       0.6491E-003
    -20.6250    -11.2500       0.9054E-003
    -20.6250    -10.0000       0.1064E-002
    -20.6250     -8.7500       0.1086E-002
    -20.6250     -7.5000       0.9691E-003
    -20.6250     -6.2500       0.7433E-003
    -20.6250     -5.0000       0.4680E-003
    -20.6250     -3.7500       0.2129E-003
    -20.6250     -2.5000       0.4755E-004
    -20.6250     -1.2500       0.1776E-005
    -20.6250      0.0000       0.8596E-009
    -20.6250      1.2500       0.1743E-005
    -20.6250      2.5000       0.4766E-004
    -20.6250      3.7500       0.2128E-003
    -20.6250      5.0000       0.4681E-003
    -20.6250      6.2500       0.7431E-003
    -20.6250      7.5000       0.9693E-003
    -20.6250      8.7500       0.1086E-002
    -20.6250     10.0000       0.1065E-002
    -20.6250     11.2500       0.9051E-003
    -20.6250     12.5000       0.6493E-003
    -20.6250     13.7500       0.3652E-003
    -20.6250     15.0000       0.1343E-003
    -20.6250     16.2500       0.1894E-004
    -20.6250     17.5000       0.2070E-006
    -20.6250     18.7500       0.4478E-010

    -19.6875    -20.0000       0.1884E-011
    -19.6875    -18.7500       0.2823E-011
    -19.6875    -17.5000       0.2094E-006
    -19.6875    -16.2500       0.1894E-004
    -19.6875    -15.0000       0.1342E-003
    -19.6875    -13.7500       0.3656E-003
    -19.6875    -12.5000       0.6491E-003
    -19.6875    -11.2500       0.9055E-003
    -19.6875    -10.0000       0.1064E-002
    -19.6875     -8.7500       0.1087E-002
    -19.6875     -7.5000       0.9689E-003
    -19.6875     -6.2500       0.7434E-003
    -19.6875     -5.0000       0.4679E-003
    -19.6875     -3.7500       0.2130E-003
    -19.6875     -2.5000       0.4749E-004
    -19.6875     -1.2500       0.1814E-005
    -19.6875      0.0000       0.1154E-007
    -19.6875      1.2500       0.1788E-005
    -19.6875      2.5000       0.4763E-004
    -19.6875      3.7500       0.2129E-003
    -19.6875      5.0000       0.4681E-003
    -19.6875      6.2500       0.7430E-003
    -19.6875      7.5000       0.9690E-003
    -19.6875      8.7500       0.1086E-002
    -19.6875     10.0000       0.1065E-002
    -19.6875     11.2500       0.9051E-003
    -19.6875     12.5000       0.6494E-003
    -19.6875     13.7500       0.3652E-003
    -19.6875     15.0000       0.1343E-003
    -19.6875     16.2500       0.1894E-004
    -19.6875     17.5000       0.2080E-006
    -19.6875     18.7500       0.3972E-010

    -18.7500    -20.0000       0.2203E-011
    -18.7500    -18.7500       0.5652E-011
    -18.7500    -17.5000       0.2122E-006
    -18.7500    -16.2500       0.1894E-004
    -18.7500    -15.0000       0.1342E-003
    -18.7500    -13.7500       0.3657E-003
    -18.7500    -12.5000       0.6492E-003
    -18.7500    -11.2500       0.9055E-003
    -18.7500    -10.0000       0.1064E-002
    -18.7500     -8.7500       0.1087E-002
    -18.7500     -7.5000       0.9686E-003
    -18.7500     -6.2500       0.7433E-003
    -18.7500     -5.0000       0.4678E-003
    -18.7500     -3.7500       0.2131E-003
    -18.7500     -2.5000       0.4747E-004
    -18.7500     -1.2500       0.1854E-005
    -18.7500      0.0000       0.2632E-007
    -18.7500      1.2500       0.1844E-005
    -18.7500      2.5000       0.4756E-004
    -18.7500      3.7500       0.2130E-003
    -18.7500      5.0000       0.4679E-003
    -18.7500      6.2500       0.7430E-003
    -18.7500      7.5000       0.9687E-003
    -18.7500      8.7500       0.1086E-002
    -18.7500     10.0000       0.1065E-002
    -18.7500     11.2500       0.9052E-003
    -18.7500     12.5000       0.6493E-003
    -18.7500     13.7500       0.3654E-003
    -18.7500     15.0000       0.1343E-003
    -18.7500     16.2500       0.1894E-004
    -18.7500     17.5000       0.2108E-006
    -18.7500     18.7500       0.2524E-010

    -17.8125    -20.0000       0.2464E-011
    -17.8125    -18.7500       0.1537E-010
    -17.8125    -17.5000       0.2125E-006
    -17.8125    -16.2500       0.1894E-004
    -17.8125    -15.0000       0.1343E-003
    -17.8125    -13.7500       0.3656E-003
    -17.8125    -12.5000       0.6492E-003
    -17.8125    -11.2500       0.9054E-003
    -17.8125    -10.0000       0.1064E-002
    -17.8125     -8.7500       0.1087E-002
    -17.8125     -7.5000       0.9685E-003
    -17.8125     -6.2500       0.7431E-003
    -17.8125     -5.0000       0.4678E-003
    -17.8125     -3.7500       0.2131E-003
    -17.8125     -2.5000       0.4752E-004
    -17.8125     -1.2500       0.1860E-005
    -17.8125      0.0000       0.3205E-007
    -17.8125      1.2500       0.1861E-005
    -17.8125      2.5000       0.4750E-004
    -17.8125      3.7500       0.2131E-003
    -17.8125      5.0000       0.4678E-003
    -17.8125      6.2500       0.7432E-003
    -17.8125      7.5000       0.9685E-003
    -17.8125      8.7500       0.1087E-002
    -17.8125     10.0000       0.1064E-002
    -17.8125     11.2500       0.9055E-003
    -17.8125     12.5000       0.6492E-003
    -17.8125     13.7500       0.3656E-003
    -17.8125     15.0000       0.1343E-003
    -17.8125     16.2500       0.1894E-004
    -17.8125     17.5000       0.2129E-006
    -17.8125     18.7500       0.1037E-010

    -16.8750    -20.0000       0.1861E-011
    -16.8750    -18.7500       0.2897E-010
    -16.8750    -17.5000       0.2100E-006
    -16.8750    -16.2500       0.1894E-004
    -16.8750    -15.0000       0.1343E-003
    -16.8750    -13.7500       0.3654E-003
    -16.8750    -12.5000       0.6493E-003
    -16.8750    -11.2500       0.9053E-003
    -16.8750    -10.0000       0.1064E-002
    -16.8750     -8.7500       0.1086E-002
    -16.8750     -7.5000       0.9687E-003
    -16.8750     -6.2500       0.7431E-003
    -16.8750     -5.0000       0.4680E-003
    -16.8750     -3.7500       0.2130E-003
    -16.8750     -2.5000       0.4758E-004
    -16.8750     -1.2500       0.1827E-005
    -16.8750      0.0000       0.2364E-007
    -16.8750      1.2500       0.1825E-005
    -16.8750      2.5000       0.4750E-004
    -16.8750      3.7500       0.2130E-003
    -16.8750      5.0000       0.4678E-003
    -16.8750      6.2500       0.7433E-003
    -16.8750      7.5000       0.9687E-003
    -16.8750      8.7500       0.1087E-002
    -16.8750     10.0000       0.1064E-002
    -16.8750     11.2500       0.9056E-003
    -16.8750     12.5000       0.6491E-003
    -16.8750     13.7500       0.3657E-003
    -16.8750     15.0000       0.1342E-003
    -16.8750     16.2500       0.1894E-004
    -16.8750     17.5000       0.2125E-006
    -16.8750     18.7500       0.2648E-011

    -15.9375    -20.0000       0.2670E-011
    -15.9375    -18.7500       0.3896E-010
    -15.9375    -17.5000       0.2069E-006
    -15.9375    -16.2500       0.1895E-004
    -15.9375    -15.0000       0.1343E-003
    -15.9375    -13.7500       0.3653E-003
    -15.9375    -12.5000       0.6492E-003
    -15.9375    -11.2500       0.9052E-003
    -15.9375    -10.0000       0.1065E-002
    -15.9375     -8.7500       0.1086E-002
    -15.9375     -7.5000       0.9690E-003
    -15.9375     -6.2500       0.7431E-003
    -15.9375     -5.0000       0.4680E-003
    -15.9375     -3.7500       0.2129E-003
    -15.9375     -2.5000       0.4760E-004
    -15.9375     -1.2500       0.1784E-005
    -15.9375      0.0000       0.8571E-008
    -15.9375      1.2500       0.1767E-005
    -15.9375      2.5000       0.4757E-004
    -15.9375      3.7500       0.2128E-003
    -15.9375      5.0000       0.4680E-003
    -15.9375      6.2500       0.7433E-003
    -15.9375      7.5000       0.9690E-003
    -15.9375      8.7500       0.1087E-002
    -15.9375     10.0000       0.1064E-002
    -15.9375     11.2500       0.9054E-003
    -15.9375     12.5000       0.6491E-003
    -15.9375     13.7500       0.3655E-003
    -15.9375     15.0000       0.1342E-003
    -15.9375     16.2500       0.1894E-004
    -15.9375     17.5000       0.2101E-006
    -15.9375     18.7500       0.2780E-011

    -15.0000    -20.0000       0.7813E-011
    -15.0000    -18.7500       0.3894E-010
    -15.0000    -17.5000       0.2059E-006
    -15.0000    -16.2500       0.1895E-004
    -15.0000    -15.0000       0.1342E-003
    -15.0000    -13.7500       0.3654E-003
    -15.0000    -12.5000       0.6491E-003
    -15.0000    -11.2500       0.9053E-003
    -15.0000    -10.0000       0.1065E-002
    -15.0000     -8.7500       0.1086E-002
    -15.0000     -7.5000       0.9691E-003
    -15.0000     -6.2500       0.7433E-003
    -15.0000     -5.0000       0.4680E-003
    -15.0000     -3.7500       0.2129E-003
    -15.0000     -2.5000       0.4757E-004
    -15.0000     -1.2500       0.1770E-005
    -15.0000      0.0000       0.2319E-009
    -15.0000      1.2500       0.1739E-005
    -15.0000      2.5000       0.4764E-004
    -15.0000      3.7500       0.2128E-003
    -15.0000      5.0000       0.4681E-003
    -15.0000      6.2500       0.7432E-003
    -15.0000      7.5000       0.9693E-003
    -15.0000      8.7500       0.1086E-002
    -15.0000     10.0000       0.1065E-002
    -15.0000     11.2500       0.9052E-003
    -15.0000     12.5000       0.6492E-003
    -15.0000     13.7500       0.3653E-003
    -15.0000     15.0000       0.1343E-003
    -15.0000     16.2500       0.1894E-004
    -15.0000     17.5000       0.2078E-006
    -15.0000     18.7500       0.5453E-011

    -14.0625    -20.0000       0.1740E-010
    -14.0625    -18.7500       0.2871E-010
    -14.0625    -17.5000       0.2080E-006
    -14.0625    -16.2500       0.1895E-004
    -14.0625    -15.0000       0.1342E-003
    -14.0625    -13.7500       0.3656E-003
    -14.0625    -12.5000       0.6491E-003
    -14.0625    -11.2500       0.9055E-003
    -14.0625    -10.0000       0.1064E-002
    -14.0625     -8.7500       0.1087E-002
    -14.0625     -7.5000       0.9690E-003
    -14.0625     -6.2500       0.7434E-003
    -14.0625     -5.0000       0.4679E-003
    -14.0625     -3.7500       0.2129E-003
    -14.0625     -2.5000       0.4751E-004
    -14.0625     -1.2500       0.1796E-005
    -14.0625      0.0000       0.6036E-008
    -14.0625      1.2500       0.1766E-005
    -14.0625      2.5000       0.4765E-004
    -14.0625      3.7500       0.2128E-003
    -14.0625      5.0000       0.4681E-003
    -14.0625      6.2500       0.7430E-003
    -14.0625      7.5000       0.9692E-003
    -14.0625      8.7500       0.1086E-002
    -14.0625     10.0000       0.1065E-002
    -14.0625     11.2500       0.9051E-003
    -14.0625     12.5000       0.6494E-003
    -14.0625     13.7500       0.3652E-003
    -14.0625     15.0000       0.1343E-003
    -14.0625     16.2500       0.1894E-004
    -14.0625     17.5000       0.2078E-006
    -14.0625     18.7500       0.5293E-011

    -13.1250    -20.0000       0.2753E-010
    -13.1250    -18.7500       0.1448E-010
    -13.1250    -17.5000       0.2113E-006
    -13.1250    -16.2500       0.1894E-004
    -13.1250    -15.0000       0.1342E-003
    -13.1250    -13.7500       0.3657E-003
    -13.1250    -12.5000       0.6491E-003
    -13.1250    -11.2500       0.9055E-003
    -13.1250    -10.0000       0.1064E-002
    -13.1250     -8.7500       0.1087E-002
    -13.1250     -7.5000       0.9687E-003
    -13.1250     -6.2500       0.7433E-003
    -13.1250     -5.0000       0.4678E-003
    -13.1250     -3.7500       0.2130E-003
    -13.1250     -2.5000       0.4747E-004
    -13.1250     -1.2500       0.1841E-005
    -13.1250      0.0000       0.2082E-007
    -13.1250      1.2500       0.1824E-005
    -13.1250      2.5000       0.4759E-004
    -13.1250      3.7500       0.2130E-003
    -13.1250      5.0000       0.4680E-003
    -13.1250      6.2500       0.7430E-003
    -13.1250      7.5000       0.9688E-003
    -13.1250      8.7500       0.1086E-002
    -13.1250     10.0000       0.1065E-002
    -13.1250     11.2500       0.9051E-003
    -13.1250     12.5000       0.6494E-003
    -13.1250     13.7500       0.3653E-003
    -13.1250     15.0000       0.1343E-003
    -13.1250     16.2500       0.1894E-004
    -13.1250     17.5000       0.2101E-006
    -13.1250     18.7500       0.2345E-011

    -12.1875    -20.0000       0.3267E-010
    -12.1875    -18.7500       0.4067E-011
    -12.1875    -17.5000       0.2130E-006
    -12.1875    -16.2500       0.1893E-004
    -12.1875    -15.0000       0.1343E-003
    -12.1875    -13.7500       0.3656E-003
    -12.1875    -12.5000       0.6492E-003
    -12.1875    -11.2500       0.9055E-003
    -12.1875    -10.0000       0.1064E-002
    -12.1875     -8.7500       0.1087E-002
    -12.1875     -7.5000       0.9685E-003
    -12.1875     -6.2500       0.7432E-003
    -12.1875     -5.0000       0.4678E-003
    -12.1875     -3.7500       0.2131E-003
    -12.1875     -2.5000       0.4749E-004
    -12.1875     -1.2500       0.1863E-005
    -12.1875      0.0000       0.3145E-007
    -12.1875      1.2500       0.1861E-005
    -12.1875      2.5000       0.4752E-004
    -12.1875      3.7500       0.2131E-003
    -12.1875      5.0000       0.4678E-003
    -12.1875      6.2500       0.7431E-003
    -12.1875      7.5000       0.9685E-003
    -12.1875      8.7500       0.1087E-002
    -12.1875     10.0000       0.1064E-002
    -12.1875     11.2500       0.9054E-003
    -12.1875     12.5000       0.6493E-003
    -12.1875     13.7500       0.3656E-003
    -12.1875     15.0000       0.1343E-003
    -12.1875     16.2500       0.1894E-004
    -12.1875     17.5000       0.2127E-006
    -12.1875     18.7500       0.2059E-011

    -11.2500    -20.0000       0.2973E-010
    -11.2500    -18.7500       0.1047E-011
    -11.2500    -17.5000       0.2117E-006
    -11.2500    -16.2500       0.1894E-004
    -11.2500    -15.0000       0.1343E-003
    -11.2500    -13.7500       0.3654E-003
    -11.2500    -12.5000       0.6493E-003
    -11.2500    -11.2500       0.9053E-003
    -11.2500    -10.0000       0.1064E-002
    -11.2500     -8.7500       0.1086E-002
    -11.2500     -7.5000       0.9686E-003
    -11.2500     -6.2500       0.7431E-003
    -11.2500     -5.0000       0.4679E-003
    -11.2500     -3.7500       0.2131E-003
    -11.2500     -2.5000       0.4755E-004
    -11.2500     -1.2500       0.1844E-005
    -11.2500      0.0000       0.2847E-007
    -11.2500      1.2500       0.1845E-005
    -11.2500      2.5000       0.4749E-004
    -11.2500      3.7500       0.2130E-003
    -11.2500      5.0000       0.4678E-003
    -11.2500      6.2500       0.7433E-003
    -11.2500      7.5000       0.9686E-003
    -11.2500      8.7500       0.1087E-002
    -11.2500     10.0000       0.1064E-002
    -11.2500     11.2500       0.9056E-003
    -11.2500     12.5000       0.6491E-003
    -11.2500     13.7500       0.3657E-003
    -11.2500     15.0000       0.1342E-003
    -11.2500     16.2500       0.1893E-004
    -11.2500     17.5000       0.2132E-006
    -11.2500     18.7500       0.9774E-011

    -10.3125    -20.0000       0.2050E-010
    -10.3125    -18.7500       0.2945E-011
    -10.3125    -17.5000       0.2085E-006
    -10.3125    -16.2500       0.1895E-004
    -10.3125    -15.0000       0.1343E-003
    -10.3125    -13.7500       0.3653E-003
    -10.3125    -12.5000       0.6492E-003
    -10.3125    -11.2500       0.9052E-003
    -10.3125    -10.0000       0.1065E-002
    -10.3125     -8.7500       0.1086E-002
    -10.3125     -7.5000       0.9689E-003
    -10.3125     -6.2500       0.7431E-003
    -10.3125     -5.0000       0.4680E-003
    -10.3125     -3.7500       0.2130E-003
    -10.3125     -2.5000       0.4760E-004
    -10.3125     -1.2500       0.1799E-005
    -10.3125      0.0000       0.1454E-007
    -10.3125      1.2500       0.1789E-005
    -10.3125      2.5000       0.4754E-004
    -10.3125      3.7500       0.2129E-003
    -10.3125      5.0000       0.4679E-003
    -10.3125      6.2500       0.7433E-003
    -10.3125      7.5000       0.9689E-003
    -10.3125      8.7500       0.1087E-002
    -10.3125     10.0000       0.1064E-002
    -10.3125     11.2500       0.9055E-003
    -10.3125     12.5000       0.6491E-003
    -10.3125     13.7500       0.3656E-003
    -10.3125     15.0000       0.1342E-003
    -10.3125     16.2500       0.1894E-004
    -10.3125     17.5000       0.2111E-006
    -10.3125     18.7500       0.2477E-010

     -9.3750    -20.0000       0.1022E-010
     -9.3750    -18.7500       0.4644E-011
     -9.3750    -17.5000       0.2063E-006
     -9.3750    -16.2500       0.1895E-004
     -9.3750    -15.0000       0.1342E-003
     -9.3750    -13.7500       0.3653E-003
     -9.3750    -12.5000       0.6492E-003
     -9.3750    -11.2500       0.9053E-003
     -9.3750    -10.0000       0.1065E-002
     -9.3750     -8.7500       0.1086E-002
     -9.3750     -7.5000       0.9691E-003
     -9.3750     -6.2500       0.7432E-003
     -9.3750     -5.0000       0.4680E-003
     -9.3750     -3.7500       0.2129E-003
     -9.3750     -2.5000       0.4759E-004
     -9.3750     -1.2500       0.1770E-005
     -9.3750      0.0000       0.2027E-008
     -9.3750      1.2500       0.1744E-005
     -9.3750      2.5000       0.4762E-004
     -9.3750      3.7500       0.2128E-003
     -9.3750      5.0000       0.4681E-003
     -9.3750      6.2500       0.7432E-003
     -9.3750      7.5000       0.9692E-003
     -9.3750      8.7500       0.1086E-002
     -9.3750     10.0000       0.1065E-002
     -9.3750     11.2500       0.9053E-003
     -9.3750     12.5000       0.6492E-003
     -9.3750     13.7500       0.3654E-003
     -9.3750     15.0000       0.1342E-003
     -9.3750     16.2500       0.1894E-004
     -9.3750     17.5000       0.2082E-006
     -9.3750     18.7500       0.3948E-010

     -8.4375    -20.0000       0.3634E-011
     -8.4375    -18.7500       0.3745E-011
     -8.4375    -17.5000       0.2071E-006
     -8.4375    -16.2500       0.1895E-004
     -8.4375    -15.0000       0.1342E-003
     -8.4375    -13.7500       0.3655E-003
     -8.4375    -12.5000       0.6491E-003
     -8.4375    -11.2500       0.9054E-003
     -8.4375    -10.0000       0.1064E-002
     -8.4375     -8.7500       0.1086E-002
     -8.4375     -7.5000       0.9691E-003
     -8.4375     -6.2500       0.7433E-003
     -8.4375     -5.0000       0.4679E-003
     -8.4375     -3.7500       0.2129E-003
     -8.4375     -2.5000       0.4754E-004
     -8.4375     -1.2500       0.1782E-005
     -8.4375      0.0000       0.2066E-008
     -8.4375      1.2500       0.1749E-005
     -8.4375      2.5000       0.4766E-004
     -8.4375      3.7500       0.2128E-003
     -8.4375      5.0000       0.4682E-003
     -8.4375      6.2500       0.7430E-003
     -8.4375      7.5000       0.9692E-003
     -8.4375      8.7500       0.1086E-002
     -8.4375     10.0000       0.1065E-002
     -8.4375     11.2500       0.9051E-003
     -8.4375     12.5000       0.6493E-003
     -8.4375     13.7500       0.3652E-003
     -8.4375     15.0000       0.1343E-003
     -8.4375     16.2500       0.1894E-004
     -8.4375     17.5000       0.2070E-006
     -8.4375     18.7500       0.4481E-010

     -7.5000    -20.0000       0.1815E-011
     -7.5000    -18.7500       0.2908E-011
     -7.5000    -17.5000       0.2100E-006
     -7.5000    -16.2500       0.1894E-004
     -7.5000    -15.0000       0.1342E-003
     -7.5000    -13.7500       0.3657E-003
     -7.5000    -12.5000       0.6491E-003
     -7.5000    -11.2500       0.9055E-003
     -7.5000    -10.0000       0.1064E-002
     -7.5000     -8.7500       0.1087E-002
     -7.5000     -7.5000       0.9688E-003
     -7.5000     -6.2500       0.7434E-003
     -7.5000     -5.0000       0.4678E-003
     -7.5000     -3.7500       0.2130E-003
     -7.5000     -2.5000       0.4748E-004
     -7.5000     -1.2500       0.1824E-005
     -7.5000      0.0000       0.1462E-007
     -7.5000      1.2500       0.1800E-005
     -7.5000      2.5000       0.4762E-004
     -7.5000      3.7500       0.2129E-003
     -7.5000      5.0000       0.4681E-003
     -7.5000      6.2500       0.7430E-003
     -7.5000      7.5000       0.9690E-003
     -7.5000      8.7500       0.1086E-002
     -7.5000     10.0000       0.1065E-002
     -7.5000     11.2500       0.9051E-003
     -7.5000     12.5000       0.6494E-003
     -7.5000     13.7500       0.3652E-003
     -7.5000     15.0000       0.1343E-003
     -7.5000     16.2500       0.1894E-004
     -7.5000     17.5000       0.2085E-006
     -7.5000     18.7500       0.3733E-010

     -6.5625    -20.0000       0.2334E-011
     -6.5625    -18.7500       0.7048E-011
     -6.5625    -17.5000       0.2125E-006
     -6.5625    -16.2500       0.1894E-004
     -6.5625    -15.0000       0.1343E-003
     -6.5625    -13.7500       0.3657E-003
     -6.5625    -12.5000       0.6492E-003
     -6.5625    -11.2500       0.9055E-003
     -6.5625    -10.0000       0.1064E-002
     -6.5625     -8.7500       0.1087E-002
     -6.5625     -7.5000       0.9686E-003
     -6.5625     -6.2500       0.7433E-003
     -6.5625     -5.0000       0.4678E-003
     -6.5625     -3.7500       0.2131E-003
     -6.5625     -2.5000       0.4748E-004
     -6.5625     -1.2500       0.1859E-005
     -6.5625      0.0000       0.2853E-007
     -6.5625      1.2500       0.1852E-005
     -6.5625      2.5000       0.4754E-004
     -6.5625      3.7500       0.2131E-003
     -6.5625      5.0000       0.4679E-003
     -6.5625      6.2500       0.7431E-003
     -6.5625      7.5000       0.9686E-003
     -6.5625      8.7500       0.1086E-002
     -6.5625     10.0000       0.1064E-002
     -6.5625     11.2500       0.9053E-003
     -6.5625     12.5000       0.6493E-003
     -6.5625     13.7500       0.3655E-003
     -6.5625     15.0000       0.1343E-003
     -6.5625     16.2500       0.1894E-004
     -6.5625     17.5000       0.2114E-006
     -6.5625     18.7500       0.2199E-010

     -5.6250    -20.0000       0.2377E-011
     -5.6250    -18.7500       0.1798E-010
     -5.6250    -17.5000       0.2122E-006
     -5.6250    -16.2500       0.1894E-004
     -5.6250    -15.0000       0.1343E-003
     -5.6250    -13.7500       0.3655E-003
     -5.6250    -12.5000       0.6493E-003
     -5.6250    -11.2500       0.9054E-003
     -5.6250    -10.0000       0.1064E-002
     -5.6250     -8.7500       0.1087E-002
     -5.6250     -7.5000       0.9685E-003
     -5.6250     -6.2500       0.7431E-003
     -5.6250     -5.0000       0.4679E-003
     -5.6250     -3.7500       0.2131E-003
     -5.6250     -2.5000       0.4753E-004
     -5.6250     -1.2500       0.1856E-005
     -5.6250      0.0000       0.3143E-007
     -5.6250      1.2500       0.1858E-005
     -5.6250      2.5000       0.4749E-004
     -5.6250      3.7500       0.2131E-003
     -5.6250      5.0000       0.4678E-003
     -5.6250      6.2500       0.7432E-003
     -5.6250      7.5000       0.9685E-003
     -5.6250      8.7500       0.1087E-002
     -5.6250     10.0000       0.1064E-002
     -5.6250     11.2500       0.9055E-003
     -5.6250     12.5000       0.6492E-003
     -5.6250     13.7500       0.3657E-003
     -5.6250     15.0000       0.1343E-003
     -5.6250     16.2500       0.1894E-004
     -5.6250     17.5000       0.2131E-006
     -5.6250     18.7500       0.8115E-011

     -4.6875    -20.0000       0.1802E-011
     -4.6875    -18.7500       0.3152E-010
     -4.6875    -17.5000       0.2093E-006
     -4.6875    -16.2500       0.1895E-004
     -4.6875    -15.0000       0.1343E-003
     -4.6875    -13.7500       0.3653E-003
     -4.6875    -12.5000       0.6493E-003
     -4.6875    -11.2500       0.9052E-003
     -4.6875    -10.0000       0.1065E-002
     -4.6875     -8.7500       0.1086E-002
     -4.6875     -7.5000       0.9688E-003
     -4.6875     -6.2500       0.7431E-003
     -4.6875     -5.0000       0.4680E-003
     -4.6875     -3.7500       0.2130E-003
     -4.6875     -2.5000       0.4759E-004
     -4.6875     -1.2500       0.1818E-005
     -4.6875      0.0000       0.2074E-007
     -4.6875      1.2500       0.1813E-005
     -4.6875      2.5000       0.4751E-004
     -4.6875      3.7500       0.2130E-003
     -4.6875      5.0000       0.4678E-003
     -4.6875      6.2500       0.7433E-003
     -4.6875      7.5000       0.9687E-003
     -4.6875      8.7500       0.1087E-002
     -4.6875     10.0000       0.1064E-002
     -4.6875     11.2500       0.9056E-003
     -4.6875     12.5000       0.6491E-003
     -4.6875     13.7500       0.3657E-003
     -4.6875     15.0000       0.1342E-003
     -4.6875     16.2500       0.1894E-004
     -4.6875     17.5000       0.2121E-006
     -4.6875     18.7500       0.2158E-011

     -3.7500    -20.0000       0.3290E-011
     -3.7500    -18.7500       0.3987E-010
     -3.7500    -17.5000       0.2065E-006
     -3.7500    -16.2500       0.1895E-004
     -3.7500    -15.0000       0.1343E-003
     -3.7500    -13.7500       0.3653E-003
     -3.7500    -12.5000       0.6492E-003
     -3.7500    -11.2500       0.9052E-003
     -3.7500    -10.0000       0.1065E-002
     -3.7500     -8.7500       0.1086E-002
     -3.7500     -7.5000       0.9690E-003
     -3.7500     -6.2500       0.7432E-003
     -3.7500     -5.0000       0.4680E-003
     -3.7500     -3.7500       0.2129E-003
     -3.7500     -2.5000       0.4760E-004
     -3.7500     -1.2500       0.1778E-005
     -3.7500      0.0000       0.5971E-008
     -3.7500      1.2500       0.1757E-005
     -3.7500      2.5000       0.4759E-004
     -3.7500      3.7500       0.2128E-003
     -3.7500      5.0000       0.4680E-003
     -3.7500      6.2500       0.7433E-003
     -3.7500      7.5000       0.9691E-003
     -3.7500      8.7500       0.1086E-002
     -3.7500     10.0000       0.1065E-002
     -3.7500     11.2500       0.9054E-003
     -3.7500     12.5000       0.6491E-003
     -3.7500     13.7500       0.3655E-003
     -3.7500     15.0000       0.1342E-003
     -3.7500     16.2500       0.1894E-004
     -3.7500     17.5000       0.2095E-006
     -3.7500     18.7500       0.3327E-011

     -2.8125    -20.0000       0.9447E-011
     -2.8125    -18.7500       0.3759E-010
     -2.8125    -17.5000       0.2061E-006
     -2.8125    -16.2500       0.1895E-004
     -2.8125    -15.0000       0.1342E-003
     -2.8125    -13.7500       0.3654E-003
     -2.8125    -12.5000       0.6491E-003
     -2.8125    -11.2500       0.9054E-003
     -2.8125    -10.0000       0.1065E-002
     -2.8125     -8.7500       0.1086E-002
     -2.8125     -7.5000       0.9691E-003
     -2.8125     -6.2500       0.7433E-003
     -2.8125     -5.0000       0.4680E-003
     -2.8125     -3.7500       0.2129E-003
     -2.8125     -2.5000       0.4756E-004
     -2.8125     -1.2500       0.1772E-005
     -2.8125      0.0000       0.2402E-009
     -2.8125      1.2500       0.1740E-005
     -2.8125      2.5000       0.4765E-004
     -2.8125      3.7500       0.2128E-003
     -2.8125      5.0000       0.4681E-003
     -2.8125      6.2500       0.7431E-003
     -2.8125      7.5000       0.9693E-003
     -2.8125      8.7500       0.1086E-002
     -2.8125     10.0000       0.1065E-002
     -2.8125     11.2500       0.9052E-003
     -2.8125     12.5000       0.6493E-003
     -2.8125     13.7500       0.3653E-003
     -2.8125     15.0000       0.1343E-003
     -2.8125     16.2500       0.1894E-004
     -2.8125     17.5000       0.2076E-006
     -2.8125     18.7500       0.5745E-011

     -1.8750    -20.0000       0.1956E-010
     -1.8750    -18.7500       0.2591E-010
     -1.8750    -17.5000       0.2087E-006
     -1.8750    -16.2500       0.1894E-004
     -1.8750    -15.0000       0.1342E-003
     -1.8750    -13.7500       0.3656E-003
     -1.8750    -12.5000       0.6491E-003
     -1.8750    -11.2500       0.9055E-003
     -1.8750    -10.0000       0.1064E-002
     -1.8750     -8.7500       0.1087E-002
     -1.8750     -7.5000       0.9689E-003
     -1.8750     -6.2500       0.7434E-003
     -1.8750     -5.0000       0.4679E-003
     -1.8750     -3.7500       0.2129E-003
     -1.8750     -2.5000       0.4750E-004
     -1.8750     -1.2500       0.1805E-005
     -1.8750      0.0000       0.8646E-008
     -1.8750      1.2500       0.1776E-005
     -1.8750      2.5000       0.4764E-004
     -1.8750      3.7500       0.2129E-003
     -1.8750      5.0000       0.4681E-003
     -1.8750      6.2500       0.7430E-003
     -1.8750      7.5000       0.9691E-003
     -1.8750      8.7500       0.1086E-002
     -1.8750     10.0000       0.1065E-002
     -1.8750     11.2500       0.9051E-003
     -1.8750     12.5000       0.6494E-003
     -1.8750     13.7500       0.3652E-003
     -1.8750     15.0000       0.1343E-003
     -1.8750     16.2500       0.1894E-004
     -1.8750     17.5000       0.2081E-006
     -1.8750     18.7500       0.4807E-011

     -0.9375    -20.0000       0.2912E-010
     -0.9375    -18.7500       0.1189E-010
     -0.9375    -17.5000       0.2119E-006
     -0.9375    -16.2500       0.1894E-004
     -0.9375    -15.0000       0.1342E-003
     -0.9375    -13.7500       0.3657E-003
     -0.9375    -12.5000       0.6491E-003
     -0.9375    -11.2500       0.9055E-003
     -0.9375    -10.0000       0.1064E-002
     -0.9375     -8.7500       0.1087E-002
     -0.9375     -7.5000       0.9686E-003
     -0.9375     -6.2500       0.7433E-003
     -0.9375     -5.0000       0.4678E-003
     -0.9375     -3.7500       0.2130E-003
     -0.9375     -2.5000       0.4747E-004
     -0.9375     -1.2500       0.1848E-005
     -0.9375      0.0000       0.2372E-007
     -0.9375      1.2500       0.1835E-005
     -0.9375      2.5000       0.4758E-004
     -0.9375      3.7500       0.2130E-003
     -0.9375      5.0000       0.4680E-003
     -0.9375      6.2500       0.7430E-003
     -0.9375      7.5000       0.9687E-003
     -0.9375      8.7500       0.1086E-002
     -0.9375     10.0000       0.1065E-002
     -0.9375     11.2500       0.9052E-003
     -0.9375     12.5000       0.6494E-003
     -0.9375     13.7500       0.3654E-003
     -0.9375     15.0000       0.1343E-003
     -0.9375     16.2500       0.1894E-004
     -0.9375     17.5000       0.2107E-006
     -0.9375     18.7500       0.1857E-011

      0.0000    -20.0000       0.3274E-010
      0.0000    -18.7500       0.2871E-011
      0.0000    -17.5000       0.2130E-006
      0.0000    -16.2500       0.1893E-004
      0.0000    -15.0000       0.1343E-003
      0.0000    -13.7500       0.3656E-003
      0.0000    -12.5000       0.6492E-003
      0.0000    -11.2500       0.9054E-003
      0.0000    -10.0000       0.1064E-002
      0.0000     -8.7500       0.1087E-002
      0.0000     -7.5000       0.9685E-003
      0.0000     -6.2500       0.7432E-003
      0.0000     -5.0000       0.4678E-003
      0.0000     -3.7500       0.2131E-003
      0.0000     -2.5000       0.4750E-004
      0.0000     -1.2500       0.1863E-005
      0.0000      0.0000       0.3206E-007
      0.0000      1.2500       0.1863E-005
      0.0000      2.5000       0.4750E-004
      0.0000      3.7500       0.2131E-003
      0.0000      5.0000       0.4678E-003
      0.0000      6.2500       0.7432E-003
      0.0000      7.5000       0.9685E-003
      0.0000      8.7500       0.1087E-002
      0.0000     10.0000       0.1064E-002
      0.0000     11.2500       0.9054E-003
      0.0000     12.5000       0.6492E-003
      0.0000     13.7500       0.3656E-003
      0.0000     15.0000       0.1343E-003
      0.0000     16.2500       0.1893E-004
      0.0000     17.5000       0.2130E-006
      0.0000     18.7500       0.2871E-011

      0.9375    -20.0000       0.2825E-010
      0.9375    -18.7500       0.1194E-011
      0.9375    -17.5000       0.2111E-006
      0.9375    -16.2500       0.1894E-004
      0.9375    -15.0000       0.1343E-003
      0.9375    -13.7500       0.3654E-003
      0.9375    -12.5000       0.6493E-003
      0.9375    -11.2500       0.9053E-003
      0.9375    -10.0000       0.1064E-002
      0.9375     -8.7500       0.1086E-002
      0.9375     -7.5000       0.9687E-003
      0.9375     -6.2500       0.7431E-003
      0.9375     -5.0000       0.4679E-003
      0.9375     -3.7500       0.2130E-003
      0.9375     -2.5000       0.4757E-004
      0.9375     -1.2500       0.1836E-005
      0.9375      0.0000       0.2625E-007
      0.9375      1.2500       0.1835E-005
      0.9375      2.5000       0.4750E-004
      0.9375      3.7500       0.2130E-003
      0.9375      5.0000       0.4678E-003
      0.9375      6.2500       0.7433E-003
      0.9375      7.5000       0.9686E-003
      0.9375      8.7500       0.1087E-002
      0.9375     10.0000       0.1064E-002
      0.9375     11.2500       0.9056E-003
      0.9375     12.5000       0.6491E-003
      0.9375     13.7500       0.3657E-003
      0.9375     15.0000       0.1342E-003
      0.9375     16.2500       0.1894E-004
      0.9375     17.5000       0.2130E-006
      0.9375     18.7500       0.1235E-010

      1.8750    -20.0000       0.1834E-010
      1.8750    -18.7500       0.3446E-011
      1.8750    -17.5000       0.2079E-006
      1.8750    -16.2500       0.1895E-004
      1.8750    -15.0000       0.1343E-003
      1.8750    -13.7500       0.3653E-003
      1.8750    -12.5000       0.6492E-003
      1.8750    -11.2500       0.9052E-003
      1.8750    -10.0000       0.1065E-002
      1.8750     -8.7500       0.1086E-002
      1.8750     -7.5000       0.9689E-003
      1.8750     -6.2500       0.7431E-003
      1.8750     -5.0000       0.4680E-003
      1.8750     -3.7500       0.2129E-003
      1.8750     -2.5000       0.4760E-004
      1.8750     -1.2500       0.1791E-005
      1.8750      0.0000       0.1146E-007
      1.8750      1.2500       0.1777E-005
      1.8750      2.5000       0.4756E-004
      1.8750      3.7500       0.2129E-003
      1.8750      5.0000       0.4679E-003
      1.8750      6.2500       0.7433E-003
      1.8750      7.5000       0.9690E-003
      1.8750      8.7500       0.1087E-002
      1.8750     10.0000       0.1064E-002
      1.8750     11.2500       0.9055E-003
      1.8750     12.5000       0.6491E-003
      1.8750     13.7500       0.3656E-003
      1.8750     15.0000       0.1342E-003
      1.8750     16.2500       0.1894E-004
      1.8750     17.5000       0.2105E-006
      1.8750     18.7500       0.2806E-010

      2.8125    -20.0000       0.8508E-011
      2.8125    -18.7500       0.4657E-011
      2.8125    -17.5000       0.2062E-006
      2.8125    -16.2500       0.1895E-004
      2.8125    -15.0000       0.1342E-003
      2.8125    -13.7500       0.3653E-003
      2.8125    -12.5000       0.6492E-003
      2.8125    -11.2500       0.9053E-003
      2.8125    -10.0000       0.1065E-002
      2.8125     -8.7500       0.1086E-002
      2.8125     -7.5000       0.9691E-003
      2.8125     -6.2500       0.7432E-003
      2.8125     -5.0000       0.4680E-003
      2.8125     -3.7500       0.2129E-003
      2.8125     -2.5000       0.4758E-004
      2.8125     -1.2500       0.1769E-005
      2.8125      0.0000       0.8353E-009
      2.8125      1.2500       0.1740E-005
      2.8125      2.5000       0.4763E-004
      2.8125      3.7500       0.2128E-003
      2.8125      5.0000       0.4681E-003
      2.8125      6.2500       0.7432E-003
      2.8125      7.5000       0.9692E-003
      2.8125      8.7500       0.1086E-002
      2.8125     10.0000       0.1065E-002
      2.8125     11.2500       0.9052E-003
      2.8125     12.5000       0.6492E-003
      2.8125     13.7500       0.3653E-003
      2.8125     15.0000       0.1342E-003
      2.8125     16.2500       0.1894E-004
      2.8125     17.5000       0.2078E-006
      2.8125     18.7500       0.4152E-010

      3.7500    -20.0000       0.2930E-011
      3.7500    -18.7500       0.3415E-011
      3.7500    -17.5000       0.2076E-006
      3.7500    -16.2500       0.1895E-004
      3.7500    -15.0000       0.1342E-003
      3.7500    -13.7500       0.3655E-003
      3.7500    -12.5000       0.6491E-003
      3.7500    -11.2500       0.9054E-003
      3.7500    -10.0000       0.1064E-002
      3.7500     -8.7500       0.1087E-002
      3.7500     -7.5000       0.9690E-003
      3.7500     -6.2500       0.7434E-003
      3.7500     -5.0000       0.4679E-003
      3.7500     -3.7500       0.2129E-003
      3.7500     -2.5000       0.4752E-004
      3.7500     -1.2500       0.1788E-005
      3.7500      0.0000       0.3814E-008
      3.7500      1.2500       0.1757E-005
      3.7500      2.5000       0.4766E-004
      3.7500      3.7500       0.2128E-003
      3.7500      5.0000       0.4682E-003
      3.7500      6.2500       0.7430E-003
      3.7500      7.5000       0.9692E-003
      3.7500      8.7500       0.1086E-002
      3.7500     10.0000       0.1065E-002
      3.7500     11.2500       0.9051E-003
      3.7500     12.5000       0.6493E-003
      3.7500     13.7500       0.3652E-003
      3.7500     15.0000       0.1343E-003
      3.7500     16.2500       0.1894E-004
      3.7500     17.5000       0.2071E-006
      3.7500     18.7500       0.4429E-010

      4.6875    -20.0000       0.1841E-011
      4.6875    -18.7500       0.3203E-011
      4.6875    -17.5000       0.2107E-006
      4.6875    -16.2500       0.1894E-004
      4.6875    -15.0000       0.1342E-003
      4.6875    -13.7500       0.3657E-003
      4.6875    -12.5000       0.6491E-003
      4.6875    -11.2500       0.9055E-003
      4.6875    -10.0000       0.1064E-002
      4.6875     -8.7500       0.1087E-002
      4.6875     -7.5000       0.9687E-003
      4.6875     -6.2500       0.7434E-003
      4.6875     -5.0000       0.4678E-003
      4.6875     -3.7500       0.2130E-003
      4.6875     -2.5000       0.4748E-004
      4.6875     -1.2500       0.1833E-005
      4.6875      0.0000       0.1775E-007
      4.6875      1.2500       0.1812E-005
      4.6875      2.5000       0.4761E-004
      4.6875      3.7500       0.2130E-003
      4.6875      5.0000       0.4680E-003
      4.6875      6.2500       0.7430E-003
      4.6875      7.5000       0.9689E-003
      4.6875      8.7500       0.1086E-002
      4.6875     10.0000       0.1065E-002
      4.6875     11.2500       0.9051E-003
      4.6875     12.5000       0.6494E-003
      4.6875     13.7500       0.3653E-003
      4.6875     15.0000       0.1343E-003
      4.6875     16.2500       0.1894E-004
      4.6875     17.5000       0.2091E-006
      4.6875     18.7500       0.3461E-010

      5.6250    -20.0000       0.2436E-011
      5.6250    -18.7500       0.8739E-011
      5.6250    -17.5000       0.2127E-006
      5.6250    -16.2500       0.1894E-004
      5.6250    -15.0000       0.1343E-003
      5.6250    -13.7500       0.3657E-003
      5.6250    -12.5000       0.6492E-003
      5.6250    -11.2500       0.9055E-003
      5.6250    -10.0000       0.1064E-002
      5.6250     -8.7500       0.1087E-002
      5.6250     -7.5000       0.9685E-003
      5.6250     -6.2500       0.7432E-003
      5.6250     -5.0000       0.4678E-003
      5.6250     -3.7500       0.2131E-003
      5.6250     -2.5000       0.4749E-004
      5.6250     -1.2500       0.1862E-005
      5.6250      0.0000       0.3026E-007
      5.6250      1.2500       0.1858E-005
      5.6250      2.5000       0.4753E-004
      5.6250      3.7500       0.2131E-003
      5.6250      5.0000       0.4679E-003
      5.6250      6.2500       0.7431E-003
      5.6250      7.5000       0.9686E-003
      5.6250      8.7500       0.1086E-002
      5.6250     10.0000       0.1064E-002
      5.6250     11.2500       0.9053E-003
      5.6250     12.5000       0.6493E-003
      5.6250     13.7500       0.3655E-003
      5.6250     15.0000       0.1343E-003
      5.6250     16.2500       0.1894E-004
      5.6250     17.5000       0.2119E-006
      5.6250     18.7500       0.1880E-010

      6.5625    -20.0000       0.2255E-011
      6.5625    -18.7500       0.2071E-010
      6.5625    -17.5000       0.2117E-006
      6.5625    -16.2500       0.1894E-004
      6.5625    -15.0000       0.1343E-003
      6.5625    -13.7500       0.3655E-003
      6.5625    -12.5000       0.6493E-003
      6.5625    -11.2500       0.9053E-003
      6.5625    -10.0000       0.1064E-002
      6.5625     -8.7500       0.1086E-002
      6.5625     -7.5000       0.9686E-003
      6.5625     -6.2500       0.7431E-003
      6.5625     -5.0000       0.4679E-003
      6.5625     -3.7500       0.2131E-003
      6.5625     -2.5000       0.4754E-004
      6.5625     -1.2500       0.1851E-005
      6.5625      0.0000       0.3022E-007
      6.5625      1.2500       0.1852E-005
      6.5625      2.5000       0.4749E-004
      6.5625      3.7500       0.2131E-003
      6.5625      5.0000       0.4678E-003
      6.5625      6.2500       0.7433E-003
      6.5625      7.5000       0.9685E-003
      6.5625      8.7500       0.1087E-002
      6.5625     10.0000       0.1064E-002
      6.5625     11.2500       0.9055E-003
      6.5625     12.5000       0.6492E-003
      6.5625     13.7500       0.3657E-003
      6.5625     15.0000       0.1342E-003
      6.5625     16.2500       0.1894E-004
      6.5625     17.5000       0.2131E-006
      6.5625     18.7500       0.6205E-011

      7.5000    -20.0000       0.1826E-011
      7.5000    -18.7500       0.3385E-010
      7.5000    -17.5000       0.2087E-006
      7.5000    -16.2500       0.1895E-004
      7.5000    -15.0000       0.1343E-003
      7.5000    -13.7500       0.3653E-003
      7.5000    -12.5000       0.6493E-003
      7.5000    -11.2500       0.9052E-003
      7.5000    -10.0000       0.1065E-002
      7.5000     -8.7500       0.1086E-002
      7.5000     -7.5000       0.9688E-003
      7.5000     -6.2500       0.7431E-003
      7.5000     -5.0000       0.4680E-003
      7.5000     -3.7500       0.2130E-003
      7.5000     -2.5000       0.4759E-004
      7.5000     -1.2500       0.1808E-005
      7.5000      0.0000       0.1767E-007
      7.5000      1.2500       0.1801E-005
      7.5000      2.5000       0.4753E-004
      7.5000      3.7500       0.2129E-003
      7.5000      5.0000       0.4679E-003
      7.5000      6.2500       0.7433E-003
      7.5000      7.5000       0.9688E-003
      7.5000      8.7500       0.1087E-002
      7.5000     10.0000       0.1064E-002
      7.5000     11.2500       0.9055E-003
      7.5000     12.5000       0.6491E-003
      7.5000     13.7500       0.3657E-003
      7.5000     15.0000       0.1342E-003
      7.5000     16.2500       0.1894E-004
      7.5000     17.5000       0.2117E-006
      7.5000     18.7500       0.1971E-011

      8.4375    -20.0000       0.4108E-011
      8.4375    -18.7500       0.4034E-010
      8.4375    -17.5000       0.2061E-006
      8.4375    -16.2500       0.1895E-004
      8.4375    -15.0000       0.1342E-003
      8.4375    -13.7500       0.3653E-003
      8.4375    -12.5000       0.6492E-003
      8.4375    -11.2500       0.9052E-003
      8.4375    -10.0000       0.1065E-002
      8.4375     -8.7500       0.1086E-002
      8.4375     -7.5000       0.9691E-003
      8.4375     -6.2500       0.7432E-003
      8.4375     -5.0000       0.4680E-003
      8.4375     -3.7500       0.2129E-003
      8.4375     -2.5000       0.4760E-004
      8.4375     -1.2500       0.1773E-005
      8.4375      0.0000       0.3761E-008
      8.4375      1.2500       0.1749E-005
      8.4375      2.5000       0.4760E-004
      8.4375      3.7500       0.2128E-003
      8.4375      5.0000       0.4680E-003
      8.4375      6.2500       0.7433E-003
      8.4375      7.5000       0.9692E-003
      8.4375      8.7500       0.1086E-002
      8.4375     10.0000       0.1065E-002
      8.4375     11.2500       0.9053E-003
      8.4375     12.5000       0.6492E-003
      8.4375     13.7500       0.3654E-003
      8.4375     15.0000       0.1342E-003
      8.4375     16.2500       0.1894E-004
      8.4375     17.5000       0.2090E-006
      8.4375     18.7500       0.3920E-011

      9.3750    -20.0000       0.1125E-010
      9.3750    -18.7500       0.3583E-010
      9.3750    -17.5000       0.2064E-006
      9.3750    -16.2500       0.1895E-004
      9.3750    -15.0000       0.1342E-003
      9.3750    -13.7500       0.3654E-003
      9.3750    -12.5000       0.6491E-003
      9.3750    -11.2500       0.9054E-003
      9.3750    -10.0000       0.1064E-002
      9.3750     -8.7500       0.1086E-002
      9.3750     -7.5000       0.9691E-003
      9.3750     -6.2500       0.7433E-003
      9.3750     -5.0000       0.4680E-003
      9.3750     -3.7500       0.2129E-003
      9.3750     -2.5000       0.4755E-004
      9.3750     -1.2500       0.1776E-005
      9.3750      0.0000       0.8597E-009
      9.3750      1.2500       0.1743E-005
      9.3750      2.5000       0.4766E-004
      9.3750      3.7500       0.2128E-003
      9.3750      5.0000       0.4681E-003
      9.3750      6.2500       0.7431E-003
      9.3750      7.5000       0.9693E-003
      9.3750      8.7500       0.1086E-002
      9.3750     10.0000       0.1065E-002
      9.3750     11.2500       0.9051E-003
      9.3750     12.5000       0.6493E-003
      9.3750     13.7500       0.3652E-003
      9.3750     15.0000       0.1343E-003
      9.3750     16.2500       0.1894E-004
      9.3750     17.5000       0.2075E-006
      9.3750     18.7500       0.5880E-011

     10.3125    -20.0000       0.2171E-010
     10.3125    -18.7500       0.2302E-010
     10.3125    -17.5000       0.2093E-006
     10.3125    -16.2500       0.1894E-004
     10.3125    -15.0000       0.1342E-003
     10.3125    -13.7500       0.3656E-003
     10.3125    -12.5000       0.6491E-003
     10.3125    -11.2500       0.9055E-003
     10.3125    -10.0000       0.1064E-002
     10.3125     -8.7500       0.1087E-002
     10.3125     -7.5000       0.9689E-003
     10.3125     -6.2500       0.7434E-003
     10.3125     -5.0000       0.4679E-003
     10.3125     -3.7500       0.2130E-003
     10.3125     -2.5000       0.4749E-004
     10.3125     -1.2500       0.1814E-005
     10.3125      0.0000       0.1154E-007
     10.3125      1.2500       0.1788E-005
     10.3125      2.5000       0.4763E-004
     10.3125      3.7500       0.2129E-003
     10.3125      5.0000       0.4681E-003
     10.3125      6.2500       0.7430E-003
     10.3125      7.5000       0.9690E-003
     10.3125      8.7500       0.1086E-002
     10.3125     10.0000       0.1065E-002
     10.3125     11.2500       0.9051E-003
     10.3125     12.5000       0.6494E-003
     10.3125     13.7500       0.3652E-003
     10.3125     15.0000       0.1343E-003
     10.3125     16.2500       0.1894E-004
     10.3125     17.5000       0.2085E-006
     10.3125     18.7500       0.4223E-011

     11.2500    -20.0000       0.3045E-010
     11.2500    -18.7500       0.9517E-011
     11.2500    -17.5000       0.2123E-006
     11.2500    -16.2500       0.1893E-004
     11.2500    -15.0000       0.1342E-003
     11.2500    -13.7500       0.3657E-003
     11.2500    -12.5000       0.6492E-003
     11.2500    -11.2500       0.9055E-003
     11.2500    -10.0000       0.1064E-002
     11.2500     -8.7500       0.1087E-002
     11.2500     -7.5000       0.9686E-003
     11.2500     -6.2500       0.7433E-003
     11.2500     -5.0000       0.4678E-003
     11.2500     -3.7500       0.2131E-003
     11.2500     -2.5000       0.4747E-004
     11.2500     -1.2500       0.1854E-005
     11.2500      0.0000       0.2632E-007
     11.2500      1.2500       0.1844E-005
     11.2500      2.5000       0.4756E-004
     11.2500      3.7500       0.2130E-003
     11.2500      5.0000       0.4679E-003
     11.2500      6.2500       0.7430E-003
     11.2500      7.5000       0.9687E-003
     11.2500      8.7500       0.1086E-002
     11.2500     10.0000       0.1065E-002
     11.2500     11.2500       0.9052E-003
     11.2500     12.5000       0.6493E-003
     11.2500     13.7500       0.3654E-003
     11.2500     15.0000       0.1343E-003
     11.2500     16.2500       0.1894E-004
     11.2500     17.5000       0.2113E-006
     11.2500     18.7500       0.1533E-011

     12.1875    -20.0000       0.3247E-010
     12.1875    -18.7500       0.1990E-011
     12.1875    -17.5000       0.2128E-006
     12.1875    -16.2500       0.1894E-004
     12.1875    -15.0000       0.1343E-003
     12.1875    -13.7500       0.3656E-003
     12.1875    -12.5000       0.6492E-003
     12.1875    -11.2500       0.9054E-003
     12.1875    -10.0000       0.1064E-002
     12.1875     -8.7500       0.1087E-002
     12.1875     -7.5000       0.9685E-003
     12.1875     -6.2500       0.7431E-003
     12.1875     -5.0000       0.4678E-003
     12.1875     -3.7500       0.2131E-003
     12.1875     -2.5000       0.4752E-004
     12.1875     -1.2500       0.1860E-005
     12.1875      0.0000       0.3205E-007
     12.1875      1.2500       0.1861E-005
     12.1875      2.5000       0.4750E-004
     12.1875      3.7500       0.2131E-003
     12.1875      5.0000       0.4678E-003
     12.1875      6.2500       0.7432E-003
     12.1875      7.5000       0.9685E-003
     12.1875      8.7500       0.1087E-002
     12.1875     10.0000       0.1064E-002
     12.1875     11.2500       0.9055E-003
     12.1875     12.5000       0.6492E-003
     12.1875     13.7500       0.3656E-003
     12.1875     15.0000       0.1343E-003
     12.1875     16.2500       0.1893E-004
     12.1875     17.5000       0.2132E-006
     12.1875     18.7500       0.4047E-011

     13.1250    -20.0000       0.2654E-010
     13.1250    -18.7500       0.1504E-011
     13.1250    -17.5000       0.2105E-006
     13.1250    -16.2500       0.1894E-004
     13.1250    -15.0000       0.1343E-003
     13.1250    -13.7500       0.3654E-003
     13.1250    -12.5000       0.6493E-003
     13.1250    -11.2500       0.9053E-003
     13.1250    -10.0000       0.1064E-002
     13.1250     -8.7500       0.1086E-002
     13.1250     -7.5000       0.9687E-003
     13.1250     -6.2500       0.7431E-003
     13.1250     -5.0000       0.4680E-003
     13.1250     -3.7500       0.2130E-003
     13.1250     -2.5000       0.4758E-004
     13.1250     -1.2500       0.1827E-005
     13.1250      0.0000       0.2364E-007
     13.1250      1.2500       0.1825E-005
     13.1250      2.5000       0.4750E-004
     13.1250      3.7500       0.2130E-003
     13.1250      5.0000       0.4678E-003
     13.1250      6.2500       0.7433E-003
     13.1250      7.5000       0.9687E-003
     13.1250      8.7500       0.1087E-002
     13.1250     10.0000       0.1064E-002
     13.1250     11.2500       0.9056E-003
     13.1250     12.5000       0.6491E-003
     13.1250     13.7500       0.3657E-003
     13.1250     15.0000       0.1342E-003
     13.1250     16.2500       0.1894E-004
     13.1250     17.5000       0.2126E-006
     13.1250     18.7500       0.1521E-010

     14.0625    -20.0000       0.1619E-010
     14.0625    -18.7500       0.3893E-011
     14.0625    -17.5000       0.2074E-006
     14.0625    -16.2500       0.1895E-004
     14.0625    -15.0000       0.1343E-003
     14.0625    -13.7500       0.3653E-003
     14.0625    -12.5000       0.6492E-003
     14.0625    -11.2500       0.9052E-003
     14.0625    -10.0000       0.1065E-002
     14.0625     -8.7500       0.1086E-002
     14.0625     -7.5000       0.9690E-003
     14.0625     -6.2500       0.7431E-003
     14.0625     -5.0000       0.4680E-003
     14.0625     -3.7500       0.2129E-003
     14.0625     -2.5000       0.4760E-004
     14.0625     -1.2500       0.1784E-005
     14.0625      0.0000       0.8572E-008
     14.0625      1.2500       0.1767E-005
     14.0625      2.5000       0.4757E-004
     14.0625      3.7500       0.2129E-003
     14.0625      5.0000       0.4680E-003
     14.0625      6.2500       0.7433E-003
     14.0625      7.5000       0.9690E-003
     14.0625      8.7500       0.1087E-002
     14.0625     10.0000       0.1064E-002
     14.0625     11.2500       0.9054E-003
     14.0625     12.5000       0.6491E-003
     14.0625     13.7500       0.3655E-003
     14.0625     15.0000       0.1342E-003
     14.0625     16.2500       0.1894E-004
     14.0625     17.5000       0.2099E-006
     14.0625     18.7500       0.3125E-010

     15.0000    -20.0000       0.6982E-011
     15.0000    -18.7500       0.4554E-011
     15.0000    -17.5000       0.2063E-006
     15.0000    -16.2500       0.1895E-004
     15.0000    -15.0000       0.1342E-003
     15.0000    -13.7500       0.3654E-003
     15.0000    -12.5000       0.6491E-003
     15.0000    -11.2500       0.9053E-003
     15.0000    -10.0000       0.1065E-002
     15.0000     -8.7500       0.1086E-002
     15.0000     -7.5000       0.9691E-003
     15.0000     -6.2500       0.7433E-003
     15.0000     -5.0000       0.4680E-003
     15.0000     -3.7500       0.2129E-003
     15.0000     -2.5000       0.4757E-004
     15.0000     -1.2500       0.1769E-005
     15.0000      0.0000       0.2320E-009
     15.0000      1.2500       0.1739E-005
     15.0000      2.5000       0.4764E-004
     15.0000      3.7500       0.2128E-003
     15.0000      5.0000       0.4681E-003
     15.0000      6.2500       0.7432E-003
     15.0000      7.5000       0.9693E-003
     15.0000      8.7500       0.1086E-002
     15.0000     10.0000       0.1065E-002
     15.0000     11.2500       0.9052E-003
     15.0000     12.5000       0.6492E-003
     15.0000     13.7500       0.3653E-003
     15.0000     15.0000       0.1343E-003
     15.0000     16.2500       0.1894E-004
     15.0000     17.5000       0.2074E-006
     15.0000     18.7500       0.4311E-010

     15.9375    -20.0000       0.2417E-011
     15.9375    -18.7500       0.3121E-011
     15.9375    -17.5000       0.2081E-006
     15.9375    -16.2500       0.1895E-004
     15.9375    -15.0000       0.1342E-003
     15.9375    -13.7500       0.3656E-003
     15.9375    -12.5000       0.6491E-003
     15.9375    -11.2500       0.9055E-003
     15.9375    -10.0000       0.1064E-002
     15.9375     -8.7500       0.1087E-002
     15.9375     -7.5000       0.9690E-003
     15.9375     -6.2500       0.7434E-003
     15.9375     -5.0000       0.4679E-003
     15.9375     -3.7500       0.2129E-003
     15.9375     -2.5000       0.4751E-004
     15.9375     -1.2500       0.1796E-005
     15.9375      0.0000       0.6036E-008
     15.9375      1.2500       0.1766E-005
     15.9375      2.5000       0.4765E-004
     15.9375      3.7500       0.2128E-003
     15.9375      5.0000       0.4681E-003
     15.9375      6.2500       0.7430E-003
     15.9375      7.5000       0.9692E-003
     15.9375      8.7500       0.1086E-002
     15.9375     10.0000       0.1065E-002
     15.9375     11.2500       0.9051E-003
     15.9375     12.5000       0.6493E-003
     15.9375     13.7500       0.3652E-003
     15.9375     15.0000       0.1343E-003
     15.9375     16.2500       0.1894E-004
     15.9375     17.5000       0.2073E-006
     15.9375     18.7500       0.4325E-010

     16.8750    -20.0000       0.1932E-011
     16.8750    -18.7500       0.3742E-011
     16.8750    -17.5000       0.2112E-006
     16.8750    -16.2500       0.1894E-004
     16.8750    -15.0000       0.1342E-003
     16.8750    -13.7500       0.3657E-003
     16.8750    -12.5000       0.6491E-003
     16.8750    -11.2500       0.9055E-003
     16.8750    -10.0000       0.1064E-002
     16.8750     -8.7500       0.1087E-002
     16.8750     -7.5000       0.9687E-003
     16.8750     -6.2500       0.7433E-003
     16.8750     -5.0000       0.4678E-003
     16.8750     -3.7500       0.2130E-003
     16.8750     -2.5000       0.4747E-004
     16.8750     -1.2500       0.1841E-005
     16.8750      0.0000       0.2082E-007
     16.8750      1.2500       0.1824E-005
     16.8750      2.5000       0.4759E-004
     16.8750      3.7500       0.2130E-003
     16.8750      5.0000       0.4680E-003
     16.8750      6.2500       0.7430E-003
     16.8750      7.5000       0.9688E-003
     16.8750      8.7500       0.1086E-002
     16.8750     10.0000       0.1065E-002
     16.8750     11.2500       0.9051E-003
     16.8750     12.5000       0.6494E-003
     16.8750     13.7500       0.3653E-003
     16.8750     15.0000       0.1343E-003
     16.8750     16.2500       0.1894E-004
     16.8750     17.5000       0.2096E-006
     16.8750     18.7500       0.3163E-010

     17.8125    -20.0000       0.2495E-011
     17.8125    -18.7500       0.1071E-010
     17.8125    -17.5000       0.2127E-006
     17.8125    -16.2500       0.1894E-004
     17.8125    -15.0000       0.1343E-003
     17.8125    -13.7500       0.3656E-003
     17.8125    -12.5000       0.6492E-003
     17.8125    -11.2500       0.9055E-003
     17.8125    -10.0000       0.1064E-002
     17.8125     -8.7500       0.1087E-002
     17.8125     -7.5000       0.9685E-003
     17.8125     -6.2500       0.7432E-003
     17.8125     -5.0000       0.4678E-003
     17.8125     -3.7500       0.2131E-003
     17.8125     -2.5000       0.4749E-004
     17.8125     -1.2500       0.1863E-005
     17.8125      0.0000       0.3145E-007
     17.8125      1.2500       0.1861E-005
     17.8125      2.5000       0.4752E-004
     17.8125      3.7500       0.2131E-003
     17.8125      5.0000       0.4678E-003
     17.8125      6.2500       0.7431E-003
     17.8125      7.5000       0.9685E-003
     17.8125      8.7500       0.1087E-002
     17.8125     10.0000       0.1064E-002
     17.8125     11.2500       0.9054E-003
     17.8125     12.5000       0.6493E-003
     17.8125     13.7500       0.3656E-003
     17.8125     15.0000       0.1343E-003
     17.8125     16.2500       0.1894E-004
     17.8125     17.5000       0.2123E-006
     17.8125     18.7500       0.1576E-010

     18.7500    -20.0000       0.2114E-011
     18.7500    -18.7500       0.2350E-010
     18.7500    -17.5000       0.2112E-006
     18.7500    -16.2500       0.1894E-004
     18.7500    -15.0000       0.1343E-003
     18.7500    -13.7500       0.3654E-003
     18.7500    -12.5000       0.6493E-003
     18.7500    -11.2500       0.9053E-003
     18.7500    -10.0000       0.1064E-002
     18.7500     -8.7500       0.1086E-002
     18.7500     -7.5000       0.9686E-003
     18.7500     -6.2500       0.7431E-003
     18.7500     -5.0000       0.4679E-003
     18.7500     -3.7500       0.2131E-003
     18.7500     -2.5000       0.4755E-004
     18.7500     -1.2500       0.1844E-005
     18.7500      0.0000       0.2847E-007
     18.7500      1.2500       0.1845E-005
     18.7500      2.5000       0.4749E-004
     18.7500      3.7500       0.2130E-003
     18.7500      5.0000       0.4678E-003
     18.7500      6.2500       0.7433E-003
     18.7500      7.5000       0.9686E-003
     18.7500      8.7500       0.1087E-002
     18.7500     10.0000       0.1064E-002
     18.7500     11.2500       0.9056E-003
     18.7500     12.5000       0.6491E-003
     18.7500     13.7500       0.3657E-003
     18.7500     15.0000       0.1342E-003
     18.7500     16.2500       0.1894E-004
     18.7500     17.5000       0.2130E-006
     18.7500     18.7500       0.4656E-011

     19.6875    -20.0000       0.1961E-011
     19.6875    -18.7500       0.3591E-010
     19.6875    -17.5000       0.2080E-006
     19.6875    -16.2500       0.1895E-004
     19.6875    -15.0000       0.1343E-003
     19.6875    -13.7500       0.3653E-003
     19.6875    -12.5000       0.6492E-003
     19.6875    -11.2500       0.9052E-003
     19.6875    -10.0000       0.1065E-002
     19.6875     -8.7500       0.1086E-002
     19.6875     -7.5000       0.9689E-003
     19.6875     -6.2500       0.7431E-003
     19.6875     -5.0000       0.4680E-003
     19.6875     -3.7500       0.2130E-003
     19.6875     -2.5000       0.4760E-004
     19.6875     -1.2500       0.1800E-005
     19.6875      0.0000       0.1454E-007
     19.6875      1.2500       0.1789E-005
     19.6875      2.5000       0.4754E-004
     19.6875      3.7500       0.2129E-003
     19.6875      5.0000       0.4679E-003
     19.6875      6.2500       0.7433E-003
     19.6875      7.5000       0.9689E-003
     19.6875      8.7500       0.1087E-002
     19.6875     10.0000       0.1064E-002
     19.6875     11.2500       0.9055E-003
     19.6875     12.5000       0.6491E-003
     19.6875     13.7500       0.3656E-003
     19.6875     15.0000       0.1342E-003
     19.6875     16.2500       0.1894E-004
     19.6875     17.5000       0.2112E-006
     19.6875     18.7500       0.2046E-011

     20.6250    -20.0000       0.5134E-011
     20.6250    -18.7500       0.4033E-010
     20.6250    -17.5000       0.2059E-006
     20.6250    -16.2500       0.1895E-004
     20.6250    -15.0000       0.1342E-003
     20.6250    -13.7500       0.3653E-003
     20.6250    -12.5000       0.6492E-003
     20.6250    -11.2500       0.9053E-003
     20.6250    -10.0000       0.1065E-002
     20.6250     -8.7500       0.1086E-002
     20.6250     -7.5000       0.9691E-003
     20.6250     -6.2500       0.7432E-003
     20.6250     -5.0000       0.4680E-003
     20.6250     -3.7500       0.2129E-003
     20.6250     -2.5000       0.4759E-004
     20.6250     -1.2500       0.1770E-005
     20.6250      0.0000       0.2027E-008
     20.6250      1.2500       0.1744E-005
     20.6250      2.5000       0.4762E-004
     20.6250      3.7500       0.2128E-003
     20.6250      5.0000       0.4681E-003
     20.6250      6.2500       0.7432E-003
     20.6250      7.5000       0.9692E-003
     20.6250      8.7500       0.1086E-002
     20.6250     10.0000       0.1065E-002
     20.6250     11.2500       0.9053E-003
     20.6250     12.5000       0.6492E-003
     20.6250     13.7500       0.3654E-003
     20.6250     15.0000       0.1342E-003
     20.6250     16.2500       0.1894E-004
     20.6250     17.5000       0.2085E-006
     20.6250     18.7500       0.4503E-011

     21.5625    -20.0000       0.1320E-010
     21.5625    -18.7500       0.3373E-010
     21.5625    -17.5000       0.2069E-006
     21.5625    -16.2500       0.1895E-004
     21.5625    -15.0000       0.1342E-003
     21.5625    -13.7500       0.3655E-003
     21.5625    -12.5000       0.6491E-003
     21.5625    -11.2500       0.9054E-003
     21.5625    -10.0000       0.1064E-002
     21.5625     -8.7500       0.1086E-002
     21.5625     -7.5000       0.9691E-003
     21.5625     -6.2500       0.7433E-003
     21.5625     -5.0000       0.4679E-003
     21.5625     -3.7500       0.2129E-003
     21.5625     -2.5000       0.4754E-004
     21.5625     -1.2500       0.1782E-005
     21.5625      0.0000       0.2066E-008
     21.5625      1.2500       0.1749E-005
     21.5625      2.5000       0.4766E-004
     21.5625      3.7500       0.2128E-003
     21.5625      5.0000       0.4682E-003
     21.5625      6.2500       0.7430E-003
     21.5625      7.5000       0.9692E-003
     21.5625      8.7500       0.1086E-002
     21.5625     10.0000       0.1065E-002
     21.5625     11.2500       0.9051E-003
     21.5625     12.5000       0.6493E-003
     21.5625     13.7500       0.3652E-003
     21.5625     15.0000       0.1343E-003
     21.5625     16.2500       0.1894E-004
     21.5625     17.5000       0.2075E-006
     21.5625     18.7500       0.5848E-011

     22.5000    -20.0000       0.2378E-010
     22.5000    -18.7500       0.2011E-010
     22.5000    -17.5000       0.2100E-006
     22.5000    -16.2500       0.1894E-004
     22.5000    -15.0000       0.1342E-003
     22.5000    -13.7500       0.3657E-003
     22.5000    -12.5000       0.6491E-003
     22.5000    -11.2500       0.9055E-003
     22.5000    -10.0000       0.1064E-002
     22.5000     -8.7500       0.1087E-002
     22.5000     -7.5000       0.9688E-003
     22.5000     -6.2500       0.7434E-003
     22.5000     -5.0000       0.4678E-003
     22.5000     -3.7500       0.2130E-003
     22.5000     -2.5000       0.4748E-004
     22.5000     -1.2500       0.1824E-005
     22.5000      0.0000       0.1462E-007
     22.5000      1.2500       0.1800E-005
     22.5000      2.5000       0.4762E-004
     22.5000      3.7500       0.2129E-003
     22.5000      5.0000       0.4681E-003
     22.5000      6.2500       0.7430E-003
     22.5000      7.5000       0.9690E-003
     22.5000      8.7500       0.1086E-002
     22.5000     10.0000       0.1065E-002
     22.5000     11.2500       0.9051E-003
     22.5000     12.5000       0.6494E-003
     22.5000     13.7500       0.3652E-003
     22.5000     15.0000       0.1343E-003
     22.5000     16.2500       0.1894E-004
     22.5000     17.5000       0.2090E-006
     22.5000     18.7500       0.3584E-011

     23.4375    -20.0000       0.3151E-010
     23.4375    -18.7500       0.7404E-011
     23.4375    -17.5000       0.2127E-006
     23.4375    -16.2500       0.1893E-004
     23.4375    -15.0000       0.1343E-003
     23.4375    -13.7500       0.3657E-003
     23.4375    -12.5000       0.6492E-003
     23.4375    -11.2500       0.9055E-003
     23.4375    -10.0000       0.1064E-002
     23.4375     -8.7500       0.1087E-002
     23.4375     -7.5000       0.9686E-003
     23.4375     -6.2500       0.7433E-003
     23.4375     -5.0000       0.4678E-003
     23.4375     -3.7500       0.2131E-003
     23.4375     -2.5000       0.4748E-004
     23.4375     -1.2500       0.1859E-005
     23.4375      0.0000       0.2853E-007
     23.4375      1.2500       0.1852E-005
     23.4375      2.5000       0.4754E-004
     23.4375      3.7500       0.2131E-003
     23.4375      5.0000       0.4679E-003
     23.4375      6.2500       0.7431E-003
     23.4375      7.5000       0.9686E-003
     23.4375      8.7500       0.1086E-002
     23.4375     10.0000       0.1064E-002
     23.4375     11.2500       0.9053E-003
     23.4375     12.5000       0.6493E-003
     23.4375     13.7500       0.3655E-003
     23.4375     15.0000       0.1343E-003
     23.4375     16.2500       0.1894E-004
     23.4375     17.5000       0.2118E-006
     23.4375     18.7500       0.1427E-011

     24.3750    -20.0000       0.3187E-010
     24.3750    -18.7500       0.1409E-011
     24.3750    -17.5000       0.2126E-006
     24.3750    -16.2500       0.1894E-004
     24.3750    -15.0000       0.1343E-003
     24.3750    -13.7500       0.3655E-003
     24.3750    -12.5000       0.6493E-003
     24.3750    -11.2500       0.9054E-003
     24.3750    -10.0000       0.1064E-002
     24.3750     -8.7500       0.1087E-002
     24.3750     -7.5000       0.9685E-003
     24.3750     -6.2500       0.7431E-003
     24.3750     -5.0000       0.4679E-003
     24.3750     -3.7500       0.2131E-003
     24.3750     -2.5000       0.4753E-004
     24.3750     -1.2500       0.1856E-005
     24.3750      0.0000       0.3143E-007
     24.3750      1.2500       0.1858E-005
     24.3750      2.5000       0.4749E-004
     24.3750      3.7500       0.2131E-003
     24.3750      5.0000       0.4678E-003
     24.3750      6.2500       0.7432E-003
     24.3750      7.5000       0.9685E-003
     24.3750      8.7500       0.1087E-002
     24.3750     10.0000       0.1064E-002
     24.3750     11.2500       0.9055E-003
     24.3750     12.5000       0.6492E-003
     24.3750     13.7500       0.3657E-003
     24.3750     15.0000       0.1343E-003
     24.3750     16.2500       0.1893E-004
     24.3750     17.5000       0.2133E-006
     24.3750     18.7500       0.5595E-011

     25.3125    -20.0000       0.2465E-010
     25.3125    -18.7500       0.1930E-011
     25.3125    -17.5000       0.2098E-006
     25.3125    -16.2500       0.1894E-004
     25.3125    -15.0000       0.1343E-003
     25.3125    -13.7500       0.3653E-003
     25.3125    -12.5000       0.6493E-003
     25.3125    -11.2500       0.9052E-003
     25.3125    -10.0000       0.1065E-002
     25.3125     -8.7500       0.1086E-002
     25.3125     -7.5000       0.9688E-003
     25.3125     -6.2500       0.7431E-003
     25.3125     -5.0000       0.4680E-003
     25.3125     -3.7500       0.2130E-003
     25.3125     -2.5000       0.4759E-004
     25.3125     -1.2500       0.1818E-005
     25.3125      0.0000       0.2074E-007
     25.3125      1.2500       0.1813E-005
     25.3125      2.5000       0.4751E-004
     25.3125      3.7500       0.2130E-003
     25.3125      5.0000       0.4678E-003
     25.3125      6.2500       0.7433E-003
     25.3125      7.5000       0.9687E-003
     25.3125      8.7500       0.1087E-002
     25.3125     10.0000       0.1064E-002
     25.3125     11.2500       0.9056E-003
     25.3125     12.5000       0.6491E-003
     25.3125     13.7500       0.3657E-003
     25.3125     15.0000       0.1342E-003
     25.3125     16.2500       0.1894E-004
     25.3125     17.5000       0.2122E-006
     25.3125     18.7500       0.1827E-010

     26.2500    -20.0000       0.1409E-010
     26.2500    -18.7500       0.4254E-011
     26.2500    -17.5000       0.2069E-006
     26.2500    -16.2500       0.1895E-004
     26.2500    -15.0000       0.1343E-003
     26.2500    -13.7500       0.3653E-003
     26.2500    -12.5000       0.6492E-003
     26.2500    -11.2500       0.9052E-003
     26.2500    -10.0000       0.1065E-002
     26.2500     -8.7500       0.1086E-002
     26.2500     -7.5000       0.9690E-003
     26.2500     -6.2500       0.7432E-003
     26.2500     -5.0000       0.4680E-003
     26.2500     -3.7500       0.2129E-003
     26.2500     -2.5000       0.4760E-004
     26.2500     -1.2500       0.1778E-005
     26.2500      0.0000       0.5971E-008
     26.2500      1.2500       0.1757E-005
     26.2500      2.5000       0.4759E-004
     26.2500      3.7500       0.2128E-003
     26.2500      5.0000       0.4680E-003
     26.2500      6.2500       0.7433E-003
     26.2500      7.5000       0.9691E-003
     26.2500      8.7500       0.1086E-002
     26.2500     10.0000       0.1065E-002
     26.2500     11.2500       0.9054E-003
     26.2500     12.5000       0.6491E-003
     26.2500     13.7500       0.3655E-003
     26.2500     15.0000       0.1342E-003
     26.2500     16.2500       0.1894E-004
     26.2500     17.5000       0.2093E-006
     26.2500     18.7500       0.3427E-010

     27.1875    -20.0000       0.5657E-011
     27.1875    -18.7500       0.4349E-011
     27.1875    -17.5000       0.2064E-006
     27.1875    -16.2500       0.1895E-004
     27.1875    -15.0000       0.1342E-003
     27.1875    -13.7500       0.3654E-003
     27.1875    -12.5000       0.6491E-003
     27.1875    -11.2500       0.9054E-003
     27.1875    -10.0000       0.1065E-002
     27.1875     -8.7500       0.1086E-002
     27.1875     -7.5000       0.9691E-003
     27.1875     -6.2500       0.7433E-003
     27.1875     -5.0000       0.4680E-003
     27.1875     -3.7500       0.2129E-003
     27.1875     -2.5000       0.4756E-004
     27.1875     -1.2500       0.1772E-005
     27.1875      0.0000       0.2402E-009
     27.1875      1.2500       0.1740E-005
     27.1875      2.5000       0.4765E-004
     27.1875      3.7500       0.2128E-003
     27.1875      5.0000       0.4681E-003
     27.1875      6.2500       0.7431E-003
     27.1875      7.5000       0.9693E-003
     27.1875      8.7500       0.1086E-002
     27.1875     10.0000       0.1065E-002
     27.1875     11.2500       0.9052E-003
     27.1875     12.5000       0.6493E-003
     27.1875     13.7500       0.3653E-003
     27.1875     15.0000       0.1343E-003
     27.1875     16.2500       0.1894E-004
     27.1875     17.5000       0.2072E-006
     27.1875     18.7500       0.4421E-010

     28.1250    -20.0000       0.2076E-011
     28.1250    -18.7500       0.2909E-011
     28.1250    -17.5000       0.2088E-006
     28.1250    -16.2500       0.1894E-004
     28.1250    -15.0000       0.1342E-003
     28.1250    -13.7500       0.3656E-003
     28.1250    -12.5000       0.6491E-003
     28.1250    -11.2500       0.9055E-003
     28.1250    -10.0000       0.1064E-002
     28.1250     -8.7500       0.1087E-002
     28.1250     -7.5000       0.9689E-003
     28.1250     -6.2500       0.7434E-003
     28.1250     -5.0000       0.4679E-003
     28.1250     -3.7500       0.2129E-003
     28.1250     -2.5000       0.4750E-004
     28.1250     -1.2500       0.1805E-005
     28.1250      0.0000       0.8646E-008
     28.1250      1.2500       0.1777E-005
     28.1250      2.5000       0.4764E-004
     28.1250      3.7500       0.2129E-003
     28.1250      5.0000       0.4681E-003
     28.1250      6.2500       0.7430E-003
     28.1250      7.5000       0.9691E-003
     28.1250      8.7500       0.1086E-002
     28.1250     10.0000       0.1065E-002
     28.1250     11.2500       0.9051E-003
     28.1250     12.5000       0.6494E-003
     28.1250     13.7500       0.3652E-003
     28.1250     15.0000       0.1343E-003
     28.1250     16.2500       0.1894E-004
     28.1250     17.5000       0.2076E-006
     28.1250     18.7500       0.4171E-010

     29.0625    -20.0000       0.2062E-011
     29.0625    -18.7500       0.4552E-011
     29.0625    -17.5000       0.2117E-006
     29.0625    -16.2500       0.1894E-004
     29.0625    -15.0000       0.1342E-003
     29.0625    -13.7500       0.3657E-003
     29.0625    -12.5000       0.6491E-003
     29.0625    -11.2500       0.9055E-003
     29.0625    -10.0000       0.1064E-002
     29.0625     -8.7500       0.1087E-002
     29.0625     -7.5000       0.9686E-003
     29.0625     -6.2500       0.7433E-003
     29.0625     -5.0000       0.4678E-003
     29.0625     -3.7500       0.2130E-003
     29.0625     -2.5000       0.4747E-004
     29.0625     -1.2500       0.1848E-005
     29.0625      0.0000       0.2372E-007
     29.0625      1.2500       0.1835E-005
     29.0625      2.5000       0.4758E-004
     29.0625      3.7500       0.2130E-003
     29.0625      5.0000       0.4680E-003
     29.0625      6.2500       0.7430E-003
     29.0625      7.5000       0.9687E-003
     29.0625      8.7500       0.1086E-002
     29.0625     10.0000       0.1065E-002
     29.0625     11.2500       0.9052E-003
     29.0625     12.5000       0.6493E-003
     29.0625     13.7500       0.3654E-003
     29.0625     15.0000       0.1343E-003
     29.0625     16.2500       0.1894E-004
     29.0625     17.5000       0.2102E-006
     29.0625     18.7500       0.2848E-010

