    -30.0000    -20.0000       0.1302E-010
    -30.0000    -18.7500       0.8985E-011
    -30.0000    -17.5000       0.1794E-006
    -30.0000    -16.2500       0.1603E-004
    -30.0000    -15.0000       0.1151E-003
    -30.0000    -13.7500       0.3172E-003
    -30.0000    -12.5000       0.5709E-003
    -30.0000    -11.2500       0.8097E-003
    -30.0000    -10.0000       0.9732E-003
    -30.0000     -8.7500       0.1022E-002
    -30.0000     -7.5000       0.9457E-003
    -30.0000     -6.2500       0.7675E-003
    -30.0000     -5.0000       0.5377E-003
    -30.0000     -3.7500       0.3176E-003
    -30.0000     -2.5000       0.1592E-003
    -30.0000     -1.2500       0.8257E-004
    -30.0000      0.0000       0.6471E-004
    -30.0000      1.2500       0.8257E-004
    -30.0000      2.5000       0.1592E-003
    -30.0000      3.7500       0.3176E-003
    -30.0000      5.0000       0.5377E-003
    -30.0000      6.2500       0.7675E-003
    -30.0000      7.5000       0.9457E-003
    -30.0000      8.7500       0.1022E-002
    -30.0000     10.0000       0.9732E-003
    -30.0000     11.2500       0.8097E-003
    -30.0000     12.5000       0.5709E-003
    -30.0000     13.7500       0.3172E-003
    -30.0000     15.0000       0.1151E-003
    -30.0000     16.2500       0.1603E-004
    -30.0000     17.5000       0.1794E-006
    -30.0000     18.7500       0.8985E-011

    -29.0625    -20.0000       0.1127E-010
    -29.0625    -18.7500       0.7508E-011
    -29.0625    -17.5000       0.1821E-006
    -29.0625    -16.2500       0.1599E-004
    -29.0625    -15.0000       0.1149E-003
    -29.0625    -13.7500       0.3168E-003
    -29.0625    -12.5000       0.5701E-003
    -29.0625    -11.2500       0.8087E-003
    -29.0625    -10.0000       0.9723E-003
    -29.0625     -8.7500       0.1022E-002
    -29.0625     -7.5000       0.9471E-003
    -29.0625     -6.2500       0.7739E-003
    -29.0625     -5.0000       0.5510E-003
    -29.0625     -3.7500       0.3376E-003
    -29.0625     -2.5000       0.1799E-003
    -29.0625     -1.2500       0.9086E-004
    -29.0625      0.0000       0.5035E-004
    -29.0625      1.2500       0.5451E-004
    -29.0625      2.5000       0.1352E-003
    -29.0625      3.7500       0.3051E-003
    -29.0625      5.0000       0.5352E-003
    -29.0625      6.2500       0.7703E-003
    -29.0625      7.5000       0.9497E-003
    -29.0625      8.7500       0.1025E-002
    -29.0625     10.0000       0.9752E-003
    -29.0625     11.2500       0.8113E-003
    -29.0625     12.5000       0.5716E-003
    -29.0625     13.7500       0.3174E-003
    -29.0625     15.0000       0.1152E-003
    -29.0625     16.2500       0.1607E-004
    -29.0625     17.5000       0.1807E-006
    -29.0625     18.7500       0.6639E-011

    -28.1250    -20.0000       0.7955E-011
    -28.1250    -18.7500       0.7046E-011
    -28.1250    -17.5000       0.1830E-006
    -28.1250    -16.2500       0.1599E-004
    -28.1250    -15.0000       0.1148E-003
    -28.1250    -13.7500       0.3166E-003
    -28.1250    -12.5000       0.5700E-003
    -28.1250    -11.2500       0.8092E-003
    -28.1250    -10.0000       0.9733E-003
    -28.1250     -8.7500       0.1024E-002
    -28.1250     -7.5000       0.9528E-003
    -28.1250     -6.2500       0.7838E-003
    -28.1250     -5.0000       0.5633E-003
    -28.1250     -3.7500       0.3475E-003
    -28.1250     -2.5000       0.1789E-003
    -28.1250     -1.2500       0.7202E-004
    -28.1250      0.0000       0.1999E-004
    -28.1250      1.2500       0.3166E-004
    -28.1250      2.5000       0.1291E-003
    -28.1250      3.7500       0.3114E-003
    -28.1250      5.0000       0.5455E-003
    -28.1250      6.2500       0.7799E-003
    -28.1250      7.5000       0.9554E-003
    -28.1250      8.7500       0.1029E-002
    -28.1250     10.0000       0.9763E-003
    -28.1250     11.2500       0.8123E-003
    -28.1250     12.5000       0.5716E-003
    -28.1250     13.7500       0.3174E-003
    -28.1250     15.0000       0.1150E-003
    -28.1250     16.2500       0.1610E-004
    -28.1250     17.5000       0.1813E-006
    -28.1250     18.7500       0.3602E-011

    -27.1875    -20.0000       0.4740E-011
    -27.1875    -18.7500       0.9601E-011
    -27.1875    -17.5000       0.1811E-006
    -27.1875    -16.2500       0.1603E-004
    -27.1875    -15.0000       0.1148E-003
    -27.1875    -13.7500       0.3168E-003
    -27.1875    -12.5000       0.5708E-003
    -27.1875    -11.2500       0.8107E-003
    -27.1875    -10.0000       0.9753E-003
    -27.1875     -8.7500       0.1028E-002
    -27.1875     -7.5000       0.9576E-003
    -27.1875     -6.2500       0.7883E-003
    -27.1875     -5.0000       0.5636E-003
    -27.1875     -3.7500       0.3383E-003
    -27.1875     -2.5000       0.1570E-003
    -27.1875     -1.2500       0.4280E-004
    -27.1875      0.0000       0.6246E-006
    -27.1875      1.2500       0.3433E-004
    -27.1875      2.5000       0.1464E-003
    -27.1875      3.7500       0.3308E-003
    -27.1875      5.0000       0.5596E-003
    -27.1875      6.2500       0.7878E-003
    -27.1875      7.5000       0.9578E-003
    -27.1875      8.7500       0.1029E-002
    -27.1875     10.0000       0.9755E-003
    -27.1875     11.2500       0.8118E-003
    -27.1875     12.5000       0.5708E-003
    -27.1875     13.7500       0.3172E-003
    -27.1875     15.0000       0.1148E-003
    -27.1875     16.2500       0.1608E-004
    -27.1875     17.5000       0.1805E-006
    -27.1875     18.7500       0.7190E-012

    -26.2500    -20.0000       0.2841E-011
    -26.2500    -18.7500       0.1437E-010
    -26.2500    -17.5000       0.1782E-006
    -26.2500    -16.2500       0.1608E-004
    -26.2500    -15.0000       0.1150E-003
    -26.2500    -13.7500       0.3171E-003
    -26.2500    -12.5000       0.5717E-003
    -26.2500    -11.2500       0.8119E-003
    -26.2500    -10.0000       0.9766E-003
    -26.2500     -8.7500       0.1029E-002
    -26.2500     -7.5000       0.9574E-003
    -26.2500     -6.2500       0.7835E-003
    -26.2500     -5.0000       0.5517E-003
    -26.2500     -3.7500       0.3183E-003
    -26.2500     -2.5000       0.1338E-003
    -26.2500     -1.2500       0.2917E-004
    -26.2500      0.0000       0.9468E-005
    -26.2500      1.2500       0.6015E-004
    -26.2500      2.5000       0.1717E-003
    -26.2500      3.7500       0.3462E-003
    -26.2500      5.0000       0.5649E-003
    -26.2500      6.2500       0.7870E-003
    -26.2500      7.5000       0.9547E-003
    -26.2500      8.7500       0.1026E-002
    -26.2500     10.0000       0.9736E-003
    -26.2500     11.2500       0.8102E-003
    -26.2500     12.5000       0.5699E-003
    -26.2500     13.7500       0.3169E-003
    -26.2500     15.0000       0.1146E-003
    -26.2500     16.2500       0.1603E-004
    -26.2500     17.5000       0.1790E-006
    -26.2500     18.7500       0.4595E-012

    -25.3125    -20.0000       0.2318E-011
    -25.3125    -18.7500       0.1812E-010
    -25.3125    -17.5000       0.1766E-006
    -25.3125    -16.2500       0.1609E-004
    -25.3125    -15.0000       0.1152E-003
    -25.3125    -13.7500       0.3174E-003
    -25.3125    -12.5000       0.5719E-003
    -25.3125    -11.2500       0.8117E-003
    -25.3125    -10.0000       0.9760E-003
    -25.3125     -8.7500       0.1027E-002
    -25.3125     -7.5000       0.9522E-003
    -25.3125     -6.2500       0.7736E-003
    -25.3125     -5.0000       0.5381E-003
    -25.3125     -3.7500       0.3052E-003
    -25.3125     -2.5000       0.1298E-003
    -25.3125     -1.2500       0.4325E-004
    -25.3125      0.0000       0.3866E-004
    -25.3125      1.2500       0.8616E-004
    -25.3125      2.5000       0.1825E-003
    -25.3125      3.7500       0.3437E-003
    -25.3125      5.0000       0.5567E-003
    -25.3125      6.2500       0.7781E-003
    -25.3125      7.5000       0.9489E-003
    -25.3125      8.7500       0.1023E-002
    -25.3125     10.0000       0.9722E-003
    -25.3125     11.2500       0.8089E-003
    -25.3125     12.5000       0.5698E-003
    -25.3125     13.7500       0.3168E-003
    -25.3125     15.0000       0.1147E-003
    -25.3125     16.2500       0.1601E-004
    -25.3125     17.5000       0.1780E-006
    -25.3125     18.7500       0.4741E-011

    -24.3750    -20.0000       0.2411E-011
    -24.3750    -18.7500       0.1783E-010
    -24.3750    -17.5000       0.1778E-006
    -24.3750    -16.2500       0.1605E-004
    -24.3750    -15.0000       0.1151E-003
    -24.3750    -13.7500       0.3173E-003
    -24.3750    -12.5000       0.5712E-003
    -24.3750    -11.2500       0.8103E-003
    -24.3750    -10.0000       0.9740E-003
    -24.3750     -8.7500       0.1023E-002
    -24.3750     -7.5000       0.9468E-003
    -24.3750     -6.2500       0.7675E-003
    -24.3750     -5.0000       0.5350E-003
    -24.3750     -3.7500       0.3107E-003
    -24.3750     -2.5000       0.1486E-003
    -24.3750     -1.2500       0.7252E-004
    -24.3750      0.0000       0.6225E-004
    -24.3750      1.2500       0.8925E-004
    -24.3750      2.5000       0.1692E-003
    -24.3750      3.7500       0.3257E-003
    -24.3750      5.0000       0.5423E-003
    -24.3750      6.2500       0.7692E-003
    -24.3750      7.5000       0.9455E-003
    -24.3750      8.7500       0.1021E-002
    -24.3750     10.0000       0.9726E-003
    -24.3750     11.2500       0.8092E-003
    -24.3750     12.5000       0.5705E-003
    -24.3750     13.7500       0.3170E-003
    -24.3750     15.0000       0.1150E-003
    -24.3750     16.2500       0.1602E-004
    -24.3750     17.5000       0.1784E-006
    -24.3750     18.7500       0.1283E-010

    -23.4375    -20.0000       0.2504E-011
    -23.4375    -18.7500       0.1327E-010
    -23.4375    -17.5000       0.1806E-006
    -23.4375    -16.2500       0.1600E-004
    -23.4375    -15.0000       0.1150E-003
    -23.4375    -13.7500       0.3169E-003
    -23.4375    -12.5000       0.5703E-003
    -23.4375    -11.2500       0.8089E-003
    -23.4375    -10.0000       0.9724E-003
    -23.4375     -8.7500       0.1021E-002
    -23.4375     -7.5000       0.9459E-003
    -23.4375     -6.2500       0.7705E-003
    -23.4375     -5.0000       0.5451E-003
    -23.4375     -3.7500       0.3299E-003
    -23.4375     -2.5000       0.1735E-003
    -23.4375     -1.2500       0.9096E-004
    -23.4375      0.0000       0.5927E-004
    -23.4375      1.2500       0.6668E-004
    -23.4375      2.5000       0.1437E-003
    -23.4375      3.7500       0.3081E-003
    -23.4375      5.0000       0.5345E-003
    -23.4375      6.2500       0.7680E-003
    -23.4375      7.5000       0.9476E-003
    -23.4375      8.7500       0.1024E-002
    -23.4375     10.0000       0.9744E-003
    -23.4375     11.2500       0.8107E-003
    -23.4375     12.5000       0.5714E-003
    -23.4375     13.7500       0.3173E-003
    -23.4375     15.0000       0.1152E-003
    -23.4375     16.2500       0.1606E-004
    -23.4375     17.5000       0.1797E-006
    -23.4375     18.7500       0.2126E-010

    -22.5000    -20.0000       0.2799E-011
    -22.5000    -18.7500       0.7367E-011
    -22.5000    -17.5000       0.1825E-006
    -22.5000    -16.2500       0.1598E-004
    -22.5000    -15.0000       0.1148E-003
    -22.5000    -13.7500       0.3166E-003
    -22.5000    -12.5000       0.5699E-003
    -22.5000    -11.2500       0.8088E-003
    -22.5000    -10.0000       0.9726E-003
    -22.5000     -8.7500       0.1023E-002
    -22.5000     -7.5000       0.9503E-003
    -22.5000     -6.2500       0.7800E-003
    -22.5000     -5.0000       0.5594E-003
    -22.5000     -3.7500       0.3457E-003
    -22.5000     -2.5000       0.1824E-003
    -22.5000     -1.2500       0.8219E-004
    -22.5000      0.0000       0.3237E-004
    -22.5000      1.2500       0.3849E-004
    -22.5000      2.5000       0.1285E-003
    -22.5000      3.7500       0.3066E-003
    -22.5000      5.0000       0.5402E-003
    -22.5000      6.2500       0.7757E-003
    -22.5000      7.5000       0.9533E-003
    -22.5000      8.7500       0.1028E-002
    -22.5000     10.0000       0.9761E-003
    -22.5000     11.2500       0.8121E-003
    -22.5000     12.5000       0.5717E-003
    -22.5000     13.7500       0.3174E-003
    -22.5000     15.0000       0.1151E-003
    -22.5000     16.2500       0.1609E-004
    -22.5000     17.5000       0.1809E-006
    -22.5000     18.7500       0.2605E-010

    -21.5625    -20.0000       0.4068E-011
    -21.5625    -18.7500       0.3837E-011
    -21.5625    -17.5000       0.1818E-006
    -21.5625    -16.2500       0.1601E-004
    -21.5625    -15.0000       0.1148E-003
    -21.5625    -13.7500       0.3167E-003
    -21.5625    -12.5000       0.5704E-003
    -21.5625    -11.2500       0.8101E-003
    -21.5625    -10.0000       0.9745E-003
    -21.5625     -8.7500       0.1027E-002
    -21.5625     -7.5000       0.9561E-003
    -21.5625     -6.2500       0.7876E-003
    -21.5625     -5.0000       0.5652E-003
    -21.5625     -3.7500       0.3441E-003
    -21.5625     -2.5000       0.1673E-003
    -21.5625     -1.2500       0.5400E-004
    -21.5625      0.0000       0.5462E-005
    -21.5625      1.2500       0.2976E-004
    -21.5625      2.5000       0.1373E-003
    -21.5625      3.7500       0.3225E-003
    -21.5625      5.0000       0.5544E-003
    -21.5625      6.2500       0.7854E-003
    -21.5625      7.5000       0.9575E-003
    -21.5625      8.7500       0.1030E-002
    -21.5625     10.0000       0.9760E-003
    -21.5625     11.2500       0.8122E-003
    -21.5625     12.5000       0.5712E-003
    -21.5625     13.7500       0.3173E-003
    -21.5625     15.0000       0.1149E-003
    -21.5625     16.2500       0.1609E-004
    -21.5625     17.5000       0.1810E-006
    -21.5625     18.7500       0.2539E-010

    -20.6250    -20.0000       0.6725E-011
    -20.6250    -18.7500       0.4252E-011
    -20.6250    -17.5000       0.1793E-006
    -20.6250    -16.2500       0.1606E-004
    -20.6250    -15.0000       0.1150E-003
    -20.6250    -13.7500       0.3170E-003
    -20.6250    -12.5000       0.5714E-003
    -20.6250    -11.2500       0.8116E-003
    -20.6250    -10.0000       0.9763E-003
    -20.6250     -8.7500       0.1029E-002
    -20.6250     -7.5000       0.9582E-003
    -20.6250     -6.2500       0.7864E-003
    -20.6250     -5.0000       0.5574E-003
    -20.6250     -3.7500       0.3265E-003
    -20.6250     -2.5000       0.1417E-003
    -20.6250     -1.2500       0.3144E-004
    -20.6250      0.0000       0.2458E-005
    -20.6250      1.2500       0.4824E-004
    -20.6250      2.5000       0.1621E-003
    -20.6250      3.7500       0.3417E-003
    -20.6250      5.0000       0.5644E-003
    -20.6250      6.2500       0.7885E-003
    -20.6250      7.5000       0.9565E-003
    -20.6250      8.7500       0.1028E-002
    -20.6250     10.0000       0.9744E-003
    -20.6250     11.2500       0.8109E-003
    -20.6250     12.5000       0.5702E-003
    -20.6250     13.7500       0.3170E-003
    -20.6250     15.0000       0.1147E-003
    -20.6250     16.2500       0.1605E-004
    -20.6250     17.5000       0.1799E-006
    -20.6250     18.7500       0.2070E-010

    -19.6875    -20.0000       0.1009E-010
    -19.6875    -18.7500       0.7015E-011
    -19.6875    -17.5000       0.1772E-006
    -19.6875    -16.2500       0.1609E-004
    -19.6875    -15.0000       0.1151E-003
    -19.6875    -13.7500       0.3173E-003
    -19.6875    -12.5000       0.5719E-003
    -19.6875    -11.2500       0.8120E-003
    -19.6875    -10.0000       0.9765E-003
    -19.6875     -8.7500       0.1028E-002
    -19.6875     -7.5000       0.9546E-003
    -19.6875     -6.2500       0.7776E-003
    -19.6875     -5.0000       0.5429E-003
    -19.6875     -3.7500       0.3086E-003
    -19.6875     -2.5000       0.1284E-003
    -19.6875     -1.2500       0.3457E-004
    -19.6875      0.0000       0.2603E-004
    -19.6875      1.2500       0.7750E-004
    -19.6875      2.5000       0.1810E-003
    -19.6875      3.7500       0.3471E-003
    -19.6875      5.0000       0.5614E-003
    -19.6875      6.2500       0.7822E-003
    -19.6875      7.5000       0.9512E-003
    -19.6875      8.7500       0.1024E-002
    -19.6875     10.0000       0.9726E-003
    -19.6875     11.2500       0.8093E-003
    -19.6875     12.5000       0.5697E-003
    -19.6875     13.7500       0.3168E-003
    -19.6875     15.0000       0.1147E-003
    -19.6875     16.2500       0.1601E-004
    -19.6875     17.5000       0.1787E-006
    -19.6875     18.7500       0.1514E-010

    -18.7500    -20.0000       0.1260E-010
    -18.7500    -18.7500       0.9067E-011
    -18.7500    -17.5000       0.1775E-006
    -18.7500    -16.2500       0.1607E-004
    -18.7500    -15.0000       0.1152E-003
    -18.7500    -13.7500       0.3174E-003
    -18.7500    -12.5000       0.5716E-003
    -18.7500    -11.2500       0.8110E-003
    -18.7500    -10.0000       0.9749E-003
    -18.7500     -8.7500       0.1024E-002
    -18.7500     -7.5000       0.9486E-003
    -18.7500     -6.2500       0.7690E-003
    -18.7500     -5.0000       0.5345E-003
    -18.7500     -3.7500       0.3062E-003
    -18.7500     -2.5000       0.1391E-003
    -18.7500     -1.2500       0.6061E-004
    -18.7500      0.0000       0.5523E-004
    -18.7500      1.2500       0.9154E-004
    -18.7500      2.5000       0.1771E-003
    -18.7500      3.7500       0.3339E-003
    -18.7500      5.0000       0.5479E-003
    -18.7500      6.2500       0.7722E-003
    -18.7500      7.5000       0.9463E-003
    -18.7500      8.7500       0.1021E-002
    -18.7500     10.0000       0.9722E-003
    -18.7500     11.2500       0.8089E-003
    -18.7500     12.5000       0.5701E-003
    -18.7500     13.7500       0.3169E-003
    -18.7500     15.0000       0.1149E-003
    -18.7500     16.2500       0.1601E-004
    -18.7500     17.5000       0.1786E-006
    -18.7500     18.7500       0.1107E-010

    -17.8125    -20.0000       0.1286E-010
    -17.8125    -18.7500       0.8751E-011
    -17.8125    -17.5000       0.1800E-006
    -17.8125    -16.2500       0.1602E-004
    -17.8125    -15.0000       0.1150E-003
    -17.8125    -13.7500       0.3171E-003
    -17.8125    -12.5000       0.5707E-003
    -17.8125    -11.2500       0.8094E-003
    -17.8125    -10.0000       0.9729E-003
    -17.8125     -8.7500       0.1022E-002
    -17.8125     -7.5000       0.9455E-003
    -17.8125     -6.2500       0.7682E-003
    -17.8125     -5.0000       0.5398E-003
    -17.8125     -3.7500       0.3215E-003
    -17.8125     -2.5000       0.1644E-003
    -17.8125     -1.2500       0.8641E-004
    -17.8125      0.0000       0.6410E-004
    -17.8125      1.2500       0.7788E-004
    -17.8125      2.5000       0.1539E-003
    -17.8125      3.7500       0.3139E-003
    -17.8125      5.0000       0.5361E-003
    -17.8125      6.2500       0.7673E-003
    -17.8125      7.5000       0.9461E-003
    -17.8125      8.7500       0.1022E-002
    -17.8125     10.0000       0.9736E-003
    -17.8125     11.2500       0.8100E-003
    -17.8125     12.5000       0.5711E-003
    -17.8125     13.7500       0.3172E-003
    -17.8125     15.0000       0.1151E-003
    -17.8125     16.2500       0.1604E-004
    -17.8125     17.5000       0.1797E-006
    -17.8125     18.7500       0.8537E-011

    -16.8750    -20.0000       0.1069E-010
    -16.8750    -18.7500       0.7242E-011
    -16.8750    -17.5000       0.1825E-006
    -16.8750    -16.2500       0.1598E-004
    -16.8750    -15.0000       0.1148E-003
    -16.8750    -13.7500       0.3167E-003
    -16.8750    -12.5000       0.5700E-003
    -16.8750    -11.2500       0.8087E-003
    -16.8750    -10.0000       0.9723E-003
    -16.8750     -8.7500       0.1022E-002
    -16.8750     -7.5000       0.9481E-003
    -16.8750     -6.2500       0.7759E-003
    -16.8750     -5.0000       0.5540E-003
    -16.8750     -3.7500       0.3409E-003
    -16.8750     -2.5000       0.1817E-003
    -16.8750     -1.2500       0.8904E-004
    -16.8750      0.0000       0.4475E-004
    -16.8750      1.2500       0.4865E-004
    -16.8750      2.5000       0.1320E-003
    -16.8750      3.7500       0.3048E-003
    -16.8750      5.0000       0.5363E-003
    -16.8750      6.2500       0.7719E-003
    -16.8750      7.5000       0.9509E-003
    -16.8750      8.7500       0.1026E-002
    -16.8750     10.0000       0.9755E-003
    -16.8750     11.2500       0.8116E-003
    -16.8750     12.5000       0.5717E-003
    -16.8750     13.7500       0.3174E-003
    -16.8750     15.0000       0.1152E-003
    -16.8750     16.2500       0.1608E-004
    -16.8750     17.5000       0.1809E-006
    -16.8750     18.7500       0.6093E-011

    -15.9375    -20.0000       0.7251E-011
    -15.9375    -18.7500       0.7294E-011
    -15.9375    -17.5000       0.1828E-006
    -15.9375    -16.2500       0.1599E-004
    -15.9375    -15.0000       0.1148E-003
    -15.9375    -13.7500       0.3166E-003
    -15.9375    -12.5000       0.5701E-003
    -15.9375    -11.2500       0.8094E-003
    -15.9375    -10.0000       0.9736E-003
    -15.9375     -8.7500       0.1025E-002
    -15.9375     -7.5000       0.9540E-003
    -15.9375     -6.2500       0.7853E-003
    -15.9375     -5.0000       0.5645E-003
    -15.9375     -3.7500       0.3471E-003
    -15.9375     -2.5000       0.1757E-003
    -15.9375     -1.2500       0.6616E-004
    -15.9375      0.0000       0.1439E-004
    -15.9375      1.2500       0.2985E-004
    -15.9375      2.5000       0.1309E-003
    -15.9375      3.7500       0.3147E-003
    -15.9375      5.0000       0.5485E-003
    -15.9375      6.2500       0.7819E-003
    -15.9375      7.5000       0.9563E-003
    -15.9375      8.7500       0.1029E-002
    -15.9375     10.0000       0.9763E-003
    -15.9375     11.2500       0.8124E-003
    -15.9375     12.5000       0.5715E-003
    -15.9375     13.7500       0.3174E-003
    -15.9375     15.0000       0.1150E-003
    -15.9375     16.2500       0.1610E-004
    -15.9375     17.5000       0.1813E-006
    -15.9375     18.7500       0.2947E-011

    -15.0000    -20.0000       0.4235E-011
    -15.0000    -18.7500       0.1046E-010
    -15.0000    -17.5000       0.1805E-006
    -15.0000    -16.2500       0.1604E-004
    -15.0000    -15.0000       0.1149E-003
    -15.0000    -13.7500       0.3168E-003
    -15.0000    -12.5000       0.5710E-003
    -15.0000    -11.2500       0.8110E-003
    -15.0000    -10.0000       0.9757E-003
    -15.0000     -8.7500       0.1028E-002
    -15.0000     -7.5000       0.9580E-003
    -15.0000     -6.2500       0.7880E-003
    -15.0000     -5.0000       0.5620E-003
    -15.0000     -3.7500       0.3346E-003
    -15.0000     -2.5000       0.1517E-003
    -15.0000     -1.2500       0.3811E-004
    -15.0000      0.0000       0.6205E-011
    -15.0000      1.2500       0.3817E-004
    -15.0000      2.5000       0.1516E-003
    -15.0000      3.7500       0.3348E-003
    -15.0000      5.0000       0.5617E-003
    -15.0000      6.2500       0.7884E-003
    -15.0000      7.5000       0.9576E-003
    -15.0000      8.7500       0.1029E-002
    -15.0000     10.0000       0.9752E-003
    -15.0000     11.2500       0.8115E-003
    -15.0000     12.5000       0.5706E-003
    -15.0000     13.7500       0.3171E-003
    -15.0000     15.0000       0.1147E-003
    -15.0000     16.2500       0.1607E-004
    -15.0000     17.5000       0.1803E-006
    -15.0000     18.7500       0.3711E-012

    -14.0625    -20.0000       0.2644E-011
    -14.0625    -18.7500       0.1532E-010
    -14.0625    -17.5000       0.1777E-006
    -14.0625    -16.2500       0.1608E-004
    -14.0625    -15.0000       0.1151E-003
    -14.0625    -13.7500       0.3172E-003
    -14.0625    -12.5000       0.5718E-003
    -14.0625    -11.2500       0.8120E-003
    -14.0625    -10.0000       0.9767E-003
    -14.0625     -8.7500       0.1029E-002
    -14.0625     -7.5000       0.9566E-003
    -14.0625     -6.2500       0.7816E-003
    -14.0625     -5.0000       0.5487E-003
    -14.0625     -3.7500       0.3146E-003
    -14.0625     -2.5000       0.1310E-003
    -14.0625     -1.2500       0.2982E-004
    -14.0625      0.0000       0.1437E-004
    -14.0625      1.2500       0.6623E-004
    -14.0625      2.5000       0.1756E-003
    -14.0625      3.7500       0.3473E-003
    -14.0625      5.0000       0.5643E-003
    -14.0625      6.2500       0.7856E-003
    -14.0625      7.5000       0.9536E-003
    -14.0625      8.7500       0.1026E-002
    -14.0625     10.0000       0.9732E-003
    -14.0625     11.2500       0.8099E-003
    -14.0625     12.5000       0.5698E-003
    -14.0625     13.7500       0.3168E-003
    -14.0625     15.0000       0.1146E-003
    -14.0625     16.2500       0.1603E-004
    -14.0625     17.5000       0.1788E-006
    -14.0625     18.7500       0.9297E-012

    -13.1250    -20.0000       0.2315E-011
    -13.1250    -18.7500       0.1845E-010
    -13.1250    -17.5000       0.1766E-006
    -13.1250    -16.2500       0.1608E-004
    -13.1250    -15.0000       0.1152E-003
    -13.1250    -13.7500       0.3174E-003
    -13.1250    -12.5000       0.5718E-003
    -13.1250    -11.2500       0.8115E-003
    -13.1250    -10.0000       0.9757E-003
    -13.1250     -8.7500       0.1026E-002
    -13.1250     -7.5000       0.9510E-003
    -13.1250     -6.2500       0.7718E-003
    -13.1250     -5.0000       0.5364E-003
    -13.1250     -3.7500       0.3047E-003
    -13.1250     -2.5000       0.1321E-003
    -13.1250     -1.2500       0.4866E-004
    -13.1250      0.0000       0.4473E-004
    -13.1250      1.2500       0.8908E-004
    -13.1250      2.5000       0.1817E-003
    -13.1250      3.7500       0.3410E-003
    -13.1250      5.0000       0.5539E-003
    -13.1250      6.2500       0.7760E-003
    -13.1250      7.5000       0.9479E-003
    -13.1250      8.7500       0.1022E-002
    -13.1250     10.0000       0.9721E-003
    -13.1250     11.2500       0.8089E-003
    -13.1250     12.5000       0.5698E-003
    -13.1250     13.7500       0.3168E-003
    -13.1250     15.0000       0.1148E-003
    -13.1250     16.2500       0.1600E-004
    -13.1250     17.5000       0.1780E-006
    -13.1250     18.7500       0.6134E-011

    -12.1875    -20.0000       0.2436E-011
    -12.1875    -18.7500       0.1720E-010
    -12.1875    -17.5000       0.1783E-006
    -12.1875    -16.2500       0.1604E-004
    -12.1875    -15.0000       0.1151E-003
    -12.1875    -13.7500       0.3172E-003
    -12.1875    -12.5000       0.5711E-003
    -12.1875    -11.2500       0.8100E-003
    -12.1875    -10.0000       0.9736E-003
    -12.1875     -8.7500       0.1022E-002
    -12.1875     -7.5000       0.9461E-003
    -12.1875     -6.2500       0.7673E-003
    -12.1875     -5.0000       0.5361E-003
    -12.1875     -3.7500       0.3139E-003
    -12.1875     -2.5000       0.1539E-003
    -12.1875     -1.2500       0.7788E-004
    -12.1875      0.0000       0.6409E-004
    -12.1875      1.2500       0.8641E-004
    -12.1875      2.5000       0.1644E-003
    -12.1875      3.7500       0.3215E-003
    -12.1875      5.0000       0.5398E-003
    -12.1875      6.2500       0.7682E-003
    -12.1875      7.5000       0.9455E-003
    -12.1875      8.7500       0.1022E-002
    -12.1875     10.0000       0.9729E-003
    -12.1875     11.2500       0.8094E-003
    -12.1875     12.5000       0.5707E-003
    -12.1875     13.7500       0.3171E-003
    -12.1875     15.0000       0.1150E-003
    -12.1875     16.2500       0.1602E-004
    -12.1875     17.5000       0.1786E-006
    -12.1875     18.7500       0.1463E-010

    -11.2500    -20.0000       0.2526E-011
    -11.2500    -18.7500       0.1207E-010
    -11.2500    -17.5000       0.1811E-006
    -11.2500    -16.2500       0.1599E-004
    -11.2500    -15.0000       0.1149E-003
    -11.2500    -13.7500       0.3169E-003
    -11.2500    -12.5000       0.5702E-003
    -11.2500    -11.2500       0.8088E-003
    -11.2500    -10.0000       0.9723E-003
    -11.2500     -8.7500       0.1021E-002
    -11.2500     -7.5000       0.9464E-003
    -11.2500     -6.2500       0.7721E-003
    -11.2500     -5.0000       0.5480E-003
    -11.2500     -3.7500       0.3339E-003
    -11.2500     -2.5000       0.1771E-003
    -11.2500     -1.2500       0.9151E-004
    -11.2500      0.0000       0.5525E-004
    -11.2500      1.2500       0.6060E-004
    -11.2500      2.5000       0.1391E-003
    -11.2500      3.7500       0.3062E-003
    -11.2500      5.0000       0.5345E-003
    -11.2500      6.2500       0.7690E-003
    -11.2500      7.5000       0.9486E-003
    -11.2500      8.7500       0.1024E-002
    -11.2500     10.0000       0.9748E-003
    -11.2500     11.2500       0.8110E-003
    -11.2500     12.5000       0.5715E-003
    -11.2500     13.7500       0.3174E-003
    -11.2500     15.0000       0.1152E-003
    -11.2500     16.2500       0.1607E-004
    -11.2500     17.5000       0.1800E-006
    -11.2500     18.7500       0.2261E-010

    -10.3125    -20.0000       0.2950E-011
    -10.3125    -18.7500       0.6375E-011
    -10.3125    -17.5000       0.1826E-006
    -10.3125    -16.2500       0.1598E-004
    -10.3125    -15.0000       0.1148E-003
    -10.3125    -13.7500       0.3166E-003
    -10.3125    -12.5000       0.5700E-003
    -10.3125    -11.2500       0.8090E-003
    -10.3125    -10.0000       0.9729E-003
    -10.3125     -8.7500       0.1024E-002
    -10.3125     -7.5000       0.9515E-003
    -10.3125     -6.2500       0.7820E-003
    -10.3125     -5.0000       0.5615E-003
    -10.3125     -3.7500       0.3470E-003
    -10.3125     -2.5000       0.1811E-003
    -10.3125     -1.2500       0.7744E-004
    -10.3125      0.0000       0.2606E-004
    -10.3125      1.2500       0.3458E-004
    -10.3125      2.5000       0.1283E-003
    -10.3125      3.7500       0.3087E-003
    -10.3125      5.0000       0.5427E-003
    -10.3125      6.2500       0.7778E-003
    -10.3125      7.5000       0.9544E-003
    -10.3125      8.7500       0.1028E-002
    -10.3125     10.0000       0.9762E-003
    -10.3125     11.2500       0.8123E-003
    -10.3125     12.5000       0.5717E-003
    -10.3125     13.7500       0.3174E-003
    -10.3125     15.0000       0.1151E-003
    -10.3125     16.2500       0.1610E-004
    -10.3125     17.5000       0.1810E-006
    -10.3125     18.7500       0.2635E-010

     -9.3750    -20.0000       0.4492E-011
     -9.3750    -18.7500       0.3614E-011
     -9.3750    -17.5000       0.1814E-006
     -9.3750    -16.2500       0.1602E-004
     -9.3750    -15.0000       0.1148E-003
     -9.3750    -13.7500       0.3167E-003
     -9.3750    -12.5000       0.5706E-003
     -9.3750    -11.2500       0.8104E-003
     -9.3750    -10.0000       0.9749E-003
     -9.3750     -8.7500       0.1027E-002
     -9.3750     -7.5000       0.9570E-003
     -9.3750     -6.2500       0.7881E-003
     -9.3750     -5.0000       0.5647E-003
     -9.3750     -3.7500       0.3415E-003
     -9.3750     -2.5000       0.1623E-003
     -9.3750     -1.2500       0.4817E-004
     -9.3750      0.0000       0.2469E-005
     -9.3750      1.2500       0.3149E-004
     -9.3750      2.5000       0.1416E-003
     -9.3750      3.7500       0.3267E-003
     -9.3750      5.0000       0.5571E-003
     -9.3750      6.2500       0.7868E-003
     -9.3750      7.5000       0.9577E-003
     -9.3750      8.7500       0.1030E-002
     -9.3750     10.0000       0.9758E-003
     -9.3750     11.2500       0.8120E-003
     -9.3750     12.5000       0.5710E-003
     -9.3750     13.7500       0.3172E-003
     -9.3750     15.0000       0.1148E-003
     -9.3750     16.2500       0.1608E-004
     -9.3750     17.5000       0.1808E-006
     -9.3750     18.7500       0.2469E-010

     -8.4375    -20.0000       0.7383E-011
     -8.4375    -18.7500       0.4712E-011
     -8.4375    -17.5000       0.1787E-006
     -8.4375    -16.2500       0.1607E-004
     -8.4375    -15.0000       0.1150E-003
     -8.4375    -13.7500       0.3170E-003
     -8.4375    -12.5000       0.5715E-003
     -8.4375    -11.2500       0.8118E-003
     -8.4375    -10.0000       0.9765E-003
     -8.4375     -8.7500       0.1029E-002
     -8.4375     -7.5000       0.9579E-003
     -8.4375     -6.2500       0.7851E-003
     -8.4375     -5.0000       0.5546E-003
     -8.4375     -3.7500       0.3223E-003
     -8.4375     -2.5000       0.1374E-003
     -8.4375     -1.2500       0.2972E-004
     -8.4375      0.0000       0.5446E-005
     -8.4375      1.2500       0.5407E-004
     -8.4375      2.5000       0.1671E-003
     -8.4375      3.7500       0.3443E-003
     -8.4375      5.0000       0.5649E-003
     -8.4375      6.2500       0.7879E-003
     -8.4375      7.5000       0.9557E-003
     -8.4375      8.7500       0.1027E-002
     -8.4375     10.0000       0.9740E-003
     -8.4375     11.2500       0.8105E-003
     -8.4375     12.5000       0.5700E-003
     -8.4375     13.7500       0.3169E-003
     -8.4375     15.0000       0.1146E-003
     -8.4375     16.2500       0.1604E-004
     -8.4375     17.5000       0.1796E-006
     -8.4375     18.7500       0.1956E-010

     -7.5000    -20.0000       0.1072E-010
     -7.5000    -18.7500       0.7572E-011
     -7.5000    -17.5000       0.1770E-006
     -7.5000    -16.2500       0.1609E-004
     -7.5000    -15.0000       0.1152E-003
     -7.5000    -13.7500       0.3173E-003
     -7.5000    -12.5000       0.5719E-003
     -7.5000    -11.2500       0.8119E-003
     -7.5000    -10.0000       0.9763E-003
     -7.5000     -8.7500       0.1027E-002
     -7.5000     -7.5000       0.9535E-003
     -7.5000     -6.2500       0.7756E-003
     -7.5000     -5.0000       0.5403E-003
     -7.5000     -3.7500       0.3065E-003
     -7.5000     -2.5000       0.1286E-003
     -7.5000     -1.2500       0.3849E-004
     -7.5000      0.0000       0.3234E-004
     -7.5000      1.2500       0.8225E-004
     -7.5000      2.5000       0.1823E-003
     -7.5000      3.7500       0.3458E-003
     -7.5000      5.0000       0.5592E-003
     -7.5000      6.2500       0.7802E-003
     -7.5000      7.5000       0.9500E-003
     -7.5000      8.7500       0.1023E-002
     -7.5000     10.0000       0.9723E-003
     -7.5000     11.2500       0.8091E-003
     -7.5000     12.5000       0.5697E-003
     -7.5000     13.7500       0.3168E-003
     -7.5000     15.0000       0.1147E-003
     -7.5000     16.2500       0.1601E-004
     -7.5000     17.5000       0.1786E-006
     -7.5000     18.7500       0.1417E-010

     -6.5625    -20.0000       0.1286E-010
     -6.5625    -18.7500       0.9196E-011
     -6.5625    -17.5000       0.1778E-006
     -6.5625    -16.2500       0.1606E-004
     -6.5625    -15.0000       0.1152E-003
     -6.5625    -13.7500       0.3173E-003
     -6.5625    -12.5000       0.5714E-003
     -6.5625    -11.2500       0.8107E-003
     -6.5625    -10.0000       0.9744E-003
     -6.5625     -8.7500       0.1024E-002
     -6.5625     -7.5000       0.9476E-003
     -6.5625     -6.2500       0.7680E-003
     -6.5625     -5.0000       0.5345E-003
     -6.5625     -3.7500       0.3081E-003
     -6.5625     -2.5000       0.1437E-003
     -6.5625     -1.2500       0.6668E-004
     -6.5625      0.0000       0.5925E-004
     -6.5625      1.2500       0.9098E-004
     -6.5625      2.5000       0.1735E-003
     -6.5625      3.7500       0.3299E-003
     -6.5625      5.0000       0.5450E-003
     -6.5625      6.2500       0.7705E-003
     -6.5625      7.5000       0.9458E-003
     -6.5625      8.7500       0.1021E-002
     -6.5625     10.0000       0.9724E-003
     -6.5625     11.2500       0.8090E-003
     -6.5625     12.5000       0.5703E-003
     -6.5625     13.7500       0.3170E-003
     -6.5625     15.0000       0.1149E-003
     -6.5625     16.2500       0.1601E-004
     -6.5625     17.5000       0.1788E-006
     -6.5625     18.7500       0.1048E-010

     -5.6250    -20.0000       0.1260E-010
     -5.6250    -18.7500       0.8463E-011
     -5.6250    -17.5000       0.1806E-006
     -5.6250    -16.2500       0.1601E-004
     -5.6250    -15.0000       0.1150E-003
     -5.6250    -13.7500       0.3170E-003
     -5.6250    -12.5000       0.5705E-003
     -5.6250    -11.2500       0.8091E-003
     -5.6250    -10.0000       0.9726E-003
     -5.6250     -8.7500       0.1021E-002
     -5.6250     -7.5000       0.9456E-003
     -5.6250     -6.2500       0.7692E-003
     -5.6250     -5.0000       0.5423E-003
     -5.6250     -3.7500       0.3257E-003
     -5.6250     -2.5000       0.1692E-003
     -5.6250     -1.2500       0.8924E-004
     -5.6250      0.0000       0.6226E-004
     -5.6250      1.2500       0.7251E-004
     -5.6250      2.5000       0.1487E-003
     -5.6250      3.7500       0.3107E-003
     -5.6250      5.0000       0.5350E-003
     -5.6250      6.2500       0.7675E-003
     -5.6250      7.5000       0.9468E-003
     -5.6250      8.7500       0.1023E-002
     -5.6250     10.0000       0.9740E-003
     -5.6250     11.2500       0.8103E-003
     -5.6250     12.5000       0.5712E-003
     -5.6250     13.7500       0.3173E-003
     -5.6250     15.0000       0.1151E-003
     -5.6250     16.2500       0.1605E-004
     -5.6250     17.5000       0.1799E-006
     -5.6250     18.7500       0.8090E-011

     -4.6875    -20.0000       0.1004E-010
     -4.6875    -18.7500       0.7043E-011
     -4.6875    -17.5000       0.1828E-006
     -4.6875    -16.2500       0.1598E-004
     -4.6875    -15.0000       0.1148E-003
     -4.6875    -13.7500       0.3167E-003
     -4.6875    -12.5000       0.5699E-003
     -4.6875    -11.2500       0.8087E-003
     -4.6875    -10.0000       0.9724E-003
     -4.6875     -8.7500       0.1022E-002
     -4.6875     -7.5000       0.9491E-003
     -4.6875     -6.2500       0.7780E-003
     -4.6875     -5.0000       0.5568E-003
     -4.6875     -3.7500       0.3436E-003
     -4.6875     -2.5000       0.1826E-003
     -4.6875     -1.2500       0.8611E-004
     -4.6875      0.0000       0.3869E-004
     -4.6875      1.2500       0.4324E-004
     -4.6875      2.5000       0.1298E-003
     -4.6875      3.7500       0.3053E-003
     -4.6875      5.0000       0.5381E-003
     -4.6875      6.2500       0.7737E-003
     -4.6875      7.5000       0.9521E-003
     -4.6875      8.7500       0.1027E-002
     -4.6875     10.0000       0.9758E-003
     -4.6875     11.2500       0.8119E-003
     -4.6875     12.5000       0.5718E-003
     -4.6875     13.7500       0.3174E-003
     -4.6875     15.0000       0.1152E-003
     -4.6875     16.2500       0.1609E-004
     -4.6875     17.5000       0.1811E-006
     -4.6875     18.7500       0.5511E-011

     -3.7500    -20.0000       0.6567E-011
     -3.7500    -18.7500       0.7678E-011
     -3.7500    -17.5000       0.1825E-006
     -3.7500    -16.2500       0.1600E-004
     -3.7500    -15.0000       0.1148E-003
     -3.7500    -13.7500       0.3166E-003
     -3.7500    -12.5000       0.5703E-003
     -3.7500    -11.2500       0.8097E-003
     -3.7500    -10.0000       0.9740E-003
     -3.7500     -8.7500       0.1026E-002
     -3.7500     -7.5000       0.9551E-003
     -3.7500     -6.2500       0.7866E-003
     -3.7500     -5.0000       0.5651E-003
     -3.7500     -3.7500       0.3460E-003
     -3.7500     -2.5000       0.1718E-003
     -3.7500     -1.2500       0.6008E-004
     -3.7500      0.0000       0.9488E-005
     -3.7500      1.2500       0.2920E-004
     -3.7500      2.5000       0.1337E-003
     -3.7500      3.7500       0.3184E-003
     -3.7500      5.0000       0.5515E-003
     -3.7500      6.2500       0.7838E-003
     -3.7500      7.5000       0.9570E-003
     -3.7500      8.7500       0.1029E-002
     -3.7500     10.0000       0.9762E-003
     -3.7500     11.2500       0.8123E-003
     -3.7500     12.5000       0.5714E-003
     -3.7500     13.7500       0.3173E-003
     -3.7500     15.0000       0.1149E-003
     -3.7500     16.2500       0.1609E-004
     -3.7500     17.5000       0.1812E-006
     -3.7500     18.7500       0.2310E-011

     -2.8125    -20.0000       0.3792E-011
     -2.8125    -18.7500       0.1139E-010
     -2.8125    -17.5000       0.1799E-006
     -2.8125    -16.2500       0.1605E-004
     -2.8125    -15.0000       0.1149E-003
     -2.8125    -13.7500       0.3169E-003
     -2.8125    -12.5000       0.5712E-003
     -2.8125    -11.2500       0.8113E-003
     -2.8125    -10.0000       0.9760E-003
     -2.8125     -8.7500       0.1029E-002
     -2.8125     -7.5000       0.9582E-003
     -2.8125     -6.2500       0.7874E-003
     -2.8125     -5.0000       0.5599E-003
     -2.8125     -3.7500       0.3307E-003
     -2.8125     -2.5000       0.1465E-003
     -2.8125     -1.2500       0.3428E-004
     -2.8125      0.0000       0.6190E-006
     -2.8125      1.2500       0.4287E-004
     -2.8125      2.5000       0.1569E-003
     -2.8125      3.7500       0.3385E-003
     -2.8125      5.0000       0.5633E-003
     -2.8125      6.2500       0.7887E-003
     -2.8125      7.5000       0.9571E-003
     -2.8125      8.7500       0.1028E-002
     -2.8125     10.0000       0.9748E-003
     -2.8125     11.2500       0.8112E-003
     -2.8125     12.5000       0.5704E-003
     -2.8125     13.7500       0.3170E-003
     -2.8125     15.0000       0.1147E-003
     -2.8125     16.2500       0.1606E-004
     -2.8125     17.5000       0.1800E-006
     -2.8125     18.7500       0.1522E-012

     -1.8750    -20.0000       0.2500E-011
     -1.8750    -18.7500       0.1620E-010
     -1.8750    -17.5000       0.1772E-006
     -1.8750    -16.2500       0.1609E-004
     -1.8750    -15.0000       0.1151E-003
     -1.8750    -13.7500       0.3173E-003
     -1.8750    -12.5000       0.5719E-003
     -1.8750    -11.2500       0.8120E-003
     -1.8750    -10.0000       0.9766E-003
     -1.8750     -8.7500       0.1028E-002
     -1.8750     -7.5000       0.9557E-003
     -1.8750     -6.2500       0.7797E-003
     -1.8750     -5.0000       0.5457E-003
     -1.8750     -3.7500       0.3113E-003
     -1.8750     -2.5000       0.1292E-003
     -1.8750     -1.2500       0.3165E-004
     -1.8750      0.0000       0.1996E-004
     -1.8750      1.2500       0.7209E-004
     -1.8750      2.5000       0.1788E-003
     -1.8750      3.7500       0.3476E-003
     -1.8750      5.0000       0.5631E-003
     -1.8750      6.2500       0.7840E-003
     -1.8750      7.5000       0.9524E-003
     -1.8750      8.7500       0.1025E-002
     -1.8750     10.0000       0.9728E-003
     -1.8750     11.2500       0.8096E-003
     -1.8750     12.5000       0.5697E-003
     -1.8750     13.7500       0.3168E-003
     -1.8750     15.0000       0.1146E-003
     -1.8750     16.2500       0.1602E-004
     -1.8750     17.5000       0.1785E-006
     -1.8750     18.7500       0.1596E-011

     -0.9375    -20.0000       0.2329E-011
     -0.9375    -18.7500       0.1858E-010
     -0.9375    -17.5000       0.1768E-006
     -0.9375    -16.2500       0.1608E-004
     -0.9375    -15.0000       0.1152E-003
     -0.9375    -13.7500       0.3174E-003
     -0.9375    -12.5000       0.5717E-003
     -0.9375    -11.2500       0.8113E-003
     -0.9375    -10.0000       0.9753E-003
     -0.9375     -8.7500       0.1025E-002
     -0.9375     -7.5000       0.9498E-003
     -0.9375     -6.2500       0.7702E-003
     -0.9375     -5.0000       0.5352E-003
     -0.9375     -3.7500       0.3051E-003
     -0.9375     -2.5000       0.1352E-003
     -0.9375     -1.2500       0.5452E-004
     -0.9375      0.0000       0.5032E-004
     -0.9375      1.2500       0.9090E-004
     -0.9375      2.5000       0.1799E-003
     -0.9375      3.7500       0.3377E-003
     -0.9375      5.0000       0.5509E-003
     -0.9375      6.2500       0.7740E-003
     -0.9375      7.5000       0.9470E-003
     -0.9375      8.7500       0.1022E-002
     -0.9375     10.0000       0.9721E-003
     -0.9375     11.2500       0.8088E-003
     -0.9375     12.5000       0.5700E-003
     -0.9375     13.7500       0.3169E-003
     -0.9375     15.0000       0.1148E-003
     -0.9375     16.2500       0.1601E-004
     -0.9375     17.5000       0.1780E-006
     -0.9375     18.7500       0.7668E-011

      0.0000    -20.0000       0.2457E-011
      0.0000    -18.7500       0.1640E-010
      0.0000    -17.5000       0.1788E-006
      0.0000    -16.2500       0.1603E-004
      0.0000    -15.0000       0.1151E-003
      0.0000    -13.7500       0.3172E-003
      0.0000    -12.5000       0.5709E-003
      0.0000    -11.2500       0.8097E-003
      0.0000    -10.0000       0.9732E-003
      0.0000     -8.7500       0.1022E-002
      0.0000     -7.5000       0.9457E-003
      0.0000     -6.2500       0.7675E-003
      0.0000     -5.0000       0.5377E-003
      0.0000     -3.7500       0.3176E-003
      0.0000     -2.5000       0.1592E-003
      0.0000     -1.2500       0.8257E-004
      0.0000      0.0000       0.6471E-004
      0.0000      1.2500       0.8257E-004
      0.0000      2.5000       0.1592E-003
      0.0000      3.7500       0.3176E-003
      0.0000      5.0000       0.5377E-003
      0.0000      6.2500       0.7675E-003
      0.0000      7.5000       0.9457E-003
      0.0000      8.7500       0.1022E-002
      0.0000     10.0000       0.9732E-003
      0.0000     11.2500       0.8097E-003
      0.0000     12.5000       0.5709E-003
      0.0000     13.7500       0.3172E-003
      0.0000     15.0000       0.1151E-003
      0.0000     16.2500       0.1603E-004
      0.0000     17.5000       0.1788E-006
      0.0000     18.7500       0.1640E-010

      0.9375    -20.0000       0.2559E-011
      0.9375    -18.7500       0.1084E-010
      0.9375    -17.5000       0.1816E-006
      0.9375    -16.2500       0.1599E-004
      0.9375    -15.0000       0.1149E-003
      0.9375    -13.7500       0.3168E-003
      0.9375    -12.5000       0.5701E-003
      0.9375    -11.2500       0.8087E-003
      0.9375    -10.0000       0.9723E-003
      0.9375     -8.7500       0.1022E-002
      0.9375     -7.5000       0.9471E-003
      0.9375     -6.2500       0.7739E-003
      0.9375     -5.0000       0.5510E-003
      0.9375     -3.7500       0.3376E-003
      0.9375     -2.5000       0.1799E-003
      0.9375     -1.2500       0.9086E-004
      0.9375      0.0000       0.5035E-004
      0.9375      1.2500       0.5451E-004
      0.9375      2.5000       0.1352E-003
      0.9375      3.7500       0.3051E-003
      0.9375      5.0000       0.5352E-003
      0.9375      6.2500       0.7703E-003
      0.9375      7.5000       0.9497E-003
      0.9375      8.7500       0.1025E-002
      0.9375     10.0000       0.9752E-003
      0.9375     11.2500       0.8113E-003
      0.9375     12.5000       0.5716E-003
      0.9375     13.7500       0.3174E-003
      0.9375     15.0000       0.1152E-003
      0.9375     16.2500       0.1607E-004
      0.9375     17.5000       0.1803E-006
      0.9375     18.7500       0.2379E-010

      1.8750    -20.0000       0.3147E-011
      1.8750    -18.7500       0.5510E-011
      1.8750    -17.5000       0.1825E-006
      1.8750    -16.2500       0.1599E-004
      1.8750    -15.0000       0.1148E-003
      1.8750    -13.7500       0.3166E-003
      1.8750    -12.5000       0.5700E-003
      1.8750    -11.2500       0.8092E-003
      1.8750    -10.0000       0.9733E-003
      1.8750     -8.7500       0.1024E-002
      1.8750     -7.5000       0.9528E-003
      1.8750     -6.2500       0.7838E-003
      1.8750     -5.0000       0.5633E-003
      1.8750     -3.7500       0.3475E-003
      1.8750     -2.5000       0.1789E-003
      1.8750     -1.2500       0.7202E-004
      1.8750      0.0000       0.1999E-004
      1.8750      1.2500       0.3166E-004
      1.8750      2.5000       0.1291E-003
      1.8750      3.7500       0.3114E-003
      1.8750      5.0000       0.5455E-003
      1.8750      6.2500       0.7799E-003
      1.8750      7.5000       0.9554E-003
      1.8750      8.7500       0.1029E-002
      1.8750     10.0000       0.9763E-003
      1.8750     11.2500       0.8123E-003
      1.8750     12.5000       0.5716E-003
      1.8750     13.7500       0.3174E-003
      1.8750     15.0000       0.1150E-003
      1.8750     16.2500       0.1610E-004
      1.8750     17.5000       0.1811E-006
      1.8750     18.7500       0.2643E-010

      2.8125    -20.0000       0.4975E-011
      2.8125    -18.7500       0.3556E-011
      2.8125    -17.5000       0.1809E-006
      2.8125    -16.2500       0.1603E-004
      2.8125    -15.0000       0.1148E-003
      2.8125    -13.7500       0.3168E-003
      2.8125    -12.5000       0.5708E-003
      2.8125    -11.2500       0.8107E-003
      2.8125    -10.0000       0.9753E-003
      2.8125     -8.7500       0.1028E-002
      2.8125     -7.5000       0.9576E-003
      2.8125     -6.2500       0.7883E-003
      2.8125     -5.0000       0.5636E-003
      2.8125     -3.7500       0.3383E-003
      2.8125     -2.5000       0.1570E-003
      2.8125     -1.2500       0.4280E-004
      2.8125      0.0000       0.6246E-006
      2.8125      1.2500       0.3433E-004
      2.8125      2.5000       0.1464E-003
      2.8125      3.7500       0.3308E-003
      2.8125      5.0000       0.5596E-003
      2.8125      6.2500       0.7878E-003
      2.8125      7.5000       0.9578E-003
      2.8125      8.7500       0.1029E-002
      2.8125     10.0000       0.9755E-003
      2.8125     11.2500       0.8118E-003
      2.8125     12.5000       0.5708E-003
      2.8125     13.7500       0.3172E-003
      2.8125     15.0000       0.1148E-003
      2.8125     16.2500       0.1608E-004
      2.8125     17.5000       0.1806E-006
      2.8125     18.7500       0.2384E-010

      3.7500    -20.0000       0.8062E-011
      3.7500    -18.7500       0.5246E-011
      3.7500    -17.5000       0.1782E-006
      3.7500    -16.2500       0.1607E-004
      3.7500    -15.0000       0.1150E-003
      3.7500    -13.7500       0.3171E-003
      3.7500    -12.5000       0.5717E-003
      3.7500    -11.2500       0.8119E-003
      3.7500    -10.0000       0.9766E-003
      3.7500     -8.7500       0.1029E-002
      3.7500     -7.5000       0.9574E-003
      3.7500     -6.2500       0.7835E-003
      3.7500     -5.0000       0.5517E-003
      3.7500     -3.7500       0.3183E-003
      3.7500     -2.5000       0.1338E-003
      3.7500     -1.2500       0.2917E-004
      3.7500      0.0000       0.9468E-005
      3.7500      1.2500       0.6015E-004
      3.7500      2.5000       0.1717E-003
      3.7500      3.7500       0.3462E-003
      3.7500      5.0000       0.5649E-003
      3.7500      6.2500       0.7870E-003
      3.7500      7.5000       0.9547E-003
      3.7500      8.7500       0.1026E-002
      3.7500     10.0000       0.9736E-003
      3.7500     11.2500       0.8102E-003
      3.7500     12.5000       0.5699E-003
      3.7500     13.7500       0.3169E-003
      3.7500     15.0000       0.1146E-003
      3.7500     16.2500       0.1603E-004
      3.7500     17.5000       0.1794E-006
      3.7500     18.7500       0.1841E-010

      4.6875    -20.0000       0.1129E-010
      4.6875    -18.7500       0.8073E-011
      4.6875    -17.5000       0.1770E-006
      4.6875    -16.2500       0.1609E-004
      4.6875    -15.0000       0.1152E-003
      4.6875    -13.7500       0.3174E-003
      4.6875    -12.5000       0.5719E-003
      4.6875    -11.2500       0.8117E-003
      4.6875    -10.0000       0.9760E-003
      4.6875     -8.7500       0.1027E-002
      4.6875     -7.5000       0.9522E-003
      4.6875     -6.2500       0.7736E-003
      4.6875     -5.0000       0.5381E-003
      4.6875     -3.7500       0.3052E-003
      4.6875     -2.5000       0.1298E-003
      4.6875     -1.2500       0.4325E-004
      4.6875      0.0000       0.3866E-004
      4.6875      1.2500       0.8616E-004
      4.6875      2.5000       0.1825E-003
      4.6875      3.7500       0.3437E-003
      4.6875      5.0000       0.5567E-003
      4.6875      6.2500       0.7781E-003
      4.6875      7.5000       0.9489E-003
      4.6875      8.7500       0.1023E-002
      4.6875     10.0000       0.9722E-003
      4.6875     11.2500       0.8089E-003
      4.6875     12.5000       0.5698E-003
      4.6875     13.7500       0.3168E-003
      4.6875     15.0000       0.1147E-003
      4.6875     16.2500       0.1600E-004
      4.6875     17.5000       0.1785E-006
      4.6875     18.7500       0.1328E-010

      5.6250    -20.0000       0.1302E-010
      5.6250    -18.7500       0.9221E-011
      5.6250    -17.5000       0.1783E-006
      5.6250    -16.2500       0.1605E-004
      5.6250    -15.0000       0.1151E-003
      5.6250    -13.7500       0.3173E-003
      5.6250    -12.5000       0.5712E-003
      5.6250    -11.2500       0.8103E-003
      5.6250    -10.0000       0.9740E-003
      5.6250     -8.7500       0.1023E-002
      5.6250     -7.5000       0.9468E-003
      5.6250     -6.2500       0.7675E-003
      5.6250     -5.0000       0.5350E-003
      5.6250     -3.7500       0.3107E-003
      5.6250     -2.5000       0.1486E-003
      5.6250     -1.2500       0.7252E-004
      5.6250      0.0000       0.6225E-004
      5.6250      1.2500       0.8925E-004
      5.6250      2.5000       0.1692E-003
      5.6250      3.7500       0.3257E-003
      5.6250      5.0000       0.5423E-003
      5.6250      6.2500       0.7692E-003
      5.6250      7.5000       0.9455E-003
      5.6250      8.7500       0.1021E-002
      5.6250     10.0000       0.9726E-003
      5.6250     11.2500       0.8092E-003
      5.6250     12.5000       0.5705E-003
      5.6250     13.7500       0.3170E-003
      5.6250     15.0000       0.1150E-003
      5.6250     16.2500       0.1602E-004
      5.6250     17.5000       0.1789E-006
      5.6250     18.7500       0.9941E-011

      6.5625    -20.0000       0.1224E-010
      6.5625    -18.7500       0.8143E-011
      6.5625    -17.5000       0.1811E-006
      6.5625    -16.2500       0.1600E-004
      6.5625    -15.0000       0.1150E-003
      6.5625    -13.7500       0.3169E-003
      6.5625    -12.5000       0.5703E-003
      6.5625    -11.2500       0.8089E-003
      6.5625    -10.0000       0.9724E-003
      6.5625     -8.7500       0.1021E-002
      6.5625     -7.5000       0.9459E-003
      6.5625     -6.2500       0.7705E-003
      6.5625     -5.0000       0.5451E-003
      6.5625     -3.7500       0.3299E-003
      6.5625     -2.5000       0.1735E-003
      6.5625     -1.2500       0.9096E-004
      6.5625      0.0000       0.5927E-004
      6.5625      1.2500       0.6667E-004
      6.5625      2.5000       0.1437E-003
      6.5625      3.7500       0.3081E-003
      6.5625      5.0000       0.5345E-003
      6.5625      6.2500       0.7680E-003
      6.5625      7.5000       0.9476E-003
      6.5625      8.7500       0.1024E-002
      6.5625     10.0000       0.9744E-003
      6.5625     11.2500       0.8107E-003
      6.5625     12.5000       0.5714E-003
      6.5625     13.7500       0.3173E-003
      6.5625     15.0000       0.1152E-003
      6.5625     16.2500       0.1606E-004
      6.5625     17.5000       0.1802E-006
      6.5625     18.7500       0.7632E-011

      7.5000    -20.0000       0.9366E-011
      7.5000    -18.7500       0.6932E-011
      7.5000    -17.5000       0.1830E-006
      7.5000    -16.2500       0.1598E-004
      7.5000    -15.0000       0.1148E-003
      7.5000    -13.7500       0.3166E-003
      7.5000    -12.5000       0.5699E-003
      7.5000    -11.2500       0.8088E-003
      7.5000    -10.0000       0.9726E-003
      7.5000     -8.7500       0.1023E-002
      7.5000     -7.5000       0.9503E-003
      7.5000     -6.2500       0.7800E-003
      7.5000     -5.0000       0.5594E-003
      7.5000     -3.7500       0.3457E-003
      7.5000     -2.5000       0.1824E-003
      7.5000     -1.2500       0.8219E-004
      7.5000      0.0000       0.3237E-004
      7.5000      1.2500       0.3849E-004
      7.5000      2.5000       0.1285E-003
      7.5000      3.7500       0.3066E-003
      7.5000      5.0000       0.5402E-003
      7.5000      6.2500       0.7757E-003
      7.5000      7.5000       0.9533E-003
      7.5000      8.7500       0.1028E-002
      7.5000     10.0000       0.9761E-003
      7.5000     11.2500       0.8121E-003
      7.5000     12.5000       0.5717E-003
      7.5000     13.7500       0.3174E-003
      7.5000     15.0000       0.1151E-003
      7.5000     16.2500       0.1609E-004
      7.5000     17.5000       0.1812E-006
      7.5000     18.7500       0.4896E-011

      8.4375    -20.0000       0.5913E-011
      8.4375    -18.7500       0.8196E-011
      8.4375    -17.5000       0.1821E-006
      8.4375    -16.2500       0.1601E-004
      8.4375    -15.0000       0.1148E-003
      8.4375    -13.7500       0.3167E-003
      8.4375    -12.5000       0.5704E-003
      8.4375    -11.2500       0.8101E-003
      8.4375    -10.0000       0.9745E-003
      8.4375     -8.7500       0.1027E-002
      8.4375     -7.5000       0.9561E-003
      8.4375     -6.2500       0.7876E-003
      8.4375     -5.0000       0.5652E-003
      8.4375     -3.7500       0.3441E-003
      8.4375     -2.5000       0.1673E-003
      8.4375     -1.2500       0.5400E-004
      8.4375      0.0000       0.5462E-005
      8.4375      1.2500       0.2976E-004
      8.4375      2.5000       0.1373E-003
      8.4375      3.7500       0.3225E-003
      8.4375      5.0000       0.5544E-003
      8.4375      6.2500       0.7854E-003
      8.4375      7.5000       0.9575E-003
      8.4375      8.7500       0.1030E-002
      8.4375     10.0000       0.9760E-003
      8.4375     11.2500       0.8122E-003
      8.4375     12.5000       0.5712E-003
      8.4375     13.7500       0.3173E-003
      8.4375     15.0000       0.1149E-003
      8.4375     16.2500       0.1609E-004
      8.4375     17.5000       0.1810E-006
      8.4375     18.7500       0.1712E-011

      9.3750    -20.0000       0.3412E-011
      9.3750    -18.7500       0.1237E-010
      9.3750    -17.5000       0.1793E-006
      9.3750    -16.2500       0.1606E-004
      9.3750    -15.0000       0.1150E-003
      9.3750    -13.7500       0.3170E-003
      9.3750    -12.5000       0.5714E-003
      9.3750    -11.2500       0.8116E-003
      9.3750    -10.0000       0.9763E-003
      9.3750     -8.7500       0.1029E-002
      9.3750     -7.5000       0.9582E-003
      9.3750     -6.2500       0.7864E-003
      9.3750     -5.0000       0.5574E-003
      9.3750     -3.7500       0.3265E-003
      9.3750     -2.5000       0.1417E-003
      9.3750     -1.2500       0.3144E-004
      9.3750      0.0000       0.2458E-005
      9.3750      1.2500       0.4824E-004
      9.3750      2.5000       0.1621E-003
      9.3750      3.7500       0.3417E-003
      9.3750      5.0000       0.5644E-003
      9.3750      6.2500       0.7885E-003
      9.3750      7.5000       0.9565E-003
      9.3750      8.7500       0.1028E-002
      9.3750     10.0000       0.9744E-003
      9.3750     11.2500       0.8109E-003
      9.3750     12.5000       0.5702E-003
      9.3750     13.7500       0.3170E-003
      9.3750     15.0000       0.1147E-003
      9.3750     16.2500       0.1605E-004
      9.3750     17.5000       0.1797E-006
      9.3750     18.7500       0.8283E-013

     10.3125    -20.0000       0.2402E-011
     10.3125    -18.7500       0.1698E-010
     10.3125    -17.5000       0.1769E-006
     10.3125    -16.2500       0.1609E-004
     10.3125    -15.0000       0.1151E-003
     10.3125    -13.7500       0.3173E-003
     10.3125    -12.5000       0.5719E-003
     10.3125    -11.2500       0.8120E-003
     10.3125    -10.0000       0.9765E-003
     10.3125     -8.7500       0.1028E-002
     10.3125     -7.5000       0.9546E-003
     10.3125     -6.2500       0.7776E-003
     10.3125     -5.0000       0.5429E-003
     10.3125     -3.7500       0.3086E-003
     10.3125     -2.5000       0.1284E-003
     10.3125     -1.2500       0.3457E-004
     10.3125      0.0000       0.2603E-004
     10.3125      1.2500       0.7750E-004
     10.3125      2.5000       0.1810E-003
     10.3125      3.7500       0.3471E-003
     10.3125      5.0000       0.5614E-003
     10.3125      6.2500       0.7822E-003
     10.3125      7.5000       0.9512E-003
     10.3125      8.7500       0.1024E-002
     10.3125     10.0000       0.9726E-003
     10.3125     11.2500       0.8093E-003
     10.3125     12.5000       0.5697E-003
     10.3125     13.7500       0.3168E-003
     10.3125     15.0000       0.1147E-003
     10.3125     16.2500       0.1601E-004
     10.3125     17.5000       0.1783E-006
     10.3125     18.7500       0.2458E-011

     11.2500    -20.0000       0.2354E-011
     11.2500    -18.7500       0.1853E-010
     11.2500    -17.5000       0.1770E-006
     11.2500    -16.2500       0.1607E-004
     11.2500    -15.0000       0.1152E-003
     11.2500    -13.7500       0.3174E-003
     11.2500    -12.5000       0.5716E-003
     11.2500    -11.2500       0.8110E-003
     11.2500    -10.0000       0.9749E-003
     11.2500     -8.7500       0.1024E-002
     11.2500     -7.5000       0.9486E-003
     11.2500     -6.2500       0.7690E-003
     11.2500     -5.0000       0.5345E-003
     11.2500     -3.7500       0.3062E-003
     11.2500     -2.5000       0.1391E-003
     11.2500     -1.2500       0.6061E-004
     11.2500      0.0000       0.5523E-004
     11.2500      1.2500       0.9154E-004
     11.2500      2.5000       0.1771E-003
     11.2500      3.7500       0.3339E-003
     11.2500      5.0000       0.5479E-003
     11.2500      6.2500       0.7722E-003
     11.2500      7.5000       0.9463E-003
     11.2500      8.7500       0.1021E-002
     11.2500     10.0000       0.9722E-003
     11.2500     11.2500       0.8089E-003
     11.2500     12.5000       0.5701E-003
     11.2500     13.7500       0.3169E-003
     11.2500     15.0000       0.1149E-003
     11.2500     16.2500       0.1601E-004
     11.2500     17.5000       0.1781E-006
     11.2500     18.7500       0.9315E-011

     12.1875    -20.0000       0.2474E-011
     12.1875    -18.7500       0.1547E-010
     12.1875    -17.5000       0.1794E-006
     12.1875    -16.2500       0.1602E-004
     12.1875    -15.0000       0.1150E-003
     12.1875    -13.7500       0.3171E-003
     12.1875    -12.5000       0.5707E-003
     12.1875    -11.2500       0.8094E-003
     12.1875    -10.0000       0.9729E-003
     12.1875     -8.7500       0.1022E-002
     12.1875     -7.5000       0.9455E-003
     12.1875     -6.2500       0.7682E-003
     12.1875     -5.0000       0.5398E-003
     12.1875     -3.7500       0.3215E-003
     12.1875     -2.5000       0.1644E-003
     12.1875     -1.2500       0.8641E-004
     12.1875      0.0000       0.6410E-004
     12.1875      1.2500       0.7788E-004
     12.1875      2.5000       0.1539E-003
     12.1875      3.7500       0.3139E-003
     12.1875      5.0000       0.5361E-003
     12.1875      6.2500       0.7673E-003
     12.1875      7.5000       0.9461E-003
     12.1875      8.7500       0.1022E-002
     12.1875     10.0000       0.9736E-003
     12.1875     11.2500       0.8100E-003
     12.1875     12.5000       0.5711E-003
     12.1875     13.7500       0.3172E-003
     12.1875     15.0000       0.1151E-003
     12.1875     16.2500       0.1604E-004
     12.1875     17.5000       0.1791E-006
     12.1875     18.7500       0.1813E-010

     13.1250    -20.0000       0.2611E-011
     13.1250    -18.7500       0.9630E-011
     13.1250    -17.5000       0.1820E-006
     13.1250    -16.2500       0.1598E-004
     13.1250    -15.0000       0.1148E-003
     13.1250    -13.7500       0.3167E-003
     13.1250    -12.5000       0.5700E-003
     13.1250    -11.2500       0.8087E-003
     13.1250    -10.0000       0.9723E-003
     13.1250     -8.7500       0.1022E-002
     13.1250     -7.5000       0.9481E-003
     13.1250     -6.2500       0.7759E-003
     13.1250     -5.0000       0.5540E-003
     13.1250     -3.7500       0.3409E-003
     13.1250     -2.5000       0.1817E-003
     13.1250     -1.2500       0.8904E-004
     13.1250      0.0000       0.4475E-004
     13.1250      1.2500       0.4865E-004
     13.1250      2.5000       0.1320E-003
     13.1250      3.7500       0.3048E-003
     13.1250      5.0000       0.5363E-003
     13.1250      6.2500       0.7719E-003
     13.1250      7.5000       0.9509E-003
     13.1250      8.7500       0.1026E-002
     13.1250     10.0000       0.9755E-003
     13.1250     11.2500       0.8116E-003
     13.1250     12.5000       0.5717E-003
     13.1250     13.7500       0.3174E-003
     13.1250     15.0000       0.1152E-003
     13.1250     16.2500       0.1608E-004
     13.1250     17.5000       0.1805E-006
     13.1250     18.7500       0.2476E-010

     14.0625    -20.0000       0.3397E-011
     14.0625    -18.7500       0.4791E-011
     14.0625    -17.5000       0.1824E-006
     14.0625    -16.2500       0.1599E-004
     14.0625    -15.0000       0.1148E-003
     14.0625    -13.7500       0.3166E-003
     14.0625    -12.5000       0.5701E-003
     14.0625    -11.2500       0.8094E-003
     14.0625    -10.0000       0.9736E-003
     14.0625     -8.7500       0.1025E-002
     14.0625     -7.5000       0.9540E-003
     14.0625     -6.2500       0.7853E-003
     14.0625     -5.0000       0.5645E-003
     14.0625     -3.7500       0.3471E-003
     14.0625     -2.5000       0.1757E-003
     14.0625     -1.2500       0.6616E-004
     14.0625      0.0000       0.1439E-004
     14.0625      1.2500       0.2985E-004
     14.0625      2.5000       0.1309E-003
     14.0625      3.7500       0.3147E-003
     14.0625      5.0000       0.5485E-003
     14.0625      6.2500       0.7819E-003
     14.0625      7.5000       0.9563E-003
     14.0625      8.7500       0.1029E-002
     14.0625     10.0000       0.9763E-003
     14.0625     11.2500       0.8124E-003
     14.0625     12.5000       0.5715E-003
     14.0625     13.7500       0.3174E-003
     14.0625     15.0000       0.1150E-003
     14.0625     16.2500       0.1610E-004
     14.0625     17.5000       0.1811E-006
     14.0625     18.7500       0.2629E-010

     15.0000    -20.0000       0.5512E-011
     15.0000    -18.7500       0.3653E-011
     15.0000    -17.5000       0.1804E-006
     15.0000    -16.2500       0.1604E-004
     15.0000    -15.0000       0.1149E-003
     15.0000    -13.7500       0.3168E-003
     15.0000    -12.5000       0.5710E-003
     15.0000    -11.2500       0.8110E-003
     15.0000    -10.0000       0.9757E-003
     15.0000     -8.7500       0.1028E-002
     15.0000     -7.5000       0.9580E-003
     15.0000     -6.2500       0.7880E-003
     15.0000     -5.0000       0.5620E-003
     15.0000     -3.7500       0.3346E-003
     15.0000     -2.5000       0.1517E-003
     15.0000     -1.2500       0.3811E-004
     15.0000      0.0000       0.6234E-011
     15.0000      1.2500       0.3817E-004
     15.0000      2.5000       0.1516E-003
     15.0000      3.7500       0.3348E-003
     15.0000      5.0000       0.5617E-003
     15.0000      6.2500       0.7884E-003
     15.0000      7.5000       0.9576E-003
     15.0000      8.7500       0.1029E-002
     15.0000     10.0000       0.9752E-003
     15.0000     11.2500       0.8115E-003
     15.0000     12.5000       0.5706E-003
     15.0000     13.7500       0.3171E-003
     15.0000     15.0000       0.1147E-003
     15.0000     16.2500       0.1607E-004
     15.0000     17.5000       0.1804E-006
     15.0000     18.7500       0.2287E-010

     15.9375    -20.0000       0.8749E-011
     15.9375    -18.7500       0.5826E-011
     15.9375    -17.5000       0.1778E-006
     15.9375    -16.2500       0.1608E-004
     15.9375    -15.0000       0.1151E-003
     15.9375    -13.7500       0.3172E-003
     15.9375    -12.5000       0.5718E-003
     15.9375    -11.2500       0.8120E-003
     15.9375    -10.0000       0.9767E-003
     15.9375     -8.7500       0.1029E-002
     15.9375     -7.5000       0.9566E-003
     15.9375     -6.2500       0.7816E-003
     15.9375     -5.0000       0.5487E-003
     15.9375     -3.7500       0.3146E-003
     15.9375     -2.5000       0.1310E-003
     15.9375     -1.2500       0.2982E-004
     15.9375      0.0000       0.1437E-004
     15.9375      1.2500       0.6623E-004
     15.9375      2.5000       0.1756E-003
     15.9375      3.7500       0.3473E-003
     15.9375      5.0000       0.5643E-003
     15.9375      6.2500       0.7856E-003
     15.9375      7.5000       0.9536E-003
     15.9375      8.7500       0.1026E-002
     15.9375     10.0000       0.9732E-003
     15.9375     11.2500       0.8099E-003
     15.9375     12.5000       0.5698E-003
     15.9375     13.7500       0.3168E-003
     15.9375     15.0000       0.1146E-003
     15.9375     16.2500       0.1603E-004
     15.9375     17.5000       0.1791E-006
     15.9375     18.7500       0.1727E-010

     16.8750    -20.0000       0.1181E-010
     16.8750    -18.7500       0.8498E-011
     16.8750    -17.5000       0.1770E-006
     16.8750    -16.2500       0.1608E-004
     16.8750    -15.0000       0.1152E-003
     16.8750    -13.7500       0.3174E-003
     16.8750    -12.5000       0.5718E-003
     16.8750    -11.2500       0.8115E-003
     16.8750    -10.0000       0.9757E-003
     16.8750     -8.7500       0.1026E-002
     16.8750     -7.5000       0.9510E-003
     16.8750     -6.2500       0.7718E-003
     16.8750     -5.0000       0.5364E-003
     16.8750     -3.7500       0.3047E-003
     16.8750     -2.5000       0.1321E-003
     16.8750     -1.2500       0.4866E-004
     16.8750      0.0000       0.4473E-004
     16.8750      1.2500       0.8908E-004
     16.8750      2.5000       0.1817E-003
     16.8750      3.7500       0.3410E-003
     16.8750      5.0000       0.5539E-003
     16.8750      6.2500       0.7760E-003
     16.8750      7.5000       0.9479E-003
     16.8750      8.7500       0.1022E-002
     16.8750     10.0000       0.9721E-003
     16.8750     11.2500       0.8089E-003
     16.8750     12.5000       0.5698E-003
     16.8750     13.7500       0.3168E-003
     16.8750     15.0000       0.1148E-003
     16.8750     16.2500       0.1600E-004
     16.8750     17.5000       0.1785E-006
     16.8750     18.7500       0.1246E-010

     17.8125    -20.0000       0.1307E-010
     17.8125    -18.7500       0.9147E-011
     17.8125    -17.5000       0.1788E-006
     17.8125    -16.2500       0.1604E-004
     17.8125    -15.0000       0.1151E-003
     17.8125    -13.7500       0.3172E-003
     17.8125    -12.5000       0.5711E-003
     17.8125    -11.2500       0.8100E-003
     17.8125    -10.0000       0.9736E-003
     17.8125     -8.7500       0.1022E-002
     17.8125     -7.5000       0.9461E-003
     17.8125     -6.2500       0.7673E-003
     17.8125     -5.0000       0.5361E-003
     17.8125     -3.7500       0.3139E-003
     17.8125     -2.5000       0.1539E-003
     17.8125     -1.2500       0.7788E-004
     17.8125      0.0000       0.6409E-004
     17.8125      1.2500       0.8641E-004
     17.8125      2.5000       0.1644E-003
     17.8125      3.7500       0.3215E-003
     17.8125      5.0000       0.5398E-003
     17.8125      6.2500       0.7682E-003
     17.8125      7.5000       0.9455E-003
     17.8125      8.7500       0.1022E-002
     17.8125     10.0000       0.9729E-003
     17.8125     11.2500       0.8094E-003
     17.8125     12.5000       0.5707E-003
     17.8125     13.7500       0.3171E-003
     17.8125     15.0000       0.1150E-003
     17.8125     16.2500       0.1602E-004
     17.8125     17.5000       0.1791E-006
     17.8125     18.7500       0.9448E-011

     18.7500    -20.0000       0.1180E-010
     18.7500    -18.7500       0.7817E-011
     18.7500    -17.5000       0.1817E-006
     18.7500    -16.2500       0.1599E-004
     18.7500    -15.0000       0.1149E-003
     18.7500    -13.7500       0.3169E-003
     18.7500    -12.5000       0.5702E-003
     18.7500    -11.2500       0.8088E-003
     18.7500    -10.0000       0.9723E-003
     18.7500     -8.7500       0.1021E-002
     18.7500     -7.5000       0.9464E-003
     18.7500     -6.2500       0.7721E-003
     18.7500     -5.0000       0.5480E-003
     18.7500     -3.7500       0.3339E-003
     18.7500     -2.5000       0.1771E-003
     18.7500     -1.2500       0.9151E-004
     18.7500      0.0000       0.5525E-004
     18.7500      1.2500       0.6060E-004
     18.7500      2.5000       0.1391E-003
     18.7500      3.7500       0.3062E-003
     18.7500      5.0000       0.5345E-003
     18.7500      6.2500       0.7690E-003
     18.7500      7.5000       0.9486E-003
     18.7500      8.7500       0.1024E-002
     18.7500     10.0000       0.9748E-003
     18.7500     11.2500       0.8110E-003
     18.7500     12.5000       0.5715E-003
     18.7500     13.7500       0.3174E-003
     18.7500     15.0000       0.1152E-003
     18.7500     16.2500       0.1607E-004
     18.7500     17.5000       0.1805E-006
     18.7500     18.7500       0.7150E-011

     19.6875    -20.0000       0.8665E-011
     19.6875    -18.7500       0.6929E-011
     19.6875    -17.5000       0.1830E-006
     19.6875    -16.2500       0.1598E-004
     19.6875    -15.0000       0.1148E-003
     19.6875    -13.7500       0.3166E-003
     19.6875    -12.5000       0.5700E-003
     19.6875    -11.2500       0.8090E-003
     19.6875    -10.0000       0.9729E-003
     19.6875     -8.7500       0.1024E-002
     19.6875     -7.5000       0.9515E-003
     19.6875     -6.2500       0.7820E-003
     19.6875     -5.0000       0.5615E-003
     19.6875     -3.7500       0.3470E-003
     19.6875     -2.5000       0.1811E-003
     19.6875     -1.2500       0.7744E-004
     19.6875      0.0000       0.2606E-004
     19.6875      1.2500       0.3458E-004
     19.6875      2.5000       0.1283E-003
     19.6875      3.7500       0.3087E-003
     19.6875      5.0000       0.5427E-003
     19.6875      6.2500       0.7778E-003
     19.6875      7.5000       0.9544E-003
     19.6875      8.7500       0.1028E-002
     19.6875     10.0000       0.9762E-003
     19.6875     11.2500       0.8123E-003
     19.6875     12.5000       0.5717E-003
     19.6875     13.7500       0.3174E-003
     19.6875     15.0000       0.1151E-003
     19.6875     16.2500       0.1609E-004
     19.6875     17.5000       0.1813E-006
     19.6875     18.7500       0.4256E-011

     20.6250    -20.0000       0.5302E-011
     20.6250    -18.7500       0.8841E-011
     20.6250    -17.5000       0.1817E-006
     20.6250    -16.2500       0.1602E-004
     20.6250    -15.0000       0.1148E-003
     20.6250    -13.7500       0.3167E-003
     20.6250    -12.5000       0.5706E-003
     20.6250    -11.2500       0.8104E-003
     20.6250    -10.0000       0.9749E-003
     20.6250     -8.7500       0.1027E-002
     20.6250     -7.5000       0.9570E-003
     20.6250     -6.2500       0.7881E-003
     20.6250     -5.0000       0.5647E-003
     20.6250     -3.7500       0.3415E-003
     20.6250     -2.5000       0.1623E-003
     20.6250     -1.2500       0.4817E-004
     20.6250      0.0000       0.2469E-005
     20.6250      1.2500       0.3149E-004
     20.6250      2.5000       0.1416E-003
     20.6250      3.7500       0.3267E-003
     20.6250      5.0000       0.5571E-003
     20.6250      6.2500       0.7868E-003
     20.6250      7.5000       0.9577E-003
     20.6250      8.7500       0.1030E-002
     20.6250     10.0000       0.9758E-003
     20.6250     11.2500       0.8120E-003
     20.6250     12.5000       0.5710E-003
     20.6250     13.7500       0.3172E-003
     20.6250     15.0000       0.1148E-003
     20.6250     16.2500       0.1608E-004
     20.6250     17.5000       0.1808E-006
     20.6250     18.7500       0.1174E-011

     21.5625    -20.0000       0.3096E-011
     21.5625    -18.7500       0.1338E-010
     21.5625    -17.5000       0.1787E-006
     21.5625    -16.2500       0.1607E-004
     21.5625    -15.0000       0.1150E-003
     21.5625    -13.7500       0.3170E-003
     21.5625    -12.5000       0.5715E-003
     21.5625    -11.2500       0.8118E-003
     21.5625    -10.0000       0.9765E-003
     21.5625     -8.7500       0.1029E-002
     21.5625     -7.5000       0.9579E-003
     21.5625     -6.2500       0.7851E-003
     21.5625     -5.0000       0.5546E-003
     21.5625     -3.7500       0.3223E-003
     21.5625     -2.5000       0.1374E-003
     21.5625     -1.2500       0.2972E-004
     21.5625      0.0000       0.5446E-005
     21.5625      1.2500       0.5407E-004
     21.5625      2.5000       0.1671E-003
     21.5625      3.7500       0.3443E-003
     21.5625      5.0000       0.5649E-003
     21.5625      6.2500       0.7879E-003
     21.5625      7.5000       0.9557E-003
     21.5625      8.7500       0.1027E-002
     21.5625     10.0000       0.9740E-003
     21.5625     11.2500       0.8105E-003
     21.5625     12.5000       0.5700E-003
     21.5625     13.7500       0.3169E-003
     21.5625     15.0000       0.1146E-003
     21.5625     16.2500       0.1604E-004
     21.5625     17.5000       0.1793E-006
     21.5625     18.7500       0.1805E-012

     22.5000    -20.0000       0.2344E-011
     22.5000    -18.7500       0.1763E-010
     22.5000    -17.5000       0.1767E-006
     22.5000    -16.2500       0.1609E-004
     22.5000    -15.0000       0.1152E-003
     22.5000    -13.7500       0.3173E-003
     22.5000    -12.5000       0.5719E-003
     22.5000    -11.2500       0.8119E-003
     22.5000    -10.0000       0.9763E-003
     22.5000     -8.7500       0.1027E-002
     22.5000     -7.5000       0.9535E-003
     22.5000     -6.2500       0.7756E-003
     22.5000     -5.0000       0.5403E-003
     22.5000     -3.7500       0.3065E-003
     22.5000     -2.5000       0.1286E-003
     22.5000     -1.2500       0.3849E-004
     22.5000      0.0000       0.3234E-004
     22.5000      1.2500       0.8225E-004
     22.5000      2.5000       0.1823E-003
     22.5000      3.7500       0.3458E-003
     22.5000      5.0000       0.5592E-003
     22.5000      6.2500       0.7802E-003
     22.5000      7.5000       0.9500E-003
     22.5000      8.7500       0.1023E-002
     22.5000     10.0000       0.9723E-003
     22.5000     11.2500       0.8091E-003
     22.5000     12.5000       0.5697E-003
     22.5000     13.7500       0.3168E-003
     22.5000     15.0000       0.1147E-003
     22.5000     16.2500       0.1601E-004
     22.5000     17.5000       0.1781E-006
     22.5000     18.7500       0.3510E-011

     23.4375    -20.0000       0.2382E-011
     23.4375    -18.7500       0.1827E-010
     23.4375    -17.5000       0.1774E-006
     23.4375    -16.2500       0.1606E-004
     23.4375    -15.0000       0.1152E-003
     23.4375    -13.7500       0.3173E-003
     23.4375    -12.5000       0.5714E-003
     23.4375    -11.2500       0.8107E-003
     23.4375    -10.0000       0.9744E-003
     23.4375     -8.7500       0.1024E-002
     23.4375     -7.5000       0.9476E-003
     23.4375     -6.2500       0.7680E-003
     23.4375     -5.0000       0.5345E-003
     23.4375     -3.7500       0.3081E-003
     23.4375     -2.5000       0.1437E-003
     23.4375     -1.2500       0.6668E-004
     23.4375      0.0000       0.5925E-004
     23.4375      1.2500       0.9098E-004
     23.4375      2.5000       0.1735E-003
     23.4375      3.7500       0.3299E-003
     23.4375      5.0000       0.5450E-003
     23.4375      6.2500       0.7705E-003
     23.4375      7.5000       0.9458E-003
     23.4375      8.7500       0.1021E-002
     23.4375     10.0000       0.9724E-003
     23.4375     11.2500       0.8090E-003
     23.4375     12.5000       0.5703E-003
     23.4375     13.7500       0.3170E-003
     23.4375     15.0000       0.1149E-003
     23.4375     16.2500       0.1601E-004
     23.4375     17.5000       0.1782E-006
     23.4375     18.7500       0.1105E-010

     24.3750    -20.0000       0.2488E-011
     24.3750    -18.7500       0.1441E-010
     24.3750    -17.5000       0.1800E-006
     24.3750    -16.2500       0.1601E-004
     24.3750    -15.0000       0.1150E-003
     24.3750    -13.7500       0.3170E-003
     24.3750    -12.5000       0.5705E-003
     24.3750    -11.2500       0.8091E-003
     24.3750    -10.0000       0.9726E-003
     24.3750     -8.7500       0.1021E-002
     24.3750     -7.5000       0.9456E-003
     24.3750     -6.2500       0.7692E-003
     24.3750     -5.0000       0.5423E-003
     24.3750     -3.7500       0.3257E-003
     24.3750     -2.5000       0.1692E-003
     24.3750     -1.2500       0.8924E-004
     24.3750      0.0000       0.6226E-004
     24.3750      1.2500       0.7251E-004
     24.3750      2.5000       0.1487E-003
     24.3750      3.7500       0.3107E-003
     24.3750      5.0000       0.5350E-003
     24.3750      6.2500       0.7675E-003
     24.3750      7.5000       0.9468E-003
     24.3750      8.7500       0.1023E-002
     24.3750     10.0000       0.9740E-003
     24.3750     11.2500       0.8103E-003
     24.3750     12.5000       0.5712E-003
     24.3750     13.7500       0.3173E-003
     24.3750     15.0000       0.1151E-003
     24.3750     16.2500       0.1605E-004
     24.3750     17.5000       0.1794E-006
     24.3750     18.7500       0.1976E-010

     25.3125    -20.0000       0.2688E-011
     25.3125    -18.7500       0.8461E-011
     25.3125    -17.5000       0.1823E-006
     25.3125    -16.2500       0.1598E-004
     25.3125    -15.0000       0.1148E-003
     25.3125    -13.7500       0.3167E-003
     25.3125    -12.5000       0.5699E-003
     25.3125    -11.2500       0.8087E-003
     25.3125    -10.0000       0.9724E-003
     25.3125     -8.7500       0.1022E-002
     25.3125     -7.5000       0.9491E-003
     25.3125     -6.2500       0.7780E-003
     25.3125     -5.0000       0.5568E-003
     25.3125     -3.7500       0.3436E-003
     25.3125     -2.5000       0.1826E-003
     25.3125     -1.2500       0.8611E-004
     25.3125      0.0000       0.3869E-004
     25.3125      1.2500       0.4324E-004
     25.3125      2.5000       0.1298E-003
     25.3125      3.7500       0.3053E-003
     25.3125      5.0000       0.5381E-003
     25.3125      6.2500       0.7737E-003
     25.3125      7.5000       0.9521E-003
     25.3125      8.7500       0.1027E-002
     25.3125     10.0000       0.9758E-003
     25.3125     11.2500       0.8119E-003
     25.3125     12.5000       0.5718E-003
     25.3125     13.7500       0.3174E-003
     25.3125     15.0000       0.1152E-003
     25.3125     16.2500       0.1609E-004
     25.3125     17.5000       0.1807E-006
     25.3125     18.7500       0.2552E-010

     26.2500    -20.0000       0.3703E-011
     26.2500    -18.7500       0.4230E-011
     26.2500    -17.5000       0.1822E-006
     26.2500    -16.2500       0.1600E-004
     26.2500    -15.0000       0.1148E-003
     26.2500    -13.7500       0.3166E-003
     26.2500    -12.5000       0.5703E-003
     26.2500    -11.2500       0.8097E-003
     26.2500    -10.0000       0.9740E-003
     26.2500     -8.7500       0.1026E-002
     26.2500     -7.5000       0.9551E-003
     26.2500     -6.2500       0.7866E-003
     26.2500     -5.0000       0.5651E-003
     26.2500     -3.7500       0.3460E-003
     26.2500     -2.5000       0.1718E-003
     26.2500     -1.2500       0.6008E-004
     26.2500      0.0000       0.9488E-005
     26.2500      1.2500       0.2920E-004
     26.2500      2.5000       0.1337E-003
     26.2500      3.7500       0.3184E-003
     26.2500      5.0000       0.5515E-003
     26.2500      6.2500       0.7838E-003
     26.2500      7.5000       0.9570E-003
     26.2500      8.7500       0.1029E-002
     26.2500     10.0000       0.9762E-003
     26.2500     11.2500       0.8123E-003
     26.2500     12.5000       0.5714E-003
     26.2500     13.7500       0.3173E-003
     26.2500     15.0000       0.1149E-003
     26.2500     16.2500       0.1609E-004
     26.2500     17.5000       0.1811E-006
     26.2500     18.7500       0.2593E-010

     27.1875    -20.0000       0.6098E-011
     27.1875    -18.7500       0.3892E-011
     27.1875    -17.5000       0.1798E-006
     27.1875    -16.2500       0.1605E-004
     27.1875    -15.0000       0.1149E-003
     27.1875    -13.7500       0.3169E-003
     27.1875    -12.5000       0.5712E-003
     27.1875    -11.2500       0.8113E-003
     27.1875    -10.0000       0.9760E-003
     27.1875     -8.7500       0.1029E-002
     27.1875     -7.5000       0.9582E-003
     27.1875     -6.2500       0.7874E-003
     27.1875     -5.0000       0.5599E-003
     27.1875     -3.7500       0.3307E-003
     27.1875     -2.5000       0.1465E-003
     27.1875     -1.2500       0.3428E-004
     27.1875      0.0000       0.6190E-006
     27.1875      1.2500       0.4287E-004
     27.1875      2.5000       0.1569E-003
     27.1875      3.7500       0.3385E-003
     27.1875      5.0000       0.5633E-003
     27.1875      6.2500       0.7887E-003
     27.1875      7.5000       0.9571E-003
     27.1875      8.7500       0.1028E-002
     27.1875     10.0000       0.9748E-003
     27.1875     11.2500       0.8112E-003
     27.1875     12.5000       0.5704E-003
     27.1875     13.7500       0.3170E-003
     27.1875     15.0000       0.1147E-003
     27.1875     16.2500       0.1606E-004
     27.1875     17.5000       0.1801E-006
     27.1875     18.7500       0.2181E-010

     28.1250    -20.0000       0.9430E-011
     28.1250    -18.7500       0.6424E-011
     28.1250    -17.5000       0.1774E-006
     28.1250    -16.2500       0.1609E-004
     28.1250    -15.0000       0.1151E-003
     28.1250    -13.7500       0.3172E-003
     28.1250    -12.5000       0.5719E-003
     28.1250    -11.2500       0.8120E-003
     28.1250    -10.0000       0.9766E-003
     28.1250     -8.7500       0.1028E-002
     28.1250     -7.5000       0.9557E-003
     28.1250     -6.2500       0.7797E-003
     28.1250     -5.0000       0.5457E-003
     28.1250     -3.7500       0.3113E-003
     28.1250     -2.5000       0.1292E-003
     28.1250     -1.2500       0.3165E-004
     28.1250      0.0000       0.1996E-004
     28.1250      1.2500       0.7209E-004
     28.1250      2.5000       0.1788E-003
     28.1250      3.7500       0.3476E-003
     28.1250      5.0000       0.5631E-003
     28.1250      6.2500       0.7840E-003
     28.1250      7.5000       0.9524E-003
     28.1250      8.7500       0.1025E-002
     28.1250     10.0000       0.9728E-003
     28.1250     11.2500       0.8096E-003
     28.1250     12.5000       0.5697E-003
     28.1250     13.7500       0.3168E-003
     28.1250     15.0000       0.1146E-003
     28.1250     16.2500       0.1602E-004
     28.1250     17.5000       0.1789E-006
     28.1250     18.7500       0.1618E-010

     29.0625    -20.0000       0.1225E-010
     29.0625    -18.7500       0.8833E-011
     29.0625    -17.5000       0.1772E-006
     29.0625    -16.2500       0.1608E-004
     29.0625    -15.0000       0.1152E-003
     29.0625    -13.7500       0.3174E-003
     29.0625    -12.5000       0.5717E-003
     29.0625    -11.2500       0.8113E-003
     29.0625    -10.0000       0.9753E-003
     29.0625     -8.7500       0.1025E-002
     29.0625     -7.5000       0.9498E-003
     29.0625     -6.2500       0.7702E-003
     29.0625     -5.0000       0.5352E-003
     29.0625     -3.7500       0.3051E-003
     29.0625     -2.5000       0.1352E-003
     29.0625     -1.2500       0.5452E-004
     29.0625      0.0000       0.5032E-004
     29.0625      1.2500       0.9090E-004
     29.0625      2.5000       0.1799E-003
     29.0625      3.7500       0.3377E-003
     29.0625      5.0000       0.5509E-003
     29.0625      6.2500       0.7740E-003
     29.0625      7.5000       0.9470E-003
     29.0625      8.7500       0.1022E-002
     29.0625     10.0000       0.9721E-003
     29.0625     11.2500       0.8088E-003
     29.0625     12.5000       0.5700E-003
     29.0625     13.7500       0.3169E-003
     29.0625     15.0000       0.1148E-003
     29.0625     16.2500       0.1600E-004
     29.0625     17.5000       0.1785E-006
     29.0625     18.7500       0.1173E-010

