    -30.0000    -20.0000       0.1720E-010
    -30.0000    -18.7500       0.1266E-011
    -30.0000    -17.5000       0.1848E-006
    -30.0000    -16.2500       0.1612E-004
    -30.0000    -15.0000       0.1122E-003
    -30.0000    -13.7500       0.3056E-003
    -30.0000    -12.5000       0.5550E-003
    -30.0000    -11.2500       0.7921E-003
    -30.0000    -10.0000       0.9449E-003
    -30.0000     -8.7500       0.9818E-003
    -30.0000     -7.5000       0.9115E-003
    -30.0000     -6.2500       0.7521E-003
    -30.0000     -5.0000       0.5392E-003
    -30.0000     -3.7500       0.3315E-003
    -30.0000     -2.5000       0.1858E-003
    -30.0000     -1.2500       0.1201E-003
    -30.0000      0.0000       0.1052E-003
    -30.0000      1.2500       0.1201E-003
    -30.0000      2.5000       0.1858E-003
    -30.0000      3.7500       0.3315E-003
    -30.0000      5.0000       0.5392E-003
    -30.0000      6.2500       0.7521E-003
    -30.0000      7.5000       0.9115E-003
    -30.0000      8.7500       0.9818E-003
    -30.0000     10.0000       0.9449E-003
    -30.0000     11.2500       0.7921E-003
    -30.0000     12.5000       0.5550E-003
    -30.0000     13.7500       0.3056E-003
    -30.0000     15.0000       0.1122E-003
    -30.0000     16.2500       0.1612E-004
    -30.0000     17.5000       0.1848E-006
    -30.0000     18.7500       0.1267E-011

    -29.0625    -20.0000       0.1778E-010
    -29.0625    -18.7500       0.4702E-011
    -29.0625    -17.5000       0.2690E-006
    -29.0625    -16.2500       0.2400E-004
    -29.0625    -15.0000       0.1701E-003
    -29.0625    -13.7500       0.4721E-003
    -29.0625    -12.5000       0.8641E-003
    -29.0625    -11.2500       0.1241E-002
    -29.0625    -10.0000       0.1494E-002
    -29.0625     -8.7500       0.1579E-002
    -29.0625     -7.5000       0.1494E-002
    -29.0625     -6.2500       0.1251E-002
    -29.0625     -5.0000       0.8885E-003
    -29.0625     -3.7500       0.5127E-003
    -29.0625     -2.5000       0.2341E-003
    -29.0625     -1.2500       0.1015E-003
    -29.0625      0.0000       0.8179E-004
    -29.0625      1.2500       0.1145E-003
    -29.0625      2.5000       0.1629E-003
    -29.0625      3.7500       0.2204E-003
    -29.0625      5.0000       0.2805E-003
    -29.0625      6.2500       0.3353E-003
    -29.0625      7.5000       0.3763E-003
    -29.0625      8.7500       0.3883E-003
    -29.0625     10.0000       0.3582E-003
    -29.0625     11.2500       0.2845E-003
    -29.0625     12.5000       0.1877E-003
    -29.0625     13.7500       0.9902E-004
    -29.0625     15.0000       0.3612E-004
    -29.0625     16.2500       0.5255E-005
    -29.0625     17.5000       0.6050E-007
    -29.0625     18.7500       0.6887E-012

    -28.1250    -20.0000       0.1775E-010
    -28.1250    -18.7500       0.8131E-011
    -28.1250    -17.5000       0.2399E-006
    -28.1250    -16.2500       0.2188E-004
    -28.1250    -15.0000       0.1585E-003
    -28.1250    -13.7500       0.4505E-003
    -28.1250    -12.5000       0.8409E-003
    -28.1250    -11.2500       0.1233E-002
    -28.1250    -10.0000       0.1519E-002
    -28.1250     -8.7500       0.1649E-002
    -28.1250     -7.5000       0.1606E-002
    -28.1250     -6.2500       0.1388E-002
    -28.1250     -5.0000       0.1018E-002
    -28.1250     -3.7500       0.6029E-003
    -28.1250     -2.5000       0.2650E-003
    -28.1250     -1.2500       0.7514E-004
    -28.1250      0.0000       0.3243E-004
    -28.1250      1.2500       0.8964E-004
    -28.1250      2.5000       0.1859E-003
    -28.1250      3.7500       0.2782E-003
    -28.1250      5.0000       0.3426E-003
    -28.1250      6.2500       0.3714E-003
    -28.1250      7.5000       0.3648E-003
    -28.1250      8.7500       0.3266E-003
    -28.1250     10.0000       0.2570E-003
    -28.1250     11.2500       0.1696E-003
    -28.1250     12.5000       0.8918E-004
    -28.1250     13.7500       0.3587E-004
    -28.1250     15.0000       0.9592E-005
    -28.1250     16.2500       0.1049E-005
    -28.1250     17.5000       0.9477E-008
    -28.1250     18.7500       0.5835E-011

    -27.1875    -20.0000       0.1713E-010
    -27.1875    -18.7500       0.9030E-011
    -27.1875    -17.5000       0.1234E-006
    -27.1875    -16.2500       0.1165E-004
    -27.1875    -15.0000       0.8759E-004
    -27.1875    -13.7500       0.2601E-003
    -27.1875    -12.5000       0.5058E-003
    -27.1875    -11.2500       0.7747E-003
    -27.1875    -10.0000       0.9979E-003
    -27.1875     -8.7500       0.1131E-002
    -27.1875     -7.5000       0.1149E-002
    -27.1875     -6.2500       0.1043E-002
    -27.1875     -5.0000       0.8130E-003
    -27.1875     -3.7500       0.5219E-003
    -27.1875     -2.5000       0.2510E-003
    -27.1875     -1.2500       0.6448E-004
    -27.1875      0.0000       0.1001E-005
    -27.1875      1.2500       0.6759E-004
    -27.1875      2.5000       0.2342E-003
    -27.1875      3.7500       0.4535E-003
    -27.1875      5.0000       0.6704E-003
    -27.1875      6.2500       0.8282E-003
    -27.1875      7.5000       0.8874E-003
    -27.1875      8.7500       0.8519E-003
    -27.1875     10.0000       0.7314E-003
    -27.1875     11.2500       0.5500E-003
    -27.1875     12.5000       0.3472E-003
    -27.1875     13.7500       0.1724E-003
    -27.1875     15.0000       0.5620E-004
    -27.1875     16.2500       0.7237E-005
    -27.1875     17.5000       0.7707E-007
    -27.1875     18.7500       0.1100E-010

    -26.2500    -20.0000       0.1611E-010
    -26.2500    -18.7500       0.6831E-011
    -26.2500    -17.5000       0.2308E-007
    -26.2500    -16.2500       0.2400E-005
    -26.2500    -15.0000       0.2046E-004
    -26.2500    -13.7500       0.6990E-004
    -26.2500    -12.5000       0.1564E-003
    -26.2500    -11.2500       0.2732E-003
    -26.2500    -10.0000       0.3922E-003
    -26.2500     -8.7500       0.4837E-003
    -26.2500     -7.5000       0.5283E-003
    -26.2500     -6.2500       0.5208E-003
    -26.2500     -5.0000       0.4553E-003
    -26.2500     -3.7500       0.3417E-003
    -26.2500     -2.5000       0.2046E-003
    -26.2500     -1.2500       0.7897E-004
    -26.2500      0.0000       0.1545E-004
    -26.2500      1.2500       0.6794E-004
    -26.2500      2.5000       0.2650E-003
    -26.2500      3.7500       0.5904E-003
    -26.2500      5.0000       0.9721E-003
    -26.2500      6.2500       0.1299E-002
    -26.2500      7.5000       0.1478E-002
    -26.2500      8.7500       0.1496E-002
    -26.2500     10.0000       0.1359E-002
    -26.2500     11.2500       0.1087E-002
    -26.2500     12.5000       0.7320E-003
    -26.2500     13.7500       0.3871E-003
    -26.2500     15.0000       0.1345E-003
    -26.2500     16.2500       0.1832E-004
    -26.2500     17.5000       0.2032E-006
    -26.2500     18.7500       0.1107E-010

    -25.3125    -20.0000       0.1494E-010
    -25.3125    -18.7500       0.3357E-011
    -25.3125    -17.5000       0.2807E-007
    -25.3125    -16.2500       0.2349E-005
    -25.3125    -15.0000       0.1677E-004
    -25.3125    -13.7500       0.4917E-004
    -25.3125    -12.5000       0.1035E-003
    -25.3125    -11.2500       0.1747E-003
    -25.3125    -10.0000       0.2415E-003
    -25.3125     -8.7500       0.2829E-003
    -25.3125     -7.5000       0.2953E-003
    -25.3125     -6.2500       0.2863E-003
    -25.3125     -5.0000       0.2628E-003
    -25.3125     -3.7500       0.2224E-003
    -25.3125     -2.5000       0.1670E-003
    -25.3125     -1.2500       0.1057E-003
    -25.3125      0.0000       0.6293E-004
    -25.3125      1.2500       0.9038E-004
    -25.3125      2.5000       0.2509E-003
    -25.3125      3.7500       0.5673E-003
    -25.3125      5.0000       0.9799E-003
    -25.3125      6.2500       0.1366E-002
    -25.3125      7.5000       0.1613E-002
    -25.3125      8.7500       0.1687E-002
    -25.3125     10.0000       0.1582E-002
    -25.3125     11.2500       0.1303E-002
    -25.3125     12.5000       0.9016E-003
    -25.3125     13.7500       0.4892E-003
    -25.3125     15.0000       0.1749E-003
    -25.3125     16.2500       0.2444E-004
    -25.3125     17.5000       0.2758E-006
    -25.3125     18.7500       0.6187E-011

    -24.3750    -20.0000       0.1388E-010
    -24.3750    -18.7500       0.1238E-011
    -24.3750    -17.5000       0.1340E-006
    -24.3750    -16.2500       0.1155E-004
    -24.3750    -15.0000       0.7981E-004
    -24.3750    -13.7500       0.2163E-003
    -24.3750    -12.5000       0.3944E-003
    -24.3750    -11.2500       0.5670E-003
    -24.3750    -10.0000       0.6803E-003
    -24.3750     -8.7500       0.7081E-003
    -24.3750     -7.5000       0.6584E-003
    -24.3750     -6.2500       0.5484E-003
    -24.3750     -5.0000       0.4071E-003
    -24.3750     -3.7500       0.2702E-003
    -24.3750     -2.5000       0.1717E-003
    -24.3750     -1.2500       0.1210E-003
    -24.3750      0.0000       0.1012E-003
    -24.3750      1.2500       0.1150E-003
    -24.3750      2.5000       0.2044E-003
    -24.3750      3.7500       0.4048E-003
    -24.3750      5.0000       0.6869E-003
    -24.3750      6.2500       0.9697E-003
    -24.3750      7.5000       0.1173E-002
    -24.3750      8.7500       0.1256E-002
    -24.3750     10.0000       0.1203E-002
    -24.3750     11.2500       0.1007E-002
    -24.3750     12.5000       0.7057E-003
    -24.3750     13.7500       0.3880E-003
    -24.3750     15.0000       0.1415E-003
    -24.3750     16.2500       0.2017E-004
    -24.3750     17.5000       0.2304E-006
    -24.3750     18.7500       0.1552E-011

    -23.4375    -20.0000       0.1314E-010
    -23.4375    -18.7500       0.1685E-011
    -23.4375    -17.5000       0.2467E-006
    -23.4375    -16.2500       0.2181E-004
    -23.4375    -15.0000       0.1535E-003
    -23.4375    -13.7500       0.4226E-003
    -23.4375    -12.5000       0.7699E-003
    -23.4375    -11.2500       0.1100E-002
    -23.4375    -10.0000       0.1317E-002
    -23.4375     -8.7500       0.1380E-002
    -23.4375     -7.5000       0.1294E-002
    -23.4375     -6.2500       0.1073E-002
    -23.4375     -5.0000       0.7595E-003
    -23.4375     -3.7500       0.4425E-003
    -23.4375     -2.5000       0.2144E-003
    -23.4375     -1.2500       0.1111E-003
    -23.4375      0.0000       0.9632E-004
    -23.4375      1.2500       0.1199E-003
    -23.4375      2.5000       0.1668E-003
    -23.4375      3.7500       0.2471E-003
    -23.4375      5.0000       0.3532E-003
    -23.4375      6.2500       0.4617E-003
    -23.4375      7.5000       0.5470E-003
    -23.4375      8.7500       0.5848E-003
    -23.4375     10.0000       0.5582E-003
    -23.4375     11.2500       0.4614E-003
    -23.4375     12.5000       0.3180E-003
    -23.4375     13.7500       0.1734E-003
    -23.4375     15.0000       0.6398E-004
    -23.4375     16.2500       0.9293E-005
    -23.4375     17.5000       0.1072E-006
    -23.4375     18.7500       0.2637E-011

    -22.5000    -20.0000       0.1287E-010
    -22.5000    -18.7500       0.3572E-011
    -22.5000    -17.5000       0.2661E-006
    -22.5000    -16.2500       0.2403E-004
    -22.5000    -15.0000       0.1724E-003
    -22.5000    -13.7500       0.4848E-003
    -22.5000    -12.5000       0.8966E-003
    -22.5000    -11.2500       0.1301E-002
    -22.5000    -10.0000       0.1587E-002
    -22.5000     -8.7500       0.1702E-002
    -22.5000     -7.5000       0.1636E-002
    -22.5000     -6.2500       0.1395E-002
    -22.5000     -5.0000       0.1007E-002
    -22.5000     -3.7500       0.5861E-003
    -22.5000     -2.5000       0.2573E-003
    -22.5000     -1.2500       0.8499E-004
    -22.5000      0.0000       0.5256E-004
    -22.5000      1.2500       0.1007E-003
    -22.5000      2.5000       0.1716E-003
    -22.5000      3.7500       0.2346E-003
    -22.5000      5.0000       0.2756E-003
    -22.5000      6.2500       0.2939E-003
    -22.5000      7.5000       0.2928E-003
    -22.5000      8.7500       0.2702E-003
    -22.5000     10.0000       0.2203E-003
    -22.5000     11.2500       0.1509E-003
    -22.5000     12.5000       0.8299E-004
    -22.5000     13.7500       0.3608E-004
    -22.5000     15.0000       0.1123E-004
    -22.5000     16.2500       0.1483E-005
    -22.5000     17.5000       0.1584E-007
    -22.5000     18.7500       0.9979E-011

    -21.5625    -20.0000       0.1316E-010
    -21.5625    -18.7500       0.4601E-011
    -21.5625    -17.5000       0.1749E-006
    -21.5625    -16.2500       0.1622E-004
    -21.5625    -15.0000       0.1197E-003
    -21.5625    -13.7500       0.3477E-003
    -21.5625    -12.5000       0.6621E-003
    -21.5625    -11.2500       0.9917E-003
    -21.5625    -10.0000       0.1250E-002
    -21.5625     -8.7500       0.1388E-002
    -21.5625     -7.5000       0.1383E-002
    -21.5625     -6.2500       0.1227E-002
    -21.5625     -5.0000       0.9294E-003
    -21.5625     -3.7500       0.5735E-003
    -21.5625     -2.5000       0.2621E-003
    -21.5625     -1.2500       0.6575E-004
    -21.5625      0.0000       0.8838E-005
    -21.5625      1.2500       0.7450E-004
    -21.5625      2.5000       0.2145E-003
    -21.5625      3.7500       0.3783E-003
    -21.5625      5.0000       0.5233E-003
    -21.5625      6.2500       0.6159E-003
    -21.5625      7.5000       0.6370E-003
    -21.5625      8.7500       0.5929E-003
    -21.5625     10.0000       0.4909E-003
    -21.5625     11.2500       0.3523E-003
    -21.5625     12.5000       0.2101E-003
    -21.5625     13.7500       0.9826E-004
    -21.5625     15.0000       0.3017E-004
    -21.5625     16.2500       0.3682E-005
    -21.5625     17.5000       0.3743E-007
    -21.5625     18.7500       0.1834E-010

    -20.6250    -20.0000       0.1398E-010
    -20.6250    -18.7500       0.3500E-011
    -20.6250    -17.5000       0.5414E-007
    -20.6250    -16.2500       0.5329E-005
    -20.6250    -15.0000       0.4219E-004
    -20.6250    -13.7500       0.1330E-003
    -20.6250    -12.5000       0.2744E-003
    -20.6250    -11.2500       0.4459E-003
    -20.6250    -10.0000       0.6053E-003
    -20.6250     -8.7500       0.7173E-003
    -20.6250     -7.5000       0.7582E-003
    -20.6250     -6.2500       0.7196E-003
    -20.6250     -5.0000       0.5961E-003
    -20.6250     -3.7500       0.4159E-003
    -20.6250     -2.5000       0.2247E-003
    -20.6250     -1.2500       0.7052E-004
    -20.6250      0.0000       0.4026E-005
    -20.6250      1.2500       0.6458E-004
    -20.6250      2.5000       0.2574E-003
    -20.6250      3.7500       0.5505E-003
    -20.6250      5.0000       0.8757E-003
    -20.6250      6.2500       0.1141E-002
    -20.6250      7.5000       0.1272E-002
    -20.6250      8.7500       0.1265E-002
    -20.6250     10.0000       0.1129E-002
    -20.6250     11.2500       0.8860E-003
    -20.6250     12.5000       0.5860E-003
    -20.6250     13.7500       0.3046E-003
    -20.6250     15.0000       0.1039E-003
    -20.6250     16.2500       0.1393E-004
    -20.6250     17.5000       0.1527E-006
    -20.6250     18.7500       0.2108E-010

    -19.6875    -20.0000       0.1515E-010
    -19.6875    -18.7500       0.1238E-011
    -19.6875    -17.5000       0.1120E-007
    -19.6875    -16.2500       0.1036E-005
    -19.6875    -15.0000       0.8827E-005
    -19.6875    -13.7500       0.3156E-004
    -19.6875    -12.5000       0.7818E-004
    -19.6875    -11.2500       0.1491E-003
    -19.6875    -10.0000       0.2256E-003
    -19.6875     -8.7500       0.2848E-003
    -19.6875     -7.5000       0.3165E-003
    -19.6875     -6.2500       0.3225E-003
    -19.6875     -5.0000       0.3028E-003
    -19.6875     -3.7500       0.2532E-003
    -19.6875     -2.5000       0.1782E-003
    -19.6875     -1.2500       0.9507E-004
    -19.6875      0.0000       0.4240E-004
    -19.6875      1.2500       0.7974E-004
    -19.6875      2.5000       0.2621E-003
    -19.6875      3.7500       0.5980E-003
    -19.6875      5.0000       0.1020E-002
    -19.6875      6.2500       0.1402E-002
    -19.6875      7.5000       0.1634E-002
    -19.6875      8.7500       0.1689E-002
    -19.6875     10.0000       0.1566E-002
    -19.6875     11.2500       0.1277E-002
    -19.6875     12.5000       0.8764E-003
    -19.6875     13.7500       0.4715E-003
    -19.6875     15.0000       0.1669E-003
    -19.6875     16.2500       0.2313E-004
    -19.6875     17.5000       0.2593E-006
    -19.6875     18.7500       0.1587E-010

    -18.7500    -20.0000       0.1638E-010
    -18.7500    -18.7500       0.1551E-012
    -18.7500    -17.5000       0.8418E-007
    -18.7500    -16.2500       0.7158E-005
    -18.7500    -15.0000       0.4926E-004
    -18.7500    -13.7500       0.1337E-003
    -18.7500    -12.5000       0.2483E-003
    -18.7500    -11.2500       0.3659E-003
    -18.7500    -10.0000       0.4496E-003
    -18.7500     -8.7500       0.4766E-003
    -18.7500     -7.5000       0.4519E-003
    -18.7500     -6.2500       0.3897E-003
    -18.7500     -5.0000       0.3106E-003
    -18.7500     -3.7500       0.2302E-003
    -18.7500     -2.5000       0.1640E-003
    -18.7500     -1.2500       0.1176E-003
    -18.7500      0.0000       0.8985E-004
    -18.7500      1.2500       0.1065E-003
    -18.7500      2.5000       0.2245E-003
    -18.7500      3.7500       0.4789E-003
    -18.7500      5.0000       0.8276E-003
    -18.7500      6.2500       0.1168E-002
    -18.7500      7.5000       0.1402E-002
    -18.7500      8.7500       0.1489E-002
    -18.7500     10.0000       0.1416E-002
    -18.7500     11.2500       0.1179E-002
    -18.7500     12.5000       0.8236E-003
    -18.7500     13.7500       0.4509E-003
    -18.7500     15.0000       0.1632E-003
    -18.7500     16.2500       0.2309E-004
    -18.7500     17.5000       0.2623E-006
    -18.7500     18.7500       0.6708E-011

    -17.8125    -20.0000       0.1736E-010
    -17.8125    -18.7500       0.1819E-011
    -17.8125    -17.5000       0.2082E-006
    -17.8125    -16.2500       0.1825E-004
    -17.8125    -15.0000       0.1275E-003
    -17.8125    -13.7500       0.3485E-003
    -17.8125    -12.5000       0.6331E-003
    -17.8125    -11.2500       0.9031E-003
    -17.8125    -10.0000       0.1077E-002
    -17.8125     -8.7500       0.1122E-002
    -17.8125     -7.5000       0.1044E-002
    -17.8125     -6.2500       0.8613E-003
    -17.8125     -5.0000       0.6125E-003
    -17.8125     -3.7500       0.3673E-003
    -17.8125     -2.5000       0.1947E-003
    -17.8125     -1.2500       0.1180E-003
    -17.8125      0.0000       0.1042E-003
    -17.8125      1.2500       0.1211E-003
    -17.8125      2.5000       0.1780E-003
    -17.8125      3.7500       0.2987E-003
    -17.8125      5.0000       0.4699E-003
    -17.8125      6.2500       0.6465E-003
    -17.8125      7.5000       0.7814E-003
    -17.8125      8.7500       0.8423E-003
    -17.8125     10.0000       0.8108E-003
    -17.8125     11.2500       0.6787E-003
    -17.8125     12.5000       0.4744E-003
    -17.8125     13.7500       0.2610E-003
    -17.8125     15.0000       0.9608E-004
    -17.8125     16.2500       0.1386E-004
    -17.8125     17.5000       0.1592E-006
    -17.8125     18.7500       0.5525E-012

    -16.8750    -20.0000       0.1782E-010
    -16.8750    -18.7500       0.5483E-011
    -16.8750    -17.5000       0.2730E-006
    -16.8750    -16.2500       0.2446E-004
    -16.8750    -15.0000       0.1740E-003
    -16.8750    -13.7500       0.4850E-003
    -16.8750    -12.5000       0.8905E-003
    -16.8750    -11.2500       0.1283E-002
    -16.8750    -10.0000       0.1550E-002
    -16.8750     -8.7500       0.1646E-002
    -16.8750     -7.5000       0.1565E-002
    -16.8750     -6.2500       0.1317E-002
    -16.8750     -5.0000       0.9399E-003
    -16.8750     -3.7500       0.5426E-003
    -16.8750     -2.5000       0.2430E-003
    -16.8750     -1.2500       0.9603E-004
    -16.8750      0.0000       0.7269E-004
    -16.8750      1.2500       0.1105E-003
    -16.8750      2.5000       0.1639E-003
    -16.8750      3.7500       0.2178E-003
    -16.8750      5.0000       0.2643E-003
    -16.8750      6.2500       0.3004E-003
    -16.8750      7.5000       0.3234E-003
    -16.8750      8.7500       0.3229E-003
    -16.8750     10.0000       0.2880E-003
    -16.8750     11.2500       0.2199E-003
    -16.8750     12.5000       0.1388E-003
    -16.8750     13.7500       0.7047E-004
    -16.8750     15.0000       0.2515E-004
    -16.8750     16.2500       0.3631E-005
    -16.8750     17.5000       0.4152E-007
    -16.8750     18.7500       0.1401E-011

    -15.9375    -20.0000       0.1767E-010
    -15.9375    -18.7500       0.8569E-011
    -15.9375    -17.5000       0.2209E-006
    -15.9375    -16.2500       0.2026E-004
    -15.9375    -15.0000       0.1475E-003
    -15.9375    -13.7500       0.4220E-003
    -15.9375    -12.5000       0.7921E-003
    -15.9375    -11.2500       0.1168E-002
    -15.9375    -10.0000       0.1449E-002
    -15.9375     -8.7500       0.1584E-002
    -15.9375     -7.5000       0.1553E-002
    -15.9375     -6.2500       0.1353E-002
    -15.9375     -5.0000       0.1002E-002
    -15.9375     -3.7500       0.6003E-003
    -15.9375     -2.5000       0.2660E-003
    -15.9375     -1.2500       0.7114E-004
    -15.9375      0.0000       0.2334E-004
    -15.9375      1.2500       0.8420E-004
    -15.9375      2.5000       0.1948E-003
    -15.9375      3.7500       0.3081E-003
    -15.9375      5.0000       0.3941E-003
    -15.9375      6.2500       0.4384E-003
    -15.9375      7.5000       0.4364E-003
    -15.9375      8.7500       0.3938E-003
    -15.9375     10.0000       0.3132E-003
    -15.9375     11.2500       0.2115E-003
    -15.9375     12.5000       0.1156E-003
    -15.9375     13.7500       0.4880E-004
    -15.9375     15.0000       0.1353E-004
    -15.9375     16.2500       0.1506E-005
    -15.9375     17.5000       0.1399E-007
    -15.9375     18.7500       0.7078E-011

    -15.0000    -20.0000       0.1695E-010
    -15.0000    -18.7500       0.8809E-011
    -15.0000    -17.5000       0.9834E-007
    -15.0000    -16.2500       0.9389E-005
    -15.0000    -15.0000       0.7148E-004
    -15.0000    -13.7500       0.2154E-003
    -15.0000    -12.5000       0.4252E-003
    -15.0000    -11.2500       0.6612E-003
    -15.0000    -10.0000       0.8638E-003
    -15.0000     -8.7500       0.9918E-003
    -15.0000     -7.5000       0.1019E-002
    -15.0000     -6.2500       0.9373E-003
    -15.0000     -5.0000       0.7437E-003
    -15.0000     -3.7500       0.4892E-003
    -15.0000     -2.5000       0.2432E-003
    -15.0000     -1.2500       0.6547E-004
    -15.0000      0.0000       0.2754E-010
    -15.0000      1.2500       0.6553E-004
    -15.0000      2.5000       0.2431E-003
    -15.0000      3.7500       0.4893E-003
    -15.0000      5.0000       0.7437E-003
    -15.0000      6.2500       0.9373E-003
    -15.0000      7.5000       0.1020E-002
    -15.0000      8.7500       0.9916E-003
    -15.0000     10.0000       0.8640E-003
    -15.0000     11.2500       0.6610E-003
    -15.0000     12.5000       0.4254E-003
    -15.0000     13.7500       0.2153E-003
    -15.0000     15.0000       0.7154E-004
    -15.0000     16.2500       0.9369E-005
    -15.0000     17.5000       0.1011E-006
    -15.0000     18.7500       0.1151E-010

    -14.0625    -20.0000       0.1588E-010
    -14.0625    -18.7500       0.6151E-011
    -14.0625    -17.5000       0.1417E-007
    -14.0625    -16.2500       0.1507E-005
    -14.0625    -15.0000       0.1352E-004
    -14.0625    -13.7500       0.4882E-004
    -14.0625    -12.5000       0.1156E-003
    -14.0625    -11.2500       0.2115E-003
    -14.0625    -10.0000       0.3132E-003
    -14.0625     -8.7500       0.3937E-003
    -14.0625     -7.5000       0.4365E-003
    -14.0625     -6.2500       0.4382E-003
    -14.0625     -5.0000       0.3943E-003
    -14.0625     -3.7500       0.3079E-003
    -14.0625     -2.5000       0.1949E-003
    -14.0625     -1.2500       0.8407E-004
    -14.0625      0.0000       0.2343E-004
    -14.0625      1.2500       0.7109E-004
    -14.0625      2.5000       0.2660E-003
    -14.0625      3.7500       0.6002E-003
    -14.0625      5.0000       0.1002E-002
    -14.0625      6.2500       0.1353E-002
    -14.0625      7.5000       0.1554E-002
    -14.0625      8.7500       0.1584E-002
    -14.0625     10.0000       0.1450E-002
    -14.0625     11.2500       0.1168E-002
    -14.0625     12.5000       0.7924E-003
    -14.0625     13.7500       0.4218E-003
    -14.0625     15.0000       0.1476E-003
    -14.0625     16.2500       0.2023E-004
    -14.0625     17.5000       0.2254E-006
    -14.0625     18.7500       0.1038E-010

    -13.1250    -20.0000       0.1472E-010
    -13.1250    -18.7500       0.2754E-011
    -13.1250    -17.5000       0.4327E-007
    -13.1250    -16.2500       0.3622E-005
    -13.1250    -15.0000       0.2518E-004
    -13.1250    -13.7500       0.7042E-004
    -13.1250    -12.5000       0.1389E-003
    -13.1250    -11.2500       0.2198E-003
    -13.1250    -10.0000       0.2881E-003
    -13.1250     -8.7500       0.3228E-003
    -13.1250     -7.5000       0.3235E-003
    -13.1250     -6.2500       0.3002E-003
    -13.1250     -5.0000       0.2645E-003
    -13.1250     -3.7500       0.2176E-003
    -13.1250     -2.5000       0.1640E-003
    -13.1250     -1.2500       0.1104E-003
    -13.1250      0.0000       0.7279E-004
    -13.1250      1.2500       0.9595E-004
    -13.1250      2.5000       0.2431E-003
    -13.1250      3.7500       0.5425E-003
    -13.1250      5.0000       0.9400E-003
    -13.1250      6.2500       0.1317E-002
    -13.1250      7.5000       0.1565E-002
    -13.1250      8.7500       0.1645E-002
    -13.1250     10.0000       0.1551E-002
    -13.1250     11.2500       0.1282E-002
    -13.1250     12.5000       0.8907E-003
    -13.1250     13.7500       0.4849E-003
    -13.1250     15.0000       0.1741E-003
    -13.1250     16.2500       0.2444E-004
    -13.1250     17.5000       0.2765E-006
    -13.1250     18.7500       0.5029E-011

    -12.1875    -20.0000       0.1370E-010
    -12.1875    -18.7500       0.1126E-011
    -12.1875    -17.5000       0.1598E-006
    -12.1875    -16.2500       0.1385E-004
    -12.1875    -15.0000       0.9608E-004
    -12.1875    -13.7500       0.2610E-003
    -12.1875    -12.5000       0.4744E-003
    -12.1875    -11.2500       0.6786E-003
    -12.1875    -10.0000       0.8108E-003
    -12.1875     -8.7500       0.8422E-003
    -12.1875     -7.5000       0.7815E-003
    -12.1875     -6.2500       0.6464E-003
    -12.1875     -5.0000       0.4699E-003
    -12.1875     -3.7500       0.2987E-003
    -12.1875     -2.5000       0.1780E-003
    -12.1875     -1.2500       0.1211E-003
    -12.1875      0.0000       0.1042E-003
    -12.1875      1.2500       0.1180E-003
    -12.1875      2.5000       0.1948E-003
    -12.1875      3.7500       0.3673E-003
    -12.1875      5.0000       0.6126E-003
    -12.1875      6.2500       0.8612E-003
    -12.1875      7.5000       0.1044E-002
    -12.1875      8.7500       0.1122E-002
    -12.1875     10.0000       0.1077E-002
    -12.1875     11.2500       0.9030E-003
    -12.1875     12.5000       0.6331E-003
    -12.1875     13.7500       0.3485E-003
    -12.1875     15.0000       0.1275E-003
    -12.1875     16.2500       0.1825E-004
    -12.1875     17.5000       0.2089E-006
    -12.1875     18.7500       0.1201E-011

    -11.2500    -20.0000       0.1304E-010
    -11.2500    -18.7500       0.2018E-011
    -11.2500    -17.5000       0.2602E-006
    -11.2500    -16.2500       0.2310E-004
    -11.2500    -15.0000       0.1632E-003
    -11.2500    -13.7500       0.4510E-003
    -11.2500    -12.5000       0.8234E-003
    -11.2500    -11.2500       0.1179E-002
    -11.2500    -10.0000       0.1416E-002
    -11.2500     -8.7500       0.1489E-002
    -11.2500     -7.5000       0.1402E-002
    -11.2500     -6.2500       0.1168E-002
    -11.2500     -5.0000       0.8276E-003
    -11.2500     -3.7500       0.4789E-003
    -11.2500     -2.5000       0.2245E-003
    -11.2500     -1.2500       0.1066E-003
    -11.2500      0.0000       0.8977E-004
    -11.2500      1.2500       0.1177E-003
    -11.2500      2.5000       0.1639E-003
    -11.2500      3.7500       0.2303E-003
    -11.2500      5.0000       0.3105E-003
    -11.2500      6.2500       0.3898E-003
    -11.2500      7.5000       0.4518E-003
    -11.2500      8.7500       0.4767E-003
    -11.2500     10.0000       0.4495E-003
    -11.2500     11.2500       0.3660E-003
    -11.2500     12.5000       0.2482E-003
    -11.2500     13.7500       0.1338E-003
    -11.2500     15.0000       0.4923E-004
    -11.2500     16.2500       0.7167E-005
    -11.2500     17.5000       0.8274E-007
    -11.2500     18.7500       0.3705E-011

    -10.3125    -20.0000       0.1289E-010
    -10.3125    -18.7500       0.3915E-011
    -10.3125    -17.5000       0.2553E-006
    -10.3125    -16.2500       0.2316E-004
    -10.3125    -15.0000       0.1669E-003
    -10.3125    -13.7500       0.4717E-003
    -10.3125    -12.5000       0.8762E-003
    -10.3125    -11.2500       0.1278E-002
    -10.3125    -10.0000       0.1566E-002
    -10.3125     -8.7500       0.1689E-002
    -10.3125     -7.5000       0.1634E-002
    -10.3125     -6.2500       0.1402E-002
    -10.3125     -5.0000       0.1020E-002
    -10.3125     -3.7500       0.5981E-003
    -10.3125     -2.5000       0.2621E-003
    -10.3125     -1.2500       0.7982E-004
    -10.3125      0.0000       0.4230E-004
    -10.3125      1.2500       0.9521E-004
    -10.3125      2.5000       0.1780E-003
    -10.3125      3.7500       0.2534E-003
    -10.3125      5.0000       0.3026E-003
    -10.3125      6.2500       0.3226E-003
    -10.3125      7.5000       0.3163E-003
    -10.3125      8.7500       0.2849E-003
    -10.3125     10.0000       0.2256E-003
    -10.3125     11.2500       0.1491E-003
    -10.3125     12.5000       0.7816E-004
    -10.3125     13.7500       0.3157E-004
    -10.3125     15.0000       0.8817E-005
    -10.3125     16.2500       0.1041E-005
    -10.3125     17.5000       0.1009E-007
    -10.3125     18.7500       0.1180E-010

     -9.3750    -20.0000       0.1329E-010
     -9.3750    -18.7500       0.4553E-011
     -9.3750    -17.5000       0.1494E-006
     -9.3750    -16.2500       0.1396E-004
     -9.3750    -15.0000       0.1039E-003
     -9.3750    -13.7500       0.3047E-003
     -9.3750    -12.5000       0.5858E-003
     -9.3750    -11.2500       0.8863E-003
     -9.3750    -10.0000       0.1128E-002
     -9.3750     -8.7500       0.1265E-002
     -9.3750     -7.5000       0.1272E-002
     -9.3750     -6.2500       0.1141E-002
     -9.3750     -5.0000       0.8757E-003
     -9.3750     -3.7500       0.5504E-003
     -9.3750     -2.5000       0.2574E-003
     -9.3750     -1.2500       0.6457E-004
     -9.3750      0.0000       0.3985E-005
     -9.3750      1.2500       0.7062E-004
     -9.3750      2.5000       0.2246E-003
     -9.3750      3.7500       0.4160E-003
     -9.3750      5.0000       0.5960E-003
     -9.3750      6.2500       0.7197E-003
     -9.3750      7.5000       0.7582E-003
     -9.3750      8.7500       0.7173E-003
     -9.3750     10.0000       0.6055E-003
     -9.3750     11.2500       0.4458E-003
     -9.3750     12.5000       0.2745E-003
     -9.3750     13.7500       0.1329E-003
     -9.3750     15.0000       0.4223E-004
     -9.3750     16.2500       0.5317E-005
     -9.3750     17.5000       0.5552E-007
     -9.3750     18.7500       0.1950E-010

     -8.4375    -20.0000       0.1419E-010
     -8.4375    -18.7500       0.3073E-011
     -8.4375    -17.5000       0.3662E-007
     -8.4375    -16.2500       0.3690E-005
     -8.4375    -15.0000       0.3014E-004
     -8.4375    -13.7500       0.9832E-004
     -8.4375    -12.5000       0.2100E-003
     -8.4375    -11.2500       0.3524E-003
     -8.4375    -10.0000       0.4908E-003
     -8.4375     -8.7500       0.5930E-003
     -8.4375     -7.5000       0.6370E-003
     -8.4375     -6.2500       0.6158E-003
     -8.4375     -5.0000       0.5234E-003
     -8.4375     -3.7500       0.3782E-003
     -8.4375     -2.5000       0.2146E-003
     -8.4375     -1.2500       0.7439E-004
     -8.4375      0.0000       0.8897E-005
     -8.4375      1.2500       0.6574E-004
     -8.4375      2.5000       0.2621E-003
     -8.4375      3.7500       0.5735E-003
     -8.4375      5.0000       0.9294E-003
     -8.4375      6.2500       0.1227E-002
     -8.4375      7.5000       0.1383E-002
     -8.4375      8.7500       0.1388E-002
     -8.4375     10.0000       0.1250E-002
     -8.4375     11.2500       0.9914E-003
     -8.4375     12.5000       0.6623E-003
     -8.4375     13.7500       0.3475E-003
     -8.4375     15.0000       0.1198E-003
     -8.4375     16.2500       0.1619E-004
     -8.4375     17.5000       0.1786E-006
     -8.4375     18.7500       0.2063E-010

     -7.5000    -20.0000       0.1540E-010
     -7.5000    -18.7500       0.8512E-012
     -7.5000    -17.5000       0.1723E-007
     -7.5000    -16.2500       0.1475E-005
     -7.5000    -15.0000       0.1125E-004
     -7.5000    -13.7500       0.3605E-004
     -7.5000    -12.5000       0.8303E-004
     -7.5000    -11.2500       0.1508E-003
     -7.5000    -10.0000       0.2204E-003
     -7.5000     -8.7500       0.2700E-003
     -7.5000     -7.5000       0.2930E-003
     -7.5000     -6.2500       0.2938E-003
     -7.5000     -5.0000       0.2758E-003
     -7.5000     -3.7500       0.2344E-003
     -7.5000     -2.5000       0.1718E-003
     -7.5000     -1.2500       0.1005E-003
     -7.5000      0.0000       0.5267E-004
     -7.5000      1.2500       0.8491E-004
     -7.5000      2.5000       0.2573E-003
     -7.5000      3.7500       0.5860E-003
     -7.5000      5.0000       0.1007E-002
     -7.5000      6.2500       0.1394E-002
     -7.5000      7.5000       0.1637E-002
     -7.5000      8.7500       0.1702E-002
     -7.5000     10.0000       0.1587E-002
     -7.5000     11.2500       0.1301E-002
     -7.5000     12.5000       0.8968E-003
     -7.5000     13.7500       0.4847E-003
     -7.5000     15.0000       0.1725E-003
     -7.5000     16.2500       0.2400E-004
     -7.5000     17.5000       0.2699E-006
     -7.5000     18.7500       0.1413E-010

     -6.5625    -20.0000       0.1661E-010
     -6.5625    -18.7500       0.2549E-012
     -6.5625    -17.5000       0.1084E-006
     -6.5625    -16.2500       0.9285E-005
     -6.5625    -15.0000       0.6400E-004
     -6.5625    -13.7500       0.1734E-003
     -6.5625    -12.5000       0.3180E-003
     -6.5625    -11.2500       0.4614E-003
     -6.5625    -10.0000       0.5583E-003
     -6.5625     -8.7500       0.5847E-003
     -6.5625     -7.5000       0.5471E-003
     -6.5625     -6.2500       0.4617E-003
     -6.5625     -5.0000       0.3533E-003
     -6.5625     -3.7500       0.2470E-003
     -6.5625     -2.5000       0.1669E-003
     -6.5625     -1.2500       0.1198E-003
     -6.5625      0.0000       0.9638E-004
     -6.5625      1.2500       0.1111E-003
     -6.5625      2.5000       0.2145E-003
     -6.5625      3.7500       0.4424E-003
     -6.5625      5.0000       0.7596E-003
     -6.5625      6.2500       0.1073E-002
     -6.5625      7.5000       0.1294E-002
     -6.5625      8.7500       0.1380E-002
     -6.5625     10.0000       0.1317E-002
     -6.5625     11.2500       0.1100E-002
     -6.5625     12.5000       0.7700E-003
     -6.5625     13.7500       0.4226E-003
     -6.5625     15.0000       0.1535E-003
     -6.5625     16.2500       0.2180E-004
     -6.5625     17.5000       0.2483E-006
     -6.5625     18.7500       0.5031E-011

     -5.6250    -20.0000       0.1750E-010
     -5.6250    -18.7500       0.2458E-011
     -5.6250    -17.5000       0.2291E-006
     -5.6250    -16.2500       0.2018E-004
     -5.6250    -15.0000       0.1415E-003
     -5.6250    -13.7500       0.3880E-003
     -5.6250    -12.5000       0.7057E-003
     -5.6250    -11.2500       0.1007E-002
     -5.6250    -10.0000       0.1203E-002
     -5.6250     -8.7500       0.1256E-002
     -5.6250     -7.5000       0.1173E-002
     -5.6250     -6.2500       0.9698E-003
     -5.6250     -5.0000       0.6869E-003
     -5.6250     -3.7500       0.4048E-003
     -5.6250     -2.5000       0.2044E-003
     -5.6250     -1.2500       0.1150E-003
     -5.6250      0.0000       0.1012E-003
     -5.6250      1.2500       0.1210E-003
     -5.6250      2.5000       0.1716E-003
     -5.6250      3.7500       0.2702E-003
     -5.6250      5.0000       0.4070E-003
     -5.6250      6.2500       0.5484E-003
     -5.6250      7.5000       0.6584E-003
     -5.6250      8.7500       0.7082E-003
     -5.6250     10.0000       0.6802E-003
     -5.6250     11.2500       0.5670E-003
     -5.6250     12.5000       0.3944E-003
     -5.6250     13.7500       0.2164E-003
     -5.6250     15.0000       0.7980E-004
     -5.6250     16.2500       0.1155E-004
     -5.6250     17.5000       0.1330E-006
     -5.6250     18.7500       0.1403E-012

     -4.6875    -20.0000       0.1784E-010
     -4.6875    -18.7500       0.6239E-011
     -4.6875    -17.5000       0.2719E-006
     -4.6875    -16.2500       0.2447E-004
     -4.6875    -15.0000       0.1748E-003
     -4.6875    -13.7500       0.4893E-003
     -4.6875    -12.5000       0.9014E-003
     -4.6875    -11.2500       0.1303E-002
     -4.6875    -10.0000       0.1581E-002
     -4.6875     -8.7500       0.1687E-002
     -4.6875     -7.5000       0.1613E-002
     -4.6875     -6.2500       0.1366E-002
     -4.6875     -5.0000       0.9798E-003
     -4.6875     -3.7500       0.5674E-003
     -4.6875     -2.5000       0.2509E-003
     -4.6875     -1.2500       0.9047E-004
     -4.6875      0.0000       0.6282E-004
     -4.6875      1.2500       0.1058E-003
     -4.6875      2.5000       0.1669E-003
     -4.6875      3.7500       0.2226E-003
     -4.6875      5.0000       0.2627E-003
     -4.6875      6.2500       0.2864E-003
     -4.6875      7.5000       0.2952E-003
     -4.6875      8.7500       0.2830E-003
     -4.6875     10.0000       0.2414E-003
     -4.6875     11.2500       0.1748E-003
     -4.6875     12.5000       0.1035E-003
     -4.6875     13.7500       0.4921E-004
     -4.6875     15.0000       0.1675E-004
     -4.6875     16.2500       0.2357E-005
     -4.6875     17.5000       0.2643E-007
     -4.6875     18.7500       0.2320E-011

     -3.7500    -20.0000       0.1756E-010
     -3.7500    -18.7500       0.8885E-011
     -3.7500    -17.5000       0.1989E-006
     -3.7500    -16.2500       0.1835E-004
     -3.7500    -15.0000       0.1344E-003
     -3.7500    -13.7500       0.3873E-003
     -3.7500    -12.5000       0.7318E-003
     -3.7500    -11.2500       0.1087E-002
     -3.7500    -10.0000       0.1358E-002
     -3.7500     -8.7500       0.1496E-002
     -3.7500     -7.5000       0.1478E-002
     -3.7500     -6.2500       0.1299E-002
     -3.7500     -5.0000       0.9720E-003
     -3.7500     -3.7500       0.5904E-003
     -3.7500     -2.5000       0.2650E-003
     -3.7500     -1.2500       0.6797E-004
     -3.7500      0.0000       0.1537E-004
     -3.7500      1.2500       0.7909E-004
     -3.7500      2.5000       0.2044E-003
     -3.7500      3.7500       0.3419E-003
     -3.7500      5.0000       0.4551E-003
     -3.7500      6.2500       0.5209E-003
     -3.7500      7.5000       0.5283E-003
     -3.7500      8.7500       0.4837E-003
     -3.7500     10.0000       0.3922E-003
     -3.7500     11.2500       0.2732E-003
     -3.7500     12.5000       0.1565E-003
     -3.7500     13.7500       0.6986E-004
     -3.7500     15.0000       0.2048E-004
     -3.7500     16.2500       0.2395E-005
     -3.7500     17.5000       0.2345E-007
     -3.7500     18.7500       0.8265E-011

     -2.8125    -20.0000       0.1676E-010
     -2.8125    -18.7500       0.8464E-011
     -2.8125    -17.5000       0.7491E-007
     -2.8125    -16.2500       0.7254E-005
     -2.8125    -15.0000       0.5615E-004
     -2.8125    -13.7500       0.1725E-003
     -2.8125    -12.5000       0.3471E-003
     -2.8125    -11.2500       0.5502E-003
     -2.8125    -10.0000       0.7313E-003
     -2.8125     -8.7500       0.8520E-003
     -2.8125     -7.5000       0.8874E-003
     -2.8125     -6.2500       0.8282E-003
     -2.8125     -5.0000       0.6705E-003
     -2.8125     -3.7500       0.4534E-003
     -2.8125     -2.5000       0.2343E-003
     -2.8125     -1.2500       0.6751E-004
     -2.8125      0.0000       0.1021E-005
     -2.8125      1.2500       0.6451E-004
     -2.8125      2.5000       0.2510E-003
     -2.8125      3.7500       0.5220E-003
     -2.8125      5.0000       0.8130E-003
     -2.8125      6.2500       0.1043E-002
     -2.8125      7.5000       0.1150E-002
     -2.8125      8.7500       0.1131E-002
     -2.8125     10.0000       0.9981E-003
     -2.8125     11.2500       0.7744E-003
     -2.8125     12.5000       0.5060E-003
     -2.8125     13.7500       0.2599E-003
     -2.8125     15.0000       0.8766E-004
     -2.8125     16.2500       0.1163E-004
     -2.8125     17.5000       0.1267E-006
     -2.8125     18.7500       0.1178E-010

     -1.8750    -20.0000       0.1565E-010
     -1.8750    -18.7500       0.5440E-011
     -1.8750    -17.5000       0.1016E-007
     -1.8750    -16.2500       0.1047E-005
     -1.8750    -15.0000       0.9594E-005
     -1.8750    -13.7500       0.3587E-004
     -1.8750    -12.5000       0.8918E-004
     -1.8750    -11.2500       0.1696E-003
     -1.8750    -10.0000       0.2570E-003
     -1.8750     -8.7500       0.3266E-003
     -1.8750     -7.5000       0.3649E-003
     -1.8750     -6.2500       0.3712E-003
     -1.8750     -5.0000       0.3428E-003
     -1.8750     -3.7500       0.2780E-003
     -1.8750     -2.5000       0.1860E-003
     -1.8750     -1.2500       0.8951E-004
     -1.8750      0.0000       0.3253E-004
     -1.8750      1.2500       0.7508E-004
     -1.8750      2.5000       0.2650E-003
     -1.8750      3.7500       0.6028E-003
     -1.8750      5.0000       0.1018E-002
     -1.8750      6.2500       0.1388E-002
     -1.8750      7.5000       0.1606E-002
     -1.8750      8.7500       0.1649E-002
     -1.8750     10.0000       0.1520E-002
     -1.8750     11.2500       0.1232E-002
     -1.8750     12.5000       0.8411E-003
     -1.8750     13.7500       0.4503E-003
     -1.8750     15.0000       0.1586E-003
     -1.8750     16.2500       0.2185E-004
     -1.8750     17.5000       0.2444E-006
     -1.8750     18.7500       0.9500E-011

     -0.9375    -20.0000       0.1449E-010
     -0.9375    -18.7500       0.2228E-011
     -0.9375    -17.5000       0.6224E-007
     -0.9375    -16.2500       0.5245E-005
     -0.9375    -15.0000       0.3615E-004
     -0.9375    -13.7500       0.9898E-004
     -0.9375    -12.5000       0.1878E-003
     -0.9375    -11.2500       0.2844E-003
     -0.9375    -10.0000       0.3584E-003
     -0.9375     -8.7500       0.3882E-003
     -0.9375     -7.5000       0.3764E-003
     -0.9375     -6.2500       0.3351E-003
     -0.9375     -5.0000       0.2806E-003
     -0.9375     -3.7500       0.2203E-003
     -0.9375     -2.5000       0.1630E-003
     -0.9375     -1.2500       0.1144E-003
     -0.9375      0.0000       0.8188E-004
     -0.9375      1.2500       0.1014E-003
     -0.9375      2.5000       0.2342E-003
     -0.9375      3.7500       0.5126E-003
     -0.9375      5.0000       0.8886E-003
     -0.9375      6.2500       0.1250E-002
     -0.9375      7.5000       0.1494E-002
     -0.9375      8.7500       0.1578E-002
     -0.9375     10.0000       0.1494E-002
     -0.9375     11.2500       0.1241E-002
     -0.9375     12.5000       0.8643E-003
     -0.9375     13.7500       0.4720E-003
     -0.9375     15.0000       0.1702E-003
     -0.9375     16.2500       0.2398E-004
     -0.9375     17.5000       0.2720E-006
     -0.9375     18.7500       0.3935E-011

      0.0000    -20.0000       0.1353E-010
      0.0000    -18.7500       0.1123E-011
      0.0000    -17.5000       0.1849E-006
      0.0000    -16.2500       0.1612E-004
      0.0000    -15.0000       0.1122E-003
      0.0000    -13.7500       0.3056E-003
      0.0000    -12.5000       0.5550E-003
      0.0000    -11.2500       0.7921E-003
      0.0000    -10.0000       0.9449E-003
      0.0000     -8.7500       0.9818E-003
      0.0000     -7.5000       0.9115E-003
      0.0000     -6.2500       0.7521E-003
      0.0000     -5.0000       0.5392E-003
      0.0000     -3.7500       0.3315E-003
      0.0000     -2.5000       0.1858E-003
      0.0000     -1.2500       0.1201E-003
      0.0000      0.0000       0.1052E-003
      0.0000      1.2500       0.1201E-003
      0.0000      2.5000       0.1858E-003
      0.0000      3.7500       0.3315E-003
      0.0000      5.0000       0.5392E-003
      0.0000      6.2500       0.7521E-003
      0.0000      7.5000       0.9115E-003
      0.0000      8.7500       0.9818E-003
      0.0000     10.0000       0.9449E-003
      0.0000     11.2500       0.7921E-003
      0.0000     12.5000       0.5550E-003
      0.0000     13.7500       0.3056E-003
      0.0000     15.0000       0.1122E-003
      0.0000     16.2500       0.1612E-004
      0.0000     17.5000       0.1849E-006
      0.0000     18.7500       0.1123E-011

      0.9375    -20.0000       0.1297E-010
      0.9375    -18.7500       0.2393E-011
      0.9375    -17.5000       0.2691E-006
      0.9375    -16.2500       0.2400E-004
      0.9375    -15.0000       0.1701E-003
      0.9375    -13.7500       0.4721E-003
      0.9375    -12.5000       0.8641E-003
      0.9375    -11.2500       0.1241E-002
      0.9375    -10.0000       0.1494E-002
      0.9375     -8.7500       0.1579E-002
      0.9375     -7.5000       0.1494E-002
      0.9375     -6.2500       0.1251E-002
      0.9375     -5.0000       0.8885E-003
      0.9375     -3.7500       0.5127E-003
      0.9375     -2.5000       0.2341E-003
      0.9375     -1.2500       0.1015E-003
      0.9375      0.0000       0.8179E-004
      0.9375      1.2500       0.1145E-003
      0.9375      2.5000       0.1629E-003
      0.9375      3.7500       0.2204E-003
      0.9375      5.0000       0.2805E-003
      0.9375      6.2500       0.3353E-003
      0.9375      7.5000       0.3763E-003
      0.9375      8.7500       0.3883E-003
      0.9375     10.0000       0.3582E-003
      0.9375     11.2500       0.2845E-003
      0.9375     12.5000       0.1877E-003
      0.9375     13.7500       0.9902E-004
      0.9375     15.0000       0.3612E-004
      0.9375     16.2500       0.5255E-005
      0.9375     17.5000       0.6057E-007
      0.9375     18.7500       0.5015E-011

      1.8750    -20.0000       0.1292E-010
      1.8750    -18.7500       0.4203E-011
      1.8750    -17.5000       0.2401E-006
      1.8750    -16.2500       0.2188E-004
      1.8750    -15.0000       0.1585E-003
      1.8750    -13.7500       0.4505E-003
      1.8750    -12.5000       0.8409E-003
      1.8750    -11.2500       0.1233E-002
      1.8750    -10.0000       0.1519E-002
      1.8750     -8.7500       0.1649E-002
      1.8750     -7.5000       0.1606E-002
      1.8750     -6.2500       0.1388E-002
      1.8750     -5.0000       0.1018E-002
      1.8750     -3.7500       0.6029E-003
      1.8750     -2.5000       0.2650E-003
      1.8750     -1.2500       0.7514E-004
      1.8750      0.0000       0.3243E-004
      1.8750      1.2500       0.8964E-004
      1.8750      2.5000       0.1859E-003
      1.8750      3.7500       0.2782E-003
      1.8750      5.0000       0.3426E-003
      1.8750      6.2500       0.3714E-003
      1.8750      7.5000       0.3648E-003
      1.8750      8.7500       0.3266E-003
      1.8750     10.0000       0.2570E-003
      1.8750     11.2500       0.1696E-003
      1.8750     12.5000       0.8918E-004
      1.8750     13.7500       0.3587E-004
      1.8750     15.0000       0.9591E-005
      1.8750     16.2500       0.1049E-005
      1.8750     17.5000       0.9454E-008
      1.8750     18.7500       0.1361E-010

      2.8125    -20.0000       0.1343E-010
      2.8125    -18.7500       0.4412E-011
      2.8125    -17.5000       0.1236E-006
      2.8125    -16.2500       0.1165E-004
      2.8125    -15.0000       0.8759E-004
      2.8125    -13.7500       0.2601E-003
      2.8125    -12.5000       0.5058E-003
      2.8125    -11.2500       0.7747E-003
      2.8125    -10.0000       0.9979E-003
      2.8125     -8.7500       0.1131E-002
      2.8125     -7.5000       0.1149E-002
      2.8125     -6.2500       0.1043E-002
      2.8125     -5.0000       0.8130E-003
      2.8125     -3.7500       0.5219E-003
      2.8125     -2.5000       0.2510E-003
      2.8125     -1.2500       0.6448E-004
      2.8125      0.0000       0.1001E-005
      2.8125      1.2500       0.6759E-004
      2.8125      2.5000       0.2342E-003
      2.8125      3.7500       0.4535E-003
      2.8125      5.0000       0.6704E-003
      2.8125      6.2500       0.8282E-003
      2.8125      7.5000       0.8874E-003
      2.8125      8.7500       0.8519E-003
      2.8125     10.0000       0.7314E-003
      2.8125     11.2500       0.5500E-003
      2.8125     12.5000       0.3472E-003
      2.8125     13.7500       0.1724E-003
      2.8125     15.0000       0.5620E-004
      2.8125     16.2500       0.7238E-005
      2.8125     17.5000       0.7696E-007
      2.8125     18.7500       0.2039E-010

      3.7500    -20.0000       0.1442E-010
      3.7500    -18.7500       0.2613E-011
      3.7500    -17.5000       0.2314E-007
      3.7500    -16.2500       0.2400E-005
      3.7500    -15.0000       0.2046E-004
      3.7500    -13.7500       0.6990E-004
      3.7500    -12.5000       0.1564E-003
      3.7500    -11.2500       0.2732E-003
      3.7500    -10.0000       0.3922E-003
      3.7500     -8.7500       0.4837E-003
      3.7500     -7.5000       0.5283E-003
      3.7500     -6.2500       0.5208E-003
      3.7500     -5.0000       0.4553E-003
      3.7500     -3.7500       0.3417E-003
      3.7500     -2.5000       0.2046E-003
      3.7500     -1.2500       0.7897E-004
      3.7500      0.0000       0.1545E-004
      3.7500      1.2500       0.6794E-004
      3.7500      2.5000       0.2650E-003
      3.7500      3.7500       0.5904E-003
      3.7500      5.0000       0.9721E-003
      3.7500      6.2500       0.1299E-002
      3.7500      7.5000       0.1478E-002
      3.7500      8.7500       0.1496E-002
      3.7500     10.0000       0.1359E-002
      3.7500     11.2500       0.1087E-002
      3.7500     12.5000       0.7320E-003
      3.7500     13.7500       0.3871E-003
      3.7500     15.0000       0.1345E-003
      3.7500     16.2500       0.1832E-004
      3.7500     17.5000       0.2030E-006
      3.7500     18.7500       0.1986E-010

      4.6875    -20.0000       0.1565E-010
      4.6875    -18.7500       0.5340E-012
      4.6875    -17.5000       0.2804E-007
      4.6875    -16.2500       0.2349E-005
      4.6875    -15.0000       0.1677E-004
      4.6875    -13.7500       0.4917E-004
      4.6875    -12.5000       0.1035E-003
      4.6875    -11.2500       0.1747E-003
      4.6875    -10.0000       0.2415E-003
      4.6875     -8.7500       0.2829E-003
      4.6875     -7.5000       0.2953E-003
      4.6875     -6.2500       0.2863E-003
      4.6875     -5.0000       0.2628E-003
      4.6875     -3.7500       0.2224E-003
      4.6875     -2.5000       0.1670E-003
      4.6875     -1.2500       0.1057E-003
      4.6875      0.0000       0.6293E-004
      4.6875      1.2500       0.9038E-004
      4.6875      2.5000       0.2509E-003
      4.6875      3.7500       0.5673E-003
      4.6875      5.0000       0.9799E-003
      4.6875      6.2500       0.1366E-002
      4.6875      7.5000       0.1613E-002
      4.6875      8.7500       0.1687E-002
      4.6875     10.0000       0.1582E-002
      4.6875     11.2500       0.1303E-002
      4.6875     12.5000       0.9016E-003
      4.6875     13.7500       0.4892E-003
      4.6875     15.0000       0.1749E-003
      4.6875     16.2500       0.2444E-004
      4.6875     17.5000       0.2756E-006
      4.6875     18.7500       0.1229E-010

      5.6250    -20.0000       0.1682E-010
      5.6250    -18.7500       0.4755E-012
      5.6250    -17.5000       0.1339E-006
      5.6250    -16.2500       0.1155E-004
      5.6250    -15.0000       0.7981E-004
      5.6250    -13.7500       0.2163E-003
      5.6250    -12.5000       0.3944E-003
      5.6250    -11.2500       0.5670E-003
      5.6250    -10.0000       0.6803E-003
      5.6250     -8.7500       0.7081E-003
      5.6250     -7.5000       0.6584E-003
      5.6250     -6.2500       0.5484E-003
      5.6250     -5.0000       0.4071E-003
      5.6250     -3.7500       0.2702E-003
      5.6250     -2.5000       0.1717E-003
      5.6250     -1.2500       0.1210E-003
      5.6250      0.0000       0.1012E-003
      5.6250      1.2500       0.1150E-003
      5.6250      2.5000       0.2044E-003
      5.6250      3.7500       0.4048E-003
      5.6250      5.0000       0.6869E-003
      5.6250      6.2500       0.9697E-003
      5.6250      7.5000       0.1173E-002
      5.6250      8.7500       0.1256E-002
      5.6250     10.0000       0.1203E-002
      5.6250     11.2500       0.1007E-002
      5.6250     12.5000       0.7057E-003
      5.6250     13.7500       0.3880E-003
      5.6250     15.0000       0.1415E-003
      5.6250     16.2500       0.2017E-004
      5.6250     17.5000       0.2302E-006
      5.6250     18.7500       0.3537E-011

      6.5625    -20.0000       0.1762E-010
      6.5625    -18.7500       0.3166E-011
      6.5625    -17.5000       0.2466E-006
      6.5625    -16.2500       0.2181E-004
      6.5625    -15.0000       0.1535E-003
      6.5625    -13.7500       0.4226E-003
      6.5625    -12.5000       0.7699E-003
      6.5625    -11.2500       0.1100E-002
      6.5625    -10.0000       0.1317E-002
      6.5625     -8.7500       0.1380E-002
      6.5625     -7.5000       0.1294E-002
      6.5625     -6.2500       0.1073E-002
      6.5625     -5.0000       0.7595E-003
      6.5625     -3.7500       0.4425E-003
      6.5625     -2.5000       0.2144E-003
      6.5625     -1.2500       0.1111E-003
      6.5625      0.0000       0.9632E-004
      6.5625      1.2500       0.1199E-003
      6.5625      2.5000       0.1668E-003
      6.5625      3.7500       0.2471E-003
      6.5625      5.0000       0.3532E-003
      6.5625      6.2500       0.4617E-003
      6.5625      7.5000       0.5470E-003
      6.5625      8.7500       0.5848E-003
      6.5625     10.0000       0.5582E-003
      6.5625     11.2500       0.4614E-003
      6.5625     12.5000       0.3180E-003
      6.5625     13.7500       0.1734E-003
      6.5625     15.0000       0.6398E-004
      6.5625     16.2500       0.9293E-005
      6.5625     17.5000       0.1071E-006
      6.5625     18.7500       0.3339E-013

      7.5000    -20.0000       0.1784E-010
      7.5000    -18.7500       0.6947E-011
      7.5000    -17.5000       0.2659E-006
      7.5000    -16.2500       0.2403E-004
      7.5000    -15.0000       0.1724E-003
      7.5000    -13.7500       0.4848E-003
      7.5000    -12.5000       0.8966E-003
      7.5000    -11.2500       0.1301E-002
      7.5000    -10.0000       0.1587E-002
      7.5000     -8.7500       0.1702E-002
      7.5000     -7.5000       0.1636E-002
      7.5000     -6.2500       0.1395E-002
      7.5000     -5.0000       0.1007E-002
      7.5000     -3.7500       0.5861E-003
      7.5000     -2.5000       0.2573E-003
      7.5000     -1.2500       0.8499E-004
      7.5000      0.0000       0.5256E-004
      7.5000      1.2500       0.1007E-003
      7.5000      2.5000       0.1716E-003
      7.5000      3.7500       0.2346E-003
      7.5000      5.0000       0.2756E-003
      7.5000      6.2500       0.2939E-003
      7.5000      7.5000       0.2928E-003
      7.5000      8.7500       0.2702E-003
      7.5000     10.0000       0.2203E-003
      7.5000     11.2500       0.1509E-003
      7.5000     12.5000       0.8299E-004
      7.5000     13.7500       0.3608E-004
      7.5000     15.0000       0.1123E-004
      7.5000     16.2500       0.1483E-005
      7.5000     17.5000       0.1582E-007
      7.5000     18.7500       0.3401E-011

      8.4375    -20.0000       0.1744E-010
      8.4375    -18.7500       0.9070E-011
      8.4375    -17.5000       0.1747E-006
      8.4375    -16.2500       0.1622E-004
      8.4375    -15.0000       0.1197E-003
      8.4375    -13.7500       0.3477E-003
      8.4375    -12.5000       0.6621E-003
      8.4375    -11.2500       0.9917E-003
      8.4375    -10.0000       0.1250E-002
      8.4375     -8.7500       0.1388E-002
      8.4375     -7.5000       0.1383E-002
      8.4375     -6.2500       0.1227E-002
      8.4375     -5.0000       0.9294E-003
      8.4375     -3.7500       0.5735E-003
      8.4375     -2.5000       0.2621E-003
      8.4375     -1.2500       0.6575E-004
      8.4375      0.0000       0.8838E-005
      8.4375      1.2500       0.7450E-004
      8.4375      2.5000       0.2145E-003
      8.4375      3.7500       0.3783E-003
      8.4375      5.0000       0.5233E-003
      8.4375      6.2500       0.6159E-003
      8.4375      7.5000       0.6370E-003
      8.4375      8.7500       0.5929E-003
      8.4375     10.0000       0.4909E-003
      8.4375     11.2500       0.3523E-003
      8.4375     12.5000       0.2101E-003
      8.4375     13.7500       0.9826E-004
      8.4375     15.0000       0.3017E-004
      8.4375     16.2500       0.3682E-005
      8.4375     17.5000       0.3750E-007
      8.4375     18.7500       0.9344E-011

      9.3750    -20.0000       0.1655E-010
      9.3750    -18.7500       0.8008E-011
      9.3750    -17.5000       0.5404E-007
      9.3750    -16.2500       0.5329E-005
      9.3750    -15.0000       0.4219E-004
      9.3750    -13.7500       0.1330E-003
      9.3750    -12.5000       0.2744E-003
      9.3750    -11.2500       0.4459E-003
      9.3750    -10.0000       0.6053E-003
      9.3750     -8.7500       0.7173E-003
      9.3750     -7.5000       0.7582E-003
      9.3750     -6.2500       0.7196E-003
      9.3750     -5.0000       0.5961E-003
      9.3750     -3.7500       0.4159E-003
      9.3750     -2.5000       0.2247E-003
      9.3750     -1.2500       0.7052E-004
      9.3750      0.0000       0.4026E-005
      9.3750      1.2500       0.6458E-004
      9.3750      2.5000       0.2574E-003
      9.3750      3.7500       0.5505E-003
      9.3750      5.0000       0.8757E-003
      9.3750      6.2500       0.1141E-002
      9.3750      7.5000       0.1272E-002
      9.3750      8.7500       0.1265E-002
      9.3750     10.0000       0.1129E-002
      9.3750     11.2500       0.8860E-003
      9.3750     12.5000       0.5860E-003
      9.3750     13.7500       0.3046E-003
      9.3750     15.0000       0.1039E-003
      9.3750     16.2500       0.1393E-004
      9.3750     17.5000       0.1529E-006
      9.3750     18.7500       0.1179E-010

     10.3125    -20.0000       0.1541E-010
     10.3125    -18.7500       0.4722E-011
     10.3125    -17.5000       0.1119E-007
     10.3125    -16.2500       0.1036E-005
     10.3125    -15.0000       0.8827E-005
     10.3125    -13.7500       0.3156E-004
     10.3125    -12.5000       0.7818E-004
     10.3125    -11.2500       0.1491E-003
     10.3125    -10.0000       0.2256E-003
     10.3125     -8.7500       0.2848E-003
     10.3125     -7.5000       0.3165E-003
     10.3125     -6.2500       0.3225E-003
     10.3125     -5.0000       0.3028E-003
     10.3125     -3.7500       0.2532E-003
     10.3125     -2.5000       0.1782E-003
     10.3125     -1.2500       0.9507E-004
     10.3125      0.0000       0.4240E-004
     10.3125      1.2500       0.7974E-004
     10.3125      2.5000       0.2621E-003
     10.3125      3.7500       0.5980E-003
     10.3125      5.0000       0.1020E-002
     10.3125      6.2500       0.1402E-002
     10.3125      7.5000       0.1634E-002
     10.3125      8.7500       0.1689E-002
     10.3125     10.0000       0.1566E-002
     10.3125     11.2500       0.1277E-002
     10.3125     12.5000       0.8764E-003
     10.3125     13.7500       0.4715E-003
     10.3125     15.0000       0.1669E-003
     10.3125     16.2500       0.2313E-004
     10.3125     17.5000       0.2595E-006
     10.3125     18.7500       0.8475E-011

     11.2500    -20.0000       0.1428E-010
     11.2500    -18.7500       0.1793E-011
     11.2500    -17.5000       0.8427E-007
     11.2500    -16.2500       0.7158E-005
     11.2500    -15.0000       0.4926E-004
     11.2500    -13.7500       0.1337E-003
     11.2500    -12.5000       0.2483E-003
     11.2500    -11.2500       0.3659E-003
     11.2500    -10.0000       0.4496E-003
     11.2500     -8.7500       0.4766E-003
     11.2500     -7.5000       0.4519E-003
     11.2500     -6.2500       0.3897E-003
     11.2500     -5.0000       0.3106E-003
     11.2500     -3.7500       0.2302E-003
     11.2500     -2.5000       0.1640E-003
     11.2500     -1.2500       0.1176E-003
     11.2500      0.0000       0.8985E-004
     11.2500      1.2500       0.1065E-003
     11.2500      2.5000       0.2245E-003
     11.2500      3.7500       0.4789E-003
     11.2500      5.0000       0.8276E-003
     11.2500      6.2500       0.1168E-002
     11.2500      7.5000       0.1402E-002
     11.2500      8.7500       0.1489E-002
     11.2500     10.0000       0.1416E-002
     11.2500     11.2500       0.1179E-002
     11.2500     12.5000       0.8236E-003
     11.2500     13.7500       0.4509E-003
     11.2500     15.0000       0.1632E-003
     11.2500     16.2500       0.2309E-004
     11.2500     17.5000       0.2625E-006
     11.2500     18.7500       0.2959E-011

     12.1875    -20.0000       0.1338E-010
     12.1875    -18.7500       0.1222E-011
     12.1875    -17.5000       0.2083E-006
     12.1875    -16.2500       0.1825E-004
     12.1875    -15.0000       0.1275E-003
     12.1875    -13.7500       0.3485E-003
     12.1875    -12.5000       0.6331E-003
     12.1875    -11.2500       0.9031E-003
     12.1875    -10.0000       0.1077E-002
     12.1875     -8.7500       0.1122E-002
     12.1875     -7.5000       0.1044E-002
     12.1875     -6.2500       0.8613E-003
     12.1875     -5.0000       0.6125E-003
     12.1875     -3.7500       0.3673E-003
     12.1875     -2.5000       0.1947E-003
     12.1875     -1.2500       0.1180E-003
     12.1875      0.0000       0.1042E-003
     12.1875      1.2500       0.1211E-003
     12.1875      2.5000       0.1780E-003
     12.1875      3.7500       0.2987E-003
     12.1875      5.0000       0.4699E-003
     12.1875      6.2500       0.6465E-003
     12.1875      7.5000       0.7814E-003
     12.1875      8.7500       0.8423E-003
     12.1875     10.0000       0.8108E-003
     12.1875     11.2500       0.6787E-003
     12.1875     12.5000       0.4744E-003
     12.1875     13.7500       0.2610E-003
     12.1875     15.0000       0.9608E-004
     12.1875     16.2500       0.1386E-004
     12.1875     17.5000       0.1593E-006
     12.1875     18.7500       0.1334E-011

     13.1250    -20.0000       0.1291E-010
     13.1250    -18.7500       0.2791E-011
     13.1250    -17.5000       0.2732E-006
     13.1250    -16.2500       0.2446E-004
     13.1250    -15.0000       0.1740E-003
     13.1250    -13.7500       0.4850E-003
     13.1250    -12.5000       0.8905E-003
     13.1250    -11.2500       0.1283E-002
     13.1250    -10.0000       0.1550E-002
     13.1250     -8.7500       0.1646E-002
     13.1250     -7.5000       0.1565E-002
     13.1250     -6.2500       0.1317E-002
     13.1250     -5.0000       0.9399E-003
     13.1250     -3.7500       0.5426E-003
     13.1250     -2.5000       0.2430E-003
     13.1250     -1.2500       0.9603E-004
     13.1250      0.0000       0.7269E-004
     13.1250      1.2500       0.1105E-003
     13.1250      2.5000       0.1639E-003
     13.1250      3.7500       0.2178E-003
     13.1250      5.0000       0.2643E-003
     13.1250      6.2500       0.3004E-003
     13.1250      7.5000       0.3234E-003
     13.1250      8.7500       0.3229E-003
     13.1250     10.0000       0.2880E-003
     13.1250     11.2500       0.2199E-003
     13.1250     12.5000       0.1388E-003
     13.1250     13.7500       0.7047E-004
     13.1250     15.0000       0.2515E-004
     13.1250     16.2500       0.3631E-005
     13.1250     17.5000       0.4157E-007
     13.1250     18.7500       0.6529E-011

     14.0625    -20.0000       0.1298E-010
     14.0625    -18.7500       0.4420E-011
     14.0625    -17.5000       0.2211E-006
     14.0625    -16.2500       0.2026E-004
     14.0625    -15.0000       0.1475E-003
     14.0625    -13.7500       0.4220E-003
     14.0625    -12.5000       0.7921E-003
     14.0625    -11.2500       0.1168E-002
     14.0625    -10.0000       0.1449E-002
     14.0625     -8.7500       0.1584E-002
     14.0625     -7.5000       0.1553E-002
     14.0625     -6.2500       0.1353E-002
     14.0625     -5.0000       0.1002E-002
     14.0625     -3.7500       0.6003E-003
     14.0625     -2.5000       0.2660E-003
     14.0625     -1.2500       0.7114E-004
     14.0625      0.0000       0.2334E-004
     14.0625      1.2500       0.8420E-004
     14.0625      2.5000       0.1948E-003
     14.0625      3.7500       0.3081E-003
     14.0625      5.0000       0.3941E-003
     14.0625      6.2500       0.4384E-003
     14.0625      7.5000       0.4364E-003
     14.0625      8.7500       0.3938E-003
     14.0625     10.0000       0.3132E-003
     14.0625     11.2500       0.2115E-003
     14.0625     12.5000       0.1156E-003
     14.0625     13.7500       0.4880E-004
     14.0625     15.0000       0.1353E-004
     14.0625     16.2500       0.1506E-005
     14.0625     17.5000       0.1394E-007
     14.0625     18.7500       0.1534E-010

     15.0000    -20.0000       0.1360E-010
     15.0000    -18.7500       0.4184E-011
     15.0000    -17.5000       0.9846E-007
     15.0000    -16.2500       0.9389E-005
     15.0000    -15.0000       0.7148E-004
     15.0000    -13.7500       0.2154E-003
     15.0000    -12.5000       0.4252E-003
     15.0000    -11.2500       0.6612E-003
     15.0000    -10.0000       0.8638E-003
     15.0000     -8.7500       0.9918E-003
     15.0000     -7.5000       0.1019E-002
     15.0000     -6.2500       0.9373E-003
     15.0000     -5.0000       0.7437E-003
     15.0000     -3.7500       0.4892E-003
     15.0000     -2.5000       0.2432E-003
     15.0000     -1.2500       0.6547E-004
     15.0000      0.0000       0.2762E-010
     15.0000      1.2500       0.6553E-004
     15.0000      2.5000       0.2431E-003
     15.0000      3.7500       0.4893E-003
     15.0000      5.0000       0.7437E-003
     15.0000      6.2500       0.9373E-003
     15.0000      7.5000       0.1020E-002
     15.0000      8.7500       0.9916E-003
     15.0000     10.0000       0.8640E-003
     15.0000     11.2500       0.6610E-003
     15.0000     12.5000       0.4254E-003
     15.0000     13.7500       0.2153E-003
     15.0000     15.0000       0.7154E-004
     15.0000     16.2500       0.9369E-005
     15.0000     17.5000       0.1009E-006
     15.0000     18.7500       0.2096E-010

     15.9375    -20.0000       0.1465E-010
     15.9375    -18.7500       0.2140E-011
     15.9375    -17.5000       0.1421E-007
     15.9375    -16.2500       0.1507E-005
     15.9375    -15.0000       0.1352E-004
     15.9375    -13.7500       0.4882E-004
     15.9375    -12.5000       0.1156E-003
     15.9375    -11.2500       0.2115E-003
     15.9375    -10.0000       0.3132E-003
     15.9375     -8.7500       0.3937E-003
     15.9375     -7.5000       0.4365E-003
     15.9375     -6.2500       0.4382E-003
     15.9375     -5.0000       0.3943E-003
     15.9375     -3.7500       0.3079E-003
     15.9375     -2.5000       0.1949E-003
     15.9375     -1.2500       0.8407E-004
     15.9375      0.0000       0.2343E-004
     15.9375      1.2500       0.7109E-004
     15.9375      2.5000       0.2660E-003
     15.9375      3.7500       0.6002E-003
     15.9375      5.0000       0.1002E-002
     15.9375      6.2500       0.1353E-002
     15.9375      7.5000       0.1554E-002
     15.9375      8.7500       0.1584E-002
     15.9375     10.0000       0.1450E-002
     15.9375     11.2500       0.1168E-002
     15.9375     12.5000       0.7924E-003
     15.9375     13.7500       0.4218E-003
     15.9375     15.0000       0.1476E-003
     15.9375     16.2500       0.2023E-004
     15.9375     17.5000       0.2252E-006
     15.9375     18.7500       0.1878E-010

     16.8750    -20.0000       0.1590E-010
     16.8750    -18.7500       0.3034E-012
     16.8750    -17.5000       0.4321E-007
     16.8750    -16.2500       0.3622E-005
     16.8750    -15.0000       0.2518E-004
     16.8750    -13.7500       0.7042E-004
     16.8750    -12.5000       0.1389E-003
     16.8750    -11.2500       0.2198E-003
     16.8750    -10.0000       0.2881E-003
     16.8750     -8.7500       0.3228E-003
     16.8750     -7.5000       0.3235E-003
     16.8750     -6.2500       0.3002E-003
     16.8750     -5.0000       0.2645E-003
     16.8750     -3.7500       0.2176E-003
     16.8750     -2.5000       0.1640E-003
     16.8750     -1.2500       0.1104E-003
     16.8750      0.0000       0.7279E-004
     16.8750      1.2500       0.9595E-004
     16.8750      2.5000       0.2431E-003
     16.8750      3.7500       0.5425E-003
     16.8750      5.0000       0.9400E-003
     16.8750      6.2500       0.1317E-002
     16.8750      7.5000       0.1565E-002
     16.8750      8.7500       0.1645E-002
     16.8750     10.0000       0.1551E-002
     16.8750     11.2500       0.1282E-002
     16.8750     12.5000       0.8907E-003
     16.8750     13.7500       0.4849E-003
     16.8750     15.0000       0.1741E-003
     16.8750     16.2500       0.2444E-004
     16.8750     17.5000       0.2763E-006
     16.8750     18.7500       0.1040E-010

     17.8125    -20.0000       0.1702E-010
     17.8125    -18.7500       0.8147E-012
     17.8125    -17.5000       0.1597E-006
     17.8125    -16.2500       0.1385E-004
     17.8125    -15.0000       0.9609E-004
     17.8125    -13.7500       0.2610E-003
     17.8125    -12.5000       0.4744E-003
     17.8125    -11.2500       0.6786E-003
     17.8125    -10.0000       0.8108E-003
     17.8125     -8.7500       0.8422E-003
     17.8125     -7.5000       0.7815E-003
     17.8125     -6.2500       0.6464E-003
     17.8125     -5.0000       0.4699E-003
     17.8125     -3.7500       0.2987E-003
     17.8125     -2.5000       0.1780E-003
     17.8125     -1.2500       0.1211E-003
     17.8125      0.0000       0.1042E-003
     17.8125      1.2500       0.1180E-003
     17.8125      2.5000       0.1948E-003
     17.8125      3.7500       0.3673E-003
     17.8125      5.0000       0.6126E-003
     17.8125      6.2500       0.8612E-003
     17.8125      7.5000       0.1044E-002
     17.8125      8.7500       0.1122E-002
     17.8125     10.0000       0.1077E-002
     17.8125     11.2500       0.9030E-003
     17.8125     12.5000       0.6331E-003
     17.8125     13.7500       0.3485E-003
     17.8125     15.0000       0.1275E-003
     17.8125     16.2500       0.1825E-004
     17.8125     17.5000       0.2087E-006
     17.8125     18.7500       0.2271E-011

     18.7500    -20.0000       0.1771E-010
     18.7500    -18.7500       0.3922E-011
     18.7500    -17.5000       0.2600E-006
     18.7500    -16.2500       0.2310E-004
     18.7500    -15.0000       0.1632E-003
     18.7500    -13.7500       0.4510E-003
     18.7500    -12.5000       0.8234E-003
     18.7500    -11.2500       0.1179E-002
     18.7500    -10.0000       0.1416E-002
     18.7500     -8.7500       0.1489E-002
     18.7500     -7.5000       0.1402E-002
     18.7500     -6.2500       0.1168E-002
     18.7500     -5.0000       0.8276E-003
     18.7500     -3.7500       0.4789E-003
     18.7500     -2.5000       0.2245E-003
     18.7500     -1.2500       0.1066E-003
     18.7500      0.0000       0.8977E-004
     18.7500      1.2500       0.1177E-003
     18.7500      2.5000       0.1639E-003
     18.7500      3.7500       0.2303E-003
     18.7500      5.0000       0.3105E-003
     18.7500      6.2500       0.3898E-003
     18.7500      7.5000       0.4518E-003
     18.7500      8.7500       0.4767E-003
     18.7500     10.0000       0.4495E-003
     18.7500     11.2500       0.3660E-003
     18.7500     12.5000       0.2482E-003
     18.7500     13.7500       0.1338E-003
     18.7500     15.0000       0.4923E-004
     18.7500     16.2500       0.7167E-005
     18.7500     17.5000       0.8265E-007
     18.7500     18.7500       0.2228E-012

     19.6875    -20.0000       0.1780E-010
     19.6875    -18.7500       0.7584E-011
     19.6875    -17.5000       0.2551E-006
     19.6875    -16.2500       0.2316E-004
     19.6875    -15.0000       0.1669E-003
     19.6875    -13.7500       0.4717E-003
     19.6875    -12.5000       0.8762E-003
     19.6875    -11.2500       0.1278E-002
     19.6875    -10.0000       0.1566E-002
     19.6875     -8.7500       0.1689E-002
     19.6875     -7.5000       0.1634E-002
     19.6875     -6.2500       0.1402E-002
     19.6875     -5.0000       0.1020E-002
     19.6875     -3.7500       0.5981E-003
     19.6875     -2.5000       0.2621E-003
     19.6875     -1.2500       0.7982E-004
     19.6875      0.0000       0.4230E-004
     19.6875      1.2500       0.9521E-004
     19.6875      2.5000       0.1780E-003
     19.6875      3.7500       0.2534E-003
     19.6875      5.0000       0.3026E-003
     19.6875      6.2500       0.3226E-003
     19.6875      7.5000       0.3163E-003
     19.6875      8.7500       0.2849E-003
     19.6875     10.0000       0.2256E-003
     19.6875     11.2500       0.1491E-003
     19.6875     12.5000       0.7816E-004
     19.6875     13.7500       0.3157E-004
     19.6875     15.0000       0.8817E-005
     19.6875     16.2500       0.1041E-005
     19.6875     17.5000       0.1010E-007
     19.6875     18.7500       0.4591E-011

     20.6250    -20.0000       0.1729E-010
     20.6250    -18.7500       0.9118E-011
     20.6250    -17.5000       0.1492E-006
     20.6250    -16.2500       0.1396E-004
     20.6250    -15.0000       0.1039E-003
     20.6250    -13.7500       0.3047E-003
     20.6250    -12.5000       0.5858E-003
     20.6250    -11.2500       0.8863E-003
     20.6250    -10.0000       0.1128E-002
     20.6250     -8.7500       0.1265E-002
     20.6250     -7.5000       0.1272E-002
     20.6250     -6.2500       0.1141E-002
     20.6250     -5.0000       0.8757E-003
     20.6250     -3.7500       0.5504E-003
     20.6250     -2.5000       0.2574E-003
     20.6250     -1.2500       0.6457E-004
     20.6250      0.0000       0.3985E-005
     20.6250      1.2500       0.7062E-004
     20.6250      2.5000       0.2246E-003
     20.6250      3.7500       0.4160E-003
     20.6250      5.0000       0.5960E-003
     20.6250      6.2500       0.7197E-003
     20.6250      7.5000       0.7582E-003
     20.6250      8.7500       0.7173E-003
     20.6250     10.0000       0.6055E-003
     20.6250     11.2500       0.4458E-003
     20.6250     12.5000       0.2745E-003
     20.6250     13.7500       0.1329E-003
     20.6250     15.0000       0.4223E-004
     20.6250     16.2500       0.5317E-005
     20.6250     17.5000       0.5561E-007
     20.6250     18.7500       0.1027E-010

     21.5625    -20.0000       0.1634E-010
     21.5625    -18.7500       0.7457E-011
     21.5625    -17.5000       0.3654E-007
     21.5625    -16.2500       0.3691E-005
     21.5625    -15.0000       0.3014E-004
     21.5625    -13.7500       0.9832E-004
     21.5625    -12.5000       0.2100E-003
     21.5625    -11.2500       0.3524E-003
     21.5625    -10.0000       0.4908E-003
     21.5625     -8.7500       0.5930E-003
     21.5625     -7.5000       0.6370E-003
     21.5625     -6.2500       0.6158E-003
     21.5625     -5.0000       0.5234E-003
     21.5625     -3.7500       0.3782E-003
     21.5625     -2.5000       0.2146E-003
     21.5625     -1.2500       0.7439E-004
     21.5625      0.0000       0.8897E-005
     21.5625      1.2500       0.6574E-004
     21.5625      2.5000       0.2621E-003
     21.5625      3.7500       0.5735E-003
     21.5625      5.0000       0.9294E-003
     21.5625      6.2500       0.1227E-002
     21.5625      7.5000       0.1383E-002
     21.5625      8.7500       0.1388E-002
     21.5625     10.0000       0.1250E-002
     21.5625     11.2500       0.9914E-003
     21.5625     12.5000       0.6623E-003
     21.5625     13.7500       0.3475E-003
     21.5625     15.0000       0.1198E-003
     21.5625     16.2500       0.1619E-004
     21.5625     17.5000       0.1788E-006
     21.5625     18.7500       0.1155E-010

     22.5000    -20.0000       0.1518E-010
     22.5000    -18.7500       0.4020E-011
     22.5000    -17.5000       0.1724E-007
     22.5000    -16.2500       0.1476E-005
     22.5000    -15.0000       0.1125E-004
     22.5000    -13.7500       0.3605E-004
     22.5000    -12.5000       0.8303E-004
     22.5000    -11.2500       0.1508E-003
     22.5000    -10.0000       0.2204E-003
     22.5000     -8.7500       0.2700E-003
     22.5000     -7.5000       0.2930E-003
     22.5000     -6.2500       0.2938E-003
     22.5000     -5.0000       0.2758E-003
     22.5000     -3.7500       0.2344E-003
     22.5000     -2.5000       0.1718E-003
     22.5000     -1.2500       0.1005E-003
     22.5000      0.0000       0.5267E-004
     22.5000      1.2500       0.8491E-004
     22.5000      2.5000       0.2573E-003
     22.5000      3.7500       0.5860E-003
     22.5000      5.0000       0.1007E-002
     22.5000      6.2500       0.1394E-002
     22.5000      7.5000       0.1637E-002
     22.5000      8.7500       0.1702E-002
     22.5000     10.0000       0.1587E-002
     22.5000     11.2500       0.1301E-002
     22.5000     12.5000       0.8968E-003
     22.5000     13.7500       0.4847E-003
     22.5000     15.0000       0.1725E-003
     22.5000     16.2500       0.2400E-004
     22.5000     17.5000       0.2701E-006
     22.5000     18.7500       0.7354E-011

     23.4375    -20.0000       0.1407E-010
     23.4375    -18.7500       0.1461E-011
     23.4375    -17.5000       0.1085E-006
     23.4375    -16.2500       0.9285E-005
     23.4375    -15.0000       0.6400E-004
     23.4375    -13.7500       0.1734E-003
     23.4375    -12.5000       0.3180E-003
     23.4375    -11.2500       0.4614E-003
     23.4375    -10.0000       0.5583E-003
     23.4375     -8.7500       0.5847E-003
     23.4375     -7.5000       0.5471E-003
     23.4375     -6.2500       0.4617E-003
     23.4375     -5.0000       0.3533E-003
     23.4375     -3.7500       0.2470E-003
     23.4375     -2.5000       0.1669E-003
     23.4375     -1.2500       0.1198E-003
     23.4375      0.0000       0.9638E-004
     23.4375      1.2500       0.1111E-003
     23.4375      2.5000       0.2145E-003
     23.4375      3.7500       0.4424E-003
     23.4375      5.0000       0.7596E-003
     23.4375      6.2500       0.1073E-002
     23.4375      7.5000       0.1294E-002
     23.4375      8.7500       0.1380E-002
     23.4375     10.0000       0.1317E-002
     23.4375     11.2500       0.1100E-002
     23.4375     12.5000       0.7700E-003
     23.4375     13.7500       0.4226E-003
     23.4375     15.0000       0.1535E-003
     23.4375     16.2500       0.2180E-004
     23.4375     17.5000       0.2485E-006
     23.4375     18.7500       0.2150E-011

     24.3750    -20.0000       0.1325E-010
     24.3750    -18.7500       0.1415E-011
     24.3750    -17.5000       0.2292E-006
     24.3750    -16.2500       0.2018E-004
     24.3750    -15.0000       0.1415E-003
     24.3750    -13.7500       0.3880E-003
     24.3750    -12.5000       0.7057E-003
     24.3750    -11.2500       0.1007E-002
     24.3750    -10.0000       0.1203E-002
     24.3750     -8.7500       0.1256E-002
     24.3750     -7.5000       0.1173E-002
     24.3750     -6.2500       0.9698E-003
     24.3750     -5.0000       0.6869E-003
     24.3750     -3.7500       0.4048E-003
     24.3750     -2.5000       0.2044E-003
     24.3750     -1.2500       0.1150E-003
     24.3750      0.0000       0.1012E-003
     24.3750      1.2500       0.1210E-003
     24.3750      2.5000       0.1716E-003
     24.3750      3.7500       0.2702E-003
     24.3750      5.0000       0.4070E-003
     24.3750      6.2500       0.5484E-003
     24.3750      7.5000       0.6584E-003
     24.3750      8.7500       0.7082E-003
     24.3750     10.0000       0.6802E-003
     24.3750     11.2500       0.5670E-003
     24.3750     12.5000       0.3944E-003
     24.3750     13.7500       0.2164E-003
     24.3750     15.0000       0.7980E-004
     24.3750     16.2500       0.1155E-004
     24.3750     17.5000       0.1331E-006
     24.3750     18.7500       0.1842E-011

     25.3125    -20.0000       0.1288E-010
     25.3125    -18.7500       0.3191E-011
     25.3125    -17.5000       0.2721E-006
     25.3125    -16.2500       0.2447E-004
     25.3125    -15.0000       0.1748E-003
     25.3125    -13.7500       0.4893E-003
     25.3125    -12.5000       0.9014E-003
     25.3125    -11.2500       0.1303E-002
     25.3125    -10.0000       0.1581E-002
     25.3125     -8.7500       0.1687E-002
     25.3125     -7.5000       0.1613E-002
     25.3125     -6.2500       0.1366E-002
     25.3125     -5.0000       0.9798E-003
     25.3125     -3.7500       0.5674E-003
     25.3125     -2.5000       0.2509E-003
     25.3125     -1.2500       0.9047E-004
     25.3125      0.0000       0.6282E-004
     25.3125      1.2500       0.1058E-003
     25.3125      2.5000       0.1669E-003
     25.3125      3.7500       0.2226E-003
     25.3125      5.0000       0.2627E-003
     25.3125      6.2500       0.2864E-003
     25.3125      7.5000       0.2952E-003
     25.3125      8.7500       0.2830E-003
     25.3125     10.0000       0.2414E-003
     25.3125     11.2500       0.1748E-003
     25.3125     12.5000       0.1035E-003
     25.3125     13.7500       0.4921E-004
     25.3125     15.0000       0.1675E-004
     25.3125     16.2500       0.2357E-005
     25.3125     17.5000       0.2647E-007
     25.3125     18.7500       0.8202E-011

     26.2500    -20.0000       0.1306E-010
     26.2500    -18.7500       0.4555E-011
     26.2500    -17.5000       0.1991E-006
     26.2500    -16.2500       0.1835E-004
     26.2500    -15.0000       0.1344E-003
     26.2500    -13.7500       0.3873E-003
     26.2500    -12.5000       0.7318E-003
     26.2500    -11.2500       0.1087E-002
     26.2500    -10.0000       0.1358E-002
     26.2500     -8.7500       0.1496E-002
     26.2500     -7.5000       0.1478E-002
     26.2500     -6.2500       0.1299E-002
     26.2500     -5.0000       0.9720E-003
     26.2500     -3.7500       0.5904E-003
     26.2500     -2.5000       0.2650E-003
     26.2500     -1.2500       0.6797E-004
     26.2500      0.0000       0.1537E-004
     26.2500      1.2500       0.7909E-004
     26.2500      2.5000       0.2044E-003
     26.2500      3.7500       0.3419E-003
     26.2500      5.0000       0.4551E-003
     26.2500      6.2500       0.5209E-003
     26.2500      7.5000       0.5283E-003
     26.2500      8.7500       0.4837E-003
     26.2500     10.0000       0.3922E-003
     26.2500     11.2500       0.2732E-003
     26.2500     12.5000       0.1565E-003
     26.2500     13.7500       0.6986E-004
     26.2500     15.0000       0.2048E-004
     26.2500     16.2500       0.2395E-005
     26.2500     17.5000       0.2339E-007
     26.2500     18.7500       0.1694E-010

     27.1875    -20.0000       0.1378E-010
     27.1875    -18.7500       0.3875E-011
     27.1875    -17.5000       0.7502E-007
     27.1875    -16.2500       0.7253E-005
     27.1875    -15.0000       0.5615E-004
     27.1875    -13.7500       0.1725E-003
     27.1875    -12.5000       0.3471E-003
     27.1875    -11.2500       0.5502E-003
     27.1875    -10.0000       0.7313E-003
     27.1875     -8.7500       0.8520E-003
     27.1875     -7.5000       0.8874E-003
     27.1875     -6.2500       0.8282E-003
     27.1875     -5.0000       0.6705E-003
     27.1875     -3.7500       0.4534E-003
     27.1875     -2.5000       0.2343E-003
     27.1875     -1.2500       0.6751E-004
     27.1875      0.0000       0.1021E-005
     27.1875      1.2500       0.6451E-004
     27.1875      2.5000       0.2510E-003
     27.1875      3.7500       0.5220E-003
     27.1875      5.0000       0.8130E-003
     27.1875      6.2500       0.1043E-002
     27.1875      7.5000       0.1150E-002
     27.1875      8.7500       0.1131E-002
     27.1875     10.0000       0.9981E-003
     27.1875     11.2500       0.7744E-003
     27.1875     12.5000       0.5060E-003
     27.1875     13.7500       0.2599E-003
     27.1875     15.0000       0.8766E-004
     27.1875     16.2500       0.1163E-004
     27.1875     17.5000       0.1265E-006
     27.1875     18.7500       0.2119E-010

     28.1250    -20.0000       0.1490E-010
     28.1250    -18.7500       0.1674E-011
     28.1250    -17.5000       0.1018E-007
     28.1250    -16.2500       0.1046E-005
     28.1250    -15.0000       0.9594E-005
     28.1250    -13.7500       0.3587E-004
     28.1250    -12.5000       0.8918E-004
     28.1250    -11.2500       0.1696E-003
     28.1250    -10.0000       0.2570E-003
     28.1250     -8.7500       0.3266E-003
     28.1250     -7.5000       0.3649E-003
     28.1250     -6.2500       0.3712E-003
     28.1250     -5.0000       0.3428E-003
     28.1250     -3.7500       0.2780E-003
     28.1250     -2.5000       0.1860E-003
     28.1250     -1.2500       0.8951E-004
     28.1250      0.0000       0.3253E-004
     28.1250      1.2500       0.7508E-004
     28.1250      2.5000       0.2650E-003
     28.1250      3.7500       0.6028E-003
     28.1250      5.0000       0.1018E-002
     28.1250      6.2500       0.1388E-002
     28.1250      7.5000       0.1606E-002
     28.1250      8.7500       0.1649E-002
     28.1250     10.0000       0.1520E-002
     28.1250     11.2500       0.1232E-002
     28.1250     12.5000       0.8411E-003
     28.1250     13.7500       0.4503E-003
     28.1250     15.0000       0.1586E-003
     28.1250     16.2500       0.2185E-004
     28.1250     17.5000       0.2442E-006
     28.1250     18.7500       0.1743E-010

     29.0625    -20.0000       0.1614E-010
     29.0625    -18.7500       0.1735E-012
     29.0625    -17.5000       0.6217E-007
     29.0625    -16.2500       0.5245E-005
     29.0625    -15.0000       0.3615E-004
     29.0625    -13.7500       0.9898E-004
     29.0625    -12.5000       0.1878E-003
     29.0625    -11.2500       0.2844E-003
     29.0625    -10.0000       0.3584E-003
     29.0625     -8.7500       0.3882E-003
     29.0625     -7.5000       0.3764E-003
     29.0625     -6.2500       0.3351E-003
     29.0625     -5.0000       0.2806E-003
     29.0625     -3.7500       0.2203E-003
     29.0625     -2.5000       0.1630E-003
     29.0625     -1.2500       0.1144E-003
     29.0625      0.0000       0.8188E-004
     29.0625      1.2500       0.1014E-003
     29.0625      2.5000       0.2342E-003
     29.0625      3.7500       0.5126E-003
     29.0625      5.0000       0.8886E-003
     29.0625      6.2500       0.1250E-002
     29.0625      7.5000       0.1494E-002
     29.0625      8.7500       0.1578E-002
     29.0625     10.0000       0.1494E-002
     29.0625     11.2500       0.1241E-002
     29.0625     12.5000       0.8643E-003
     29.0625     13.7500       0.4720E-003
     29.0625     15.0000       0.1702E-003
     29.0625     16.2500       0.2398E-004
     29.0625     17.5000       0.2718E-006
     29.0625     18.7500       0.8516E-011

