    -30.0000    -20.0000       0.2904E-010
    -30.0000    -18.7500       0.2233E-011
    -30.0000    -17.5000       0.2372E-007
    -30.0000    -16.2500       0.1911E-005
    -30.0000    -15.0000       0.1143E-004
    -30.0000    -13.7500       0.2362E-004
    -30.0000    -12.5000       0.2697E-004
    -30.0000    -11.2500       0.1788E-004
    -30.0000    -10.0000       0.4573E-005
    -30.0000     -8.7500       0.1229E-004
    -30.0000     -7.5000       0.8208E-004
    -30.0000     -6.2500       0.2602E-003
    -30.0000     -5.0000       0.5820E-003
    -30.0000     -3.7500       0.1041E-002
    -30.0000     -2.5000       0.1541E-002
    -30.0000     -1.2500       0.1913E-002
    -30.0000      0.0000       0.2045E-002
    -30.0000      1.2500       0.1913E-002
    -30.0000      2.5000       0.1541E-002
    -30.0000      3.7500       0.1041E-002
    -30.0000      5.0000       0.5820E-003
    -30.0000      6.2500       0.2602E-003
    -30.0000      7.5000       0.8208E-004
    -30.0000      8.7500       0.1229E-004
    -30.0000     10.0000       0.4573E-005
    -30.0000     11.2500       0.1788E-004
    -30.0000     12.5000       0.2697E-004
    -30.0000     13.7500       0.2362E-004
    -30.0000     15.0000       0.1143E-004
    -30.0000     16.2500       0.1911E-005
    -30.0000     17.5000       0.2372E-007
    -30.0000     18.7500       0.2234E-011

    -29.0625    -20.0000       0.2405E-010
    -29.0625    -18.7500       0.1229E-010
    -29.0625    -17.5000       0.1005E-006
    -29.0625    -16.2500       0.8591E-005
    -29.0625    -15.0000       0.5881E-004
    -29.0625    -13.7500       0.1504E-003
    -29.0625    -12.5000       0.2410E-003
    -29.0625    -11.2500       0.2911E-003
    -29.0625    -10.0000       0.2864E-003
    -29.0625     -8.7500       0.2482E-003
    -29.0625     -7.5000       0.2265E-003
    -29.0625     -6.2500       0.2786E-003
    -29.0625     -5.0000       0.4492E-003
    -29.0625     -3.7500       0.7512E-003
    -29.0625     -2.5000       0.1123E-002
    -29.0625     -1.2500       0.1439E-002
    -29.0625      0.0000       0.1592E-002
    -29.0625      1.2500       0.1557E-002
    -29.0625      2.5000       0.1347E-002
    -29.0625      3.7500       0.1027E-002
    -29.0625      5.0000       0.7139E-003
    -29.0625      6.2500       0.4823E-003
    -29.0625      7.5000       0.3369E-003
    -29.0625      8.7500       0.2456E-003
    -29.0625     10.0000       0.1731E-003
    -29.0625     11.2500       0.1047E-003
    -29.0625     12.5000       0.4847E-004
    -29.0625     13.7500       0.1556E-004
    -29.0625     15.0000       0.3042E-005
    -29.0625     16.2500       0.2446E-006
    -29.0625     17.5000       0.1618E-008
    -29.0625     18.7500       0.4005E-011

    -28.1250    -20.0000       0.1511E-010
    -28.1250    -18.7500       0.3302E-010
    -28.1250    -17.5000       0.1641E-006
    -28.1250    -16.2500       0.1434E-004
    -28.1250    -15.0000       0.1031E-003
    -28.1250    -13.7500       0.2832E-003
    -28.1250    -12.5000       0.5001E-003
    -28.1250    -11.2500       0.6811E-003
    -28.1250    -10.0000       0.7674E-003
    -28.1250     -8.7500       0.7430E-003
    -28.1250     -7.5000       0.6413E-003
    -28.1250     -6.2500       0.5212E-003
    -28.1250     -5.0000       0.4334E-003
    -28.1250     -3.7500       0.4140E-003
    -28.1250     -2.5000       0.4642E-003
    -28.1250     -1.2500       0.5533E-003
    -28.1250      0.0000       0.6328E-003
    -28.1250      1.2500       0.6850E-003
    -28.1250      2.5000       0.7129E-003
    -28.1250      3.7500       0.7202E-003
    -28.1250      5.0000       0.7278E-003
    -28.1250      6.2500       0.7472E-003
    -28.1250      7.5000       0.7640E-003
    -28.1250      8.7500       0.7401E-003
    -28.1250     10.0000       0.6417E-003
    -28.1250     11.2500       0.4741E-003
    -28.1250     12.5000       0.2864E-003
    -28.1250     13.7500       0.1334E-003
    -28.1250     15.0000       0.4111E-004
    -28.1250     16.2500       0.5081E-005
    -28.1250     17.5000       0.5055E-007
    -28.1250     18.7500       0.8628E-011

    -27.1875    -20.0000       0.1158E-010
    -27.1875    -18.7500       0.4928E-010
    -27.1875    -17.5000       0.1579E-006
    -27.1875    -16.2500       0.1406E-004
    -27.1875    -15.0000       0.1049E-003
    -27.1875    -13.7500       0.3040E-003
    -27.1875    -12.5000       0.5741E-003
    -27.1875    -11.2500       0.8413E-003
    -27.1875    -10.0000       0.1020E-002
    -27.1875     -8.7500       0.1057E-002
    -27.1875     -7.5000       0.9577E-003
    -27.1875     -6.2500       0.7721E-003
    -27.1875     -5.0000       0.5488E-003
    -27.1875     -3.7500       0.3296E-003
    -27.1875     -2.5000       0.1493E-003
    -27.1875     -1.2500       0.4375E-004
    -27.1875      0.0000       0.1972E-004
    -27.1875      1.2500       0.7150E-004
    -27.1875      2.5000       0.2021E-003
    -27.1875      3.7500       0.3940E-003
    -27.1875      5.0000       0.6112E-003
    -27.1875      6.2500       0.8196E-003
    -27.1875      7.5000       0.9838E-003
    -27.1875      8.7500       0.1056E-002
    -27.1875     10.0000       0.9936E-003
    -27.1875     11.2500       0.7976E-003
    -27.1875     12.5000       0.5290E-003
    -27.1875     13.7500       0.2724E-003
    -27.1875     15.0000       0.9177E-004
    -27.1875     16.2500       0.1212E-004
    -27.1875     17.5000       0.1270E-006
    -27.1875     18.7500       0.9908E-011

    -26.2500    -20.0000       0.1890E-010
    -26.2500    -18.7500       0.4829E-010
    -26.2500    -17.5000       0.8757E-007
    -26.2500    -16.2500       0.7986E-005
    -26.2500    -15.0000       0.6263E-004
    -26.2500    -13.7500       0.1943E-003
    -26.2500    -12.5000       0.3973E-003
    -26.2500    -11.2500       0.6297E-003
    -26.2500    -10.0000       0.8204E-003
    -26.2500     -8.7500       0.9114E-003
    -26.2500     -7.5000       0.8948E-003
    -26.2500     -6.2500       0.8086E-003
    -26.2500     -5.0000       0.6927E-003
    -26.2500     -3.7500       0.5732E-003
    -26.2500     -2.5000       0.4597E-003
    -26.2500     -1.2500       0.3653E-003
    -26.2500      0.0000       0.3004E-003
    -26.2500      1.2500       0.2641E-003
    -26.2500      2.5000       0.2696E-003
    -26.2500      3.7500       0.3383E-003
    -26.2500      5.0000       0.4679E-003
    -26.2500      6.2500       0.6352E-003
    -26.2500      7.5000       0.8014E-003
    -26.2500      8.7500       0.9133E-003
    -26.2500     10.0000       0.9167E-003
    -26.2500     11.2500       0.7879E-003
    -26.2500     12.5000       0.5609E-003
    -26.2500     13.7500       0.3089E-003
    -26.2500     15.0000       0.1100E-003
    -26.2500     16.2500       0.1511E-004
    -26.2500     17.5000       0.1632E-006
    -26.2500     18.7500       0.5917E-011

    -25.3125    -20.0000       0.3319E-010
    -25.3125    -18.7500       0.3053E-010
    -25.3125    -17.5000       0.1553E-007
    -25.3125    -16.2500       0.1527E-005
    -25.3125    -15.0000       0.1386E-004
    -25.3125    -13.7500       0.5161E-004
    -25.3125    -12.5000       0.1267E-003
    -25.3125    -11.2500       0.2340E-003
    -25.3125    -10.0000       0.3454E-003
    -25.3125     -8.7500       0.4356E-003
    -25.3125     -7.5000       0.5085E-003
    -25.3125     -6.2500       0.5982E-003
    -25.3125     -5.0000       0.7372E-003
    -25.3125     -3.7500       0.9279E-003
    -25.3125     -2.5000       0.1118E-002
    -25.3125     -1.2500       0.1230E-002
    -25.3125      0.0000       0.1224E-002
    -25.3125      1.2500       0.1091E-002
    -25.3125      2.5000       0.8551E-003
    -25.3125      3.7500       0.6027E-003
    -25.3125      5.0000       0.4252E-003
    -25.3125      6.2500       0.3577E-003
    -25.3125      7.5000       0.3785E-003
    -25.3125      8.7500       0.4385E-003
    -25.3125     10.0000       0.4791E-003
    -25.3125     11.2500       0.4537E-003
    -25.3125     12.5000       0.3538E-003
    -25.3125     13.7500       0.2107E-003
    -25.3125     15.0000       0.7962E-004
    -25.3125     16.2500       0.1139E-004
    -25.3125     17.5000       0.1268E-006
    -25.3125     18.7500       0.8851E-012

    -24.3750    -20.0000       0.4407E-010
    -24.3750    -18.7500       0.9465E-011
    -24.3750    -17.5000       0.5846E-008
    -24.3750    -16.2500       0.4188E-006
    -24.3750    -15.0000       0.1932E-005
    -24.3750    -13.7500       0.2742E-005
    -24.3750    -12.5000       0.2820E-005
    -24.3750    -11.2500       0.5797E-005
    -24.3750    -10.0000       0.1704E-004
    -24.3750     -8.7500       0.5191E-004
    -24.3750     -7.5000       0.1417E-003
    -24.3750     -6.2500       0.3277E-003
    -24.3750     -5.0000       0.6428E-003
    -24.3750     -3.7500       0.1078E-002
    -24.3750     -2.5000       0.1540E-002
    -24.3750     -1.2500       0.1869E-002
    -24.3750      0.0000       0.1968E-002
    -24.3750      1.2500       0.1815E-002
    -24.3750      2.5000       0.1437E-002
    -24.3750      3.7500       0.9517E-003
    -24.3750      5.0000       0.5211E-003
    -24.3750      6.2500       0.2338E-003
    -24.3750      7.5000       0.9087E-004
    -24.3750      8.7500       0.5306E-004
    -24.3750     10.0000       0.6927E-004
    -24.3750     11.2500       0.9165E-004
    -24.3750     12.5000       0.9148E-004
    -24.3750     13.7500       0.6483E-004
    -24.3750     15.0000       0.2760E-004
    -24.3750     16.2500       0.4263E-005
    -24.3750     17.5000       0.5028E-007
    -24.3750     18.7500       0.1274E-011

    -23.4375    -20.0000       0.4336E-010
    -23.4375    -18.7500       0.8755E-013
    -23.4375    -17.5000       0.6723E-007
    -23.4375    -16.2500       0.5650E-005
    -23.4375    -15.0000       0.3746E-004
    -23.4375    -13.7500       0.9120E-004
    -23.4375    -12.5000       0.1360E-003
    -23.4375    -11.2500       0.1485E-003
    -23.4375    -10.0000       0.1279E-003
    -23.4375     -8.7500       0.1021E-003
    -23.4375     -7.5000       0.1209E-003
    -23.4375     -6.2500       0.2377E-003
    -23.4375     -5.0000       0.4934E-003
    -23.4375     -3.7500       0.8914E-003
    -23.4375     -2.5000       0.1350E-002
    -23.4375     -1.2500       0.1716E-002
    -23.4375      0.0000       0.1873E-002
    -23.4375      1.2500       0.1795E-002
    -23.4375      2.5000       0.1499E-002
    -23.4375      3.7500       0.1075E-002
    -23.4375      5.0000       0.6703E-003
    -23.4375      6.2500       0.3739E-003
    -23.4375      7.5000       0.1947E-003
    -23.4375      8.7500       0.1004E-003
    -23.4375     10.0000       0.5208E-004
    -23.4375     11.2500       0.2385E-004
    -23.4375     12.5000       0.7293E-005
    -23.4375     13.7500       0.1066E-005
    -23.4375     15.0000       0.1895E-006
    -23.4375     16.2500       0.7162E-007
    -23.4375     17.5000       0.1553E-008
    -23.4375     18.7500       0.9581E-011

    -22.5000    -20.0000       0.3200E-010
    -22.5000    -18.7500       0.6501E-011
    -22.5000    -17.5000       0.1451E-006
    -22.5000    -16.2500       0.1257E-004
    -22.5000    -15.0000       0.8884E-004
    -22.5000    -13.7500       0.2383E-003
    -22.5000    -12.5000       0.4076E-003
    -22.5000    -11.2500       0.5349E-003
    -22.5000    -10.0000       0.5791E-003
    -22.5000     -8.7500       0.5415E-003
    -22.5000     -7.5000       0.4646E-003
    -22.5000     -6.2500       0.4083E-003
    -22.5000     -5.0000       0.4218E-003
    -22.5000     -3.7500       0.5327E-003
    -22.5000     -2.5000       0.7180E-003
    -22.5000     -1.2500       0.9066E-003
    -22.5000      0.0000       0.1024E-002
    -22.5000      1.2500       0.1049E-002
    -22.5000      2.5000       0.9868E-003
    -22.5000      3.7500       0.8641E-003
    -22.5000      5.0000       0.7402E-003
    -22.5000      6.2500       0.6532E-003
    -22.5000      7.5000       0.5974E-003
    -22.5000      8.7500       0.5383E-003
    -22.5000     10.0000       0.4429E-003
    -22.5000     11.2500       0.3108E-003
    -22.5000     12.5000       0.1762E-003
    -22.5000     13.7500       0.7612E-004
    -22.5000     15.0000       0.2177E-004
    -22.5000     16.2500       0.2537E-005
    -22.5000     17.5000       0.2395E-007
    -22.5000     18.7500       0.2143E-010

    -21.5625    -20.0000       0.1911E-010
    -21.5625    -18.7500       0.1924E-010
    -21.5625    -17.5000       0.1703E-006
    -21.5625    -16.2500       0.1502E-004
    -21.5625    -15.0000       0.1104E-003
    -21.5625    -13.7500       0.3132E-003
    -21.5625    -12.5000       0.5763E-003
    -21.5625    -11.2500       0.8213E-003
    -21.5625    -10.0000       0.9691E-003
    -21.5625     -8.7500       0.9788E-003
    -21.5625     -7.5000       0.8669E-003
    -21.5625     -6.2500       0.6877E-003
    -21.5625     -5.0000       0.4916E-003
    -21.5625     -3.7500       0.3211E-003
    -21.5625     -2.5000       0.2039E-003
    -21.5625     -1.2500       0.1583E-003
    -21.5625      0.0000       0.1729E-003
    -21.5625      1.2500       0.2376E-003
    -21.5625      2.5000       0.3537E-003
    -21.5625      3.7500       0.5051E-003
    -21.5625      5.0000       0.6687E-003
    -21.5625      6.2500       0.8234E-003
    -21.5625      7.5000       0.9408E-003
    -21.5625      8.7500       0.9769E-003
    -21.5625     10.0000       0.8936E-003
    -21.5625     11.2500       0.6969E-003
    -21.5625     12.5000       0.4478E-003
    -21.5625     13.7500       0.2232E-003
    -21.5625     15.0000       0.7314E-004
    -21.5625     16.2500       0.9467E-005
    -21.5625     17.5000       0.9745E-007
    -21.5625     18.7500       0.2875E-010

    -20.6250    -20.0000       0.1415E-010
    -20.6250    -18.7500       0.2461E-010
    -20.6250    -17.5000       0.1204E-006
    -20.6250    -16.2500       0.1084E-004
    -20.6250    -15.0000       0.8302E-004
    -20.6250    -13.7500       0.2495E-003
    -20.6250    -12.5000       0.4922E-003
    -20.6250    -11.2500       0.7537E-003
    -20.6250    -10.0000       0.9520E-003
    -20.6250     -8.7500       0.1026E-002
    -20.6250     -7.5000       0.9704E-003
    -20.6250     -6.2500       0.8275E-003
    -20.6250     -5.0000       0.6408E-003
    -20.6250     -3.7500       0.4450E-003
    -20.6250     -2.5000       0.2664E-003
    -20.6250     -1.2500       0.1385E-003
    -20.6250      0.0000       0.7811E-004
    -20.6250      1.2500       0.8367E-004
    -20.6250      2.5000       0.1636E-003
    -20.6250      3.7500       0.3177E-003
    -20.6250      5.0000       0.5193E-003
    -20.6250      6.2500       0.7335E-003
    -20.6250      7.5000       0.9200E-003
    -20.6250      8.7500       0.1027E-002
    -20.6250     10.0000       0.1004E-002
    -20.6250     11.2500       0.8392E-003
    -20.6250     12.5000       0.5807E-003
    -20.6250     13.7500       0.3116E-003
    -20.6250     15.0000       0.1086E-003
    -20.6250     16.2500       0.1470E-004
    -20.6250     17.5000       0.1567E-006
    -20.6250     18.7500       0.2640E-010

    -19.6875    -20.0000       0.1896E-010
    -19.6875    -18.7500       0.1738E-010
    -19.6875    -17.5000       0.3982E-007
    -19.6875    -16.2500       0.3726E-005
    -19.6875    -15.0000       0.3098E-004
    -19.6875    -13.7500       0.1037E-003
    -19.6875    -12.5000       0.2301E-003
    -19.6875    -11.2500       0.3919E-003
    -19.6875    -10.0000       0.5428E-003
    -19.6875     -8.7500       0.6413E-003
    -19.6875     -7.5000       0.6835E-003
    -19.6875     -6.2500       0.7037E-003
    -19.6875     -5.0000       0.7368E-003
    -19.6875     -3.7500       0.7942E-003
    -19.6875     -2.5000       0.8497E-003
    -19.6875     -1.2500       0.8650E-003
    -19.6875      0.0000       0.8249E-003
    -19.6875      1.2500       0.7250E-003
    -19.6875      2.5000       0.5862E-003
    -19.6875      3.7500       0.4688E-003
    -19.6875      5.0000       0.4248E-003
    -19.6875      6.2500       0.4633E-003
    -19.6875      7.5000       0.5536E-003
    -19.6875      8.7500       0.6441E-003
    -19.6875     10.0000       0.6765E-003
    -19.6875     11.2500       0.6116E-003
    -19.6875     12.5000       0.4571E-003
    -19.6875     13.7500       0.2628E-003
    -19.6875     15.0000       0.9673E-004
    -19.6875     16.2500       0.1359E-004
    -19.6875     17.5000       0.1491E-006
    -19.6875     18.7500       0.1637E-010

    -18.7500    -20.0000       0.2675E-010
    -18.7500    -18.7500       0.5578E-011
    -18.7500    -17.5000       0.4291E-010
    -18.7500    -16.2500       0.1281E-007
    -18.7500    -15.0000       0.5647E-006
    -18.7500    -13.7500       0.5392E-005
    -18.7500    -12.5000       0.2271E-004
    -18.7500    -11.2500       0.5725E-004
    -18.7500    -10.0000       0.1048E-003
    -18.7500     -8.7500       0.1659E-003
    -18.7500     -7.5000       0.2606E-003
    -18.7500     -6.2500       0.4261E-003
    -18.7500     -5.0000       0.6942E-003
    -18.7500     -3.7500       0.1058E-002
    -18.7500     -2.5000       0.1434E-002
    -18.7500     -1.2500       0.1690E-002
    -18.7500      0.0000       0.1747E-002
    -18.7500      1.2500       0.1589E-002
    -18.7500      2.5000       0.1244E-002
    -18.7500      3.7500       0.8237E-003
    -18.7500      5.0000       0.4692E-003
    -18.7500      6.2500       0.2527E-003
    -18.7500      7.5000       0.1667E-003
    -18.7500      8.7500       0.1680E-003
    -18.7500     10.0000       0.2012E-003
    -18.7500     11.2500       0.2158E-003
    -18.7500     12.5000       0.1865E-003
    -18.7500     13.7500       0.1201E-003
    -18.7500     15.0000       0.4798E-004
    -18.7500     16.2500       0.7119E-005
    -18.7500     17.5000       0.8130E-007
    -18.7500     18.7500       0.6065E-011

    -17.8125    -20.0000       0.2871E-010
    -17.8125    -18.7500       0.2947E-011
    -17.8125    -17.5000       0.3646E-007
    -17.8125    -16.2500       0.2998E-005
    -17.8125    -15.0000       0.1881E-004
    -17.8125    -13.7500       0.4201E-004
    -17.8125    -12.5000       0.5466E-004
    -17.8125    -11.2500       0.4755E-004
    -17.8125    -10.0000       0.2762E-004
    -17.8125     -8.7500       0.2274E-004
    -17.8125     -7.5000       0.7775E-004
    -17.8125     -6.2500       0.2414E-003
    -17.8125     -5.0000       0.5510E-003
    -17.8125     -3.7500       0.1002E-002
    -17.8125     -2.5000       0.1501E-002
    -17.8125     -1.2500       0.1881E-002
    -17.8125      0.0000       0.2026E-002
    -17.8125      1.2500       0.1909E-002
    -17.8125      2.5000       0.1554E-002
    -17.8125      3.7500       0.1067E-002
    -17.8125      5.0000       0.6131E-003
    -17.8125      6.2500       0.2893E-003
    -17.8125      7.5000       0.1037E-003
    -17.8125      8.7500       0.2214E-004
    -17.8125     10.0000       0.9998E-006
    -17.8125     11.2500       0.3780E-005
    -17.8125     12.5000       0.9466E-005
    -17.8125     13.7500       0.1036E-004
    -17.8125     15.0000       0.5727E-005
    -17.8125     16.2500       0.1039E-005
    -17.8125     17.5000       0.1362E-007
    -17.8125     18.7500       0.2070E-011

    -16.8750    -20.0000       0.2230E-010
    -16.8750    -18.7500       0.1599E-010
    -16.8750    -17.5000       0.1167E-006
    -16.8750    -16.2500       0.1003E-004
    -16.8750    -15.0000       0.6950E-004
    -16.8750    -13.7500       0.1810E-003
    -16.8750    -12.5000       0.2975E-003
    -16.8750    -11.2500       0.3715E-003
    -16.8750    -10.0000       0.3803E-003
    -16.8750     -8.7500       0.3395E-003
    -16.8750     -7.5000       0.2979E-003
    -16.8750     -6.2500       0.3141E-003
    -16.8750     -5.0000       0.4343E-003
    -16.8750     -3.7500       0.6766E-003
    -16.8750     -2.5000       0.9919E-003
    -16.8750     -1.2500       0.1270E-002
    -16.8750      0.0000       0.1415E-002
    -16.8750      1.2500       0.1402E-002
    -16.8750      2.5000       0.1240E-002
    -16.8750      3.7500       0.9826E-003
    -16.8750      5.0000       0.7285E-003
    -16.8750      6.2500       0.5404E-003
    -16.8750      7.5000       0.4207E-003
    -16.8750      8.7500       0.3367E-003
    -16.8750     10.0000       0.2543E-003
    -16.8750     11.2500       0.1643E-003
    -16.8750     12.5000       0.8360E-004
    -16.8750     13.7500       0.3116E-004
    -16.8750     15.0000       0.7529E-005
    -16.8750     16.2500       0.7572E-006
    -16.8750     17.5000       0.6302E-008
    -16.8750     18.7500       0.4917E-011

    -15.9375    -20.0000       0.1368E-010
    -15.9375    -18.7500       0.3716E-010
    -15.9375    -17.5000       0.1693E-006
    -15.9375    -16.2500       0.1485E-004
    -15.9375    -15.0000       0.1076E-003
    -15.9375    -13.7500       0.2988E-003
    -15.9375    -12.5000       0.5352E-003
    -15.9375    -11.2500       0.7407E-003
    -15.9375    -10.0000       0.8485E-003
    -15.9375     -8.7500       0.8339E-003
    -15.9375     -7.5000       0.7250E-003
    -15.9375     -6.2500       0.5793E-003
    -15.9375     -5.0000       0.4480E-003
    -15.9375     -3.7500       0.3700E-003
    -15.9375     -2.5000       0.3573E-003
    -15.9375     -1.2500       0.3976E-003
    -15.9375      0.0000       0.4557E-003
    -15.9375      1.2500       0.5163E-003
    -15.9375      2.5000       0.5812E-003
    -15.9375      3.7500       0.6456E-003
    -15.9375      5.0000       0.7129E-003
    -15.9375      6.2500       0.7826E-003
    -15.9375      7.5000       0.8354E-003
    -15.9375      8.7500       0.8312E-003
    -15.9375     10.0000       0.7354E-003
    -15.9375     11.2500       0.5544E-003
    -15.9375     12.5000       0.3428E-003
    -15.9375     13.7500       0.1640E-003
    -15.9375     15.0000       0.5179E-004
    -15.9375     16.2500       0.6522E-005
    -15.9375     17.5000       0.6586E-007
    -15.9375     18.7500       0.9305E-011

    -15.0000    -20.0000       0.1216E-010
    -15.0000    -18.7500       0.5068E-010
    -15.0000    -17.5000       0.1476E-006
    -15.0000    -16.2500       0.1319E-004
    -15.0000    -15.0000       0.9918E-004
    -15.0000    -13.7500       0.2907E-003
    -15.0000    -12.5000       0.5566E-003
    -15.0000    -11.2500       0.8272E-003
    -15.0000    -10.0000       0.1016E-002
    -15.0000     -8.7500       0.1067E-002
    -15.0000     -7.5000       0.9792E-003
    -15.0000     -6.2500       0.8012E-003
    -15.0000     -5.0000       0.5798E-003
    -15.0000     -3.7500       0.3554E-003
    -15.0000     -2.5000       0.1623E-003
    -15.0000     -1.2500       0.3964E-004
    -15.0000      0.0000       0.3497E-010
    -15.0000      1.2500       0.3950E-004
    -15.0000      2.5000       0.1625E-003
    -15.0000      3.7500       0.3550E-003
    -15.0000      5.0000       0.5802E-003
    -15.0000      6.2500       0.8009E-003
    -15.0000      7.5000       0.9795E-003
    -15.0000      8.7500       0.1066E-002
    -15.0000     10.0000       0.1017E-002
    -15.0000     11.2500       0.8272E-003
    -15.0000     12.5000       0.5566E-003
    -15.0000     13.7500       0.2907E-003
    -15.0000     15.0000       0.9915E-004
    -15.0000     16.2500       0.1321E-004
    -15.0000     17.5000       0.1394E-006
    -15.0000     18.7500       0.9475E-011

    -14.0625    -20.0000       0.2149E-010
    -14.0625    -18.7500       0.4579E-010
    -14.0625    -17.5000       0.7083E-007
    -14.0625    -16.2500       0.6508E-005
    -14.0625    -15.0000       0.5181E-004
    -14.0625    -13.7500       0.1640E-003
    -14.0625    -12.5000       0.3428E-003
    -14.0625    -11.2500       0.5545E-003
    -14.0625    -10.0000       0.7353E-003
    -14.0625     -8.7500       0.8314E-003
    -14.0625     -7.5000       0.8352E-003
    -14.0625     -6.2500       0.7829E-003
    -14.0625     -5.0000       0.7126E-003
    -14.0625     -3.7500       0.6458E-003
    -14.0625     -2.5000       0.5810E-003
    -14.0625     -1.2500       0.5164E-003
    -14.0625      0.0000       0.4557E-003
    -14.0625      1.2500       0.3975E-003
    -14.0625      2.5000       0.3575E-003
    -14.0625      3.7500       0.3697E-003
    -14.0625      5.0000       0.4483E-003
    -14.0625      6.2500       0.5790E-003
    -14.0625      7.5000       0.7252E-003
    -14.0625      8.7500       0.8338E-003
    -14.0625     10.0000       0.8486E-003
    -14.0625     11.2500       0.7406E-003
    -14.0625     12.5000       0.5352E-003
    -14.0625     13.7500       0.2988E-003
    -14.0625     15.0000       0.1075E-003
    -14.0625     16.2500       0.1487E-004
    -14.0625     17.5000       0.1616E-006
    -14.0625     18.7500       0.4779E-011

    -13.1250    -20.0000       0.3599E-010
    -13.1250    -18.7500       0.2603E-010
    -13.1250    -17.5000       0.7285E-008
    -13.1250    -16.2500       0.7543E-006
    -13.1250    -15.0000       0.7533E-005
    -13.1250    -13.7500       0.3116E-004
    -13.1250    -12.5000       0.8359E-004
    -13.1250    -11.2500       0.1644E-003
    -13.1250    -10.0000       0.2543E-003
    -13.1250     -8.7500       0.3367E-003
    -13.1250     -7.5000       0.4206E-003
    -13.1250     -6.2500       0.5405E-003
    -13.1250     -5.0000       0.7284E-003
    -13.1250     -3.7500       0.9827E-003
    -13.1250     -2.5000       0.1240E-002
    -13.1250     -1.2500       0.1402E-002
    -13.1250      0.0000       0.1416E-002
    -13.1250      1.2500       0.1270E-002
    -13.1250      2.5000       0.9920E-003
    -13.1250      3.7500       0.6765E-003
    -13.1250      5.0000       0.4344E-003
    -13.1250      6.2500       0.3140E-003
    -13.1250      7.5000       0.2980E-003
    -13.1250      8.7500       0.3395E-003
    -13.1250     10.0000       0.3803E-003
    -13.1250     11.2500       0.3715E-003
    -13.1250     12.5000       0.2975E-003
    -13.1250     13.7500       0.1810E-003
    -13.1250     15.0000       0.6948E-004
    -13.1250     16.2500       0.1004E-004
    -13.1250     17.5000       0.1127E-006
    -13.1250     18.7500       0.3572E-012

    -12.1875    -20.0000       0.4498E-010
    -12.1875    -18.7500       0.6309E-011
    -12.1875    -17.5000       0.1344E-007
    -12.1875    -16.2500       0.1040E-005
    -12.1875    -15.0000       0.5727E-005
    -12.1875    -13.7500       0.1036E-004
    -12.1875    -12.5000       0.9466E-005
    -12.1875    -11.2500       0.3780E-005
    -12.1875    -10.0000       0.9994E-006
    -12.1875     -8.7500       0.2215E-004
    -12.1875     -7.5000       0.1037E-003
    -12.1875     -6.2500       0.2893E-003
    -12.1875     -5.0000       0.6131E-003
    -12.1875     -3.7500       0.1067E-002
    -12.1875     -2.5000       0.1554E-002
    -12.1875     -1.2500       0.1909E-002
    -12.1875      0.0000       0.2026E-002
    -12.1875      1.2500       0.1881E-002
    -12.1875      2.5000       0.1501E-002
    -12.1875      3.7500       0.1002E-002
    -12.1875      5.0000       0.5510E-003
    -12.1875      6.2500       0.2414E-003
    -12.1875      7.5000       0.7775E-004
    -12.1875      8.7500       0.2273E-004
    -12.1875     10.0000       0.2763E-004
    -12.1875     11.2500       0.4755E-004
    -12.1875     12.5000       0.5467E-004
    -12.1875     13.7500       0.4201E-004
    -12.1875     15.0000       0.1881E-004
    -12.1875     16.2500       0.2999E-005
    -12.1875     17.5000       0.3618E-007
    -12.1875     18.7500       0.2345E-011

    -11.2500    -20.0000       0.4173E-010
    -11.2500    -18.7500       0.2440E-012
    -11.2500    -17.5000       0.8393E-007
    -11.2500    -16.2500       0.7111E-005
    -11.2500    -15.0000       0.4799E-004
    -11.2500    -13.7500       0.1201E-003
    -11.2500    -12.5000       0.1865E-003
    -11.2500    -11.2500       0.2158E-003
    -11.2500    -10.0000       0.2012E-003
    -11.2500     -8.7500       0.1680E-003
    -11.2500     -7.5000       0.1667E-003
    -11.2500     -6.2500       0.2528E-003
    -11.2500     -5.0000       0.4692E-003
    -11.2500     -3.7500       0.8237E-003
    -11.2500     -2.5000       0.1244E-002
    -11.2500     -1.2500       0.1589E-002
    -11.2500      0.0000       0.1747E-002
    -11.2500      1.2500       0.1690E-002
    -11.2500      2.5000       0.1434E-002
    -11.2500      3.7500       0.1058E-002
    -11.2500      5.0000       0.6943E-003
    -11.2500      6.2500       0.4261E-003
    -11.2500      7.5000       0.2606E-003
    -11.2500      8.7500       0.1658E-003
    -11.2500     10.0000       0.1048E-003
    -11.2500     11.2500       0.5724E-004
    -11.2500     12.5000       0.2271E-004
    -11.2500     13.7500       0.5393E-005
    -11.2500     15.0000       0.5641E-006
    -11.2500     16.2500       0.1310E-007
    -11.2500     17.5000       0.5414E-011
    -11.2500     18.7500       0.1191E-010

    -10.3125    -20.0000       0.2918E-010
    -10.3125    -18.7500       0.9008E-011
    -10.3125    -17.5000       0.1561E-006
    -10.3125    -16.2500       0.1357E-004
    -10.3125    -15.0000       0.9675E-004
    -10.3125    -13.7500       0.2628E-003
    -10.3125    -12.5000       0.4571E-003
    -10.3125    -11.2500       0.6116E-003
    -10.3125    -10.0000       0.6764E-003
    -10.3125     -8.7500       0.6442E-003
    -10.3125     -7.5000       0.5534E-003
    -10.3125     -6.2500       0.4635E-003
    -10.3125     -5.0000       0.4246E-003
    -10.3125     -3.7500       0.4690E-003
    -10.3125     -2.5000       0.5860E-003
    -10.3125     -1.2500       0.7251E-003
    -10.3125      0.0000       0.8249E-003
    -10.3125      1.2500       0.8649E-003
    -10.3125      2.5000       0.8498E-003
    -10.3125      3.7500       0.7940E-003
    -10.3125      5.0000       0.7370E-003
    -10.3125      6.2500       0.7035E-003
    -10.3125      7.5000       0.6837E-003
    -10.3125      8.7500       0.6412E-003
    -10.3125     10.0000       0.5429E-003
    -10.3125     11.2500       0.3919E-003
    -10.3125     12.5000       0.2301E-003
    -10.3125     13.7500       0.1037E-003
    -10.3125     15.0000       0.3097E-004
    -10.3125     16.2500       0.3736E-005
    -10.3125     17.5000       0.3631E-007
    -10.3125     18.7500       0.2351E-010

     -9.3750    -20.0000       0.1728E-010
     -9.3750    -18.7500       0.2126E-010
     -9.3750    -17.5000       0.1658E-006
     -9.3750    -16.2500       0.1468E-004
     -9.3750    -15.0000       0.1087E-003
     -9.3750    -13.7500       0.3116E-003
     -9.3750    -12.5000       0.5807E-003
     -9.3750    -11.2500       0.8393E-003
     -9.3750    -10.0000       0.1004E-002
     -9.3750     -8.7500       0.1027E-002
     -9.3750     -7.5000       0.9197E-003
     -9.3750     -6.2500       0.7338E-003
     -9.3750     -5.0000       0.5190E-003
     -9.3750     -3.7500       0.3180E-003
     -9.3750     -2.5000       0.1633E-003
     -9.3750     -1.2500       0.8381E-004
     -9.3750      0.0000       0.7811E-004
     -9.3750      1.2500       0.1384E-003
     -9.3750      2.5000       0.2666E-003
     -9.3750      3.7500       0.4447E-003
     -9.3750      5.0000       0.6411E-003
     -9.3750      6.2500       0.8272E-003
     -9.3750      7.5000       0.9707E-003
     -9.3750      8.7500       0.1026E-002
     -9.3750     10.0000       0.9521E-003
     -9.3750     11.2500       0.7536E-003
     -9.3750     12.5000       0.4922E-003
     -9.3750     13.7500       0.2496E-003
     -9.3750     15.0000       0.8299E-004
     -9.3750     16.2500       0.1086E-004
     -9.3750     17.5000       0.1127E-006
     -9.3750     18.7500       0.2910E-010

     -8.4375    -20.0000       0.1445E-010
     -8.4375    -18.7500       0.2409E-010
     -8.4375    -17.5000       0.1045E-006
     -8.4375    -16.2500       0.9447E-005
     -8.4375    -15.0000       0.7316E-004
     -8.4375    -13.7500       0.2232E-003
     -8.4375    -12.5000       0.4478E-003
     -8.4375    -11.2500       0.6969E-003
     -8.4375    -10.0000       0.8935E-003
     -8.4375     -8.7500       0.9771E-003
     -8.4375     -7.5000       0.9405E-003
     -8.4375     -6.2500       0.8237E-003
     -8.4375     -5.0000       0.6684E-003
     -8.4375     -3.7500       0.5054E-003
     -8.4375     -2.5000       0.3535E-003
     -8.4375     -1.2500       0.2377E-003
     -8.4375      0.0000       0.1729E-003
     -8.4375      1.2500       0.1581E-003
     -8.4375      2.5000       0.2041E-003
     -8.4375      3.7500       0.3207E-003
     -8.4375      5.0000       0.4919E-003
     -8.4375      6.2500       0.6873E-003
     -8.4375      7.5000       0.8671E-003
     -8.4375      8.7500       0.9786E-003
     -8.4375     10.0000       0.9692E-003
     -8.4375     11.2500       0.8212E-003
     -8.4375     12.5000       0.5763E-003
     -8.4375     13.7500       0.3133E-003
     -8.4375     15.0000       0.1104E-003
     -8.4375     16.2500       0.1505E-004
     -8.4375     17.5000       0.1613E-006
     -8.4375     18.7500       0.2481E-010

     -7.5000    -20.0000       0.2059E-010
     -7.5000    -18.7500       0.1495E-010
     -7.5000    -17.5000       0.2658E-007
     -7.5000    -16.2500       0.2530E-005
     -7.5000    -15.0000       0.2178E-004
     -7.5000    -13.7500       0.7612E-004
     -7.5000    -12.5000       0.1762E-003
     -7.5000    -11.2500       0.3108E-003
     -7.5000    -10.0000       0.4428E-003
     -7.5000     -8.7500       0.5384E-003
     -7.5000     -7.5000       0.5973E-003
     -7.5000     -6.2500       0.6533E-003
     -7.5000     -5.0000       0.7401E-003
     -7.5000     -3.7500       0.8642E-003
     -7.5000     -2.5000       0.9867E-003
     -7.5000     -1.2500       0.1049E-002
     -7.5000      0.0000       0.1024E-002
     -7.5000      1.2500       0.9065E-003
     -7.5000      2.5000       0.7181E-003
     -7.5000      3.7500       0.5326E-003
     -7.5000      5.0000       0.4220E-003
     -7.5000      6.2500       0.4081E-003
     -7.5000      7.5000       0.4648E-003
     -7.5000      8.7500       0.5413E-003
     -7.5000     10.0000       0.5792E-003
     -7.5000     11.2500       0.5348E-003
     -7.5000     12.5000       0.4077E-003
     -7.5000     13.7500       0.2383E-003
     -7.5000     15.0000       0.8882E-004
     -7.5000     16.2500       0.1258E-004
     -7.5000     17.5000       0.1390E-006
     -7.5000     18.7500       0.1406E-010

     -6.5625    -20.0000       0.2782E-010
     -6.5625    -18.7500       0.3929E-011
     -6.5625    -17.5000       0.1295E-008
     -6.5625    -16.2500       0.7217E-007
     -6.5625    -15.0000       0.1889E-006
     -6.5625    -13.7500       0.1066E-005
     -6.5625    -12.5000       0.7291E-005
     -6.5625    -11.2500       0.2385E-004
     -6.5625    -10.0000       0.5208E-004
     -6.5625     -8.7500       0.1004E-003
     -6.5625     -7.5000       0.1947E-003
     -6.5625     -6.2500       0.3739E-003
     -6.5625     -5.0000       0.6703E-003
     -6.5625     -3.7500       0.1075E-002
     -6.5625     -2.5000       0.1499E-002
     -6.5625     -1.2500       0.1795E-002
     -6.5625      0.0000       0.1873E-002
     -6.5625      1.2500       0.1716E-002
     -6.5625      2.5000       0.1350E-002
     -6.5625      3.7500       0.8914E-003
     -6.5625      5.0000       0.4935E-003
     -6.5625      6.2500       0.2377E-003
     -6.5625      7.5000       0.1209E-003
     -6.5625      8.7500       0.1021E-003
     -6.5625     10.0000       0.1279E-003
     -6.5625     11.2500       0.1485E-003
     -6.5625     12.5000       0.1360E-003
     -6.5625     13.7500       0.9120E-004
     -6.5625     15.0000       0.3745E-004
     -6.5625     16.2500       0.5655E-005
     -6.5625     17.5000       0.6540E-007
     -6.5625     18.7500       0.4639E-011

     -5.6250    -20.0000       0.2801E-010
     -5.6250    -18.7500       0.4339E-011
     -5.6250    -17.5000       0.5109E-007
     -5.6250    -16.2500       0.4261E-005
     -5.6250    -15.0000       0.2760E-004
     -5.6250    -13.7500       0.6483E-004
     -5.6250    -12.5000       0.9148E-004
     -5.6250    -11.2500       0.9165E-004
     -5.6250    -10.0000       0.6926E-004
     -5.6250     -8.7500       0.5307E-004
     -5.6250     -7.5000       0.9085E-004
     -5.6250     -6.2500       0.2339E-003
     -5.6250     -5.0000       0.5211E-003
     -5.6250     -3.7500       0.9517E-003
     -5.6250     -2.5000       0.1437E-002
     -5.6250     -1.2500       0.1815E-002
     -5.6250      0.0000       0.1968E-002
     -5.6250      1.2500       0.1869E-002
     -5.6250      2.5000       0.1540E-002
     -5.6250      3.7500       0.1078E-002
     -5.6250      5.0000       0.6429E-003
     -5.6250      6.2500       0.3277E-003
     -5.6250      7.5000       0.1417E-003
     -5.6250      8.7500       0.5191E-004
     -5.6250     10.0000       0.1704E-004
     -5.6250     11.2500       0.5795E-005
     -5.6250     12.5000       0.2821E-005
     -5.6250     13.7500       0.2742E-005
     -5.6250     15.0000       0.1933E-005
     -5.6250     16.2500       0.4181E-006
     -5.6250     17.5000       0.6123E-008
     -5.6250     18.7500       0.2201E-011

     -4.6875    -20.0000       0.2044E-010
     -4.6875    -18.7500       0.2003E-010
     -4.6875    -17.5000       0.1317E-006
     -4.6875    -16.2500       0.1137E-004
     -4.6875    -15.0000       0.7963E-004
     -4.6875    -13.7500       0.2107E-003
     -4.6875    -12.5000       0.3538E-003
     -4.6875    -11.2500       0.4538E-003
     -4.6875    -10.0000       0.4791E-003
     -4.6875     -8.7500       0.4386E-003
     -4.6875     -7.5000       0.3784E-003
     -4.6875     -6.2500       0.3579E-003
     -4.6875     -5.0000       0.4250E-003
     -4.6875     -3.7500       0.6028E-003
     -4.6875     -2.5000       0.8550E-003
     -4.6875     -1.2500       0.1091E-002
     -4.6875      0.0000       0.1224E-002
     -4.6875      1.2500       0.1230E-002
     -4.6875      2.5000       0.1119E-002
     -4.6875      3.7500       0.9278E-003
     -4.6875      5.0000       0.7374E-003
     -4.6875      6.2500       0.5981E-003
     -4.6875      7.5000       0.5086E-003
     -4.6875      8.7500       0.4355E-003
     -4.6875     10.0000       0.3454E-003
     -4.6875     11.2500       0.2339E-003
     -4.6875     12.5000       0.1267E-003
     -4.6875     13.7500       0.5161E-004
     -4.6875     15.0000       0.1385E-004
     -4.6875     16.2500       0.1531E-005
     -4.6875     17.5000       0.1388E-007
     -4.6875     18.7500       0.5892E-011

     -3.7500    -20.0000       0.1256E-010
     -3.7500    -18.7500       0.4098E-010
     -3.7500    -17.5000       0.1713E-006
     -3.7500    -16.2500       0.1508E-004
     -3.7500    -15.0000       0.1100E-003
     -3.7500    -13.7500       0.3089E-003
     -3.7500    -12.5000       0.5609E-003
     -3.7500    -11.2500       0.7880E-003
     -3.7500    -10.0000       0.9166E-003
     -3.7500     -8.7500       0.9135E-003
     -3.7500     -7.5000       0.8011E-003
     -3.7500     -6.2500       0.6355E-003
     -3.7500     -5.0000       0.4676E-003
     -3.7500     -3.7500       0.3386E-003
     -3.7500     -2.5000       0.2694E-003
     -3.7500     -1.2500       0.2642E-003
     -3.7500      0.0000       0.3004E-003
     -3.7500      1.2500       0.3652E-003
     -3.7500      2.5000       0.4599E-003
     -3.7500      3.7500       0.5729E-003
     -3.7500      5.0000       0.6930E-003
     -3.7500      6.2500       0.8083E-003
     -3.7500      7.5000       0.8951E-003
     -3.7500      8.7500       0.9112E-003
     -3.7500     10.0000       0.8205E-003
     -3.7500     11.2500       0.6296E-003
     -3.7500     12.5000       0.3973E-003
     -3.7500     13.7500       0.1943E-003
     -3.7500     15.0000       0.6261E-004
     -3.7500     16.2500       0.8003E-005
     -3.7500     17.5000       0.8176E-007
     -3.7500     18.7500       0.9794E-011

     -2.8125    -20.0000       0.1320E-010
     -2.8125    -18.7500       0.5129E-010
     -2.8125    -17.5000       0.1348E-006
     -2.8125    -16.2500       0.1210E-004
     -2.8125    -15.0000       0.9180E-004
     -2.8125    -13.7500       0.2723E-003
     -2.8125    -12.5000       0.5290E-003
     -2.8125    -11.2500       0.7976E-003
     -2.8125    -10.0000       0.9935E-003
     -2.8125     -8.7500       0.1056E-002
     -2.8125     -7.5000       0.9835E-003
     -2.8125     -6.2500       0.8199E-003
     -2.8125     -5.0000       0.6109E-003
     -2.8125     -3.7500       0.3943E-003
     -2.8125     -2.5000       0.2018E-003
     -2.8125     -1.2500       0.7164E-004
     -2.8125      0.0000       0.1972E-004
     -2.8125      1.2500       0.4361E-004
     -2.8125      2.5000       0.1495E-003
     -2.8125      3.7500       0.3292E-003
     -2.8125      5.0000       0.5491E-003
     -2.8125      6.2500       0.7718E-003
     -2.8125      7.5000       0.9579E-003
     -2.8125      8.7500       0.1057E-002
     -2.8125     10.0000       0.1020E-002
     -2.8125     11.2500       0.8412E-003
     -2.8125     12.5000       0.5741E-003
     -2.8125     13.7500       0.3040E-003
     -2.8125     15.0000       0.1049E-003
     -2.8125     16.2500       0.1408E-004
     -2.8125     17.5000       0.1495E-006
     -2.8125     18.7500       0.8826E-011

     -1.8750    -20.0000       0.2430E-010
     -1.8750    -18.7500       0.4265E-010
     -1.8750    -17.5000       0.5466E-007
     -1.8750    -16.2500       0.5070E-005
     -1.8750    -15.0000       0.4112E-004
     -1.8750    -13.7500       0.1334E-003
     -1.8750    -12.5000       0.2864E-003
     -1.8750    -11.2500       0.4742E-003
     -1.8750    -10.0000       0.6416E-003
     -1.8750     -8.7500       0.7402E-003
     -1.8750     -7.5000       0.7638E-003
     -1.8750     -6.2500       0.7475E-003
     -1.8750     -5.0000       0.7275E-003
     -1.8750     -3.7500       0.7204E-003
     -1.8750     -2.5000       0.7127E-003
     -1.8750     -1.2500       0.6851E-003
     -1.8750      0.0000       0.6328E-003
     -1.8750      1.2500       0.5532E-003
     -1.8750      2.5000       0.4644E-003
     -1.8750      3.7500       0.4138E-003
     -1.8750      5.0000       0.4337E-003
     -1.8750      6.2500       0.5209E-003
     -1.8750      7.5000       0.6415E-003
     -1.8750      8.7500       0.7428E-003
     -1.8750     10.0000       0.7675E-003
     -1.8750     11.2500       0.6810E-003
     -1.8750     12.5000       0.5001E-003
     -1.8750     13.7500       0.2832E-003
     -1.8750     15.0000       0.1030E-003
     -1.8750     16.2500       0.1436E-004
     -1.8750     17.5000       0.1569E-006
     -1.8750     18.7500       0.3648E-011

     -0.9375    -20.0000       0.3855E-010
     -0.9375    -18.7500       0.2154E-010
     -0.9375    -17.5000       0.2055E-008
     -0.9375    -16.2500       0.2432E-006
     -0.9375    -15.0000       0.3044E-005
     -0.9375    -13.7500       0.1555E-004
     -0.9375    -12.5000       0.4847E-004
     -0.9375    -11.2500       0.1047E-003
     -0.9375    -10.0000       0.1730E-003
     -0.9375     -8.7500       0.2457E-003
     -0.9375     -7.5000       0.3369E-003
     -0.9375     -6.2500       0.4824E-003
     -0.9375     -5.0000       0.7139E-003
     -0.9375     -3.7500       0.1027E-002
     -0.9375     -2.5000       0.1347E-002
     -0.9375     -1.2500       0.1557E-002
     -0.9375      0.0000       0.1592E-002
     -0.9375      1.2500       0.1439E-002
     -0.9375      2.5000       0.1123E-002
     -0.9375      3.7500       0.7511E-003
     -0.9375      5.0000       0.4493E-003
     -0.9375      6.2500       0.2785E-003
     -0.9375      7.5000       0.2265E-003
     -0.9375      8.7500       0.2481E-003
     -0.9375     10.0000       0.2865E-003
     -0.9375     11.2500       0.2911E-003
     -0.9375     12.5000       0.2410E-003
     -0.9375     13.7500       0.1504E-003
     -0.9375     15.0000       0.5880E-004
     -0.9375     16.2500       0.8599E-005
     -0.9375     17.5000       0.9741E-007
     -0.9375     18.7500       0.1037E-012

      0.0000    -20.0000       0.4536E-010
      0.0000    -18.7500       0.3745E-011
      0.0000    -17.5000       0.2382E-007
      0.0000    -16.2500       0.1910E-005
      0.0000    -15.0000       0.1143E-004
      0.0000    -13.7500       0.2361E-004
      0.0000    -12.5000       0.2697E-004
      0.0000    -11.2500       0.1788E-004
      0.0000    -10.0000       0.4573E-005
      0.0000     -8.7500       0.1229E-004
      0.0000     -7.5000       0.8208E-004
      0.0000     -6.2500       0.2602E-003
      0.0000     -5.0000       0.5820E-003
      0.0000     -3.7500       0.1041E-002
      0.0000     -2.5000       0.1541E-002
      0.0000     -1.2500       0.1913E-002
      0.0000      0.0000       0.2045E-002
      0.0000      1.2500       0.1913E-002
      0.0000      2.5000       0.1541E-002
      0.0000      3.7500       0.1041E-002
      0.0000      5.0000       0.5820E-003
      0.0000      6.2500       0.2602E-003
      0.0000      7.5000       0.8208E-004
      0.0000      8.7500       0.1229E-004
      0.0000     10.0000       0.4573E-005
      0.0000     11.2500       0.1788E-004
      0.0000     12.5000       0.2697E-004
      0.0000     13.7500       0.2362E-004
      0.0000     15.0000       0.1143E-004
      0.0000     16.2500       0.1911E-005
      0.0000     17.5000       0.2383E-007
      0.0000     18.7500       0.3744E-011

      0.9375    -20.0000       0.3971E-010
      0.9375    -18.7500       0.1039E-011
      0.9375    -17.5000       0.1007E-006
      0.9375    -16.2500       0.8590E-005
      0.9375    -15.0000       0.5881E-004
      0.9375    -13.7500       0.1504E-003
      0.9375    -12.5000       0.2410E-003
      0.9375    -11.2500       0.2911E-003
      0.9375    -10.0000       0.2864E-003
      0.9375     -8.7500       0.2482E-003
      0.9375     -7.5000       0.2265E-003
      0.9375     -6.2500       0.2786E-003
      0.9375     -5.0000       0.4492E-003
      0.9375     -3.7500       0.7512E-003
      0.9375     -2.5000       0.1123E-002
      0.9375     -1.2500       0.1439E-002
      0.9375      0.0000       0.1592E-002
      0.9375      1.2500       0.1557E-002
      0.9375      2.5000       0.1347E-002
      0.9375      3.7500       0.1027E-002
      0.9375      5.0000       0.7139E-003
      0.9375      6.2500       0.4823E-003
      0.9375      7.5000       0.3369E-003
      0.9375      8.7500       0.2456E-003
      0.9375     10.0000       0.1731E-003
      0.9375     11.2500       0.1047E-003
      0.9375     12.5000       0.4847E-004
      0.9375     13.7500       0.1556E-004
      0.9375     15.0000       0.3042E-005
      0.9375     16.2500       0.2447E-006
      0.9375     17.5000       0.1591E-008
      0.9375     18.7500       0.1433E-010

      1.8750    -20.0000       0.2640E-010
      1.8750    -18.7500       0.1166E-010
      1.8750    -17.5000       0.1643E-006
      1.8750    -16.2500       0.1434E-004
      1.8750    -15.0000       0.1031E-003
      1.8750    -13.7500       0.2832E-003
      1.8750    -12.5000       0.5001E-003
      1.8750    -11.2500       0.6811E-003
      1.8750    -10.0000       0.7674E-003
      1.8750     -8.7500       0.7430E-003
      1.8750     -7.5000       0.6413E-003
      1.8750     -6.2500       0.5212E-003
      1.8750     -5.0000       0.4334E-003
      1.8750     -3.7500       0.4140E-003
      1.8750     -2.5000       0.4642E-003
      1.8750     -1.2500       0.5533E-003
      1.8750      0.0000       0.6328E-003
      1.8750      1.2500       0.6850E-003
      1.8750      2.5000       0.7129E-003
      1.8750      3.7500       0.7202E-003
      1.8750      5.0000       0.7278E-003
      1.8750      6.2500       0.7472E-003
      1.8750      7.5000       0.7640E-003
      1.8750      8.7500       0.7401E-003
      1.8750     10.0000       0.6417E-003
      1.8750     11.2500       0.4742E-003
      1.8750     12.5000       0.2864E-003
      1.8750     13.7500       0.1334E-003
      1.8750     15.0000       0.4111E-004
      1.8750     16.2500       0.5082E-005
      1.8750     17.5000       0.5040E-007
      1.8750     18.7500       0.2533E-010

      2.8125    -20.0000       0.1585E-010
      2.8125    -18.7500       0.2287E-010
      2.8125    -17.5000       0.1582E-006
      2.8125    -16.2500       0.1406E-004
      2.8125    -15.0000       0.1049E-003
      2.8125    -13.7500       0.3040E-003
      2.8125    -12.5000       0.5741E-003
      2.8125    -11.2500       0.8413E-003
      2.8125    -10.0000       0.1020E-002
      2.8125     -8.7500       0.1057E-002
      2.8125     -7.5000       0.9577E-003
      2.8125     -6.2500       0.7721E-003
      2.8125     -5.0000       0.5488E-003
      2.8125     -3.7500       0.3296E-003
      2.8125     -2.5000       0.1493E-003
      2.8125     -1.2500       0.4374E-004
      2.8125      0.0000       0.1972E-004
      2.8125      1.2500       0.7150E-004
      2.8125      2.5000       0.2021E-003
      2.8125      3.7500       0.3940E-003
      2.8125      5.0000       0.6112E-003
      2.8125      6.2500       0.8196E-003
      2.8125      7.5000       0.9838E-003
      2.8125      8.7500       0.1056E-002
      2.8125     10.0000       0.9936E-003
      2.8125     11.2500       0.7976E-003
      2.8125     12.5000       0.5290E-003
      2.8125     13.7500       0.2724E-003
      2.8125     15.0000       0.9177E-004
      2.8125     16.2500       0.1212E-004
      2.8125     17.5000       0.1268E-006
      2.8125     18.7500       0.2903E-010

      3.7500    -20.0000       0.1513E-010
      3.7500    -18.7500       0.2305E-010
      3.7500    -17.5000       0.8777E-007
      3.7500    -16.2500       0.7986E-005
      3.7500    -15.0000       0.6263E-004
      3.7500    -13.7500       0.1943E-003
      3.7500    -12.5000       0.3973E-003
      3.7500    -11.2500       0.6297E-003
      3.7500    -10.0000       0.8204E-003
      3.7500     -8.7500       0.9114E-003
      3.7500     -7.5000       0.8948E-003
      3.7500     -6.2500       0.8086E-003
      3.7500     -5.0000       0.6927E-003
      3.7500     -3.7500       0.5732E-003
      3.7500     -2.5000       0.4597E-003
      3.7500     -1.2500       0.3653E-003
      3.7500      0.0000       0.3004E-003
      3.7500      1.2500       0.2641E-003
      3.7500      2.5000       0.2696E-003
      3.7500      3.7500       0.3383E-003
      3.7500      5.0000       0.4679E-003
      3.7500      6.2500       0.6352E-003
      3.7500      7.5000       0.8014E-003
      3.7500      8.7500       0.9133E-003
      3.7500     10.0000       0.9167E-003
      3.7500     11.2500       0.7879E-003
      3.7500     12.5000       0.5609E-003
      3.7500     13.7500       0.3089E-003
      3.7500     15.0000       0.1100E-003
      3.7500     16.2500       0.1511E-004
      3.7500     17.5000       0.1629E-006
      3.7500     18.7500       0.2296E-010

      4.6875    -20.0000       0.2227E-010
      4.6875    -18.7500       0.1243E-010
      4.6875    -17.5000       0.1561E-007
      4.6875    -16.2500       0.1526E-005
      4.6875    -15.0000       0.1386E-004
      4.6875    -13.7500       0.5161E-004
      4.6875    -12.5000       0.1267E-003
      4.6875    -11.2500       0.2340E-003
      4.6875    -10.0000       0.3454E-003
      4.6875     -8.7500       0.4356E-003
      4.6875     -7.5000       0.5085E-003
      4.6875     -6.2500       0.5982E-003
      4.6875     -5.0000       0.7372E-003
      4.6875     -3.7500       0.9279E-003
      4.6875     -2.5000       0.1118E-002
      4.6875     -1.2500       0.1230E-002
      4.6875      0.0000       0.1224E-002
      4.6875      1.2500       0.1091E-002
      4.6875      2.5000       0.8551E-003
      4.6875      3.7500       0.6027E-003
      4.6875      5.0000       0.4252E-003
      4.6875      6.2500       0.3577E-003
      4.6875      7.5000       0.3785E-003
      4.6875      8.7500       0.4385E-003
      4.6875     10.0000       0.4791E-003
      4.6875     11.2500       0.4537E-003
      4.6875     12.5000       0.3538E-003
      4.6875     13.7500       0.2107E-003
      4.6875     15.0000       0.7962E-004
      4.6875     16.2500       0.1139E-004
      4.6875     17.5000       0.1266E-006
      4.6875     18.7500       0.1182E-010

      5.6250    -20.0000       0.2858E-010
      5.6250    -18.7500       0.2772E-011
      5.6250    -17.5000       0.5794E-008
      5.6250    -16.2500       0.4189E-006
      5.6250    -15.0000       0.1932E-005
      5.6250    -13.7500       0.2742E-005
      5.6250    -12.5000       0.2820E-005
      5.6250    -11.2500       0.5797E-005
      5.6250    -10.0000       0.1704E-004
      5.6250     -8.7500       0.5191E-004
      5.6250     -7.5000       0.1417E-003
      5.6250     -6.2500       0.3277E-003
      5.6250     -5.0000       0.6428E-003
      5.6250     -3.7500       0.1078E-002
      5.6250     -2.5000       0.1540E-002
      5.6250     -1.2500       0.1869E-002
      5.6250      0.0000       0.1968E-002
      5.6250      1.2500       0.1815E-002
      5.6250      2.5000       0.1437E-002
      5.6250      3.7500       0.9517E-003
      5.6250      5.0000       0.5211E-003
      5.6250      6.2500       0.2338E-003
      5.6250      7.5000       0.9087E-004
      5.6250      8.7500       0.5306E-004
      5.6250     10.0000       0.6927E-004
      5.6250     11.2500       0.9165E-004
      5.6250     12.5000       0.9148E-004
      5.6250     13.7500       0.6483E-004
      5.6250     15.0000       0.2760E-004
      5.6250     16.2500       0.4264E-005
      5.6250     17.5000       0.5013E-007
      5.6250     18.7500       0.3516E-011

      6.5625    -20.0000       0.2697E-010
      6.5625    -18.7500       0.6393E-011
      6.5625    -17.5000       0.6705E-007
      6.5625    -16.2500       0.5650E-005
      6.5625    -15.0000       0.3745E-004
      6.5625    -13.7500       0.9120E-004
      6.5625    -12.5000       0.1360E-003
      6.5625    -11.2500       0.1485E-003
      6.5625    -10.0000       0.1279E-003
      6.5625     -8.7500       0.1021E-003
      6.5625     -7.5000       0.1209E-003
      6.5625     -6.2500       0.2377E-003
      6.5625     -5.0000       0.4934E-003
      6.5625     -3.7500       0.8914E-003
      6.5625     -2.5000       0.1350E-002
      6.5625     -1.2500       0.1716E-002
      6.5625      0.0000       0.1873E-002
      6.5625      1.2500       0.1795E-002
      6.5625      2.5000       0.1499E-002
      6.5625      3.7500       0.1075E-002
      6.5625      5.0000       0.6703E-003
      6.5625      6.2500       0.3739E-003
      6.5625      7.5000       0.1947E-003
      6.5625      8.7500       0.1004E-003
      6.5625     10.0000       0.5208E-004
      6.5625     11.2500       0.2385E-004
      6.5625     12.5000       0.7293E-005
      6.5625     13.7500       0.1066E-005
      6.5625     15.0000       0.1895E-006
      6.5625     16.2500       0.7167E-007
      6.5625     17.5000       0.1526E-008
      6.5625     18.7500       0.2596E-011

      7.5000    -20.0000       0.1857E-010
      7.5000    -18.7500       0.2431E-010
      7.5000    -17.5000       0.1449E-006
      7.5000    -16.2500       0.1257E-004
      7.5000    -15.0000       0.8884E-004
      7.5000    -13.7500       0.2383E-003
      7.5000    -12.5000       0.4076E-003
      7.5000    -11.2500       0.5349E-003
      7.5000    -10.0000       0.5791E-003
      7.5000     -8.7500       0.5415E-003
      7.5000     -7.5000       0.4646E-003
      7.5000     -6.2500       0.4083E-003
      7.5000     -5.0000       0.4218E-003
      7.5000     -3.7500       0.5327E-003
      7.5000     -2.5000       0.7180E-003
      7.5000     -1.2500       0.9066E-003
      7.5000      0.0000       0.1024E-002
      7.5000      1.2500       0.1049E-002
      7.5000      2.5000       0.9868E-003
      7.5000      3.7500       0.8641E-003
      7.5000      5.0000       0.7402E-003
      7.5000      6.2500       0.6532E-003
      7.5000      7.5000       0.5974E-003
      7.5000      8.7500       0.5383E-003
      7.5000     10.0000       0.4429E-003
      7.5000     11.2500       0.3108E-003
      7.5000     12.5000       0.1762E-003
      7.5000     13.7500       0.7612E-004
      7.5000     15.0000       0.2177E-004
      7.5000     16.2500       0.2537E-005
      7.5000     17.5000       0.2405E-007
      7.5000     18.7500       0.6873E-011

      8.4375    -20.0000       0.1181E-010
      8.4375    -18.7500       0.4435E-010
      8.4375    -17.5000       0.1700E-006
      8.4375    -16.2500       0.1502E-004
      8.4375    -15.0000       0.1104E-003
      8.4375    -13.7500       0.3132E-003
      8.4375    -12.5000       0.5763E-003
      8.4375    -11.2500       0.8213E-003
      8.4375    -10.0000       0.9691E-003
      8.4375     -8.7500       0.9788E-003
      8.4375     -7.5000       0.8669E-003
      8.4375     -6.2500       0.6877E-003
      8.4375     -5.0000       0.4916E-003
      8.4375     -3.7500       0.3211E-003
      8.4375     -2.5000       0.2039E-003
      8.4375     -1.2500       0.1583E-003
      8.4375      0.0000       0.1729E-003
      8.4375      1.2500       0.2376E-003
      8.4375      2.5000       0.3537E-003
      8.4375      3.7500       0.5051E-003
      8.4375      5.0000       0.6687E-003
      8.4375      6.2500       0.8234E-003
      8.4375      7.5000       0.9408E-003
      8.4375      8.7500       0.9769E-003
      8.4375     10.0000       0.8936E-003
      8.4375     11.2500       0.6969E-003
      8.4375     12.5000       0.4478E-003
      8.4375     13.7500       0.2232E-003
      8.4375     15.0000       0.7314E-004
      8.4375     16.2500       0.9466E-005
      8.4375     17.5000       0.9767E-007
      8.4375     18.7500       0.1007E-010

      9.3750    -20.0000       0.1470E-010
      9.3750    -18.7500       0.5108E-010
      9.3750    -17.5000       0.1202E-006
      9.3750    -16.2500       0.1084E-004
      9.3750    -15.0000       0.8301E-004
      9.3750    -13.7500       0.2495E-003
      9.3750    -12.5000       0.4922E-003
      9.3750    -11.2500       0.7537E-003
      9.3750    -10.0000       0.9520E-003
      9.3750     -8.7500       0.1026E-002
      9.3750     -7.5000       0.9704E-003
      9.3750     -6.2500       0.8275E-003
      9.3750     -5.0000       0.6408E-003
      9.3750     -3.7500       0.4450E-003
      9.3750     -2.5000       0.2664E-003
      9.3750     -1.2500       0.1385E-003
      9.3750      0.0000       0.7811E-004
      9.3750      1.2500       0.8367E-004
      9.3750      2.5000       0.1636E-003
      9.3750      3.7500       0.3177E-003
      9.3750      5.0000       0.5193E-003
      9.3750      6.2500       0.7335E-003
      9.3750      7.5000       0.9200E-003
      9.3750      8.7500       0.1027E-002
      9.3750     10.0000       0.1004E-002
      9.3750     11.2500       0.8392E-003
      9.3750     12.5000       0.5807E-003
      9.3750     13.7500       0.3116E-003
      9.3750     15.0000       0.1086E-003
      9.3750     16.2500       0.1470E-004
      9.3750     17.5000       0.1570E-006
      9.3750     18.7500       0.7990E-011

     10.3125    -20.0000       0.2724E-010
     10.3125    -18.7500       0.3898E-010
     10.3125    -17.5000       0.3968E-007
     10.3125    -16.2500       0.3726E-005
     10.3125    -15.0000       0.3098E-004
     10.3125    -13.7500       0.1037E-003
     10.3125    -12.5000       0.2301E-003
     10.3125    -11.2500       0.3919E-003
     10.3125    -10.0000       0.5428E-003
     10.3125     -8.7500       0.6413E-003
     10.3125     -7.5000       0.6835E-003
     10.3125     -6.2500       0.7037E-003
     10.3125     -5.0000       0.7368E-003
     10.3125     -3.7500       0.7942E-003
     10.3125     -2.5000       0.8497E-003
     10.3125     -1.2500       0.8650E-003
     10.3125      0.0000       0.8249E-003
     10.3125      1.2500       0.7250E-003
     10.3125      2.5000       0.5862E-003
     10.3125      3.7500       0.4688E-003
     10.3125      5.0000       0.4248E-003
     10.3125      6.2500       0.4633E-003
     10.3125      7.5000       0.5536E-003
     10.3125      8.7500       0.6441E-003
     10.3125     10.0000       0.6765E-003
     10.3125     11.2500       0.6116E-003
     10.3125     12.5000       0.4571E-003
     10.3125     13.7500       0.2628E-003
     10.3125     15.0000       0.9673E-004
     10.3125     16.2500       0.1359E-004
     10.3125     17.5000       0.1494E-006
     10.3125     18.7500       0.2584E-011

     11.2500    -20.0000       0.4080E-010
     11.2500    -18.7500       0.1719E-010
     11.2500    -17.5000       0.4059E-010
     11.2500    -16.2500       0.1284E-007
     11.2500    -15.0000       0.5646E-006
     11.2500    -13.7500       0.5393E-005
     11.2500    -12.5000       0.2271E-004
     11.2500    -11.2500       0.5725E-004
     11.2500    -10.0000       0.1048E-003
     11.2500     -8.7500       0.1659E-003
     11.2500     -7.5000       0.2606E-003
     11.2500     -6.2500       0.4261E-003
     11.2500     -5.0000       0.6942E-003
     11.2500     -3.7500       0.1058E-002
     11.2500     -2.5000       0.1434E-002
     11.2500     -1.2500       0.1690E-002
     11.2500      0.0000       0.1747E-002
     11.2500      1.2500       0.1589E-002
     11.2500      2.5000       0.1244E-002
     11.2500      3.7500       0.8237E-003
     11.2500      5.0000       0.4692E-003
     11.2500      6.2500       0.2527E-003
     11.2500      7.5000       0.1667E-003
     11.2500      8.7500       0.1680E-003
     11.2500     10.0000       0.2012E-003
     11.2500     11.2500       0.2158E-003
     11.2500     12.5000       0.1865E-003
     11.2500     13.7500       0.1201E-003
     11.2500     15.0000       0.4799E-004
     11.2500     16.2500       0.7118E-005
     11.2500     17.5000       0.8149E-007
     11.2500     18.7500       0.1585E-012

     12.1875    -20.0000       0.4521E-010
     12.1875    -18.7500       0.1834E-011
     12.1875    -17.5000       0.3659E-007
     12.1875    -16.2500       0.2998E-005
     12.1875    -15.0000       0.1881E-004
     12.1875    -13.7500       0.4201E-004
     12.1875    -12.5000       0.5467E-004
     12.1875    -11.2500       0.4755E-004
     12.1875    -10.0000       0.2762E-004
     12.1875     -8.7500       0.2274E-004
     12.1875     -7.5000       0.7775E-004
     12.1875     -6.2500       0.2414E-003
     12.1875     -5.0000       0.5510E-003
     12.1875     -3.7500       0.1002E-002
     12.1875     -2.5000       0.1501E-002
     12.1875     -1.2500       0.1881E-002
     12.1875      0.0000       0.2026E-002
     12.1875      1.2500       0.1909E-002
     12.1875      2.5000       0.1554E-002
     12.1875      3.7500       0.1067E-002
     12.1875      5.0000       0.6131E-003
     12.1875      6.2500       0.2893E-003
     12.1875      7.5000       0.1037E-003
     12.1875      8.7500       0.2214E-004
     12.1875     10.0000       0.9998E-006
     12.1875     11.2500       0.3780E-005
     12.1875     12.5000       0.9466E-005
     12.1875     13.7500       0.1036E-004
     12.1875     15.0000       0.5727E-005
     12.1875     16.2500       0.1039E-005
     12.1875     17.5000       0.1370E-007
     12.1875     18.7500       0.5443E-011

     13.1250    -20.0000       0.3735E-010
     13.1250    -18.7500       0.2407E-011
     13.1250    -17.5000       0.1169E-006
     13.1250    -16.2500       0.1003E-004
     13.1250    -15.0000       0.6950E-004
     13.1250    -13.7500       0.1810E-003
     13.1250    -12.5000       0.2975E-003
     13.1250    -11.2500       0.3715E-003
     13.1250    -10.0000       0.3803E-003
     13.1250     -8.7500       0.3395E-003
     13.1250     -7.5000       0.2979E-003
     13.1250     -6.2500       0.3141E-003
     13.1250     -5.0000       0.4343E-003
     13.1250     -3.7500       0.6766E-003
     13.1250     -2.5000       0.9919E-003
     13.1250     -1.2500       0.1270E-002
     13.1250      0.0000       0.1415E-002
     13.1250      1.2500       0.1402E-002
     13.1250      2.5000       0.1240E-002
     13.1250      3.7500       0.9826E-003
     13.1250      5.0000       0.7285E-003
     13.1250      6.2500       0.5404E-003
     13.1250      7.5000       0.4207E-003
     13.1250      8.7500       0.3367E-003
     13.1250     10.0000       0.2543E-003
     13.1250     11.2500       0.1643E-003
     13.1250     12.5000       0.8360E-004
     13.1250     13.7500       0.3116E-004
     13.1250     15.0000       0.7529E-005
     13.1250     16.2500       0.7574E-006
     13.1250     17.5000       0.6249E-008
     13.1250     18.7500       0.1677E-010

     14.0625    -20.0000       0.2374E-010
     14.0625    -18.7500       0.1433E-010
     14.0625    -17.5000       0.1696E-006
     14.0625    -16.2500       0.1485E-004
     14.0625    -15.0000       0.1076E-003
     14.0625    -13.7500       0.2988E-003
     14.0625    -12.5000       0.5352E-003
     14.0625    -11.2500       0.7407E-003
     14.0625    -10.0000       0.8485E-003
     14.0625     -8.7500       0.8339E-003
     14.0625     -7.5000       0.7250E-003
     14.0625     -6.2500       0.5793E-003
     14.0625     -5.0000       0.4480E-003
     14.0625     -3.7500       0.3700E-003
     14.0625     -2.5000       0.3573E-003
     14.0625     -1.2500       0.3976E-003
     14.0625      0.0000       0.4557E-003
     14.0625      1.2500       0.5163E-003
     14.0625      2.5000       0.5812E-003
     14.0625      3.7500       0.6456E-003
     14.0625      5.0000       0.7129E-003
     14.0625      6.2500       0.7826E-003
     14.0625      7.5000       0.8354E-003
     14.0625      8.7500       0.8312E-003
     14.0625     10.0000       0.7354E-003
     14.0625     11.2500       0.5544E-003
     14.0625     12.5000       0.3428E-003
     14.0625     13.7500       0.1640E-003
     14.0625     15.0000       0.5179E-004
     14.0625     16.2500       0.6523E-005
     14.0625     17.5000       0.6568E-007
     14.0625     18.7500       0.2684E-010

     15.0000    -20.0000       0.1484E-010
     15.0000    -18.7500       0.2399E-010
     15.0000    -17.5000       0.1478E-006
     15.0000    -16.2500       0.1319E-004
     15.0000    -15.0000       0.9918E-004
     15.0000    -13.7500       0.2907E-003
     15.0000    -12.5000       0.5566E-003
     15.0000    -11.2500       0.8272E-003
     15.0000    -10.0000       0.1016E-002
     15.0000     -8.7500       0.1067E-002
     15.0000     -7.5000       0.9792E-003
     15.0000     -6.2500       0.8012E-003
     15.0000     -5.0000       0.5798E-003
     15.0000     -3.7500       0.3554E-003
     15.0000     -2.5000       0.1623E-003
     15.0000     -1.2500       0.3964E-004
     15.0000      0.0000       0.3466E-010
     15.0000      1.2500       0.3950E-004
     15.0000      2.5000       0.1625E-003
     15.0000      3.7500       0.3550E-003
     15.0000      5.0000       0.5802E-003
     15.0000      6.2500       0.8009E-003
     15.0000      7.5000       0.9795E-003
     15.0000      8.7500       0.1066E-002
     15.0000     10.0000       0.1017E-002
     15.0000     11.2500       0.8272E-003
     15.0000     12.5000       0.5566E-003
     15.0000     13.7500       0.2907E-003
     15.0000     15.0000       0.9915E-004
     15.0000     16.2500       0.1321E-004
     15.0000     17.5000       0.1391E-006
     15.0000     18.7500       0.2854E-010

     15.9375    -20.0000       0.1616E-010
     15.9375    -18.7500       0.2153E-010
     15.9375    -17.5000       0.7101E-007
     15.9375    -16.2500       0.6508E-005
     15.9375    -15.0000       0.5181E-004
     15.9375    -13.7500       0.1640E-003
     15.9375    -12.5000       0.3428E-003
     15.9375    -11.2500       0.5545E-003
     15.9375    -10.0000       0.7353E-003
     15.9375     -8.7500       0.8314E-003
     15.9375     -7.5000       0.8352E-003
     15.9375     -6.2500       0.7829E-003
     15.9375     -5.0000       0.7126E-003
     15.9375     -3.7500       0.6458E-003
     15.9375     -2.5000       0.5810E-003
     15.9375     -1.2500       0.5164E-003
     15.9375      0.0000       0.4557E-003
     15.9375      1.2500       0.3975E-003
     15.9375      2.5000       0.3575E-003
     15.9375      3.7500       0.3697E-003
     15.9375      5.0000       0.4483E-003
     15.9375      6.2500       0.5790E-003
     15.9375      7.5000       0.7252E-003
     15.9375      8.7500       0.8338E-003
     15.9375     10.0000       0.8486E-003
     15.9375     11.2500       0.7406E-003
     15.9375     12.5000       0.5352E-003
     15.9375     13.7500       0.2988E-003
     15.9375     15.0000       0.1075E-003
     15.9375     16.2500       0.1488E-004
     15.9375     17.5000       0.1613E-006
     15.9375     18.7500       0.2089E-010

     16.8750    -20.0000       0.2391E-010
     16.8750    -18.7500       0.9943E-011
     16.8750    -17.5000       0.7342E-008
     16.8750    -16.2500       0.7541E-006
     16.8750    -15.0000       0.7533E-005
     16.8750    -13.7500       0.3116E-004
     16.8750    -12.5000       0.8359E-004
     16.8750    -11.2500       0.1644E-003
     16.8750    -10.0000       0.2543E-003
     16.8750     -8.7500       0.3367E-003
     16.8750     -7.5000       0.4206E-003
     16.8750     -6.2500       0.5405E-003
     16.8750     -5.0000       0.7284E-003
     16.8750     -3.7500       0.9827E-003
     16.8750     -2.5000       0.1240E-002
     16.8750     -1.2500       0.1402E-002
     16.8750      0.0000       0.1415E-002
     16.8750      1.2500       0.1270E-002
     16.8750      2.5000       0.9920E-003
     16.8750      3.7500       0.6765E-003
     16.8750      5.0000       0.4344E-003
     16.8750      6.2500       0.3140E-003
     16.8750      7.5000       0.2980E-003
     16.8750      8.7500       0.3395E-003
     16.8750     10.0000       0.3803E-003
     16.8750     11.2500       0.3715E-003
     16.8750     12.5000       0.2975E-003
     16.8750     13.7500       0.1810E-003
     16.8750     15.0000       0.6948E-004
     16.8750     16.2500       0.1004E-004
     16.8750     17.5000       0.1125E-006
     16.8750     18.7500       0.9700E-011

     17.8125    -20.0000       0.2900E-010
     17.8125    -18.7500       0.2187E-011
     17.8125    -17.5000       0.1337E-007
     17.8125    -16.2500       0.1040E-005
     17.8125    -15.0000       0.5726E-005
     17.8125    -13.7500       0.1036E-004
     17.8125    -12.5000       0.9466E-005
     17.8125    -11.2500       0.3780E-005
     17.8125    -10.0000       0.9994E-006
     17.8125     -8.7500       0.2215E-004
     17.8125     -7.5000       0.1037E-003
     17.8125     -6.2500       0.2893E-003
     17.8125     -5.0000       0.6131E-003
     17.8125     -3.7500       0.1067E-002
     17.8125     -2.5000       0.1554E-002
     17.8125     -1.2500       0.1909E-002
     17.8125      0.0000       0.2026E-002
     17.8125      1.2500       0.1881E-002
     17.8125      2.5000       0.1501E-002
     17.8125      3.7500       0.1002E-002
     17.8125      5.0000       0.5510E-003
     17.8125      6.2500       0.2414E-003
     17.8125      7.5000       0.7775E-004
     17.8125      8.7500       0.2273E-004
     17.8125     10.0000       0.2763E-004
     17.8125     11.2500       0.4755E-004
     17.8125     12.5000       0.5467E-004
     17.8125     13.7500       0.4201E-004
     17.8125     15.0000       0.1881E-004
     17.8125     16.2500       0.3000E-005
     17.8125     17.5000       0.3605E-007
     17.8125     18.7500       0.2713E-011

     18.7500    -20.0000       0.2563E-010
     18.7500    -18.7500       0.9067E-011
     18.7500    -17.5000       0.8373E-007
     18.7500    -16.2500       0.7112E-005
     18.7500    -15.0000       0.4799E-004
     18.7500    -13.7500       0.1201E-003
     18.7500    -12.5000       0.1865E-003
     18.7500    -11.2500       0.2158E-003
     18.7500    -10.0000       0.2012E-003
     18.7500     -8.7500       0.1680E-003
     18.7500     -7.5000       0.1667E-003
     18.7500     -6.2500       0.2528E-003
     18.7500     -5.0000       0.4692E-003
     18.7500     -3.7500       0.8237E-003
     18.7500     -2.5000       0.1244E-002
     18.7500     -1.2500       0.1589E-002
     18.7500      0.0000       0.1747E-002
     18.7500      1.2500       0.1690E-002
     18.7500      2.5000       0.1434E-002
     18.7500      3.7500       0.1058E-002
     18.7500      5.0000       0.6943E-003
     18.7500      6.2500       0.4261E-003
     18.7500      7.5000       0.2606E-003
     18.7500      8.7500       0.1658E-003
     18.7500     10.0000       0.1048E-003
     18.7500     11.2500       0.5724E-004
     18.7500     12.5000       0.2271E-004
     18.7500     13.7500       0.5392E-005
     18.7500     15.0000       0.5642E-006
     18.7500     16.2500       0.1307E-007
     18.7500     17.5000       0.5266E-011
     18.7500     18.7500       0.3213E-011

     19.6875    -20.0000       0.1676E-010
     19.6875    -18.7500       0.2869E-010
     19.6875    -17.5000       0.1558E-006
     19.6875    -16.2500       0.1357E-004
     19.6875    -15.0000       0.9675E-004
     19.6875    -13.7500       0.2628E-003
     19.6875    -12.5000       0.4571E-003
     19.6875    -11.2500       0.6116E-003
     19.6875    -10.0000       0.6764E-003
     19.6875     -8.7500       0.6442E-003
     19.6875     -7.5000       0.5534E-003
     19.6875     -6.2500       0.4635E-003
     19.6875     -5.0000       0.4246E-003
     19.6875     -3.7500       0.4690E-003
     19.6875     -2.5000       0.5860E-003
     19.6875     -1.2500       0.7251E-003
     19.6875      0.0000       0.8249E-003
     19.6875      1.2500       0.8649E-003
     19.6875      2.5000       0.8498E-003
     19.6875      3.7500       0.7940E-003
     19.6875      5.0000       0.7370E-003
     19.6875      6.2500       0.7035E-003
     19.6875      7.5000       0.6837E-003
     19.6875      8.7500       0.6412E-003
     19.6875     10.0000       0.5429E-003
     19.6875     11.2500       0.3919E-003
     19.6875     12.5000       0.2301E-003
     19.6875     13.7500       0.1037E-003
     19.6875     15.0000       0.3097E-004
     19.6875     16.2500       0.3736E-005
     19.6875     17.5000       0.3644E-007
     19.6875     18.7500       0.7802E-011

     20.6250    -20.0000       0.1147E-010
     20.6250    -18.7500       0.4715E-010
     20.6250    -17.5000       0.1655E-006
     20.6250    -16.2500       0.1468E-004
     20.6250    -15.0000       0.1087E-003
     20.6250    -13.7500       0.3116E-003
     20.6250    -12.5000       0.5807E-003
     20.6250    -11.2500       0.8393E-003
     20.6250    -10.0000       0.1004E-002
     20.6250     -8.7500       0.1027E-002
     20.6250     -7.5000       0.9197E-003
     20.6250     -6.2500       0.7338E-003
     20.6250     -5.0000       0.5190E-003
     20.6250     -3.7500       0.3180E-003
     20.6250     -2.5000       0.1633E-003
     20.6250     -1.2500       0.8381E-004
     20.6250      0.0000       0.7811E-004
     20.6250      1.2500       0.1384E-003
     20.6250      2.5000       0.2666E-003
     20.6250      3.7500       0.4447E-003
     20.6250      5.0000       0.6411E-003
     20.6250      6.2500       0.8272E-003
     20.6250      7.5000       0.9707E-003
     20.6250      8.7500       0.1026E-002
     20.6250     10.0000       0.9521E-003
     20.6250     11.2500       0.7536E-003
     20.6250     12.5000       0.4922E-003
     20.6250     13.7500       0.2496E-003
     20.6250     15.0000       0.8299E-004
     20.6250     16.2500       0.1086E-004
     20.6250     17.5000       0.1129E-006
     20.6250     18.7500       0.1011E-010

     21.5625    -20.0000       0.1662E-010
     21.5625    -18.7500       0.5007E-010
     21.5625    -17.5000       0.1042E-006
     21.5625    -16.2500       0.9448E-005
     21.5625    -15.0000       0.7316E-004
     21.5625    -13.7500       0.2232E-003
     21.5625    -12.5000       0.4478E-003
     21.5625    -11.2500       0.6970E-003
     21.5625    -10.0000       0.8935E-003
     21.5625     -8.7500       0.9771E-003
     21.5625     -7.5000       0.9405E-003
     21.5625     -6.2500       0.8237E-003
     21.5625     -5.0000       0.6684E-003
     21.5625     -3.7500       0.5054E-003
     21.5625     -2.5000       0.3535E-003
     21.5625     -1.2500       0.2377E-003
     21.5625      0.0000       0.1729E-003
     21.5625      1.2500       0.1581E-003
     21.5625      2.5000       0.2041E-003
     21.5625      3.7500       0.3207E-003
     21.5625      5.0000       0.4919E-003
     21.5625      6.2500       0.6873E-003
     21.5625      7.5000       0.8671E-003
     21.5625      8.7500       0.9786E-003
     21.5625     10.0000       0.9692E-003
     21.5625     11.2500       0.8212E-003
     21.5625     12.5000       0.5763E-003
     21.5625     13.7500       0.3133E-003
     21.5625     15.0000       0.1104E-003
     21.5625     16.2500       0.1505E-004
     21.5625     17.5000       0.1616E-006
     21.5625     18.7500       0.7005E-011

     22.5000    -20.0000       0.3024E-010
     22.5000    -18.7500       0.3490E-010
     22.5000    -17.5000       0.2647E-007
     22.5000    -16.2500       0.2530E-005
     22.5000    -15.0000       0.2178E-004
     22.5000    -13.7500       0.7612E-004
     22.5000    -12.5000       0.1762E-003
     22.5000    -11.2500       0.3108E-003
     22.5000    -10.0000       0.4428E-003
     22.5000     -8.7500       0.5384E-003
     22.5000     -7.5000       0.5973E-003
     22.5000     -6.2500       0.6533E-003
     22.5000     -5.0000       0.7401E-003
     22.5000     -3.7500       0.8642E-003
     22.5000     -2.5000       0.9867E-003
     22.5000     -1.2500       0.1049E-002
     22.5000      0.0000       0.1024E-002
     22.5000      1.2500       0.9065E-003
     22.5000      2.5000       0.7181E-003
     22.5000      3.7500       0.5325E-003
     22.5000      5.0000       0.4220E-003
     22.5000      6.2500       0.4081E-003
     22.5000      7.5000       0.4648E-003
     22.5000      8.7500       0.5413E-003
     22.5000     10.0000       0.5792E-003
     22.5000     11.2500       0.5348E-003
     22.5000     12.5000       0.4077E-003
     22.5000     13.7500       0.2383E-003
     22.5000     15.0000       0.8882E-004
     22.5000     16.2500       0.1258E-004
     22.5000     17.5000       0.1392E-006
     22.5000     18.7500       0.1644E-011

     23.4375    -20.0000       0.4266E-010
     23.4375    -18.7500       0.1313E-010
     23.4375    -17.5000       0.1320E-008
     23.4375    -16.2500       0.7212E-007
     23.4375    -15.0000       0.1890E-006
     23.4375    -13.7500       0.1066E-005
     23.4375    -12.5000       0.7291E-005
     23.4375    -11.2500       0.2385E-004
     23.4375    -10.0000       0.5208E-004
     23.4375     -8.7500       0.1004E-003
     23.4375     -7.5000       0.1947E-003
     23.4375     -6.2500       0.3739E-003
     23.4375     -5.0000       0.6703E-003
     23.4375     -3.7500       0.1075E-002
     23.4375     -2.5000       0.1499E-002
     23.4375     -1.2500       0.1795E-002
     23.4375      0.0000       0.1873E-002
     23.4375      1.2500       0.1716E-002
     23.4375      2.5000       0.1350E-002
     23.4375      3.7500       0.8914E-003
     23.4375      5.0000       0.4935E-003
     23.4375      6.2500       0.2377E-003
     23.4375      7.5000       0.1209E-003
     23.4375      8.7500       0.1021E-003
     23.4375     10.0000       0.1279E-003
     23.4375     11.2500       0.1485E-003
     23.4375     12.5000       0.1360E-003
     23.4375     13.7500       0.9120E-004
     23.4375     15.0000       0.3745E-004
     23.4375     16.2500       0.5654E-005
     23.4375     17.5000       0.6558E-007
     23.4375     18.7500       0.5449E-012

     24.3750    -20.0000       0.4454E-010
     24.3750    -18.7500       0.6120E-012
     24.3750    -17.5000       0.5124E-007
     24.3750    -16.2500       0.4261E-005
     24.3750    -15.0000       0.2760E-004
     24.3750    -13.7500       0.6483E-004
     24.3750    -12.5000       0.9148E-004
     24.3750    -11.2500       0.9165E-004
     24.3750    -10.0000       0.6926E-004
     24.3750     -8.7500       0.5307E-004
     24.3750     -7.5000       0.9085E-004
     24.3750     -6.2500       0.2339E-003
     24.3750     -5.0000       0.5211E-003
     24.3750     -3.7500       0.9517E-003
     24.3750     -2.5000       0.1437E-002
     24.3750     -1.2500       0.1815E-002
     24.3750      0.0000       0.1968E-002
     24.3750      1.2500       0.1869E-002
     24.3750      2.5000       0.1540E-002
     24.3750      3.7500       0.1078E-002
     24.3750      5.0000       0.6429E-003
     24.3750      6.2500       0.3277E-003
     24.3750      7.5000       0.1417E-003
     24.3750      8.7500       0.5191E-004
     24.3750     10.0000       0.1704E-004
     24.3750     11.2500       0.5795E-005
     24.3750     12.5000       0.2821E-005
     24.3750     13.7500       0.2742E-005
     24.3750     15.0000       0.1933E-005
     24.3750     16.2500       0.4180E-006
     24.3750     17.5000       0.6176E-008
     24.3750     18.7500       0.7405E-011

     25.3125    -20.0000       0.3475E-010
     25.3125    -18.7500       0.4262E-011
     25.3125    -17.5000       0.1319E-006
     25.3125    -16.2500       0.1137E-004
     25.3125    -15.0000       0.7964E-004
     25.3125    -13.7500       0.2107E-003
     25.3125    -12.5000       0.3538E-003
     25.3125    -11.2500       0.4538E-003
     25.3125    -10.0000       0.4791E-003
     25.3125     -8.7500       0.4386E-003
     25.3125     -7.5000       0.3784E-003
     25.3125     -6.2500       0.3579E-003
     25.3125     -5.0000       0.4251E-003
     25.3125     -3.7500       0.6028E-003
     25.3125     -2.5000       0.8550E-003
     25.3125     -1.2500       0.1091E-002
     25.3125      0.0000       0.1224E-002
     25.3125      1.2500       0.1230E-002
     25.3125      2.5000       0.1119E-002
     25.3125      3.7500       0.9278E-003
     25.3125      5.0000       0.7374E-003
     25.3125      6.2500       0.5981E-003
     25.3125      7.5000       0.5086E-003
     25.3125      8.7500       0.4355E-003
     25.3125     10.0000       0.3454E-003
     25.3125     11.2500       0.2339E-003
     25.3125     12.5000       0.1267E-003
     25.3125     13.7500       0.5161E-004
     25.3125     15.0000       0.1385E-004
     25.3125     16.2500       0.1532E-005
     25.3125     17.5000       0.1380E-007
     25.3125     18.7500       0.1916E-010

     26.2500    -20.0000       0.2128E-010
     26.2500    -18.7500       0.1690E-010
     26.2500    -17.5000       0.1716E-006
     26.2500    -16.2500       0.1508E-004
     26.2500    -15.0000       0.1100E-003
     26.2500    -13.7500       0.3089E-003
     26.2500    -12.5000       0.5609E-003
     26.2500    -11.2500       0.7880E-003
     26.2500    -10.0000       0.9166E-003
     26.2500     -8.7500       0.9135E-003
     26.2500     -7.5000       0.8011E-003
     26.2500     -6.2500       0.6355E-003
     26.2500     -5.0000       0.4676E-003
     26.2500     -3.7500       0.3386E-003
     26.2500     -2.5000       0.2694E-003
     26.2500     -1.2500       0.2642E-003
     26.2500      0.0000       0.3004E-003
     26.2500      1.2500       0.3652E-003
     26.2500      2.5000       0.4599E-003
     26.2500      3.7500       0.5729E-003
     26.2500      5.0000       0.6930E-003
     26.2500      6.2500       0.8083E-003
     26.2500      7.5000       0.8951E-003
     26.2500      8.7500       0.9112E-003
     26.2500     10.0000       0.8205E-003
     26.2500     11.2500       0.6296E-003
     26.2500     12.5000       0.3973E-003
     26.2500     13.7500       0.1943E-003
     26.2500     15.0000       0.6260E-004
     26.2500     16.2500       0.8003E-005
     26.2500     17.5000       0.8157E-007
     26.2500     18.7500       0.2799E-010

     27.1875    -20.0000       0.1427E-010
     27.1875    -18.7500       0.2457E-010
     27.1875    -17.5000       0.1351E-006
     27.1875    -16.2500       0.1210E-004
     27.1875    -15.0000       0.9180E-004
     27.1875    -13.7500       0.2723E-003
     27.1875    -12.5000       0.5290E-003
     27.1875    -11.2500       0.7976E-003
     27.1875    -10.0000       0.9935E-003
     27.1875     -8.7500       0.1056E-002
     27.1875     -7.5000       0.9835E-003
     27.1875     -6.2500       0.8199E-003
     27.1875     -5.0000       0.6109E-003
     27.1875     -3.7500       0.3943E-003
     27.1875     -2.5000       0.2018E-003
     27.1875     -1.2500       0.7164E-004
     27.1875      0.0000       0.1972E-004
     27.1875      1.2500       0.4361E-004
     27.1875      2.5000       0.1495E-003
     27.1875      3.7500       0.3292E-003
     27.1875      5.0000       0.5491E-003
     27.1875      6.2500       0.7718E-003
     27.1875      7.5000       0.9579E-003
     27.1875      8.7500       0.1057E-002
     27.1875     10.0000       0.1020E-002
     27.1875     11.2500       0.8412E-003
     27.1875     12.5000       0.5741E-003
     27.1875     13.7500       0.3040E-003
     27.1875     15.0000       0.1048E-003
     27.1875     16.2500       0.1408E-004
     27.1875     17.5000       0.1492E-006
     27.1875     18.7500       0.2765E-010

     28.1250    -20.0000       0.1746E-010
     28.1250    -18.7500       0.1961E-010
     28.1250    -17.5000       0.5482E-007
     28.1250    -16.2500       0.5069E-005
     28.1250    -15.0000       0.4112E-004
     28.1250    -13.7500       0.1334E-003
     28.1250    -12.5000       0.2864E-003
     28.1250    -11.2500       0.4742E-003
     28.1250    -10.0000       0.6416E-003
     28.1250     -8.7500       0.7402E-003
     28.1250     -7.5000       0.7638E-003
     28.1250     -6.2500       0.7475E-003
     28.1250     -5.0000       0.7275E-003
     28.1250     -3.7500       0.7204E-003
     28.1250     -2.5000       0.7127E-003
     28.1250     -1.2500       0.6851E-003
     28.1250      0.0000       0.6328E-003
     28.1250      1.2500       0.5532E-003
     28.1250      2.5000       0.4644E-003
     28.1250      3.7500       0.4138E-003
     28.1250      5.0000       0.4337E-003
     28.1250      6.2500       0.5209E-003
     28.1250      7.5000       0.6415E-003
     28.1250      8.7500       0.7428E-003
     28.1250     10.0000       0.7675E-003
     28.1250     11.2500       0.6810E-003
     28.1250     12.5000       0.5001E-003
     28.1250     13.7500       0.2832E-003
     28.1250     15.0000       0.1030E-003
     28.1250     16.2500       0.1436E-004
     28.1250     17.5000       0.1566E-006
     28.1250     18.7500       0.1867E-010

     29.0625    -20.0000       0.2543E-010
     29.0625    -18.7500       0.7620E-011
     29.0625    -17.5000       0.2085E-008
     29.0625    -16.2500       0.2431E-006
     29.0625    -15.0000       0.3045E-005
     29.0625    -13.7500       0.1555E-004
     29.0625    -12.5000       0.4847E-004
     29.0625    -11.2500       0.1047E-003
     29.0625    -10.0000       0.1730E-003
     29.0625     -8.7500       0.2457E-003
     29.0625     -7.5000       0.3369E-003
     29.0625     -6.2500       0.4824E-003
     29.0625     -5.0000       0.7139E-003
     29.0625     -3.7500       0.1027E-002
     29.0625     -2.5000       0.1347E-002
     29.0625     -1.2500       0.1557E-002
     29.0625      0.0000       0.1592E-002
     29.0625      1.2500       0.1439E-002
     29.0625      2.5000       0.1123E-002
     29.0625      3.7500       0.7511E-003
     29.0625      5.0000       0.4493E-003
     29.0625      6.2500       0.2785E-003
     29.0625      7.5000       0.2265E-003
     29.0625      8.7500       0.2481E-003
     29.0625     10.0000       0.2865E-003
     29.0625     11.2500       0.2911E-003
     29.0625     12.5000       0.2410E-003
     29.0625     13.7500       0.1504E-003
     29.0625     15.0000       0.5880E-004
     29.0625     16.2500       0.8600E-005
     29.0625     17.5000       0.9720E-007
     29.0625     18.7500       0.7765E-011

