    -30.0000    -20.0000       0.1283E-010
    -30.0000    -18.7500       0.3447E-011
    -30.0000    -17.5000       0.3090E-007
    -30.0000    -16.2500       0.2522E-005
    -30.0000    -15.0000       0.1510E-004
    -30.0000    -13.7500       0.2946E-004
    -30.0000    -12.5000       0.2936E-004
    -30.0000    -11.2500       0.1990E-004
    -30.0000    -10.0000       0.2011E-004
    -30.0000     -8.7500       0.4789E-004
    -30.0000     -7.5000       0.1326E-003
    -30.0000     -6.2500       0.3179E-003
    -30.0000     -5.0000       0.6337E-003
    -30.0000     -3.7500       0.1060E-002
    -30.0000     -2.5000       0.1513E-002
    -30.0000     -1.2500       0.1870E-002
    -30.0000      0.0000       0.2007E-002
    -30.0000      1.2500       0.1870E-002
    -30.0000      2.5000       0.1513E-002
    -30.0000      3.7500       0.1060E-002
    -30.0000      5.0000       0.6337E-003
    -30.0000      6.2500       0.3179E-003
    -30.0000      7.5000       0.1326E-003
    -30.0000      8.7500       0.4789E-004
    -30.0000     10.0000       0.2011E-004
    -30.0000     11.2500       0.1990E-004
    -30.0000     12.5000       0.2936E-004
    -30.0000     13.7500       0.2946E-004
    -30.0000     15.0000       0.1510E-004
    -30.0000     16.2500       0.2522E-005
    -30.0000     17.5000       0.3090E-007
    -30.0000     18.7500       0.3447E-011

    -29.0625    -20.0000       0.9689E-011
    -29.0625    -18.7500       0.5346E-012
    -29.0625    -17.5000       0.9708E-008
    -29.0625    -16.2500       0.9411E-006
    -29.0625    -15.0000       0.6624E-005
    -29.0625    -13.7500       0.1792E-004
    -29.0625    -12.5000       0.3717E-004
    -29.0625    -11.2500       0.8042E-004
    -29.0625    -10.0000       0.1654E-003
    -29.0625     -8.7500       0.3036E-003
    -29.0625     -7.5000       0.5099E-003
    -29.0625     -6.2500       0.7946E-003
    -29.0625     -5.0000       0.1128E-002
    -29.0625     -3.7500       0.1447E-002
    -29.0625     -2.5000       0.1667E-002
    -29.0625     -1.2500       0.1721E-002
    -29.0625      0.0000       0.1562E-002
    -29.0625      1.2500       0.1212E-002
    -29.0625      2.5000       0.7760E-003
    -29.0625      3.7500       0.3880E-003
    -29.0625      5.0000       0.1476E-003
    -29.0625      6.2500       0.7788E-004
    -29.0625      7.5000       0.1262E-003
    -29.0625      8.7500       0.2105E-003
    -29.0625     10.0000       0.2691E-003
    -29.0625     11.2500       0.2760E-003
    -29.0625     12.5000       0.2301E-003
    -29.0625     13.7500       0.1463E-003
    -29.0625     15.0000       0.5776E-004
    -29.0625     16.2500       0.8376E-005
    -29.0625     17.5000       0.9550E-007
    -29.0625     18.7500       0.1744E-010

    -28.1250    -20.0000       0.5315E-011
    -28.1250    -18.7500       0.7719E-011
    -28.1250    -17.5000       0.5054E-007
    -28.1250    -16.2500       0.5042E-005
    -28.1250    -15.0000       0.3987E-004
    -28.1250    -13.7500       0.1219E-003
    -28.1250    -12.5000       0.2465E-003
    -28.1250    -11.2500       0.4037E-003
    -28.1250    -10.0000       0.5754E-003
    -28.1250     -8.7500       0.7498E-003
    -28.1250     -7.5000       0.9221E-003
    -28.1250     -6.2500       0.1084E-002
    -28.1250     -5.0000       0.1192E-002
    -28.1250     -3.7500       0.1205E-002
    -28.1250     -2.5000       0.1101E-002
    -28.1250     -1.2500       0.8971E-003
    -28.1250      0.0000       0.6207E-003
    -28.1250      1.2500       0.3307E-003
    -28.1250      2.5000       0.1091E-003
    -28.1250      3.7500       0.2707E-004
    -28.1250      5.0000       0.1029E-003
    -28.1250      6.2500       0.2882E-003
    -28.1250      7.5000       0.4965E-003
    -28.1250      8.7500       0.6464E-003
    -28.1250     10.0000       0.6905E-003
    -28.1250     11.2500       0.6208E-003
    -28.1250     12.5000       0.4607E-003
    -28.1250     13.7500       0.2645E-003
    -28.1250     15.0000       0.9669E-004
    -28.1250     16.2500       0.1330E-004
    -28.1250     17.5000       0.1471E-006
    -28.1250     18.7500       0.3639E-010

    -27.1875    -20.0000       0.7693E-011
    -27.1875    -18.7500       0.1641E-010
    -27.1875    -17.5000       0.1172E-006
    -27.1875    -16.2500       0.1118E-004
    -27.1875    -15.0000       0.8526E-004
    -27.1875    -13.7500       0.2490E-003
    -27.1875    -12.5000       0.4711E-003
    -27.1875    -11.2500       0.7021E-003
    -27.1875    -10.0000       0.8854E-003
    -27.1875     -8.7500       0.9899E-003
    -27.1875     -7.5000       0.1003E-002
    -27.1875     -6.2500       0.9299E-003
    -27.1875     -5.0000       0.7692E-003
    -27.1875     -3.7500       0.5487E-003
    -27.1875     -2.5000       0.3166E-003
    -27.1875     -1.2500       0.1291E-003
    -27.1875      0.0000       0.1930E-004
    -27.1875      1.2500       0.9106E-005
    -27.1875      2.5000       0.1072E-003
    -27.1875      3.7500       0.2995E-003
    -27.1875      5.0000       0.5395E-003
    -27.1875      6.2500       0.7615E-003
    -27.1875      7.5000       0.9138E-003
    -27.1875      8.7500       0.9679E-003
    -27.1875     10.0000       0.9099E-003
    -27.1875     11.2500       0.7478E-003
    -27.1875     12.5000       0.5164E-003
    -27.1875     13.7500       0.2790E-003
    -27.1875     15.0000       0.9728E-004
    -27.1875     16.2500       0.1291E-004
    -27.1875     17.5000       0.1398E-006
    -27.1875     18.7500       0.4802E-010

    -26.2500    -20.0000       0.2064E-010
    -26.2500    -18.7500       0.1851E-010
    -26.2500    -17.5000       0.1504E-006
    -26.2500    -16.2500       0.1390E-004
    -26.2500    -15.0000       0.1025E-003
    -26.2500    -13.7500       0.2862E-003
    -26.2500    -12.5000       0.5115E-003
    -26.2500    -11.2500       0.7108E-003
    -26.2500    -10.0000       0.8205E-003
    -26.2500     -8.7500       0.8111E-003
    -26.2500     -7.5000       0.6815E-003
    -26.2500     -6.2500       0.4684E-003
    -26.2500     -5.0000       0.2341E-003
    -26.2500     -3.7500       0.6107E-004
    -26.2500     -2.5000       0.1199E-004
    -26.2500     -1.2500       0.1014E-003
    -26.2500      0.0000       0.2949E-003
    -26.2500      1.2500       0.5351E-003
    -26.2500      2.5000       0.7721E-003
    -26.2500      3.7500       0.9623E-003
    -26.2500      5.0000       0.1069E-002
    -26.2500      6.2500       0.1077E-002
    -26.2500      7.5000       0.1008E-002
    -26.2500      8.7500       0.8898E-003
    -26.2500     10.0000       0.7327E-003
    -26.2500     11.2500       0.5445E-003
    -26.2500     12.5000       0.3477E-003
    -26.2500     13.7500       0.1771E-003
    -26.2500     15.0000       0.5902E-004
    -26.2500     16.2500       0.7562E-005
    -26.2500     17.5000       0.8016E-007
    -26.2500     18.7500       0.4470E-010

    -25.3125    -20.0000       0.3901E-010
    -25.3125    -18.7500       0.1369E-010
    -25.3125    -17.5000       0.1207E-006
    -25.3125    -16.2500       0.1078E-004
    -25.3125    -15.0000       0.7620E-004
    -25.3125    -13.7500       0.2005E-003
    -25.3125    -12.5000       0.3318E-003
    -25.3125    -11.2500       0.4220E-003
    -25.3125    -10.0000       0.4381E-003
    -25.3125     -8.7500       0.3718E-003
    -25.3125     -7.5000       0.2422E-003
    -25.3125     -6.2500       0.1097E-003
    -25.3125     -5.0000       0.6318E-004
    -25.3125     -3.7500       0.1767E-003
    -25.3125     -2.5000       0.4591E-003
    -25.3125     -1.2500       0.8388E-003
    -25.3125      0.0000       0.1201E-002
    -25.3125      1.2500       0.1439E-002
    -25.3125      2.5000       0.1511E-002
    -25.3125      3.7500       0.1426E-002
    -25.3125      5.0000       0.1220E-002
    -25.3125      6.2500       0.9546E-003
    -25.3125      7.5000       0.6947E-003
    -25.3125      8.7500       0.4813E-003
    -25.3125     10.0000       0.3160E-003
    -25.3125     11.2500       0.1912E-003
    -25.3125     12.5000       0.1044E-003
    -25.3125     13.7500       0.4910E-004
    -25.3125     15.0000       0.1590E-004
    -25.3125     16.2500       0.2003E-005
    -25.3125     17.5000       0.2113E-007
    -25.3125     18.7500       0.2958E-010

    -24.3750    -20.0000       0.5178E-010
    -24.3750    -18.7500       0.9340E-011
    -24.3750    -17.5000       0.5448E-007
    -24.3750    -16.2500       0.4599E-005
    -24.3750    -15.0000       0.2979E-004
    -24.3750    -13.7500       0.6802E-004
    -24.3750    -12.5000       0.9161E-004
    -24.3750    -11.2500       0.9208E-004
    -24.3750    -10.0000       0.7774E-004
    -24.3750     -8.7500       0.6230E-004
    -24.3750     -7.5000       0.7605E-004
    -24.3750     -6.2500       0.1732E-003
    -24.3750     -5.0000       0.4088E-003
    -24.3750     -3.7500       0.7923E-003
    -24.3750     -2.5000       0.1259E-002
    -24.3750     -1.2500       0.1684E-002
    -24.3750      0.0000       0.1931E-002
    -24.3750      1.2500       0.1917E-002
    -24.3750      2.5000       0.1668E-002
    -24.3750      3.7500       0.1279E-002
    -24.3750      5.0000       0.8602E-003
    -24.3750      6.2500       0.5031E-003
    -24.3750      7.5000       0.2528E-003
    -24.3750      8.7500       0.1051E-003
    -24.3750     10.0000       0.3002E-004
    -24.3750     11.2500       0.1979E-005
    -24.3750     12.5000       0.2816E-005
    -24.3750     13.7500       0.8936E-005
    -24.3750     15.0000       0.6257E-005
    -24.3750     16.2500       0.1176E-005
    -24.3750     17.5000       0.1528E-007
    -24.3750     18.7500       0.1375E-010

    -23.4375    -20.0000       0.5057E-010
    -23.4375    -18.7500       0.1325E-010
    -23.4375    -17.5000       0.1053E-007
    -23.4375    -16.2500       0.8475E-006
    -23.4375    -15.0000       0.4496E-005
    -23.4375    -13.7500       0.6535E-005
    -23.4375    -12.5000       0.4443E-005
    -23.4375    -11.2500       0.1457E-004
    -23.4375    -10.0000       0.6023E-004
    -23.4375     -8.7500       0.1583E-003
    -23.4375     -7.5000       0.3312E-003
    -23.4375     -6.2500       0.6023E-003
    -23.4375     -5.0000       0.9629E-003
    -23.4375     -3.7500       0.1360E-002
    -23.4375     -2.5000       0.1700E-002
    -23.4375     -1.2500       0.1887E-002
    -23.4375      0.0000       0.1838E-002
    -23.4375      1.2500       0.1547E-002
    -23.4375      2.5000       0.1105E-002
    -23.4375      3.7500       0.6526E-003
    -23.4375      5.0000       0.3076E-003
    -23.4375      6.2500       0.1233E-003
    -23.4375      7.5000       0.7472E-004
    -23.4375      8.7500       0.9612E-004
    -23.4375     10.0000       0.1295E-003
    -23.4375     11.2500       0.1453E-003
    -23.4375     12.5000       0.1334E-003
    -23.4375     13.7500       0.9231E-004
    -23.4375     15.0000       0.3867E-004
    -23.4375     16.2500       0.5816E-005
    -23.4375     17.5000       0.6788E-007
    -23.4375     18.7500       0.6959E-011

    -22.5000    -20.0000       0.3643E-010
    -22.5000    -18.7500       0.2575E-010
    -22.5000    -17.5000       0.2787E-007
    -22.5000    -16.2500       0.2861E-005
    -22.5000    -15.0000       0.2281E-004
    -22.5000    -13.7500       0.7074E-004
    -22.5000    -12.5000       0.1479E-003
    -22.5000    -11.2500       0.2585E-003
    -22.5000    -10.0000       0.4011E-003
    -22.5000     -8.7500       0.5742E-003
    -22.5000     -7.5000       0.7802E-003
    -22.5000     -6.2500       0.1015E-002
    -22.5000     -5.0000       0.1233E-002
    -22.5000     -3.7500       0.1376E-002
    -22.5000     -2.5000       0.1393E-002
    -22.5000     -1.2500       0.1268E-002
    -22.5000      0.0000       0.1005E-002
    -22.5000      1.2500       0.6558E-003
    -22.5000      2.5000       0.3201E-003
    -22.5000      3.7500       0.1017E-003
    -22.5000      5.0000       0.5386E-004
    -22.5000      6.2500       0.1534E-003
    -22.5000      7.5000       0.3193E-003
    -22.5000      8.7500       0.4623E-003
    -22.5000     10.0000       0.5258E-003
    -22.5000     11.2500       0.4936E-003
    -22.5000     12.5000       0.3798E-003
    -22.5000     13.7500       0.2250E-003
    -22.5000     15.0000       0.8431E-004
    -22.5000     16.2500       0.1180E-004
    -22.5000     17.5000       0.1322E-006
    -22.5000     18.7500       0.9931E-011

    -21.5625    -20.0000       0.1886E-010
    -21.5625    -18.7500       0.3855E-010
    -21.5625    -17.5000       0.9102E-007
    -21.5625    -16.2500       0.8850E-005
    -21.5625    -15.0000       0.6844E-004
    -21.5625    -13.7500       0.2035E-003
    -21.5625    -12.5000       0.3944E-003
    -21.5625    -11.2500       0.6067E-003
    -21.5625    -10.0000       0.7969E-003
    -21.5625     -8.7500       0.9400E-003
    -21.5625     -7.5000       0.1024E-002
    -21.5625     -6.2500       0.1045E-002
    -21.5625     -5.0000       0.9801E-003
    -21.5625     -3.7500       0.8264E-003
    -21.5625     -2.5000       0.6085E-003
    -21.5625     -1.2500       0.3758E-003
    -21.5625      0.0000       0.1695E-003
    -21.5625      1.2500       0.3465E-004
    -21.5625      2.5000       0.1158E-004
    -21.5625      3.7500       0.1176E-003
    -21.5625      5.0000       0.3252E-003
    -21.5625      6.2500       0.5665E-003
    -21.5625      7.5000       0.7686E-003
    -21.5625      8.7500       0.8777E-003
    -21.5625     10.0000       0.8663E-003
    -21.5625     11.2500       0.7371E-003
    -21.5625     12.5000       0.5232E-003
    -21.5625     13.7500       0.2892E-003
    -21.5625     15.0000       0.1026E-003
    -21.5625     16.2500       0.1380E-004
    -21.5625     17.5000       0.1511E-006
    -21.5625     18.7500       0.1500E-010

    -20.6250    -20.0000       0.8136E-011
    -20.6250    -18.7500       0.4142E-010
    -20.6250    -17.5000       0.1438E-006
    -20.6250    -16.2500       0.1349E-004
    -20.6250    -15.0000       0.1008E-003
    -20.6250    -13.7500       0.2868E-003
    -20.6250    -12.5000       0.5247E-003
    -20.6250    -11.2500       0.7497E-003
    -20.6250    -10.0000       0.8962E-003
    -20.6250     -8.7500       0.9310E-003
    -20.6250     -7.5000       0.8466E-003
    -20.6250     -6.2500       0.6660E-003
    -20.6250     -5.0000       0.4279E-003
    -20.6250     -3.7500       0.1984E-003
    -20.6250     -2.5000       0.4358E-004
    -20.6250     -1.2500       0.3417E-005
    -20.6250      0.0000       0.7672E-004
    -20.6250      1.2500       0.2382E-003
    -20.6250      2.5000       0.4553E-003
    -20.6250      3.7500       0.6861E-003
    -20.6250      5.0000       0.8797E-003
    -20.6250      6.2500       0.9950E-003
    -20.6250      7.5000       0.1023E-002
    -20.6250      8.7500       0.9734E-003
    -20.6250     10.0000       0.8488E-003
    -20.6250     11.2500       0.6597E-003
    -20.6250     12.5000       0.4361E-003
    -20.6250     13.7500       0.2277E-003
    -20.6250     15.0000       0.7734E-004
    -20.6250     16.2500       0.1005E-004
    -20.6250     17.5000       0.1079E-006
    -20.6250     18.7500       0.1412E-010

    -19.6875    -20.0000       0.7420E-011
    -19.6875    -18.7500       0.3100E-010
    -19.6875    -17.5000       0.1393E-006
    -19.6875    -16.2500       0.1266E-004
    -19.6875    -15.0000       0.9120E-004
    -19.6875    -13.7500       0.2467E-003
    -19.6875    -12.5000       0.4233E-003
    -19.6875    -11.2500       0.5608E-003
    -19.6875    -10.0000       0.6109E-003
    -19.6875     -8.7500       0.5553E-003
    -19.6875     -7.5000       0.4050E-003
    -19.6875     -6.2500       0.2138E-003
    -19.6875     -5.0000       0.6720E-004
    -19.6875     -3.7500       0.5112E-004
    -19.6875     -2.5000       0.2022E-003
    -19.6875     -1.2500       0.4838E-003
    -19.6875      0.0000       0.8096E-003
    -19.6875      1.2500       0.1085E-002
    -19.6875      2.5000       0.1255E-002
    -19.6875      3.7500       0.1301E-002
    -19.6875      5.0000       0.1224E-002
    -19.6875      6.2500       0.1058E-002
    -19.6875      7.5000       0.8573E-003
    -19.6875      8.7500       0.6646E-003
    -19.6875     10.0000       0.4889E-003
    -19.6875     11.2500       0.3302E-003
    -19.6875     12.5000       0.1960E-003
    -19.6875     13.7500       0.9531E-004
    -19.6875     15.0000       0.3091E-004
    -19.6875     16.2500       0.3878E-005
    -19.6875     17.5000       0.4082E-007
    -19.6875     18.7500       0.6815E-011

    -18.7500    -20.0000       0.1145E-010
    -18.7500    -18.7500       0.1402E-010
    -18.7500    -17.5000       0.8148E-007
    -18.7500    -16.2500       0.7094E-005
    -18.7500    -15.0000       0.4810E-004
    -18.7500    -13.7500       0.1187E-003
    -18.7500    -12.5000       0.1801E-003
    -18.7500    -11.2500       0.2075E-003
    -18.7500    -10.0000       0.1941E-003
    -18.7500     -8.7500       0.1462E-003
    -18.7500     -7.5000       0.9165E-004
    -18.7500     -6.2500       0.9109E-004
    -18.7500     -5.0000       0.2195E-003
    -18.7500     -3.7500       0.5159E-003
    -18.7500     -2.5000       0.9425E-003
    -18.7500     -1.2500       0.1388E-002
    -18.7500      0.0000       0.1714E-002
    -18.7500      1.2500       0.1820E-002
    -18.7500      2.5000       0.1700E-002
    -18.7500      3.7500       0.1416E-002
    -18.7500      5.0000       0.1054E-002
    -18.7500      6.2500       0.7005E-003
    -18.7500      7.5000       0.4181E-003
    -18.7500      8.7500       0.2253E-003
    -18.7500     10.0000       0.1060E-003
    -18.7500     11.2500       0.4104E-004
    -18.7500     12.5000       0.1605E-004
    -18.7500     13.7500       0.9571E-005
    -18.7500     15.0000       0.4620E-005
    -18.7500     16.2500       0.7666E-006
    -18.7500     17.5000       0.9545E-008
    -18.7500     18.7500       0.9458E-012

    -17.8125    -20.0000       0.1261E-010
    -17.8125    -18.7500       0.1861E-011
    -17.8125    -17.5000       0.2180E-007
    -17.8125    -16.2500       0.1742E-005
    -17.8125    -15.0000       0.9837E-005
    -17.8125    -13.7500       0.1668E-004
    -17.8125    -12.5000       0.1123E-004
    -17.8125    -11.2500       0.3782E-005
    -17.8125    -10.0000       0.1647E-004
    -17.8125     -8.7500       0.6786E-004
    -17.8125     -7.5000       0.1857E-003
    -17.8125     -6.2500       0.4071E-003
    -17.8125     -5.0000       0.7489E-003
    -17.8125     -3.7500       0.1178E-002
    -17.8125     -2.5000       0.1605E-002
    -17.8125     -1.2500       0.1912E-002
    -17.8125      0.0000       0.1988E-002
    -17.8125      1.2500       0.1793E-002
    -17.8125      2.5000       0.1396E-002
    -17.8125      3.7500       0.9300E-003
    -17.8125      5.0000       0.5188E-003
    -17.8125      6.2500       0.2389E-003
    -17.8125      7.5000       0.9560E-004
    -17.8125      8.7500       0.4601E-004
    -17.8125     10.0000       0.4080E-004
    -17.8125     11.2500       0.4971E-004
    -17.8125     12.5000       0.5650E-004
    -17.8125     13.7500       0.4680E-004
    -17.8125     15.0000       0.2184E-004
    -17.8125     16.2500       0.3487E-005
    -17.8125     17.5000       0.4180E-007
    -17.8125     18.7500       0.5366E-011

    -16.8750    -20.0000       0.8665E-011
    -16.8750    -18.7500       0.1369E-011
    -16.8750    -17.5000       0.1335E-007
    -16.8750    -16.2500       0.1360E-005
    -16.8750    -15.0000       0.1043E-004
    -16.8750    -13.7500       0.3127E-004
    -16.8750    -12.5000       0.6701E-004
    -16.8750    -11.2500       0.1311E-003
    -16.8750    -10.0000       0.2363E-003
    -16.8750     -8.7500       0.3901E-003
    -16.8750     -7.5000       0.6032E-003
    -16.8750     -6.2500       0.8804E-003
    -16.8750     -5.0000       0.1184E-002
    -16.8750     -3.7500       0.1450E-002
    -16.8750     -2.5000       0.1603E-002
    -16.8750     -1.2500       0.1592E-002
    -16.8750      0.0000       0.1389E-002
    -16.8750      1.2500       0.1027E-002
    -16.8750      2.5000       0.6128E-003
    -16.8750      3.7500       0.2735E-003
    -16.8750      5.0000       0.9481E-004
    -16.8750      6.2500       0.8414E-004
    -16.8750      7.5000       0.1771E-003
    -16.8750      8.7500       0.2867E-003
    -16.8750     10.0000       0.3515E-003
    -16.8750     11.2500       0.3485E-003
    -16.8750     12.5000       0.2813E-003
    -16.8750     13.7500       0.1739E-003
    -16.8750     15.0000       0.6725E-004
    -16.8750     16.2500       0.9620E-005
    -16.8750     17.5000       0.1089E-006
    -16.8750     18.7500       0.2121E-010

    -15.9375    -20.0000       0.5019E-011
    -15.9375    -18.7500       0.9663E-011
    -15.9375    -17.5000       0.6371E-007
    -15.9375    -16.2500       0.6288E-005
    -15.9375    -15.0000       0.4936E-004
    -15.9375    -13.7500       0.1495E-003
    -15.9375    -12.5000       0.2977E-003
    -15.9375    -11.2500       0.4761E-003
    -15.9375    -10.0000       0.6577E-003
    -15.9375     -8.7500       0.8258E-003
    -15.9375     -7.5000       0.9728E-003
    -15.9375     -6.2500       0.1090E-002
    -15.9375     -5.0000       0.1140E-002
    -15.9375     -3.7500       0.1091E-002
    -15.9375     -2.5000       0.9379E-003
    -15.9375     -1.2500       0.7116E-003
    -15.9375      0.0000       0.4470E-003
    -15.9375      1.2500       0.2015E-003
    -15.9375      2.5000       0.4491E-004
    -15.9375      3.7500       0.3037E-004
    -15.9375      5.0000       0.1593E-003
    -15.9375      6.2500       0.3742E-003
    -15.9375      7.5000       0.5900E-003
    -15.9375      8.7500       0.7328E-003
    -15.9375     10.0000       0.7613E-003
    -15.9375     11.2500       0.6714E-003
    -15.9375     12.5000       0.4905E-003
    -15.9375     13.7500       0.2778E-003
    -15.9375     15.0000       0.1005E-003
    -15.9375     16.2500       0.1371E-004
    -15.9375     17.5000       0.1510E-006
    -15.9375     18.7500       0.3967E-010

    -15.0000    -20.0000       0.9467E-011
    -15.0000    -18.7500       0.1751E-010
    -15.0000    -17.5000       0.1282E-006
    -15.0000    -16.2500       0.1214E-004
    -15.0000    -15.0000       0.9200E-004
    -15.0000    -13.7500       0.2663E-003
    -15.0000    -12.5000       0.4982E-003
    -15.0000    -11.2500       0.7319E-003
    -15.0000    -10.0000       0.9060E-003
    -15.0000     -8.7500       0.9881E-003
    -15.0000     -7.5000       0.9664E-003
    -15.0000     -6.2500       0.8510E-003
    -15.0000     -5.0000       0.6544E-003
    -15.0000     -3.7500       0.4181E-003
    -15.0000     -2.5000       0.1992E-003
    -15.0000     -1.2500       0.5160E-004
    -15.0000      0.0000       0.3129E-010
    -15.0000      1.2500       0.5145E-004
    -15.0000      2.5000       0.1994E-003
    -15.0000      3.7500       0.4178E-003
    -15.0000      5.0000       0.6549E-003
    -15.0000      6.2500       0.8506E-003
    -15.0000      7.5000       0.9668E-003
    -15.0000      8.7500       0.9878E-003
    -15.0000     10.0000       0.9063E-003
    -15.0000     11.2500       0.7317E-003
    -15.0000     12.5000       0.4983E-003
    -15.0000     13.7500       0.2663E-003
    -15.0000     15.0000       0.9203E-004
    -15.0000     16.2500       0.1213E-004
    -15.0000     17.5000       0.1308E-006
    -15.0000     18.7500       0.4862E-010

    -14.0625    -20.0000       0.2419E-010
    -14.0625    -18.7500       0.1794E-010
    -14.0625    -17.5000       0.1495E-006
    -14.0625    -16.2500       0.1372E-004
    -14.0625    -15.0000       0.1005E-003
    -14.0625    -13.7500       0.2778E-003
    -14.0625    -12.5000       0.4904E-003
    -14.0625    -11.2500       0.6715E-003
    -14.0625    -10.0000       0.7612E-003
    -14.0625     -8.7500       0.7330E-003
    -14.0625     -7.5000       0.5897E-003
    -14.0625     -6.2500       0.3744E-003
    -14.0625     -5.0000       0.1591E-003
    -14.0625     -3.7500       0.3044E-004
    -14.0625     -2.5000       0.4499E-004
    -14.0625     -1.2500       0.2013E-003
    -14.0625      0.0000       0.4473E-003
    -14.0625      1.2500       0.7111E-003
    -14.0625      2.5000       0.9384E-003
    -14.0625      3.7500       0.1090E-002
    -14.0625      5.0000       0.1140E-002
    -14.0625      6.2500       0.1090E-002
    -14.0625      7.5000       0.9731E-003
    -14.0625      8.7500       0.8256E-003
    -14.0625     10.0000       0.6578E-003
    -14.0625     11.2500       0.4760E-003
    -14.0625     12.5000       0.2978E-003
    -14.0625     13.7500       0.1495E-003
    -14.0625     15.0000       0.4937E-004
    -14.0625     16.2500       0.6278E-005
    -14.0625     17.5000       0.6624E-007
    -14.0625     18.7500       0.4233E-010

    -13.1250    -20.0000       0.4238E-010
    -13.1250    -18.7500       0.1248E-010
    -13.1250    -17.5000       0.1087E-006
    -13.1250    -16.2500       0.9624E-005
    -13.1250    -15.0000       0.6724E-004
    -13.1250    -13.7500       0.1739E-003
    -13.1250    -12.5000       0.2813E-003
    -13.1250    -11.2500       0.3485E-003
    -13.1250    -10.0000       0.3514E-003
    -13.1250     -8.7500       0.2867E-003
    -13.1250     -7.5000       0.1770E-003
    -13.1250     -6.2500       0.8416E-004
    -13.1250     -5.0000       0.9486E-004
    -13.1250     -3.7500       0.2733E-003
    -13.1250     -2.5000       0.6130E-003
    -13.1250     -1.2500       0.1027E-002
    -13.1250      0.0000       0.1389E-002
    -13.1250      1.2500       0.1592E-002
    -13.1250      2.5000       0.1604E-002
    -13.1250      3.7500       0.1450E-002
    -13.1250      5.0000       0.1185E-002
    -13.1250      6.2500       0.8802E-003
    -13.1250      7.5000       0.6034E-003
    -13.1250      8.7500       0.3899E-003
    -13.1250     10.0000       0.2363E-003
    -13.1250     11.2500       0.1311E-003
    -13.1250     12.5000       0.6702E-004
    -13.1250     13.7500       0.3127E-004
    -13.1250     15.0000       0.1044E-004
    -13.1250     16.2500       0.1356E-005
    -13.1250     17.5000       0.1467E-007
    -13.1250     18.7500       0.2607E-010

    -12.1875    -20.0000       0.5278E-010
    -12.1875    -18.7500       0.9309E-011
    -12.1875    -17.5000       0.4204E-007
    -12.1875    -16.2500       0.3486E-005
    -12.1875    -15.0000       0.2184E-004
    -12.1875    -13.7500       0.4680E-004
    -12.1875    -12.5000       0.5650E-004
    -12.1875    -11.2500       0.4971E-004
    -12.1875    -10.0000       0.4080E-004
    -12.1875     -8.7500       0.4601E-004
    -12.1875     -7.5000       0.9561E-004
    -12.1875     -6.2500       0.2389E-003
    -12.1875     -5.0000       0.5189E-003
    -12.1875     -3.7500       0.9300E-003
    -12.1875     -2.5000       0.1396E-002
    -12.1875     -1.2500       0.1793E-002
    -12.1875      0.0000       0.1988E-002
    -12.1875      1.2500       0.1912E-002
    -12.1875      2.5000       0.1605E-002
    -12.1875      3.7500       0.1178E-002
    -12.1875      5.0000       0.7490E-003
    -12.1875      6.2500       0.4071E-003
    -12.1875      7.5000       0.1857E-003
    -12.1875      8.7500       0.6785E-004
    -12.1875     10.0000       0.1647E-004
    -12.1875     11.2500       0.3782E-005
    -12.1875     12.5000       0.1123E-004
    -12.1875     13.7500       0.1668E-004
    -12.1875     15.0000       0.9837E-005
    -12.1875     16.2500       0.1741E-005
    -12.1875     17.5000       0.2203E-007
    -12.1875     18.7500       0.1149E-010

    -11.2500    -20.0000       0.4856E-010
    -11.2500    -18.7500       0.1522E-010
    -11.2500    -17.5000       0.8734E-008
    -11.2500    -16.2500       0.7682E-006
    -11.2500    -15.0000       0.4619E-005
    -11.2500    -13.7500       0.9571E-005
    -11.2500    -12.5000       0.1604E-004
    -11.2500    -11.2500       0.4105E-004
    -11.2500    -10.0000       0.1059E-003
    -11.2500     -8.7500       0.2253E-003
    -11.2500     -7.5000       0.4180E-003
    -11.2500     -6.2500       0.7007E-003
    -11.2500     -5.0000       0.1053E-002
    -11.2500     -3.7500       0.1416E-002
    -11.2500     -2.5000       0.1700E-002
    -11.2500     -1.2500       0.1820E-002
    -11.2500      0.0000       0.1714E-002
    -11.2500      1.2500       0.1388E-002
    -11.2500      2.5000       0.9423E-003
    -11.2500      3.7500       0.5160E-003
    -11.2500      5.0000       0.2195E-003
    -11.2500      6.2500       0.9111E-004
    -11.2500      7.5000       0.9166E-004
    -11.2500      8.7500       0.1462E-003
    -11.2500     10.0000       0.1941E-003
    -11.2500     11.2500       0.2075E-003
    -11.2500     12.5000       0.1801E-003
    -11.2500     13.7500       0.1187E-003
    -11.2500     15.0000       0.4811E-004
    -11.2500     16.2500       0.7091E-005
    -11.2500     17.5000       0.8185E-007
    -11.2500     18.7500       0.6933E-011

    -10.3125    -20.0000       0.3281E-010
    -10.3125    -18.7500       0.2864E-010
    -10.3125    -17.5000       0.3830E-007
    -10.3125    -16.2500       0.3886E-005
    -10.3125    -15.0000       0.3090E-004
    -10.3125    -13.7500       0.9533E-004
    -10.3125    -12.5000       0.1959E-003
    -10.3125    -11.2500       0.3302E-003
    -10.3125    -10.0000       0.4887E-003
    -10.3125     -8.7500       0.6648E-003
    -10.3125     -7.5000       0.8571E-003
    -10.3125     -6.2500       0.1059E-002
    -10.3125     -5.0000       0.1224E-002
    -10.3125     -3.7500       0.1301E-002
    -10.3125     -2.5000       0.1255E-002
    -10.3125     -1.2500       0.1085E-002
    -10.3125      0.0000       0.8091E-003
    -10.3125      1.2500       0.4841E-003
    -10.3125      2.5000       0.2020E-003
    -10.3125      3.7500       0.5116E-004
    -10.3125      5.0000       0.6728E-004
    -10.3125      6.2500       0.2137E-003
    -10.3125      7.5000       0.4051E-003
    -10.3125      8.7500       0.5551E-003
    -10.3125     10.0000       0.6110E-003
    -10.3125     11.2500       0.5607E-003
    -10.3125     12.5000       0.4233E-003
    -10.3125     13.7500       0.2466E-003
    -10.3125     15.0000       0.9122E-004
    -10.3125     16.2500       0.1265E-004
    -10.3125     17.5000       0.1410E-006
    -10.3125     18.7500       0.1109E-010

     -9.3750    -20.0000       0.1593E-010
     -9.3750    -18.7500       0.4017E-010
     -9.3750    -17.5000       0.1044E-006
     -9.3750    -16.2500       0.1007E-004
     -9.3750    -15.0000       0.7731E-004
     -9.3750    -13.7500       0.2278E-003
     -9.3750    -12.5000       0.4360E-003
     -9.3750    -11.2500       0.6598E-003
     -9.3750    -10.0000       0.8486E-003
     -9.3750     -8.7500       0.9737E-003
     -9.3750     -7.5000       0.1023E-002
     -9.3750     -6.2500       0.9954E-003
     -9.3750     -5.0000       0.8792E-003
     -9.3750     -3.7500       0.6866E-003
     -9.3750     -2.5000       0.4549E-003
     -9.3750     -1.2500       0.2385E-003
     -9.3750      0.0000       0.7655E-004
     -9.3750      1.2500       0.3434E-005
     -9.3750      2.5000       0.4372E-004
     -9.3750      3.7500       0.1982E-003
     -9.3750      5.0000       0.4282E-003
     -9.3750      6.2500       0.6656E-003
     -9.3750      7.5000       0.8469E-003
     -9.3750      8.7500       0.9307E-003
     -9.3750     10.0000       0.8964E-003
     -9.3750     11.2500       0.7496E-003
     -9.3750     12.5000       0.5248E-003
     -9.3750     13.7500       0.2868E-003
     -9.3750     15.0000       0.1009E-003
     -9.3750     16.2500       0.1348E-004
     -9.3750     17.5000       0.1469E-006
     -9.3750     18.7500       0.1546E-010

     -8.4375    -20.0000       0.7261E-011
     -8.4375    -18.7500       0.4032E-010
     -8.4375    -17.5000       0.1482E-006
     -8.4375    -16.2500       0.1382E-004
     -8.4375    -15.0000       0.1026E-003
     -8.4375    -13.7500       0.2892E-003
     -8.4375    -12.5000       0.5231E-003
     -8.4375    -11.2500       0.7372E-003
     -8.4375    -10.0000       0.8661E-003
     -8.4375     -8.7500       0.8780E-003
     -8.4375     -7.5000       0.7683E-003
     -8.4375     -6.2500       0.5669E-003
     -8.4375     -5.0000       0.3249E-003
     -8.4375     -3.7500       0.1178E-003
     -8.4375     -2.5000       0.1152E-004
     -8.4375     -1.2500       0.3456E-004
     -8.4375      0.0000       0.1698E-003
     -8.4375      1.2500       0.3754E-003
     -8.4375      2.5000       0.6089E-003
     -8.4375      3.7500       0.8259E-003
     -8.4375      5.0000       0.9806E-003
     -8.4375      6.2500       0.1045E-002
     -8.4375      7.5000       0.1024E-002
     -8.4375      8.7500       0.9397E-003
     -8.4375     10.0000       0.7971E-003
     -8.4375     11.2500       0.6065E-003
     -8.4375     12.5000       0.3944E-003
     -8.4375     13.7500       0.2035E-003
     -8.4375     15.0000       0.6847E-004
     -8.4375     16.2500       0.8837E-005
     -8.4375     17.5000       0.9441E-007
     -8.4375     18.7500       0.1301E-010

     -7.5000    -20.0000       0.8110E-011
     -7.5000    -18.7500       0.2778E-010
     -7.5000    -17.5000       0.1308E-006
     -7.5000    -16.2500       0.1181E-004
     -7.5000    -15.0000       0.8429E-004
     -7.5000    -13.7500       0.2251E-003
     -7.5000    -12.5000       0.3798E-003
     -7.5000    -11.2500       0.4937E-003
     -7.5000    -10.0000       0.5257E-003
     -7.5000     -8.7500       0.4625E-003
     -7.5000     -7.5000       0.3192E-003
     -7.5000     -6.2500       0.1535E-003
     -7.5000     -5.0000       0.5384E-004
     -7.5000     -3.7500       0.1016E-003
     -7.5000     -2.5000       0.3203E-003
     -7.5000     -1.2500       0.6555E-003
     -7.5000      0.0000       0.1005E-002
     -7.5000      1.2500       0.1268E-002
     -7.5000      2.5000       0.1393E-002
     -7.5000      3.7500       0.1375E-002
     -7.5000      5.0000       0.1234E-002
     -7.5000      6.2500       0.1015E-002
     -7.5000      7.5000       0.7805E-003
     -7.5000      8.7500       0.5741E-003
     -7.5000     10.0000       0.4012E-003
     -7.5000     11.2500       0.2584E-003
     -7.5000     12.5000       0.1480E-003
     -7.5000     13.7500       0.7072E-004
     -7.5000     15.0000       0.2282E-004
     -7.5000     16.2500       0.2854E-005
     -7.5000     17.5000       0.3006E-007
     -7.5000     18.7500       0.5195E-011

     -6.5625    -20.0000       0.1210E-010
     -6.5625    -18.7500       0.1086E-010
     -6.5625    -17.5000       0.6765E-007
     -6.5625    -16.2500       0.5818E-005
     -6.5625    -15.0000       0.3866E-004
     -6.5625    -13.7500       0.9232E-004
     -6.5625    -12.5000       0.1333E-003
     -6.5625    -11.2500       0.1454E-003
     -6.5625    -10.0000       0.1295E-003
     -6.5625     -8.7500       0.9613E-004
     -6.5625     -7.5000       0.7472E-004
     -6.5625     -6.2500       0.1233E-003
     -6.5625     -5.0000       0.3077E-003
     -6.5625     -3.7500       0.6524E-003
     -6.5625     -2.5000       0.1105E-002
     -6.5625     -1.2500       0.1547E-002
     -6.5625      0.0000       0.1838E-002
     -6.5625      1.2500       0.1886E-002
     -6.5625      2.5000       0.1700E-002
     -6.5625      3.7500       0.1360E-002
     -6.5625      5.0000       0.9630E-003
     -6.5625      6.2500       0.6022E-003
     -6.5625      7.5000       0.3312E-003
     -6.5625      8.7500       0.1583E-003
     -6.5625     10.0000       0.6025E-004
     -6.5625     11.2500       0.1456E-004
     -6.5625     12.5000       0.4443E-005
     -6.5625     13.7500       0.6537E-005
     -6.5625     15.0000       0.4495E-005
     -6.5625     16.2500       0.8467E-006
     -6.5625     17.5000       0.1104E-007
     -6.5625     18.7500       0.8174E-012

     -5.6250    -20.0000       0.1215E-010
     -5.6250    -18.7500       0.7774E-012
     -5.6250    -17.5000       0.1491E-007
     -5.6250    -16.2500       0.1176E-005
     -5.6250    -15.0000       0.6258E-005
     -5.6250    -13.7500       0.8934E-005
     -5.6250    -12.5000       0.2818E-005
     -5.6250    -11.2500       0.1980E-005
     -5.6250    -10.0000       0.3001E-004
     -5.6250     -8.7500       0.1051E-003
     -5.6250     -7.5000       0.2527E-003
     -5.6250     -6.2500       0.5032E-003
     -5.6250     -5.0000       0.8601E-003
     -5.6250     -3.7500       0.1279E-002
     -5.6250     -2.5000       0.1668E-002
     -5.6250     -1.2500       0.1917E-002
     -5.6250      0.0000       0.1931E-002
     -5.6250      1.2500       0.1684E-002
     -5.6250      2.5000       0.1259E-002
     -5.6250      3.7500       0.7924E-003
     -5.6250      5.0000       0.4087E-003
     -5.6250      6.2500       0.1732E-003
     -5.6250      7.5000       0.7604E-004
     -5.6250      8.7500       0.6230E-004
     -5.6250     10.0000       0.7775E-004
     -5.6250     11.2500       0.9207E-004
     -5.6250     12.5000       0.9162E-004
     -5.6250     13.7500       0.6802E-004
     -5.6250     15.0000       0.2979E-004
     -5.6250     16.2500       0.4599E-005
     -5.6250     17.5000       0.5421E-007
     -5.6250     18.7500       0.7778E-011

     -4.6875    -20.0000       0.7644E-011
     -4.6875    -18.7500       0.2577E-011
     -4.6875    -17.5000       0.1954E-007
     -4.6875    -16.2500       0.2008E-005
     -4.6875    -15.0000       0.1590E-004
     -4.6875    -13.7500       0.4911E-004
     -4.6875    -12.5000       0.1044E-003
     -4.6875    -11.2500       0.1913E-003
     -4.6875    -10.0000       0.3159E-003
     -4.6875     -8.7500       0.4815E-003
     -4.6875     -7.5000       0.6945E-003
     -4.6875     -6.2500       0.9549E-003
     -4.6875     -5.0000       0.1220E-002
     -4.6875     -3.7500       0.1426E-002
     -4.6875     -2.5000       0.1511E-002
     -4.6875     -1.2500       0.1439E-002
     -4.6875      0.0000       0.1201E-002
     -4.6875      1.2500       0.8392E-003
     -4.6875      2.5000       0.4588E-003
     -4.6875      3.7500       0.1768E-003
     -4.6875      5.0000       0.6316E-004
     -4.6875      6.2500       0.1096E-003
     -4.6875      7.5000       0.2423E-003
     -4.6875      8.7500       0.3717E-003
     -4.6875     10.0000       0.4382E-003
     -4.6875     11.2500       0.4219E-003
     -4.6875     12.5000       0.3319E-003
     -4.6875     13.7500       0.2005E-003
     -4.6875     15.0000       0.7622E-004
     -4.6875     16.2500       0.1078E-004
     -4.6875     17.5000       0.1211E-006
     -4.6875     18.7500       0.2509E-010

     -3.7500    -20.0000       0.5066E-011
     -3.7500    -18.7500       0.1158E-010
     -3.7500    -17.5000       0.7748E-007
     -3.7500    -16.2500       0.7573E-005
     -3.7500    -15.0000       0.5900E-004
     -3.7500    -13.7500       0.1771E-003
     -3.7500    -12.5000       0.3477E-003
     -3.7500    -11.2500       0.5446E-003
     -3.7500    -10.0000       0.7325E-003
     -3.7500     -8.7500       0.8900E-003
     -3.7500     -7.5000       0.1007E-002
     -3.7500     -6.2500       0.1077E-002
     -3.7500     -5.0000       0.1068E-002
     -3.7500     -3.7500       0.9629E-003
     -3.7500     -2.5000       0.7716E-003
     -3.7500     -1.2500       0.5355E-003
     -3.7500      0.0000       0.2946E-003
     -3.7500      1.2500       0.1015E-003
     -3.7500      2.5000       0.1198E-004
     -3.7500      3.7500       0.6094E-004
     -3.7500      5.0000       0.2344E-003
     -3.7500      6.2500       0.4681E-003
     -3.7500      7.5000       0.6818E-003
     -3.7500      8.7500       0.8109E-003
     -3.7500     10.0000       0.8207E-003
     -3.7500     11.2500       0.7107E-003
     -3.7500     12.5000       0.5116E-003
     -3.7500     13.7500       0.2861E-003
     -3.7500     15.0000       0.1025E-003
     -3.7500     16.2500       0.1389E-004
     -3.7500     17.5000       0.1523E-006
     -3.7500     18.7500       0.4255E-010

     -2.8125    -20.0000       0.1168E-010
     -2.8125    -18.7500       0.1827E-010
     -2.8125    -17.5000       0.1373E-006
     -2.8125    -16.2500       0.1292E-004
     -2.8125    -15.0000       0.9726E-004
     -2.8125    -13.7500       0.2791E-003
     -2.8125    -12.5000       0.5163E-003
     -2.8125    -11.2500       0.7479E-003
     -2.8125    -10.0000       0.9097E-003
     -2.8125     -8.7500       0.9682E-003
     -2.8125     -7.5000       0.9135E-003
     -2.8125     -6.2500       0.7619E-003
     -2.8125     -5.0000       0.5392E-003
     -2.8125     -3.7500       0.2999E-003
     -2.8125     -2.5000       0.1069E-003
     -2.8125     -1.2500       0.9172E-005
     -2.8125      0.0000       0.1939E-004
     -2.8125      1.2500       0.1288E-003
     -2.8125      2.5000       0.3170E-003
     -2.8125      3.7500       0.5483E-003
     -2.8125      5.0000       0.7697E-003
     -2.8125      6.2500       0.9294E-003
     -2.8125      7.5000       0.1004E-002
     -2.8125      8.7500       0.9896E-003
     -2.8125     10.0000       0.8856E-003
     -2.8125     11.2500       0.7020E-003
     -2.8125     12.5000       0.4712E-003
     -2.8125     13.7500       0.2489E-003
     -2.8125     15.0000       0.8529E-004
     -2.8125     16.2500       0.1117E-004
     -2.8125     17.5000       0.1199E-006
     -2.8125     18.7500       0.4856E-010

     -1.8750    -20.0000       0.2790E-010
     -1.8750    -18.7500       0.1711E-010
     -1.8750    -17.5000       0.1458E-006
     -1.8750    -16.2500       0.1331E-004
     -1.8750    -15.0000       0.9666E-004
     -1.8750    -13.7500       0.2645E-003
     -1.8750    -12.5000       0.4606E-003
     -1.8750    -11.2500       0.6209E-003
     -1.8750    -10.0000       0.6904E-003
     -1.8750     -8.7500       0.6466E-003
     -1.8750     -7.5000       0.4963E-003
     -1.8750     -6.2500       0.2884E-003
     -1.8750     -5.0000       0.1028E-003
     -1.8750     -3.7500       0.2708E-004
     -1.8750     -2.5000       0.1092E-003
     -1.8750     -1.2500       0.3304E-003
     -1.8750      0.0000       0.6211E-003
     -1.8750      1.2500       0.8967E-003
     -1.8750      2.5000       0.1101E-002
     -1.8750      3.7500       0.1204E-002
     -1.8750      5.0000       0.1193E-002
     -1.8750      6.2500       0.1084E-002
     -1.8750      7.5000       0.9224E-003
     -1.8750      8.7500       0.7496E-003
     -1.8750     10.0000       0.5755E-003
     -1.8750     11.2500       0.4036E-003
     -1.8750     12.5000       0.2465E-003
     -1.8750     13.7500       0.1219E-003
     -1.8750     15.0000       0.3988E-004
     -1.8750     16.2500       0.5034E-005
     -1.8750     17.5000       0.5289E-007
     -1.8750     18.7500       0.3954E-010

     -0.9375    -20.0000       0.4542E-010
     -0.9375    -18.7500       0.1137E-010
     -0.9375    -17.5000       0.9552E-007
     -0.9375    -16.2500       0.8379E-005
     -0.9375    -15.0000       0.5775E-004
     -0.9375    -13.7500       0.1463E-003
     -0.9375    -12.5000       0.2300E-003
     -0.9375    -11.2500       0.2761E-003
     -0.9375    -10.0000       0.2690E-003
     -0.9375     -8.7500       0.2106E-003
     -0.9375     -7.5000       0.1262E-003
     -0.9375     -6.2500       0.7788E-004
     -0.9375     -5.0000       0.1477E-003
     -0.9375     -3.7500       0.3879E-003
     -0.9375     -2.5000       0.7763E-003
     -0.9375     -1.2500       0.1212E-002
     -0.9375      0.0000       0.1562E-002
     -0.9375      1.2500       0.1720E-002
     -0.9375      2.5000       0.1667E-002
     -0.9375      3.7500       0.1446E-002
     -0.9375      5.0000       0.1128E-002
     -0.9375      6.2500       0.7944E-003
     -0.9375      7.5000       0.5100E-003
     -0.9375      8.7500       0.3035E-003
     -0.9375     10.0000       0.1654E-003
     -0.9375     11.2500       0.8039E-004
     -0.9375     12.5000       0.3718E-004
     -0.9375     13.7500       0.1792E-004
     -0.9375     15.0000       0.6626E-005
     -0.9375     16.2500       0.9386E-006
     -0.9375     17.5000       0.1075E-007
     -0.9375     18.7500       0.2264E-010

      0.0000    -20.0000       0.5316E-010
      0.0000    -18.7500       0.9671E-011
      0.0000    -17.5000       0.3104E-007
      0.0000    -16.2500       0.2521E-005
      0.0000    -15.0000       0.1510E-004
      0.0000    -13.7500       0.2946E-004
      0.0000    -12.5000       0.2936E-004
      0.0000    -11.2500       0.1990E-004
      0.0000    -10.0000       0.2011E-004
      0.0000     -8.7500       0.4789E-004
      0.0000     -7.5000       0.1326E-003
      0.0000     -6.2500       0.3179E-003
      0.0000     -5.0000       0.6337E-003
      0.0000     -3.7500       0.1060E-002
      0.0000     -2.5000       0.1513E-002
      0.0000     -1.2500       0.1870E-002
      0.0000      0.0000       0.2007E-002
      0.0000      1.2500       0.1870E-002
      0.0000      2.5000       0.1513E-002
      0.0000      3.7500       0.1060E-002
      0.0000      5.0000       0.6337E-003
      0.0000      6.2500       0.3179E-003
      0.0000      7.5000       0.1326E-003
      0.0000      8.7500       0.4789E-004
      0.0000     10.0000       0.2011E-004
      0.0000     11.2500       0.1990E-004
      0.0000     12.5000       0.2936E-004
      0.0000     13.7500       0.2946E-004
      0.0000     15.0000       0.1510E-004
      0.0000     16.2500       0.2521E-005
      0.0000     17.5000       0.3104E-007
      0.0000     18.7500       0.9668E-011

      0.9375    -20.0000       0.4606E-010
      0.9375    -18.7500       0.1753E-010
      0.9375    -17.5000       0.9658E-008
      0.9375    -16.2500       0.9412E-006
      0.9375    -15.0000       0.6624E-005
      0.9375    -13.7500       0.1793E-004
      0.9375    -12.5000       0.3717E-004
      0.9375    -11.2500       0.8042E-004
      0.9375    -10.0000       0.1654E-003
      0.9375     -8.7500       0.3036E-003
      0.9375     -7.5000       0.5099E-003
      0.9375     -6.2500       0.7946E-003
      0.9375     -5.0000       0.1128E-002
      0.9375     -3.7500       0.1447E-002
      0.9375     -2.5000       0.1667E-002
      0.9375     -1.2500       0.1721E-002
      0.9375      0.0000       0.1562E-002
      0.9375      1.2500       0.1212E-002
      0.9375      2.5000       0.7760E-003
      0.9375      3.7500       0.3880E-003
      0.9375      5.0000       0.1476E-003
      0.9375      6.2500       0.7788E-004
      0.9375      7.5000       0.1262E-003
      0.9375      8.7500       0.2105E-003
      0.9375     10.0000       0.2691E-003
      0.9375     11.2500       0.2760E-003
      0.9375     12.5000       0.2301E-003
      0.9375     13.7500       0.1463E-003
      0.9375     15.0000       0.5776E-004
      0.9375     16.2500       0.8375E-005
      0.9375     17.5000       0.9580E-007
      0.9375     18.7500       0.7281E-011

      1.8750    -20.0000       0.2915E-010
      1.8750    -18.7500       0.3147E-010
      1.8750    -17.5000       0.5032E-007
      1.8750    -16.2500       0.5043E-005
      1.8750    -15.0000       0.3987E-004
      1.8750    -13.7500       0.1219E-003
      1.8750    -12.5000       0.2465E-003
      1.8750    -11.2500       0.4037E-003
      1.8750    -10.0000       0.5754E-003
      1.8750     -8.7500       0.7498E-003
      1.8750     -7.5000       0.9221E-003
      1.8750     -6.2500       0.1084E-002
      1.8750     -5.0000       0.1192E-002
      1.8750     -3.7500       0.1205E-002
      1.8750     -2.5000       0.1101E-002
      1.8750     -1.2500       0.8971E-003
      1.8750      0.0000       0.6207E-003
      1.8750      1.2500       0.3307E-003
      1.8750      2.5000       0.1091E-003
      1.8750      3.7500       0.2707E-004
      1.8750      5.0000       0.1029E-003
      1.8750      6.2500       0.2882E-003
      1.8750      7.5000       0.4965E-003
      1.8750      8.7500       0.6464E-003
      1.8750     10.0000       0.6905E-003
      1.8750     11.2500       0.6208E-003
      1.8750     12.5000       0.4607E-003
      1.8750     13.7500       0.2645E-003
      1.8750     15.0000       0.9669E-004
      1.8750     16.2500       0.1330E-004
      1.8750     17.5000       0.1475E-006
      1.8750     18.7500       0.1226E-010

      2.8125    -20.0000       0.1336E-010
      2.8125    -18.7500       0.4131E-010
      2.8125    -17.5000       0.1168E-006
      2.8125    -16.2500       0.1118E-004
      2.8125    -15.0000       0.8526E-004
      2.8125    -13.7500       0.2490E-003
      2.8125    -12.5000       0.4711E-003
      2.8125    -11.2500       0.7021E-003
      2.8125    -10.0000       0.8854E-003
      2.8125     -8.7500       0.9899E-003
      2.8125     -7.5000       0.1003E-002
      2.8125     -6.2500       0.9299E-003
      2.8125     -5.0000       0.7692E-003
      2.8125     -3.7500       0.5487E-003
      2.8125     -2.5000       0.3166E-003
      2.8125     -1.2500       0.1291E-003
      2.8125      0.0000       0.1930E-004
      2.8125      1.2500       0.9106E-005
      2.8125      2.5000       0.1072E-003
      2.8125      3.7500       0.2995E-003
      2.8125      5.0000       0.5395E-003
      2.8125      6.2500       0.7615E-003
      2.8125      7.5000       0.9138E-003
      2.8125      8.7500       0.9679E-003
      2.8125     10.0000       0.9099E-003
      2.8125     11.2500       0.7478E-003
      2.8125     12.5000       0.5164E-003
      2.8125     13.7500       0.2790E-003
      2.8125     15.0000       0.9729E-004
      2.8125     16.2500       0.1291E-004
      2.8125     17.5000       0.1402E-006
      2.8125     18.7500       0.1561E-010

      3.7500    -20.0000       0.6794E-011
      3.7500    -18.7500       0.3867E-010
      3.7500    -17.5000       0.1500E-006
      3.7500    -16.2500       0.1390E-004
      3.7500    -15.0000       0.1025E-003
      3.7500    -13.7500       0.2862E-003
      3.7500    -12.5000       0.5115E-003
      3.7500    -11.2500       0.7108E-003
      3.7500    -10.0000       0.8205E-003
      3.7500     -8.7500       0.8111E-003
      3.7500     -7.5000       0.6815E-003
      3.7500     -6.2500       0.4684E-003
      3.7500     -5.0000       0.2341E-003
      3.7500     -3.7500       0.6107E-004
      3.7500     -2.5000       0.1199E-004
      3.7500     -1.2500       0.1014E-003
      3.7500      0.0000       0.2949E-003
      3.7500      1.2500       0.5351E-003
      3.7500      2.5000       0.7721E-003
      3.7500      3.7500       0.9623E-003
      3.7500      5.0000       0.1069E-002
      3.7500      6.2500       0.1077E-002
      3.7500      7.5000       0.1008E-002
      3.7500      8.7500       0.8898E-003
      3.7500     10.0000       0.7327E-003
      3.7500     11.2500       0.5445E-003
      3.7500     12.5000       0.3477E-003
      3.7500     13.7500       0.1771E-003
      3.7500     15.0000       0.5903E-004
      3.7500     16.2500       0.7562E-005
      3.7500     17.5000       0.8045E-007
      3.7500     18.7500       0.1166E-010

      4.6875    -20.0000       0.8928E-011
      4.6875    -18.7500       0.2436E-010
      4.6875    -17.5000       0.1204E-006
      4.6875    -16.2500       0.1078E-004
      4.6875    -15.0000       0.7620E-004
      4.6875    -13.7500       0.2005E-003
      4.6875    -12.5000       0.3318E-003
      4.6875    -11.2500       0.4220E-003
      4.6875    -10.0000       0.4381E-003
      4.6875     -8.7500       0.3718E-003
      4.6875     -7.5000       0.2422E-003
      4.6875     -6.2500       0.1097E-003
      4.6875     -5.0000       0.6318E-004
      4.6875     -3.7500       0.1767E-003
      4.6875     -2.5000       0.4591E-003
      4.6875     -1.2500       0.8388E-003
      4.6875      0.0000       0.1201E-002
      4.6875      1.2500       0.1439E-002
      4.6875      2.5000       0.1511E-002
      4.6875      3.7500       0.1426E-002
      4.6875      5.0000       0.1220E-002
      4.6875      6.2500       0.9546E-003
      4.6875      7.5000       0.6947E-003
      4.6875      8.7500       0.4813E-003
      4.6875     10.0000       0.3160E-003
      4.6875     11.2500       0.1912E-003
      4.6875     12.5000       0.1044E-003
      4.6875     13.7500       0.4910E-004
      4.6875     15.0000       0.1590E-004
      4.6875     16.2500       0.2003E-005
      4.6875     17.5000       0.2126E-007
      4.6875     18.7500       0.3715E-011

      5.6250    -20.0000       0.1256E-010
      5.6250    -18.7500       0.7998E-011
      5.6250    -17.5000       0.5428E-007
      5.6250    -16.2500       0.4600E-005
      5.6250    -15.0000       0.2979E-004
      5.6250    -13.7500       0.6802E-004
      5.6250    -12.5000       0.9161E-004
      5.6250    -11.2500       0.9208E-004
      5.6250    -10.0000       0.7774E-004
      5.6250     -8.7500       0.6230E-004
      5.6250     -7.5000       0.7605E-004
      5.6250     -6.2500       0.1732E-003
      5.6250     -5.0000       0.4088E-003
      5.6250     -3.7500       0.7923E-003
      5.6250     -2.5000       0.1259E-002
      5.6250     -1.2500       0.1684E-002
      5.6250      0.0000       0.1931E-002
      5.6250      1.2500       0.1917E-002
      5.6250      2.5000       0.1668E-002
      5.6250      3.7500       0.1279E-002
      5.6250      5.0000       0.8602E-003
      5.6250      6.2500       0.5031E-003
      5.6250      7.5000       0.2528E-003
      5.6250      8.7500       0.1051E-003
      5.6250     10.0000       0.3002E-004
      5.6250     11.2500       0.1979E-005
      5.6250     12.5000       0.2816E-005
      5.6250     13.7500       0.8937E-005
      5.6250     15.0000       0.6257E-005
      5.6250     16.2500       0.1176E-005
      5.6250     17.5000       0.1522E-007
      5.6250     18.7500       0.1175E-011

      6.5625    -20.0000       0.1149E-010
      6.5625    -18.7500       0.2042E-012
      6.5625    -17.5000       0.1050E-007
      6.5625    -16.2500       0.8476E-006
      6.5625    -15.0000       0.4496E-005
      6.5625    -13.7500       0.6536E-005
      6.5625    -12.5000       0.4443E-005
      6.5625    -11.2500       0.1457E-004
      6.5625    -10.0000       0.6023E-004
      6.5625     -8.7500       0.1583E-003
      6.5625     -7.5000       0.3312E-003
      6.5625     -6.2500       0.6023E-003
      6.5625     -5.0000       0.9629E-003
      6.5625     -3.7500       0.1360E-002
      6.5625     -2.5000       0.1700E-002
      6.5625     -1.2500       0.1887E-002
      6.5625      0.0000       0.1838E-002
      6.5625      1.2500       0.1547E-002
      6.5625      2.5000       0.1105E-002
      6.5625      3.7500       0.6526E-003
      6.5625      5.0000       0.3076E-003
      6.5625      6.2500       0.1233E-003
      6.5625      7.5000       0.7472E-004
      6.5625      8.7500       0.9612E-004
      6.5625     10.0000       0.1295E-003
      6.5625     11.2500       0.1453E-003
      6.5625     12.5000       0.1334E-003
      6.5625     13.7500       0.9231E-004
      6.5625     15.0000       0.3866E-004
      6.5625     16.2500       0.5817E-005
      6.5625     17.5000       0.6764E-007
      6.5625     18.7500       0.1064E-010

      7.5000    -20.0000       0.6697E-011
      7.5000    -18.7500       0.4091E-011
      7.5000    -17.5000       0.2803E-007
      7.5000    -16.2500       0.2861E-005
      7.5000    -15.0000       0.2281E-004
      7.5000    -13.7500       0.7073E-004
      7.5000    -12.5000       0.1479E-003
      7.5000    -11.2500       0.2585E-003
      7.5000    -10.0000       0.4011E-003
      7.5000     -8.7500       0.5742E-003
      7.5000     -7.5000       0.7802E-003
      7.5000     -6.2500       0.1015E-002
      7.5000     -5.0000       0.1233E-002
      7.5000     -3.7500       0.1376E-002
      7.5000     -2.5000       0.1393E-002
      7.5000     -1.2500       0.1268E-002
      7.5000      0.0000       0.1005E-002
      7.5000      1.2500       0.6558E-003
      7.5000      2.5000       0.3201E-003
      7.5000      3.7500       0.1017E-003
      7.5000      5.0000       0.5386E-004
      7.5000      6.2500       0.1534E-003
      7.5000      7.5000       0.3193E-003
      7.5000      8.7500       0.4623E-003
      7.5000     10.0000       0.5258E-003
      7.5000     11.2500       0.4936E-003
      7.5000     12.5000       0.3798E-003
      7.5000     13.7500       0.2250E-003
      7.5000     15.0000       0.8431E-004
      7.5000     16.2500       0.1180E-004
      7.5000     17.5000       0.1319E-006
      7.5000     18.7500       0.2899E-010

      8.4375    -20.0000       0.5506E-011
      8.4375    -18.7500       0.1339E-010
      8.4375    -17.5000       0.9133E-007
      8.4375    -16.2500       0.8849E-005
      8.4375    -15.0000       0.6844E-004
      8.4375    -13.7500       0.2035E-003
      8.4375    -12.5000       0.3944E-003
      8.4375    -11.2500       0.6067E-003
      8.4375    -10.0000       0.7969E-003
      8.4375     -8.7500       0.9400E-003
      8.4375     -7.5000       0.1024E-002
      8.4375     -6.2500       0.1045E-002
      8.4375     -5.0000       0.9801E-003
      8.4375     -3.7500       0.8264E-003
      8.4375     -2.5000       0.6085E-003
      8.4375     -1.2500       0.3758E-003
      8.4375      0.0000       0.1695E-003
      8.4375      1.2500       0.3465E-004
      8.4375      2.5000       0.1158E-004
      8.4375      3.7500       0.1176E-003
      8.4375      5.0000       0.3252E-003
      8.4375      6.2500       0.5665E-003
      8.4375      7.5000       0.7686E-003
      8.4375      8.7500       0.8777E-003
      8.4375     10.0000       0.8663E-003
      8.4375     11.2500       0.7371E-003
      8.4375     12.5000       0.5232E-003
      8.4375     13.7500       0.2892E-003
      8.4375     15.0000       0.1026E-003
      8.4375     16.2500       0.1381E-004
      8.4375     17.5000       0.1508E-006
      8.4375     18.7500       0.4494E-010

      9.3750    -20.0000       0.1432E-010
      9.3750    -18.7500       0.1870E-010
      9.3750    -17.5000       0.1442E-006
      9.3750    -16.2500       0.1349E-004
      9.3750    -15.0000       0.1008E-003
      9.3750    -13.7500       0.2868E-003
      9.3750    -12.5000       0.5247E-003
      9.3750    -11.2500       0.7497E-003
      9.3750    -10.0000       0.8962E-003
      9.3750     -8.7500       0.9310E-003
      9.3750     -7.5000       0.8466E-003
      9.3750     -6.2500       0.6660E-003
      9.3750     -5.0000       0.4279E-003
      9.3750     -3.7500       0.1984E-003
      9.3750     -2.5000       0.4358E-004
      9.3750     -1.2500       0.3417E-005
      9.3750      0.0000       0.7672E-004
      9.3750      1.2500       0.2382E-003
      9.3750      2.5000       0.4553E-003
      9.3750      3.7500       0.6861E-003
      9.3750      5.0000       0.8797E-003
      9.3750      6.2500       0.9950E-003
      9.3750      7.5000       0.1023E-002
      9.3750      8.7500       0.9734E-003
      9.3750     10.0000       0.8488E-003
      9.3750     11.2500       0.6597E-003
      9.3750     12.5000       0.4361E-003
      9.3750     13.7500       0.2277E-003
      9.3750     15.0000       0.7733E-004
      9.3750     16.2500       0.1005E-004
      9.3750     17.5000       0.1075E-006
      9.3750     18.7500       0.4787E-010

     10.3125    -20.0000       0.3167E-010
     10.3125    -18.7500       0.1608E-010
     10.3125    -17.5000       0.1397E-006
     10.3125    -16.2500       0.1266E-004
     10.3125    -15.0000       0.9120E-004
     10.3125    -13.7500       0.2467E-003
     10.3125    -12.5000       0.4233E-003
     10.3125    -11.2500       0.5608E-003
     10.3125    -10.0000       0.6109E-003
     10.3125     -8.7500       0.5553E-003
     10.3125     -7.5000       0.4050E-003
     10.3125     -6.2500       0.2138E-003
     10.3125     -5.0000       0.6720E-004
     10.3125     -3.7500       0.5112E-004
     10.3125     -2.5000       0.2022E-003
     10.3125     -1.2500       0.4838E-003
     10.3125      0.0000       0.8096E-003
     10.3125      1.2500       0.1085E-002
     10.3125      2.5000       0.1255E-002
     10.3125      3.7500       0.1301E-002
     10.3125      5.0000       0.1224E-002
     10.3125      6.2500       0.1058E-002
     10.3125      7.5000       0.8573E-003
     10.3125      8.7500       0.6646E-003
     10.3125     10.0000       0.4889E-003
     10.3125     11.2500       0.3302E-003
     10.3125     12.5000       0.1960E-003
     10.3125     13.7500       0.9531E-004
     10.3125     15.0000       0.3091E-004
     10.3125     16.2500       0.3878E-005
     10.3125     17.5000       0.4062E-007
     10.3125     18.7500       0.3641E-010

     11.2500    -20.0000       0.4804E-010
     11.2500    -18.7500       0.1043E-010
     11.2500    -17.5000       0.8175E-007
     11.2500    -16.2500       0.7093E-005
     11.2500    -15.0000       0.4810E-004
     11.2500    -13.7500       0.1187E-003
     11.2500    -12.5000       0.1801E-003
     11.2500    -11.2500       0.2075E-003
     11.2500    -10.0000       0.1941E-003
     11.2500     -8.7500       0.1462E-003
     11.2500     -7.5000       0.9165E-004
     11.2500     -6.2500       0.9109E-004
     11.2500     -5.0000       0.2195E-003
     11.2500     -3.7500       0.5159E-003
     11.2500     -2.5000       0.9425E-003
     11.2500     -1.2500       0.1388E-002
     11.2500      0.0000       0.1714E-002
     11.2500      1.2500       0.1820E-002
     11.2500      2.5000       0.1700E-002
     11.2500      3.7500       0.1416E-002
     11.2500      5.0000       0.1054E-002
     11.2500      6.2500       0.7005E-003
     11.2500      7.5000       0.4181E-003
     11.2500      8.7500       0.2253E-003
     11.2500     10.0000       0.1060E-003
     11.2500     11.2500       0.4104E-004
     11.2500     12.5000       0.1605E-004
     11.2500     13.7500       0.9572E-005
     11.2500     15.0000       0.4620E-005
     11.2500     16.2500       0.7665E-006
     11.2500     17.5000       0.9531E-008
     11.2500     18.7500       0.1939E-010

     12.1875    -20.0000       0.5291E-010
     12.1875    -18.7500       0.1045E-010
     12.1875    -17.5000       0.2190E-007
     12.1875    -16.2500       0.1741E-005
     12.1875    -15.0000       0.9838E-005
     12.1875    -13.7500       0.1668E-004
     12.1875    -12.5000       0.1123E-004
     12.1875    -11.2500       0.3782E-005
     12.1875    -10.0000       0.1647E-004
     12.1875     -8.7500       0.6786E-004
     12.1875     -7.5000       0.1857E-003
     12.1875     -6.2500       0.4071E-003
     12.1875     -5.0000       0.7489E-003
     12.1875     -3.7500       0.1178E-002
     12.1875     -2.5000       0.1605E-002
     12.1875     -1.2500       0.1912E-002
     12.1875      0.0000       0.1988E-002
     12.1875      1.2500       0.1793E-002
     12.1875      2.5000       0.1396E-002
     12.1875      3.7500       0.9300E-003
     12.1875      5.0000       0.5188E-003
     12.1875      6.2500       0.2389E-003
     12.1875      7.5000       0.9560E-004
     12.1875      8.7500       0.4601E-004
     12.1875     10.0000       0.4080E-004
     12.1875     11.2500       0.4971E-004
     12.1875     12.5000       0.5650E-004
     12.1875     13.7500       0.4680E-004
     12.1875     15.0000       0.2184E-004
     12.1875     16.2500       0.3486E-005
     12.1875     17.5000       0.4198E-007
     12.1875     18.7500       0.8304E-011

     13.1250    -20.0000       0.4315E-010
     13.1250    -18.7500       0.2010E-010
     13.1250    -17.5000       0.1326E-007
     13.1250    -16.2500       0.1360E-005
     13.1250    -15.0000       0.1043E-004
     13.1250    -13.7500       0.3128E-004
     13.1250    -12.5000       0.6701E-004
     13.1250    -11.2500       0.1311E-003
     13.1250    -10.0000       0.2363E-003
     13.1250     -8.7500       0.3901E-003
     13.1250     -7.5000       0.6032E-003
     13.1250     -6.2500       0.8804E-003
     13.1250     -5.0000       0.1184E-002
     13.1250     -3.7500       0.1450E-002
     13.1250     -2.5000       0.1603E-002
     13.1250     -1.2500       0.1592E-002
     13.1250      0.0000       0.1389E-002
     13.1250      1.2500       0.1027E-002
     13.1250      2.5000       0.6128E-003
     13.1250      3.7500       0.2735E-003
     13.1250      5.0000       0.9481E-004
     13.1250      6.2500       0.8414E-004
     13.1250      7.5000       0.1771E-003
     13.1250      8.7500       0.2867E-003
     13.1250     10.0000       0.3515E-003
     13.1250     11.2500       0.3485E-003
     13.1250     12.5000       0.2813E-003
     13.1250     13.7500       0.1739E-003
     13.1250     15.0000       0.6725E-004
     13.1250     16.2500       0.9619E-005
     13.1250     17.5000       0.1092E-006
     13.1250     18.7500       0.7946E-011

     14.0625    -20.0000       0.2554E-010
     14.0625    -18.7500       0.3412E-010
     14.0625    -17.5000       0.6345E-007
     14.0625    -16.2500       0.6288E-005
     14.0625    -15.0000       0.4935E-004
     14.0625    -13.7500       0.1495E-003
     14.0625    -12.5000       0.2977E-003
     14.0625    -11.2500       0.4761E-003
     14.0625    -10.0000       0.6577E-003
     14.0625     -8.7500       0.8258E-003
     14.0625     -7.5000       0.9728E-003
     14.0625     -6.2500       0.1090E-002
     14.0625     -5.0000       0.1140E-002
     14.0625     -3.7500       0.1091E-002
     14.0625     -2.5000       0.9379E-003
     14.0625     -1.2500       0.7116E-003
     14.0625      0.0000       0.4470E-003
     14.0625      1.2500       0.2015E-003
     14.0625      2.5000       0.4491E-004
     14.0625      3.7500       0.3037E-004
     14.0625      5.0000       0.1593E-003
     14.0625      6.2500       0.3742E-003
     14.0625      7.5000       0.5900E-003
     14.0625      8.7500       0.7328E-003
     14.0625     10.0000       0.7613E-003
     14.0625     11.2500       0.6714E-003
     14.0625     12.5000       0.4905E-003
     14.0625     13.7500       0.2778E-003
     14.0625     15.0000       0.1005E-003
     14.0625     16.2500       0.1371E-004
     14.0625     17.5000       0.1514E-006
     14.0625     18.7500       0.1334E-010

     15.0000    -20.0000       0.1119E-010
     15.0000    -18.7500       0.4191E-010
     15.0000    -17.5000       0.1278E-006
     15.0000    -16.2500       0.1215E-004
     15.0000    -15.0000       0.9200E-004
     15.0000    -13.7500       0.2663E-003
     15.0000    -12.5000       0.4982E-003
     15.0000    -11.2500       0.7319E-003
     15.0000    -10.0000       0.9060E-003
     15.0000     -8.7500       0.9881E-003
     15.0000     -7.5000       0.9664E-003
     15.0000     -6.2500       0.8510E-003
     15.0000     -5.0000       0.6544E-003
     15.0000     -3.7500       0.4181E-003
     15.0000     -2.5000       0.1992E-003
     15.0000     -1.2500       0.5160E-004
     15.0000      0.0000       0.3134E-010
     15.0000      1.2500       0.5145E-004
     15.0000      2.5000       0.1994E-003
     15.0000      3.7500       0.4178E-003
     15.0000      5.0000       0.6549E-003
     15.0000      6.2500       0.8506E-003
     15.0000      7.5000       0.9668E-003
     15.0000      8.7500       0.9878E-003
     15.0000     10.0000       0.9063E-003
     15.0000     11.2500       0.7317E-003
     15.0000     12.5000       0.4983E-003
     15.0000     13.7500       0.2663E-003
     15.0000     15.0000       0.9203E-004
     15.0000     16.2500       0.1213E-004
     15.0000     17.5000       0.1312E-006
     15.0000     18.7500       0.1544E-010

     15.9375    -20.0000       0.6699E-011
     15.9375    -18.7500       0.3653E-010
     15.9375    -17.5000       0.1491E-006
     15.9375    -16.2500       0.1373E-004
     15.9375    -15.0000       0.1005E-003
     15.9375    -13.7500       0.2778E-003
     15.9375    -12.5000       0.4904E-003
     15.9375    -11.2500       0.6715E-003
     15.9375    -10.0000       0.7612E-003
     15.9375     -8.7500       0.7330E-003
     15.9375     -7.5000       0.5897E-003
     15.9375     -6.2500       0.3744E-003
     15.9375     -5.0000       0.1591E-003
     15.9375     -3.7500       0.3044E-004
     15.9375     -2.5000       0.4499E-004
     15.9375     -1.2500       0.2013E-003
     15.9375      0.0000       0.4473E-003
     15.9375      1.2500       0.7111E-003
     15.9375      2.5000       0.9384E-003
     15.9375      3.7500       0.1090E-002
     15.9375      5.0000       0.1140E-002
     15.9375      6.2500       0.1090E-002
     15.9375      7.5000       0.9731E-003
     15.9375      8.7500       0.8256E-003
     15.9375     10.0000       0.6578E-003
     15.9375     11.2500       0.4760E-003
     15.9375     12.5000       0.2978E-003
     15.9375     13.7500       0.1495E-003
     15.9375     15.0000       0.4937E-004
     15.9375     16.2500       0.6277E-005
     15.9375     17.5000       0.6650E-007
     15.9375     18.7500       0.1013E-010

     16.8750    -20.0000       0.9802E-011
     16.8750    -18.7500       0.2087E-010
     16.8750    -17.5000       0.1084E-006
     16.8750    -16.2500       0.9625E-005
     16.8750    -15.0000       0.6724E-004
     16.8750    -13.7500       0.1739E-003
     16.8750    -12.5000       0.2813E-003
     16.8750    -11.2500       0.3485E-003
     16.8750    -10.0000       0.3514E-003
     16.8750     -8.7500       0.2867E-003
     16.8750     -7.5000       0.1770E-003
     16.8750     -6.2500       0.8416E-004
     16.8750     -5.0000       0.9486E-004
     16.8750     -3.7500       0.2733E-003
     16.8750     -2.5000       0.6130E-003
     16.8750     -1.2500       0.1027E-002
     16.8750      0.0000       0.1389E-002
     16.8750      1.2500       0.1592E-002
     16.8750      2.5000       0.1604E-002
     16.8750      3.7500       0.1450E-002
     16.8750      5.0000       0.1185E-002
     16.8750      6.2500       0.8802E-003
     16.8750      7.5000       0.6034E-003
     16.8750      8.7500       0.3899E-003
     16.8750     10.0000       0.2363E-003
     16.8750     11.2500       0.1311E-003
     16.8750     12.5000       0.6703E-004
     16.8750     13.7500       0.3127E-004
     16.8750     15.0000       0.1044E-004
     16.8750     16.2500       0.1356E-005
     16.8750     17.5000       0.1476E-007
     16.8750     18.7500       0.2461E-011

     17.8125    -20.0000       0.1282E-010
     17.8125    -18.7500       0.5507E-011
     17.8125    -17.5000       0.4187E-007
     17.8125    -16.2500       0.3487E-005
     17.8125    -15.0000       0.2183E-004
     17.8125    -13.7500       0.4680E-004
     17.8125    -12.5000       0.5650E-004
     17.8125    -11.2500       0.4972E-004
     17.8125    -10.0000       0.4080E-004
     17.8125     -8.7500       0.4601E-004
     17.8125     -7.5000       0.9561E-004
     17.8125     -6.2500       0.2389E-003
     17.8125     -5.0000       0.5189E-003
     17.8125     -3.7500       0.9300E-003
     17.8125     -2.5000       0.1396E-002
     17.8125     -1.2500       0.1793E-002
     17.8125      0.0000       0.1988E-002
     17.8125      1.2500       0.1912E-002
     17.8125      2.5000       0.1605E-002
     17.8125      3.7500       0.1178E-002
     17.8125      5.0000       0.7490E-003
     17.8125      6.2500       0.4071E-003
     17.8125      7.5000       0.1857E-003
     17.8125      8.7500       0.6785E-004
     17.8125     10.0000       0.1647E-004
     17.8125     11.2500       0.3782E-005
     17.8125     12.5000       0.1123E-004
     17.8125     13.7500       0.1668E-004
     17.8125     15.0000       0.9836E-005
     17.8125     16.2500       0.1742E-005
     17.8125     17.5000       0.2192E-007
     17.8125     18.7500       0.2047E-011

     18.7500    -20.0000       0.1065E-010
     18.7500    -18.7500       0.1322E-012
     18.7500    -17.5000       0.8746E-008
     18.7500    -16.2500       0.7682E-006
     18.7500    -15.0000       0.4619E-005
     18.7500    -13.7500       0.9571E-005
     18.7500    -12.5000       0.1604E-004
     18.7500    -11.2500       0.4105E-004
     18.7500    -10.0000       0.1059E-003
     18.7500     -8.7500       0.2253E-003
     18.7500     -7.5000       0.4180E-003
     18.7500     -6.2500       0.7007E-003
     18.7500     -5.0000       0.1053E-002
     18.7500     -3.7500       0.1416E-002
     18.7500     -2.5000       0.1700E-002
     18.7500     -1.2500       0.1820E-002
     18.7500      0.0000       0.1714E-002
     18.7500      1.2500       0.1388E-002
     18.7500      2.5000       0.9423E-003
     18.7500      3.7500       0.5160E-003
     18.7500      5.0000       0.2195E-003
     18.7500      6.2500       0.9111E-004
     18.7500      7.5000       0.9166E-004
     18.7500      8.7500       0.1462E-003
     18.7500     10.0000       0.1941E-003
     18.7500     11.2500       0.2075E-003
     18.7500     12.5000       0.1801E-003
     18.7500     13.7500       0.1187E-003
     18.7500     15.0000       0.4811E-004
     18.7500     16.2500       0.7092E-005
     18.7500     17.5000       0.8158E-007
     18.7500     18.7500       0.1388E-010

     19.6875    -20.0000       0.5897E-011
     19.6875    -18.7500       0.5833E-011
     19.6875    -17.5000       0.3850E-007
     19.6875    -16.2500       0.3885E-005
     19.6875    -15.0000       0.3090E-004
     19.6875    -13.7500       0.9533E-004
     19.6875    -12.5000       0.1959E-003
     19.6875    -11.2500       0.3302E-003
     19.6875    -10.0000       0.4887E-003
     19.6875     -8.7500       0.6648E-003
     19.6875     -7.5000       0.8571E-003
     19.6875     -6.2500       0.1059E-002
     19.6875     -5.0000       0.1224E-002
     19.6875     -3.7500       0.1301E-002
     19.6875     -2.5000       0.1255E-002
     19.6875     -1.2500       0.1085E-002
     19.6875      0.0000       0.8091E-003
     19.6875      1.2500       0.4841E-003
     19.6875      2.5000       0.2020E-003
     19.6875      3.7500       0.5116E-004
     19.6875      5.0000       0.6728E-004
     19.6875      6.2500       0.2137E-003
     19.6875      7.5000       0.4051E-003
     19.6875      8.7500       0.5551E-003
     19.6875     10.0000       0.6110E-003
     19.6875     11.2500       0.5607E-003
     19.6875     12.5000       0.4233E-003
     19.6875     13.7500       0.2467E-003
     19.6875     15.0000       0.9122E-004
     19.6875     16.2500       0.1265E-004
     19.6875     17.5000       0.1406E-006
     19.6875     18.7500       0.3279E-010

     20.6250    -20.0000       0.6374E-011
     20.6250    -18.7500       0.1502E-010
     20.6250    -17.5000       0.1047E-006
     20.6250    -16.2500       0.1007E-004
     20.6250    -15.0000       0.7731E-004
     20.6250    -13.7500       0.2278E-003
     20.6250    -12.5000       0.4360E-003
     20.6250    -11.2500       0.6598E-003
     20.6250    -10.0000       0.8486E-003
     20.6250     -8.7500       0.9737E-003
     20.6250     -7.5000       0.1023E-002
     20.6250     -6.2500       0.9954E-003
     20.6250     -5.0000       0.8792E-003
     20.6250     -3.7500       0.6866E-003
     20.6250     -2.5000       0.4549E-003
     20.6250     -1.2500       0.2385E-003
     20.6250      0.0000       0.7655E-004
     20.6250      1.2500       0.3434E-005
     20.6250      2.5000       0.4372E-004
     20.6250      3.7500       0.1982E-003
     20.6250      5.0000       0.4282E-003
     20.6250      6.2500       0.6656E-003
     20.6250      7.5000       0.8469E-003
     20.6250      8.7500       0.9307E-003
     20.6250     10.0000       0.8964E-003
     20.6250     11.2500       0.7496E-003
     20.6250     12.5000       0.5248E-003
     20.6250     13.7500       0.2868E-003
     20.6250     15.0000       0.1009E-003
     20.6250     16.2500       0.1348E-004
     20.6250     17.5000       0.1466E-006
     20.6250     18.7500       0.4678E-010

     21.5625    -20.0000       0.1732E-010
     21.5625    -18.7500       0.1877E-010
     21.5625    -17.5000       0.1486E-006
     21.5625    -16.2500       0.1382E-004
     21.5625    -15.0000       0.1026E-003
     21.5625    -13.7500       0.2892E-003
     21.5625    -12.5000       0.5231E-003
     21.5625    -11.2500       0.7372E-003
     21.5625    -10.0000       0.8661E-003
     21.5625     -8.7500       0.8780E-003
     21.5625     -7.5000       0.7683E-003
     21.5625     -6.2500       0.5669E-003
     21.5625     -5.0000       0.3249E-003
     21.5625     -3.7500       0.1178E-003
     21.5625     -2.5000       0.1152E-004
     21.5625     -1.2500       0.3456E-004
     21.5625      0.0000       0.1698E-003
     21.5625      1.2500       0.3754E-003
     21.5625      2.5000       0.6089E-003
     21.5625      3.7500       0.8259E-003
     21.5625      5.0000       0.9806E-003
     21.5625      6.2500       0.1045E-002
     21.5625      7.5000       0.1024E-002
     21.5625      8.7500       0.9397E-003
     21.5625     10.0000       0.7971E-003
     21.5625     11.2500       0.6065E-003
     21.5625     12.5000       0.3944E-003
     21.5625     13.7500       0.2035E-003
     21.5625     15.0000       0.6847E-004
     21.5625     16.2500       0.8838E-005
     21.5625     17.5000       0.9410E-007
     21.5625     18.7500       0.4657E-010

     22.5000    -20.0000       0.3541E-010
     22.5000    -18.7500       0.1492E-010
     22.5000    -17.5000       0.1312E-006
     22.5000    -16.2500       0.1181E-004
     22.5000    -15.0000       0.8429E-004
     22.5000    -13.7500       0.2251E-003
     22.5000    -12.5000       0.3798E-003
     22.5000    -11.2500       0.4937E-003
     22.5000    -10.0000       0.5257E-003
     22.5000     -8.7500       0.4625E-003
     22.5000     -7.5000       0.3192E-003
     22.5000     -6.2500       0.1535E-003
     22.5000     -5.0000       0.5384E-004
     22.5000     -3.7500       0.1016E-003
     22.5000     -2.5000       0.3203E-003
     22.5000     -1.2500       0.6555E-003
     22.5000      0.0000       0.1005E-002
     22.5000      1.2500       0.1268E-002
     22.5000      2.5000       0.1393E-002
     22.5000      3.7500       0.1375E-002
     22.5000      5.0000       0.1234E-002
     22.5000      6.2500       0.1015E-002
     22.5000      7.5000       0.7805E-003
     22.5000      8.7500       0.5741E-003
     22.5000     10.0000       0.4012E-003
     22.5000     11.2500       0.2584E-003
     22.5000     12.5000       0.1480E-003
     22.5000     13.7500       0.7072E-004
     22.5000     15.0000       0.2282E-004
     22.5000     16.2500       0.2855E-005
     22.5000     17.5000       0.2989E-007
     22.5000     18.7500       0.3306E-010

     23.4375    -20.0000       0.5018E-010
     23.4375    -18.7500       0.9729E-011
     23.4375    -17.5000       0.6789E-007
     23.4375    -16.2500       0.5817E-005
     23.4375    -15.0000       0.3866E-004
     23.4375    -13.7500       0.9232E-004
     23.4375    -12.5000       0.1333E-003
     23.4375    -11.2500       0.1453E-003
     23.4375    -10.0000       0.1295E-003
     23.4375     -8.7500       0.9613E-004
     23.4375     -7.5000       0.7472E-004
     23.4375     -6.2500       0.1233E-003
     23.4375     -5.0000       0.3077E-003
     23.4375     -3.7500       0.6524E-003
     23.4375     -2.5000       0.1105E-002
     23.4375     -1.2500       0.1547E-002
     23.4375      0.0000       0.1838E-002
     23.4375      1.2500       0.1886E-002
     23.4375      2.5000       0.1700E-002
     23.4375      3.7500       0.1360E-002
     23.4375      5.0000       0.9630E-003
     23.4375      6.2500       0.6022E-003
     23.4375      7.5000       0.3312E-003
     23.4375      8.7500       0.1583E-003
     23.4375     10.0000       0.6025E-004
     23.4375     11.2500       0.1456E-004
     23.4375     12.5000       0.4443E-005
     23.4375     13.7500       0.6537E-005
     23.4375     15.0000       0.4496E-005
     23.4375     16.2500       0.8466E-006
     23.4375     17.5000       0.1106E-007
     23.4375     18.7500       0.1640E-010

     24.3750    -20.0000       0.5204E-010
     24.3750    -18.7500       0.1164E-010
     24.3750    -17.5000       0.1497E-007
     24.3750    -16.2500       0.1176E-005
     24.3750    -15.0000       0.6258E-005
     24.3750    -13.7500       0.8934E-005
     24.3750    -12.5000       0.2818E-005
     24.3750    -11.2500       0.1980E-005
     24.3750    -10.0000       0.3001E-004
     24.3750     -8.7500       0.1051E-003
     24.3750     -7.5000       0.2527E-003
     24.3750     -6.2500       0.5032E-003
     24.3750     -5.0000       0.8601E-003
     24.3750     -3.7500       0.1279E-002
     24.3750     -2.5000       0.1668E-002
     24.3750     -1.2500       0.1917E-002
     24.3750      0.0000       0.1931E-002
     24.3750      1.2500       0.1684E-002
     24.3750      2.5000       0.1259E-002
     24.3750      3.7500       0.7924E-003
     24.3750      5.0000       0.4087E-003
     24.3750      6.2500       0.1732E-003
     24.3750      7.5000       0.7604E-004
     24.3750      8.7500       0.6230E-004
     24.3750     10.0000       0.7775E-004
     24.3750     11.2500       0.9207E-004
     24.3750     12.5000       0.9162E-004
     24.3750     13.7500       0.6802E-004
     24.3750     15.0000       0.2979E-004
     24.3750     16.2500       0.4599E-005
     24.3750     17.5000       0.5442E-007
     24.3750     18.7500       0.7406E-011

     25.3125    -20.0000       0.3991E-010
     25.3125    -18.7500       0.2287E-010
     25.3125    -17.5000       0.1941E-007
     25.3125    -16.2500       0.2008E-005
     25.3125    -15.0000       0.1590E-004
     25.3125    -13.7500       0.4911E-004
     25.3125    -12.5000       0.1044E-003
     25.3125    -11.2500       0.1913E-003
     25.3125    -10.0000       0.3159E-003
     25.3125     -8.7500       0.4815E-003
     25.3125     -7.5000       0.6945E-003
     25.3125     -6.2500       0.9549E-003
     25.3125     -5.0000       0.1220E-002
     25.3125     -3.7500       0.1426E-002
     25.3125     -2.5000       0.1511E-002
     25.3125     -1.2500       0.1439E-002
     25.3125      0.0000       0.1201E-002
     25.3125      1.2500       0.8392E-003
     25.3125      2.5000       0.4588E-003
     25.3125      3.7500       0.1768E-003
     25.3125      5.0000       0.6316E-004
     25.3125      6.2500       0.1096E-003
     25.3125      7.5000       0.2423E-003
     25.3125      8.7500       0.3717E-003
     25.3125     10.0000       0.4382E-003
     25.3125     11.2500       0.4219E-003
     25.3125     12.5000       0.3319E-003
     25.3125     13.7500       0.2005E-003
     25.3125     15.0000       0.7622E-004
     25.3125     16.2500       0.1077E-004
     25.3125     17.5000       0.1215E-006
     25.3125     18.7500       0.8855E-011

     26.2500    -20.0000       0.2209E-010
     26.2500    -18.7500       0.3651E-010
     26.2500    -17.5000       0.7719E-007
     26.2500    -16.2500       0.7574E-005
     26.2500    -15.0000       0.5900E-004
     26.2500    -13.7500       0.1771E-003
     26.2500    -12.5000       0.3477E-003
     26.2500    -11.2500       0.5446E-003
     26.2500    -10.0000       0.7325E-003
     26.2500     -8.7500       0.8900E-003
     26.2500     -7.5000       0.1007E-002
     26.2500     -6.2500       0.1077E-002
     26.2500     -5.0000       0.1068E-002
     26.2500     -3.7500       0.9629E-003
     26.2500     -2.5000       0.7716E-003
     26.2500     -1.2500       0.5355E-003
     26.2500      0.0000       0.2946E-003
     26.2500      1.2500       0.1015E-003
     26.2500      2.5000       0.1198E-004
     26.2500      3.7500       0.6094E-004
     26.2500      5.0000       0.2344E-003
     26.2500      6.2500       0.4681E-003
     26.2500      7.5000       0.6818E-003
     26.2500      8.7500       0.8109E-003
     26.2500     10.0000       0.8207E-003
     26.2500     11.2500       0.7107E-003
     26.2500     12.5000       0.5116E-003
     26.2500     13.7500       0.2861E-003
     26.2500     15.0000       0.1025E-003
     26.2500     16.2500       0.1389E-004
     26.2500     17.5000       0.1527E-006
     26.2500     18.7500       0.1428E-010

     27.1875    -20.0000       0.9442E-011
     27.1875    -18.7500       0.4195E-010
     27.1875    -17.5000       0.1369E-006
     27.1875    -16.2500       0.1293E-004
     27.1875    -15.0000       0.9725E-004
     27.1875    -13.7500       0.2791E-003
     27.1875    -12.5000       0.5163E-003
     27.1875    -11.2500       0.7479E-003
     27.1875    -10.0000       0.9097E-003
     27.1875     -8.7500       0.9682E-003
     27.1875     -7.5000       0.9135E-003
     27.1875     -6.2500       0.7619E-003
     27.1875     -5.0000       0.5392E-003
     27.1875     -3.7500       0.2999E-003
     27.1875     -2.5000       0.1069E-003
     27.1875     -1.2500       0.9172E-005
     27.1875      0.0000       0.1939E-004
     27.1875      1.2500       0.1288E-003
     27.1875      2.5000       0.3170E-003
     27.1875      3.7500       0.5483E-003
     27.1875      5.0000       0.7697E-003
     27.1875      6.2500       0.9294E-003
     27.1875      7.5000       0.1004E-002
     27.1875      8.7500       0.9896E-003
     27.1875     10.0000       0.8856E-003
     27.1875     11.2500       0.7020E-003
     27.1875     12.5000       0.4712E-003
     27.1875     13.7500       0.2489E-003
     27.1875     15.0000       0.8529E-004
     27.1875     16.2500       0.1117E-004
     27.1875     17.5000       0.1203E-006
     27.1875     18.7500       0.1494E-010

     28.1250    -20.0000       0.6927E-011
     28.1250    -18.7500       0.3395E-010
     28.1250    -17.5000       0.1455E-006
     28.1250    -16.2500       0.1331E-004
     28.1250    -15.0000       0.9666E-004
     28.1250    -13.7500       0.2645E-003
     28.1250    -12.5000       0.4606E-003
     28.1250    -11.2500       0.6209E-003
     28.1250    -10.0000       0.6904E-003
     28.1250     -8.7500       0.6466E-003
     28.1250     -7.5000       0.4963E-003
     28.1250     -6.2500       0.2884E-003
     28.1250     -5.0000       0.1028E-003
     28.1250     -3.7500       0.2708E-004
     28.1250     -2.5000       0.1092E-003
     28.1250     -1.2500       0.3304E-003
     28.1250      0.0000       0.6211E-003
     28.1250      1.2500       0.8967E-003
     28.1250      2.5000       0.1101E-002
     28.1250      3.7500       0.1204E-002
     28.1250      5.0000       0.1193E-002
     28.1250      6.2500       0.1084E-002
     28.1250      7.5000       0.9224E-003
     28.1250      8.7500       0.7496E-003
     28.1250     10.0000       0.5755E-003
     28.1250     11.2500       0.4036E-003
     28.1250     12.5000       0.2465E-003
     28.1250     13.7500       0.1219E-003
     28.1250     15.0000       0.3988E-004
     28.1250     16.2500       0.5033E-005
     28.1250     17.5000       0.5312E-007
     28.1250     18.7500       0.8490E-011

     29.0625    -20.0000       0.1066E-010
     29.0625    -18.7500       0.1738E-010
     29.0625    -17.5000       0.9523E-007
     29.0625    -16.2500       0.8380E-005
     29.0625    -15.0000       0.5775E-004
     29.0625    -13.7500       0.1463E-003
     29.0625    -12.5000       0.2300E-003
     29.0625    -11.2500       0.2761E-003
     29.0625    -10.0000       0.2690E-003
     29.0625     -8.7500       0.2106E-003
     29.0625     -7.5000       0.1262E-003
     29.0625     -6.2500       0.7788E-004
     29.0625     -5.0000       0.1477E-003
     29.0625     -3.7500       0.3879E-003
     29.0625     -2.5000       0.7763E-003
     29.0625     -1.2500       0.1212E-002
     29.0625      0.0000       0.1562E-002
     29.0625      1.2500       0.1720E-002
     29.0625      2.5000       0.1667E-002
     29.0625      3.7500       0.1446E-002
     29.0625      5.0000       0.1128E-002
     29.0625      6.2500       0.7944E-003
     29.0625      7.5000       0.5100E-003
     29.0625      8.7500       0.3035E-003
     29.0625     10.0000       0.1654E-003
     29.0625     11.2500       0.8039E-004
     29.0625     12.5000       0.3718E-004
     29.0625     13.7500       0.1792E-004
     29.0625     15.0000       0.6626E-005
     29.0625     16.2500       0.9385E-006
     29.0625     17.5000       0.1080E-007
     29.0625     18.7500       0.1514E-011

