    -30.0000    -20.0000       0.8374E-012
    -30.0000    -18.7500       0.3627E-012
    -30.0000    -17.5000       0.1001E-007
    -30.0000    -16.2500       0.9362E-006
    -30.0000    -15.0000       0.7043E-005
    -30.0000    -13.7500       0.1996E-004
    -30.0000    -12.5000       0.3462E-004
    -30.0000    -11.2500       0.4016E-004
    -30.0000    -10.0000       0.3194E-004
    -30.0000     -8.7500       0.3295E-004
    -30.0000     -7.5000       0.9920E-004
    -30.0000     -6.2500       0.2884E-003
    -30.0000     -5.0000       0.6106E-003
    -30.0000     -3.7500       0.1033E-002
    -30.0000     -2.5000       0.1486E-002
    -30.0000     -1.2500       0.1855E-002
    -30.0000      0.0000       0.1999E-002
    -30.0000      1.2500       0.1855E-002
    -30.0000      2.5000       0.1486E-002
    -30.0000      3.7500       0.1033E-002
    -30.0000      5.0000       0.6106E-003
    -30.0000      6.2500       0.2884E-003
    -30.0000      7.5000       0.9920E-004
    -30.0000      8.7500       0.3296E-004
    -30.0000     10.0000       0.3194E-004
    -30.0000     11.2500       0.4016E-004
    -30.0000     12.5000       0.3462E-004
    -30.0000     13.7500       0.1996E-004
    -30.0000     15.0000       0.7043E-005
    -30.0000     16.2500       0.9361E-006
    -30.0000     17.5000       0.1000E-007
    -30.0000     18.7500       0.3626E-012

    -29.0625    -20.0000       0.1081E-011
    -29.0625    -18.7500       0.4516E-012
    -29.0625    -17.5000       0.7966E-007
    -29.0625    -16.2500       0.7351E-005
    -29.0625    -15.0000       0.5418E-004
    -29.0625    -13.7500       0.1522E-003
    -29.0625    -12.5000       0.2738E-003
    -29.0625    -11.2500       0.3699E-003
    -29.0625    -10.0000       0.3999E-003
    -29.0625     -8.7500       0.3658E-003
    -29.0625     -7.5000       0.3214E-003
    -29.0625     -6.2500       0.3431E-003
    -29.0625     -5.0000       0.4827E-003
    -29.0625     -3.7500       0.7392E-003
    -29.0625     -2.5000       0.1068E-002
    -29.0625     -1.2500       0.1379E-002
    -29.0625      0.0000       0.1556E-002
    -29.0625      1.2500       0.1527E-002
    -29.0625      2.5000       0.1314E-002
    -29.0625      3.7500       0.1011E-002
    -29.0625      5.0000       0.7079E-003
    -29.0625      6.2500       0.4537E-003
    -29.0625      7.5000       0.2714E-003
    -29.0625      8.7500       0.1627E-003
    -29.0625     10.0000       0.1037E-003
    -29.0625     11.2500       0.6552E-004
    -29.0625     12.5000       0.3849E-004
    -29.0625     13.7500       0.1991E-004
    -29.0625     15.0000       0.7486E-005
    -29.0625     16.2500       0.1134E-005
    -29.0625     17.5000       0.1314E-007
    -29.0625     18.7500       0.4850E-013

    -28.1250    -20.0000       0.2943E-011
    -28.1250    -18.7500       0.1049E-011
    -28.1250    -17.5000       0.1602E-006
    -28.1250    -16.2500       0.1468E-004
    -28.1250    -15.0000       0.1070E-003
    -28.1250    -13.7500       0.2990E-003
    -28.1250    -12.5000       0.5432E-003
    -28.1250    -11.2500       0.7611E-003
    -28.1250    -10.0000       0.8797E-003
    -28.1250     -8.7500       0.8645E-003
    -28.1250     -7.5000       0.7400E-003
    -28.1250     -6.2500       0.5690E-003
    -28.1250     -5.0000       0.4379E-003
    -28.1250     -3.7500       0.3915E-003
    -28.1250     -2.5000       0.4296E-003
    -28.1250     -1.2500       0.5198E-003
    -28.1250      0.0000       0.6186E-003
    -28.1250      1.2500       0.6845E-003
    -28.1250      2.5000       0.7029E-003
    -28.1250      3.7500       0.6943E-003
    -28.1250      5.0000       0.6881E-003
    -28.1250      6.2500       0.6920E-003
    -28.1250      7.5000       0.6843E-003
    -28.1250      8.7500       0.6394E-003
    -28.1250     10.0000       0.5510E-003
    -28.1250     11.2500       0.4235E-003
    -28.1250     12.5000       0.2819E-003
    -28.1250     13.7500       0.1521E-003
    -28.1250     15.0000       0.5510E-004
    -28.1250     16.2500       0.7774E-005
    -28.1250     17.5000       0.8590E-007
    -28.1250     18.7500       0.1115E-011

    -27.1875    -20.0000       0.8521E-011
    -27.1875    -18.7500       0.2781E-011
    -27.1875    -17.5000       0.1801E-006
    -27.1875    -16.2500       0.1640E-004
    -27.1875    -15.0000       0.1185E-003
    -27.1875    -13.7500       0.3299E-003
    -27.1875    -12.5000       0.6036E-003
    -27.1875    -11.2500       0.8663E-003
    -27.1875    -10.0000       0.1045E-002
    -27.1875     -8.7500       0.1086E-002
    -27.1875     -7.5000       0.9829E-003
    -27.1875     -6.2500       0.7652E-003
    -27.1875     -5.0000       0.5161E-003
    -27.1875     -3.7500       0.2987E-003
    -27.1875     -2.5000       0.1385E-003
    -27.1875     -1.2500       0.4114E-004
    -27.1875      0.0000       0.1927E-004
    -27.1875      1.2500       0.7604E-004
    -27.1875      2.5000       0.1962E-003
    -27.1875      3.7500       0.3629E-003
    -27.1875      5.0000       0.5687E-003
    -27.1875      6.2500       0.7915E-003
    -27.1875      7.5000       0.9708E-003
    -27.1875      8.7500       0.1039E-002
    -27.1875     10.0000       0.9757E-003
    -27.1875     11.2500       0.7954E-003
    -27.1875     12.5000       0.5483E-003
    -27.1875     13.7500       0.2990E-003
    -27.1875     15.0000       0.1075E-003
    -27.1875     16.2500       0.1495E-004
    -27.1875     17.5000       0.1636E-006
    -27.1875     18.7500       0.3302E-011

    -26.2500    -20.0000       0.1853E-010
    -26.2500    -18.7500       0.5544E-011
    -26.2500    -17.5000       0.1216E-006
    -26.2500    -16.2500       0.1099E-004
    -26.2500    -15.0000       0.7857E-004
    -26.2500    -13.7500       0.2175E-003
    -26.2500    -12.5000       0.4013E-003
    -26.2500    -11.2500       0.5924E-003
    -26.2500    -10.0000       0.7500E-003
    -26.2500     -8.7500       0.8341E-003
    -26.2500     -7.5000       0.8347E-003
    -26.2500     -6.2500       0.7576E-003
    -26.2500     -5.0000       0.6477E-003
    -26.2500     -3.7500       0.5437E-003
    -26.2500     -2.5000       0.4547E-003
    -26.2500     -1.2500       0.3705E-003
    -26.2500      0.0000       0.2937E-003
    -26.2500      1.2500       0.2444E-003
    -26.2500      2.5000       0.2452E-003
    -26.2500      3.7500       0.3121E-003
    -26.2500      5.0000       0.4558E-003
    -26.2500      6.2500       0.6639E-003
    -26.2500      7.5000       0.8767E-003
    -26.2500      8.7500       0.1007E-002
    -26.2500     10.0000       0.1001E-002
    -26.2500     11.2500       0.8511E-003
    -26.2500     12.5000       0.6010E-003
    -26.2500     13.7500       0.3301E-003
    -26.2500     15.0000       0.1182E-003
    -26.2500     16.2500       0.1629E-004
    -26.2500     17.5000       0.1771E-006
    -26.2500     18.7500       0.5877E-011

    -25.3125    -20.0000       0.3034E-010
    -25.3125    -18.7500       0.8253E-011
    -25.3125    -17.5000       0.3671E-007
    -25.3125    -16.2500       0.3257E-005
    -25.3125    -15.0000       0.2260E-004
    -25.3125    -13.7500       0.6163E-004
    -25.3125    -12.5000       0.1160E-003
    -25.3125    -11.2500       0.1822E-003
    -25.3125    -10.0000       0.2555E-003
    -25.3125     -8.7500       0.3319E-003
    -25.3125     -7.5000       0.4268E-003
    -25.3125     -6.2500       0.5528E-003
    -25.3125     -5.0000       0.7158E-003
    -25.3125     -3.7500       0.9082E-003
    -25.3125     -2.5000       0.1096E-002
    -25.3125     -1.2500       0.1213E-002
    -25.3125      0.0000       0.1196E-002
    -25.3125      1.2500       0.1039E-002
    -25.3125      2.5000       0.8061E-003
    -25.3125      3.7500       0.5871E-003
    -25.3125      5.0000       0.4499E-003
    -25.3125      6.2500       0.4225E-003
    -25.3125      7.5000       0.4855E-003
    -25.3125      8.7500       0.5716E-003
    -25.3125     10.0000       0.6044E-003
    -25.3125     11.2500       0.5412E-003
    -25.3125     12.5000       0.3933E-003
    -25.3125     13.7500       0.2177E-003
    -25.3125     15.0000       0.7763E-004
    -25.3125     16.2500       0.1060E-004
    -25.3125     17.5000       0.1144E-006
    -25.3125     18.7500       0.8010E-011

    -24.3750    -20.0000       0.3880E-010
    -24.3750    -18.7500       0.9471E-011
    -24.3750    -17.5000       0.8981E-009
    -24.3750    -16.2500       0.7167E-007
    -24.3750    -15.0000       0.3722E-006
    -24.3750    -13.7500       0.8253E-006
    -24.3750    -12.5000       0.1269E-005
    -24.3750    -11.2500       0.4769E-006
    -24.3750    -10.0000       0.1418E-005
    -24.3750     -8.7500       0.2580E-004
    -24.3750     -7.5000       0.1215E-003
    -24.3750     -6.2500       0.3327E-003
    -24.3750     -5.0000       0.6598E-003
    -24.3750     -3.7500       0.1068E-002
    -24.3750     -2.5000       0.1492E-002
    -24.3750     -1.2500       0.1820E-002
    -24.3750      0.0000       0.1924E-002
    -24.3750      1.2500       0.1752E-002
    -24.3750      2.5000       0.1379E-002
    -24.3750      3.7500       0.9431E-003
    -24.3750      5.0000       0.5561E-003
    -24.3750      6.2500       0.2818E-003
    -24.3750      7.5000       0.1445E-003
    -24.3750      8.7500       0.1194E-003
    -24.3750     10.0000       0.1378E-003
    -24.3750     11.2500       0.1407E-003
    -24.3750     12.5000       0.1096E-003
    -24.3750     13.7500       0.6174E-004
    -24.3750     15.0000       0.2186E-004
    -24.3750     16.2500       0.2935E-005
    -24.3750     17.5000       0.3129E-007
    -24.3750     18.7500       0.9172E-011

    -23.4375    -20.0000       0.3961E-010
    -23.4375    -18.7500       0.8472E-011
    -23.4375    -17.5000       0.4587E-007
    -23.4375    -16.2500       0.4267E-005
    -23.4375    -15.0000       0.3166E-004
    -23.4375    -13.7500       0.8923E-004
    -23.4375    -12.5000       0.1593E-003
    -23.4375    -11.2500       0.2092E-003
    -23.4375    -10.0000       0.2143E-003
    -23.4375     -8.7500       0.1886E-003
    -23.4375     -7.5000       0.1907E-003
    -23.4375     -6.2500       0.2931E-003
    -23.4375     -5.0000       0.5295E-003
    -23.4375     -3.7500       0.8821E-003
    -23.4375     -2.5000       0.1292E-002
    -23.4375     -1.2500       0.1653E-002
    -23.4375      0.0000       0.1831E-002
    -23.4375      1.2500       0.1752E-002
    -23.4375      2.5000       0.1456E-002
    -23.4375      3.7500       0.1064E-002
    -23.4375      5.0000       0.6800E-003
    -23.4375      6.2500       0.3671E-003
    -23.4375      7.5000       0.1573E-003
    -23.4375      8.7500       0.5277E-004
    -23.4375     10.0000       0.1634E-004
    -23.4375     11.2500       0.5752E-005
    -23.4375     12.5000       0.2075E-005
    -23.4375     13.7500       0.8139E-006
    -23.4375     15.0000       0.4659E-006
    -23.4375     16.2500       0.1122E-006
    -23.4375     17.5000       0.1658E-008
    -23.4375     18.7500       0.9269E-011

    -22.5000    -20.0000       0.3232E-010
    -22.5000    -18.7500       0.5807E-011
    -22.5000    -17.5000       0.1316E-006
    -22.5000    -16.2500       0.1211E-004
    -22.5000    -15.0000       0.8864E-004
    -22.5000    -13.7500       0.2482E-003
    -22.5000    -12.5000       0.4495E-003
    -22.5000    -11.2500       0.6224E-003
    -22.5000    -10.0000       0.7044E-003
    -22.5000     -8.7500       0.6751E-003
    -22.5000     -7.5000       0.5727E-003
    -22.5000     -6.2500       0.4693E-003
    -22.5000     -5.0000       0.4408E-003
    -22.5000     -3.7500       0.5147E-003
    -22.5000     -2.5000       0.6734E-003
    -22.5000     -1.2500       0.8603E-003
    -22.5000      0.0000       0.1001E-002
    -22.5000      1.2500       0.1038E-002
    -22.5000      2.5000       0.9689E-003
    -22.5000      3.7500       0.8423E-003
    -22.5000      5.0000       0.7116E-003
    -22.5000      6.2500       0.6024E-003
    -22.5000      7.5000       0.5125E-003
    -22.5000      8.7500       0.4312E-003
    -22.5000     10.0000       0.3484E-003
    -22.5000     11.2500       0.2567E-003
    -22.5000     12.5000       0.1665E-003
    -22.5000     13.7500       0.8916E-004
    -22.5000     15.0000       0.3249E-004
    -22.5000     16.2500       0.4640E-005
    -22.5000     17.5000       0.5187E-007
    -22.5000     18.7500       0.8503E-011

    -21.5625    -20.0000       0.2072E-010
    -21.5625    -18.7500       0.2875E-011
    -21.5625    -17.5000       0.1819E-006
    -21.5625    -16.2500       0.1664E-004
    -21.5625    -15.0000       0.1207E-003
    -21.5625    -13.7500       0.3364E-003
    -21.5625    -12.5000       0.6137E-003
    -21.5625    -11.2500       0.8727E-003
    -21.5625    -10.0000       0.1036E-002
    -21.5625     -8.7500       0.1052E-002
    -21.5625     -7.5000       0.9276E-003
    -21.5625     -6.2500       0.7044E-003
    -21.5625     -5.0000       0.4724E-003
    -21.5625     -3.7500       0.2926E-003
    -21.5625     -2.5000       0.1847E-003
    -21.5625     -1.2500       0.1448E-003
    -21.5625      0.0000       0.1690E-003
    -21.5625      1.2500       0.2440E-003
    -21.5625      2.5000       0.3492E-003
    -21.5625      3.7500       0.4749E-003
    -21.5625      5.0000       0.6227E-003
    -21.5625      6.2500       0.7786E-003
    -21.5625      7.5000       0.8939E-003
    -21.5625      8.7500       0.9175E-003
    -21.5625     10.0000       0.8380E-003
    -21.5625     11.2500       0.6699E-003
    -21.5625     12.5000       0.4566E-003
    -21.5625     13.7500       0.2482E-003
    -21.5625     15.0000       0.8944E-004
    -21.5625     16.2500       0.1249E-004
    -21.5625     17.5000       0.1374E-006
    -21.5625     18.7500       0.7138E-011

    -20.6250    -20.0000       0.1006E-010
    -20.6250    -18.7500       0.9121E-012
    -20.6250    -17.5000       0.1520E-006
    -20.6250    -16.2500       0.1382E-004
    -20.6250    -15.0000       0.9927E-004
    -20.6250    -13.7500       0.2755E-003
    -20.6250    -12.5000       0.5064E-003
    -20.6250    -11.2500       0.7381E-003
    -20.6250    -10.0000       0.9147E-003
    -20.6250     -8.7500       0.9861E-003
    -20.6250     -7.5000       0.9404E-003
    -20.6250     -6.2500       0.7896E-003
    -20.6250     -5.0000       0.5963E-003
    -20.6250     -3.7500       0.4136E-003
    -20.6250     -2.5000       0.2620E-003
    -20.6250     -1.2500       0.1445E-003
    -20.6250      0.0000       0.7636E-004
    -20.6250      1.2500       0.7621E-004
    -20.6250      2.5000       0.1485E-003
    -20.6250      3.7500       0.2884E-003
    -20.6250      5.0000       0.4923E-003
    -20.6250      6.2500       0.7391E-003
    -20.6250      7.5000       0.9629E-003
    -20.6250      8.7500       0.1080E-002
    -20.6250     10.0000       0.1050E-002
    -20.6250     11.2500       0.8782E-003
    -20.6250     12.5000       0.6143E-003
    -20.6250     13.7500       0.3365E-003
    -20.6250     15.0000       0.1207E-003
    -20.6250     16.2500       0.1669E-004
    -20.6250     17.5000       0.1822E-006
    -20.6250     18.7500       0.5361E-011

    -19.6875    -20.0000       0.3626E-011
    -19.6875    -18.7500       0.2332E-012
    -19.6875    -17.5000       0.6847E-007
    -19.6875    -16.2500       0.6161E-005
    -19.6875    -15.0000       0.4348E-004
    -19.6875    -13.7500       0.1197E-003
    -19.6875    -12.5000       0.2227E-003
    -19.6875    -11.2500       0.3380E-003
    -19.6875    -10.0000       0.4484E-003
    -19.6875     -8.7500       0.5347E-003
    -19.6875     -7.5000       0.5997E-003
    -19.6875     -6.2500       0.6493E-003
    -19.6875     -5.0000       0.7024E-003
    -19.6875     -3.7500       0.7700E-003
    -19.6875     -2.5000       0.8363E-003
    -19.6875     -1.2500       0.8597E-003
    -19.6875      0.0000       0.8064E-003
    -19.6875      1.2500       0.6850E-003
    -19.6875      2.5000       0.5462E-003
    -19.6875      3.7500       0.4488E-003
    -19.6875      5.0000       0.4364E-003
    -19.6875      6.2500       0.5191E-003
    -19.6875      7.5000       0.6583E-003
    -19.6875      8.7500       0.7743E-003
    -19.6875     10.0000       0.7970E-003
    -19.6875     11.2500       0.6969E-003
    -19.6875     12.5000       0.4999E-003
    -19.6875     13.7500       0.2757E-003
    -19.6875     15.0000       0.9850E-004
    -19.6875     16.2500       0.1350E-004
    -19.6875     17.5000       0.1465E-006
    -19.6875     18.7500       0.3345E-011

    -18.7500    -20.0000       0.1237E-011
    -18.7500    -18.7500       0.2757E-012
    -18.7500    -17.5000       0.5643E-008
    -18.7500    -16.2500       0.4714E-006
    -18.7500    -15.0000       0.2869E-005
    -18.7500    -13.7500       0.7252E-005
    -18.7500    -12.5000       0.1466E-004
    -18.7500    -11.2500       0.2769E-004
    -18.7500    -10.0000       0.5090E-004
    -18.7500     -8.7500       0.9897E-004
    -18.7500     -7.5000       0.2079E-003
    -18.7500     -6.2500       0.4079E-003
    -18.7500     -5.0000       0.6963E-003
    -18.7500     -3.7500       0.1045E-002
    -18.7500     -2.5000       0.1396E-002
    -18.7500     -1.2500       0.1653E-002
    -18.7500      0.0000       0.1707E-002
    -18.7500      1.2500       0.1527E-002
    -18.7500      2.5000       0.1187E-002
    -18.7500      3.7500       0.8133E-003
    -18.7500      5.0000       0.5047E-003
    -18.7500      6.2500       0.3139E-003
    -18.7500      7.5000       0.2503E-003
    -18.7500      8.7500       0.2719E-003
    -18.7500     10.0000       0.3027E-003
    -18.7500     11.2500       0.2867E-003
    -18.7500     12.5000       0.2147E-003
    -18.7500     13.7500       0.1198E-003
    -18.7500     15.0000       0.4256E-004
    -18.7500     16.2500       0.5762E-005
    -18.7500     17.5000       0.6200E-007
    -18.7500     18.7500       0.1438E-011

    -17.8125    -20.0000       0.8268E-012
    -17.8125    -18.7500       0.3736E-012
    -17.8125    -17.5000       0.1939E-007
    -17.8125    -16.2500       0.1808E-005
    -17.8125    -15.0000       0.1355E-004
    -17.8125    -13.7500       0.3834E-004
    -17.8125    -12.5000       0.6749E-004
    -17.8125    -11.2500       0.8357E-004
    -17.8125    -10.0000       0.7622E-004
    -17.8125     -8.7500       0.6681E-004
    -17.8125     -7.5000       0.1136E-003
    -17.8125     -6.2500       0.2802E-003
    -17.8125     -5.0000       0.5835E-003
    -17.8125     -3.7500       0.9939E-003
    -17.8125     -2.5000       0.1445E-002
    -17.8125     -1.2500       0.1820E-002
    -17.8125      0.0000       0.1980E-002
    -17.8125      1.2500       0.1855E-002
    -17.8125      2.5000       0.1502E-002
    -17.8125      3.7500       0.1058E-002
    -17.8125      5.0000       0.6363E-003
    -17.8125      6.2500       0.3061E-003
    -17.8125      7.5000       0.1019E-003
    -17.8125      8.7500       0.1910E-004
    -17.8125     10.0000       0.6687E-005
    -17.8125     11.2500       0.1209E-004
    -17.8125     12.5000       0.1226E-004
    -17.8125     13.7500       0.7288E-005
    -17.8125     15.0000       0.2594E-005
    -17.8125     16.2500       0.3493E-006
    -17.8125     17.5000       0.3808E-008
    -17.8125     18.7500       0.1960E-012

    -16.8750    -20.0000       0.1261E-011
    -16.8750    -18.7500       0.5060E-012
    -16.8750    -17.5000       0.9751E-007
    -16.8750    -16.2500       0.8982E-005
    -16.8750    -15.0000       0.6603E-004
    -16.8750    -13.7500       0.1853E-003
    -16.8750    -12.5000       0.3341E-003
    -16.8750    -11.2500       0.4558E-003
    -16.8750    -10.0000       0.5018E-003
    -16.8750     -8.7500       0.4669E-003
    -16.8750     -7.5000       0.4008E-003
    -16.8750     -6.2500       0.3797E-003
    -16.8750     -5.0000       0.4642E-003
    -16.8750     -3.7500       0.6628E-003
    -16.8750     -2.5000       0.9394E-003
    -16.8750     -1.2500       0.1214E-002
    -16.8750      0.0000       0.1384E-002
    -16.8750      1.2500       0.1378E-002
    -16.8750      2.5000       0.1212E-002
    -16.8750      3.7500       0.9653E-003
    -16.8750      5.0000       0.7145E-003
    -16.8750      6.2500       0.5027E-003
    -16.8750      7.5000       0.3452E-003
    -16.8750      8.7500       0.2414E-003
    -16.8750     10.0000       0.1727E-003
    -16.8750     11.2500       0.1177E-003
    -16.8750     12.5000       0.7269E-004
    -16.8750     13.7500       0.3828E-004
    -16.8750     15.0000       0.1414E-004
    -16.8750     16.2500       0.2076E-005
    -16.8750     17.5000       0.2354E-007
    -16.8750     18.7500       0.1513E-012

    -15.9375    -20.0000       0.3700E-011
    -15.9375    -18.7500       0.1294E-011
    -15.9375    -17.5000       0.1707E-006
    -15.9375    -16.2500       0.1562E-004
    -15.9375    -15.0000       0.1136E-003
    -15.9375    -13.7500       0.3173E-003
    -15.9375    -12.5000       0.5774E-003
    -15.9375    -11.2500       0.8131E-003
    -15.9375    -10.0000       0.9486E-003
    -15.9375     -8.7500       0.9430E-003
    -15.9375     -7.5000       0.8138E-003
    -15.9375     -6.2500       0.6179E-003
    -15.9375     -5.0000       0.4445E-003
    -15.9375     -3.7500       0.3453E-003
    -15.9375     -2.5000       0.3280E-003
    -15.9375     -1.2500       0.3710E-003
    -15.9375      0.0000       0.4455E-003
    -15.9375      1.2500       0.5193E-003
    -15.9375      2.5000       0.5740E-003
    -15.9375      3.7500       0.6179E-003
    -15.9375      5.0000       0.6696E-003
    -15.9375      6.2500       0.7287E-003
    -15.9375      7.5000       0.7636E-003
    -15.9375      8.7500       0.7405E-003
    -15.9375     10.0000       0.6528E-003
    -15.9375     11.2500       0.5094E-003
    -15.9375     12.5000       0.3422E-003
    -15.9375     13.7500       0.1852E-003
    -15.9375     15.0000       0.6694E-004
    -15.9375     16.2500       0.9407E-005
    -15.9375     17.5000       0.1037E-006
    -15.9375     18.7500       0.1481E-011

    -15.0000    -20.0000       0.1020E-010
    -15.0000    -18.7500       0.3273E-011
    -15.0000    -17.5000       0.1738E-006
    -15.0000    -16.2500       0.1582E-004
    -15.0000    -15.0000       0.1141E-003
    -15.0000    -13.7500       0.3173E-003
    -15.0000    -12.5000       0.5813E-003
    -15.0000    -11.2500       0.8384E-003
    -15.0000    -10.0000       0.1020E-002
    -15.0000     -8.7500       0.1072E-002
    -15.0000     -7.5000       0.9855E-003
    -15.0000     -6.2500       0.7830E-003
    -15.0000     -5.0000       0.5418E-003
    -15.0000     -3.7500       0.3239E-003
    -15.0000     -2.5000       0.1546E-003
    -15.0000     -1.2500       0.4107E-004
    -15.0000      0.0000       0.7171E-011
    -15.0000      1.2500       0.4114E-004
    -15.0000      2.5000       0.1544E-003
    -15.0000      3.7500       0.3241E-003
    -15.0000      5.0000       0.5416E-003
    -15.0000      6.2500       0.7833E-003
    -15.0000      7.5000       0.9851E-003
    -15.0000      8.7500       0.1073E-002
    -15.0000     10.0000       0.1020E-002
    -15.0000     11.2500       0.8387E-003
    -15.0000     12.5000       0.5811E-003
    -15.0000     13.7500       0.3174E-003
    -15.0000     15.0000       0.1140E-003
    -15.0000     16.2500       0.1583E-004
    -15.0000     17.5000       0.1729E-006
    -15.0000     18.7500       0.3814E-011

    -14.0625    -20.0000       0.2089E-010
    -14.0625    -18.7500       0.6138E-011
    -14.0625    -17.5000       0.1042E-006
    -14.0625    -16.2500       0.9401E-005
    -14.0625    -15.0000       0.6697E-004
    -14.0625    -13.7500       0.1851E-003
    -14.0625    -12.5000       0.3424E-003
    -14.0625    -11.2500       0.5092E-003
    -14.0625    -10.0000       0.6531E-003
    -14.0625     -8.7500       0.7402E-003
    -14.0625     -7.5000       0.7639E-003
    -14.0625     -6.2500       0.7284E-003
    -14.0625     -5.0000       0.6698E-003
    -14.0625     -3.7500       0.6178E-003
    -14.0625     -2.5000       0.5741E-003
    -14.0625     -1.2500       0.5192E-003
    -14.0625      0.0000       0.4455E-003
    -14.0625      1.2500       0.3710E-003
    -14.0625      2.5000       0.3279E-003
    -14.0625      3.7500       0.3455E-003
    -14.0625      5.0000       0.4442E-003
    -14.0625      6.2500       0.6182E-003
    -14.0625      7.5000       0.8134E-003
    -14.0625      8.7500       0.9433E-003
    -14.0625     10.0000       0.9483E-003
    -14.0625     11.2500       0.8134E-003
    -14.0625     12.5000       0.5772E-003
    -14.0625     13.7500       0.3174E-003
    -14.0625     15.0000       0.1136E-003
    -14.0625     16.2500       0.1563E-004
    -14.0625     17.5000       0.1697E-006
    -14.0625     18.7500       0.6362E-011

    -13.1250    -20.0000       0.3247E-010
    -13.1250    -18.7500       0.8656E-011
    -13.1250    -17.5000       0.2361E-007
    -13.1250    -16.2500       0.2074E-005
    -13.1250    -15.0000       0.1415E-004
    -13.1250    -13.7500       0.3826E-004
    -13.1250    -12.5000       0.7273E-004
    -13.1250    -11.2500       0.1176E-003
    -13.1250    -10.0000       0.1728E-003
    -13.1250     -8.7500       0.2413E-003
    -13.1250     -7.5000       0.3453E-003
    -13.1250     -6.2500       0.5026E-003
    -13.1250     -5.0000       0.7145E-003
    -13.1250     -3.7500       0.9653E-003
    -13.1250     -2.5000       0.1212E-002
    -13.1250     -1.2500       0.1378E-002
    -13.1250      0.0000       0.1384E-002
    -13.1250      1.2500       0.1214E-002
    -13.1250      2.5000       0.9394E-003
    -13.1250      3.7500       0.6629E-003
    -13.1250      5.0000       0.4641E-003
    -13.1250      6.2500       0.3798E-003
    -13.1250      7.5000       0.4007E-003
    -13.1250      8.7500       0.4671E-003
    -13.1250     10.0000       0.5016E-003
    -13.1250     11.2500       0.4560E-003
    -13.1250     12.5000       0.3341E-003
    -13.1250     13.7500       0.1853E-003
    -13.1250     15.0000       0.6600E-004
    -13.1250     16.2500       0.8989E-005
    -13.1250     17.5000       0.9684E-007
    -13.1250     18.7500       0.8329E-011

    -12.1875    -20.0000       0.3966E-010
    -12.1875    -18.7500       0.9450E-011
    -12.1875    -17.5000       0.3724E-008
    -12.1875    -16.2500       0.3498E-006
    -12.1875    -15.0000       0.2593E-005
    -12.1875    -13.7500       0.7290E-005
    -12.1875    -12.5000       0.1226E-004
    -12.1875    -11.2500       0.1210E-004
    -12.1875    -10.0000       0.6683E-005
    -12.1875     -8.7500       0.1911E-004
    -12.1875     -7.5000       0.1019E-003
    -12.1875     -6.2500       0.3061E-003
    -12.1875     -5.0000       0.6363E-003
    -12.1875     -3.7500       0.1058E-002
    -12.1875     -2.5000       0.1502E-002
    -12.1875     -1.2500       0.1855E-002
    -12.1875      0.0000       0.1980E-002
    -12.1875      1.2500       0.1820E-002
    -12.1875      2.5000       0.1445E-002
    -12.1875      3.7500       0.9939E-003
    -12.1875      5.0000       0.5835E-003
    -12.1875      6.2500       0.2802E-003
    -12.1875      7.5000       0.1136E-003
    -12.1875      8.7500       0.6682E-004
    -12.1875     10.0000       0.7621E-004
    -12.1875     11.2500       0.8358E-004
    -12.1875     12.5000       0.6748E-004
    -12.1875     13.7500       0.3835E-004
    -12.1875     15.0000       0.1355E-004
    -12.1875     16.2500       0.1809E-005
    -12.1875     17.5000       0.1922E-007
    -12.1875     18.7500       0.9273E-011

    -11.2500    -20.0000       0.3873E-010
    -11.2500    -18.7500       0.8034E-011
    -11.2500    -17.5000       0.6209E-007
    -11.2500    -16.2500       0.5759E-005
    -11.2500    -15.0000       0.4258E-004
    -11.2500    -13.7500       0.1198E-003
    -11.2500    -12.5000       0.2148E-003
    -11.2500    -11.2500       0.2866E-003
    -11.2500    -10.0000       0.3028E-003
    -11.2500     -8.7500       0.2718E-003
    -11.2500     -7.5000       0.2504E-003
    -11.2500     -6.2500       0.3138E-003
    -11.2500     -5.0000       0.5047E-003
    -11.2500     -3.7500       0.8132E-003
    -11.2500     -2.5000       0.1187E-002
    -11.2500     -1.2500       0.1527E-002
    -11.2500      0.0000       0.1707E-002
    -11.2500      1.2500       0.1653E-002
    -11.2500      2.5000       0.1396E-002
    -11.2500      3.7500       0.1045E-002
    -11.2500      5.0000       0.6963E-003
    -11.2500      6.2500       0.4079E-003
    -11.2500      7.5000       0.2079E-003
    -11.2500      8.7500       0.9900E-004
    -11.2500     10.0000       0.5087E-004
    -11.2500     11.2500       0.2772E-004
    -11.2500     12.5000       0.1464E-004
    -11.2500     13.7500       0.7259E-005
    -11.2500     15.0000       0.2868E-005
    -11.2500     16.2500       0.4710E-006
    -11.2500     17.5000       0.5793E-008
    -11.2500     18.7500       0.9176E-011

    -10.3125    -20.0000       0.3017E-010
    -10.3125    -18.7500       0.5194E-011
    -10.3125    -17.5000       0.1468E-006
    -10.3125    -16.2500       0.1349E-004
    -10.3125    -15.0000       0.9854E-004
    -10.3125    -13.7500       0.2756E-003
    -10.3125    -12.5000       0.5000E-003
    -10.3125    -11.2500       0.6967E-003
    -10.3125    -10.0000       0.7973E-003
    -10.3125     -8.7500       0.7740E-003
    -10.3125     -7.5000       0.6586E-003
    -10.3125     -6.2500       0.5188E-003
    -10.3125     -5.0000       0.4366E-003
    -10.3125     -3.7500       0.4487E-003
    -10.3125     -2.5000       0.5462E-003
    -10.3125     -1.2500       0.6850E-003
    -10.3125      0.0000       0.8063E-003
    -10.3125      1.2500       0.8598E-003
    -10.3125      2.5000       0.8362E-003
    -10.3125      3.7500       0.7701E-003
    -10.3125      5.0000       0.7023E-003
    -10.3125      6.2500       0.6494E-003
    -10.3125      7.5000       0.5995E-003
    -10.3125      8.7500       0.5349E-003
    -10.3125     10.0000       0.4482E-003
    -10.3125     11.2500       0.3381E-003
    -10.3125     12.5000       0.2226E-003
    -10.3125     13.7500       0.1197E-003
    -10.3125     15.0000       0.4346E-004
    -10.3125     16.2500       0.6164E-005
    -10.3125     17.5000       0.6856E-007
    -10.3125     18.7500       0.8270E-011

     -9.3750    -20.0000       0.1836E-010
     -9.3750    -18.7500       0.2379E-011
     -9.3750    -17.5000       0.1826E-006
     -9.3750    -16.2500       0.1668E-004
     -9.3750    -15.0000       0.1207E-003
     -9.3750    -13.7500       0.3364E-003
     -9.3750    -12.5000       0.6145E-003
     -9.3750    -11.2500       0.8779E-003
     -9.3750    -10.0000       0.1051E-002
     -9.3750     -8.7500       0.1079E-002
     -9.3750     -7.5000       0.9633E-003
     -9.3750     -6.2500       0.7387E-003
     -9.3750     -5.0000       0.4926E-003
     -9.3750     -3.7500       0.2882E-003
     -9.3750     -2.5000       0.1487E-003
     -9.3750     -1.2500       0.7616E-004
     -9.3750      0.0000       0.7634E-004
     -9.3750      1.2500       0.1445E-003
     -9.3750      2.5000       0.2619E-003
     -9.3750      3.7500       0.4138E-003
     -9.3750      5.0000       0.5961E-003
     -9.3750      6.2500       0.7899E-003
     -9.3750      7.5000       0.9400E-003
     -9.3750      8.7500       0.9865E-003
     -9.3750     10.0000       0.9143E-003
     -9.3750     11.2500       0.7384E-003
     -9.3750     12.5000       0.5062E-003
     -9.3750     13.7500       0.2757E-003
     -9.3750     15.0000       0.9923E-004
     -9.3750     16.2500       0.1383E-004
     -9.3750     17.5000       0.1518E-006
     -9.3750     18.7500       0.6811E-011

     -8.4375    -20.0000       0.8394E-011
     -8.4375    -18.7500       0.6825E-012
     -8.4375    -17.5000       0.1375E-006
     -8.4375    -16.2500       0.1249E-004
     -8.4375    -15.0000       0.8948E-004
     -8.4375    -13.7500       0.2481E-003
     -8.4375    -12.5000       0.4567E-003
     -8.4375    -11.2500       0.6697E-003
     -8.4375    -10.0000       0.8383E-003
     -8.4375     -8.7500       0.9171E-003
     -8.4375     -7.5000       0.8943E-003
     -8.4375     -6.2500       0.7783E-003
     -8.4375     -5.0000       0.6229E-003
     -8.4375     -3.7500       0.4748E-003
     -8.4375     -2.5000       0.3493E-003
     -8.4375     -1.2500       0.2439E-003
     -8.4375      0.0000       0.1690E-003
     -8.4375      1.2500       0.1448E-003
     -8.4375      2.5000       0.1846E-003
     -8.4375      3.7500       0.2928E-003
     -8.4375      5.0000       0.4721E-003
     -8.4375      6.2500       0.7047E-003
     -8.4375      7.5000       0.9272E-003
     -8.4375      8.7500       0.1053E-002
     -8.4375     10.0000       0.1035E-002
     -8.4375     11.2500       0.8730E-003
     -8.4375     12.5000       0.6135E-003
     -8.4375     13.7500       0.3365E-003
     -8.4375     15.0000       0.1206E-003
     -8.4375     16.2500       0.1665E-004
     -8.4375     17.5000       0.1815E-006
     -8.4375     18.7500       0.4969E-011

     -7.5000    -20.0000       0.2881E-011
     -7.5000    -18.7500       0.2099E-012
     -7.5000    -17.5000       0.5175E-007
     -7.5000    -16.2500       0.4637E-005
     -7.5000    -15.0000       0.3250E-004
     -7.5000    -13.7500       0.8912E-004
     -7.5000    -12.5000       0.1666E-003
     -7.5000    -11.2500       0.2566E-003
     -7.5000    -10.0000       0.3485E-003
     -7.5000     -8.7500       0.4310E-003
     -7.5000     -7.5000       0.5127E-003
     -7.5000     -6.2500       0.6023E-003
     -7.5000     -5.0000       0.7117E-003
     -7.5000     -3.7500       0.8422E-003
     -7.5000     -2.5000       0.9690E-003
     -7.5000     -1.2500       0.1038E-002
     -7.5000      0.0000       0.1001E-002
     -7.5000      1.2500       0.8603E-003
     -7.5000      2.5000       0.6733E-003
     -7.5000      3.7500       0.5148E-003
     -7.5000      5.0000       0.4406E-003
     -7.5000      6.2500       0.4695E-003
     -7.5000      7.5000       0.5725E-003
     -7.5000      8.7500       0.6753E-003
     -7.5000     10.0000       0.7041E-003
     -7.5000     11.2500       0.6226E-003
     -7.5000     12.5000       0.4493E-003
     -7.5000     13.7500       0.2483E-003
     -7.5000     15.0000       0.8861E-004
     -7.5000     16.2500       0.1212E-004
     -7.5000     17.5000       0.1313E-006
     -7.5000     18.7500       0.2940E-011

     -6.5625    -20.0000       0.1062E-011
     -6.5625    -18.7500       0.3036E-012
     -6.5625    -17.5000       0.1540E-008
     -6.5625    -16.2500       0.1127E-006
     -6.5625    -15.0000       0.4654E-006
     -6.5625    -13.7500       0.8124E-006
     -6.5625    -12.5000       0.2080E-005
     -6.5625    -11.2500       0.5743E-005
     -6.5625    -10.0000       0.1635E-004
     -6.5625     -8.7500       0.5276E-004
     -6.5625     -7.5000       0.1573E-003
     -6.5625     -6.2500       0.3671E-003
     -6.5625     -5.0000       0.6800E-003
     -6.5625     -3.7500       0.1064E-002
     -6.5625     -2.5000       0.1456E-002
     -6.5625     -1.2500       0.1752E-002
     -6.5625      0.0000       0.1831E-002
     -6.5625      1.2500       0.1653E-002
     -6.5625      2.5000       0.1292E-002
     -6.5625      3.7500       0.8821E-003
     -6.5625      5.0000       0.5295E-003
     -6.5625      6.2500       0.2932E-003
     -6.5625      7.5000       0.1906E-003
     -6.5625      8.7500       0.1886E-003
     -6.5625     10.0000       0.2143E-003
     -6.5625     11.2500       0.2093E-003
     -6.5625     12.5000       0.1593E-003
     -6.5625     13.7500       0.8925E-004
     -6.5625     15.0000       0.3166E-004
     -6.5625     16.2500       0.4269E-005
     -6.5625     17.5000       0.4583E-007
     -6.5625     18.7500       0.1117E-011

     -5.6250    -20.0000       0.8413E-012
     -5.6250    -18.7500       0.3836E-012
     -5.6250    -17.5000       0.3155E-007
     -5.6250    -16.2500       0.2933E-005
     -5.6250    -15.0000       0.2186E-004
     -5.6250    -13.7500       0.6173E-004
     -5.6250    -12.5000       0.1096E-003
     -5.6250    -11.2500       0.1407E-003
     -5.6250    -10.0000       0.1378E-003
     -5.6250     -8.7500       0.1194E-003
     -5.6250     -7.5000       0.1445E-003
     -5.6250     -6.2500       0.2818E-003
     -5.6250     -5.0000       0.5561E-003
     -5.6250     -3.7500       0.9430E-003
     -5.6250     -2.5000       0.1379E-002
     -5.6250     -1.2500       0.1752E-002
     -5.6250      0.0000       0.1924E-002
     -5.6250      1.2500       0.1820E-002
     -5.6250      2.5000       0.1492E-002
     -5.6250      3.7500       0.1068E-002
     -5.6250      5.0000       0.6598E-003
     -5.6250      6.2500       0.3327E-003
     -5.6250      7.5000       0.1215E-003
     -5.6250      8.7500       0.2579E-004
     -5.6250     10.0000       0.1418E-005
     -5.6250     11.2500       0.4769E-006
     -5.6250     12.5000       0.1270E-005
     -5.6250     13.7500       0.8238E-006
     -5.6250     15.0000       0.3736E-006
     -5.6250     16.2500       0.7106E-007
     -5.6250     17.5000       0.9822E-009
     -5.6250     18.7500       0.7857E-013

     -4.6875    -20.0000       0.1519E-011
     -4.6875    -18.7500       0.5869E-012
     -4.6875    -17.5000       0.1151E-006
     -4.6875    -16.2500       0.1059E-004
     -4.6875    -15.0000       0.7766E-004
     -4.6875    -13.7500       0.2177E-003
     -4.6875    -12.5000       0.3935E-003
     -4.6875    -11.2500       0.5411E-003
     -4.6875    -10.0000       0.6046E-003
     -4.6875     -8.7500       0.5714E-003
     -4.6875     -7.5000       0.4857E-003
     -4.6875     -6.2500       0.4223E-003
     -4.6875     -5.0000       0.4501E-003
     -4.6875     -3.7500       0.5870E-003
     -4.6875     -2.5000       0.8061E-003
     -4.6875     -1.2500       0.1039E-002
     -4.6875      0.0000       0.1196E-002
     -4.6875      1.2500       0.1214E-002
     -4.6875      2.5000       0.1096E-002
     -4.6875      3.7500       0.9082E-003
     -4.6875      5.0000       0.7157E-003
     -4.6875      6.2500       0.5529E-003
     -4.6875      7.5000       0.4267E-003
     -4.6875      8.7500       0.3320E-003
     -4.6875     10.0000       0.2554E-003
     -4.6875     11.2500       0.1823E-003
     -4.6875     12.5000       0.1159E-003
     -4.6875     13.7500       0.6167E-004
     -4.6875     15.0000       0.2259E-004
     -4.6875     16.2500       0.3259E-005
     -4.6875     17.5000       0.3656E-007
     -4.6875     18.7500       0.3109E-012

     -3.7500    -20.0000       0.4626E-011
     -3.7500    -18.7500       0.1589E-011
     -3.7500    -17.5000       0.1781E-006
     -3.7500    -16.2500       0.1628E-004
     -3.7500    -15.0000       0.1183E-003
     -3.7500    -13.7500       0.3300E-003
     -3.7500    -12.5000       0.6012E-003
     -3.7500    -11.2500       0.8508E-003
     -3.7500    -10.0000       0.1001E-002
     -3.7500     -8.7500       0.1006E-002
     -3.7500     -7.5000       0.8771E-003
     -3.7500     -6.2500       0.6636E-003
     -3.7500     -5.0000       0.4561E-003
     -3.7500     -3.7500       0.3119E-003
     -3.7500     -2.5000       0.2453E-003
     -3.7500     -1.2500       0.2443E-003
     -3.7500      0.0000       0.2937E-003
     -3.7500      1.2500       0.3705E-003
     -3.7500      2.5000       0.4545E-003
     -3.7500      3.7500       0.5438E-003
     -3.7500      5.0000       0.6475E-003
     -3.7500      6.2500       0.7579E-003
     -3.7500      7.5000       0.8344E-003
     -3.7500      8.7500       0.8344E-003
     -3.7500     10.0000       0.7497E-003
     -3.7500     11.2500       0.5926E-003
     -3.7500     12.5000       0.4012E-003
     -3.7500     13.7500       0.2176E-003
     -3.7500     15.0000       0.7853E-004
     -3.7500     16.2500       0.1100E-004
     -3.7500     17.5000       0.1210E-006
     -3.7500     18.7500       0.1888E-011

     -2.8125    -20.0000       0.1206E-010
     -2.8125    -18.7500       0.3804E-011
     -2.8125    -17.5000       0.1645E-006
     -2.8125    -16.2500       0.1494E-004
     -2.8125    -15.0000       0.1076E-003
     -2.8125    -13.7500       0.2989E-003
     -2.8125    -12.5000       0.5485E-003
     -2.8125    -11.2500       0.7951E-003
     -2.8125    -10.0000       0.9761E-003
     -2.8125     -8.7500       0.1038E-002
     -2.8125     -7.5000       0.9712E-003
     -2.8125     -6.2500       0.7912E-003
     -2.8125     -5.0000       0.5689E-003
     -2.8125     -3.7500       0.3627E-003
     -2.8125     -2.5000       0.1963E-003
     -2.8125     -1.2500       0.7597E-004
     -2.8125      0.0000       0.1928E-004
     -2.8125      1.2500       0.4120E-004
     -2.8125      2.5000       0.1383E-003
     -2.8125      3.7500       0.2989E-003
     -2.8125      5.0000       0.5158E-003
     -2.8125      6.2500       0.7656E-003
     -2.8125      7.5000       0.9824E-003
     -2.8125      8.7500       0.1086E-002
     -2.8125     10.0000       0.1045E-002
     -2.8125     11.2500       0.8667E-003
     -2.8125     12.5000       0.6034E-003
     -2.8125     13.7500       0.3300E-003
     -2.8125     15.0000       0.1185E-003
     -2.8125     16.2500       0.1641E-004
     -2.8125     17.5000       0.1791E-006
     -2.8125     18.7500       0.4335E-011

     -1.8750    -20.0000       0.2330E-010
     -1.8750    -18.7500       0.6718E-011
     -1.8750    -17.5000       0.8632E-007
     -1.8750    -16.2500       0.7769E-005
     -1.8750    -15.0000       0.5512E-004
     -1.8750    -13.7500       0.1521E-003
     -1.8750    -12.5000       0.2820E-003
     -1.8750    -11.2500       0.4233E-003
     -1.8750    -10.0000       0.5512E-003
     -1.8750     -8.7500       0.6392E-003
     -1.8750     -7.5000       0.6845E-003
     -1.8750     -6.2500       0.6918E-003
     -1.8750     -5.0000       0.6882E-003
     -1.8750     -3.7500       0.6942E-003
     -1.8750     -2.5000       0.7030E-003
     -1.8750     -1.2500       0.6844E-003
     -1.8750      0.0000       0.6186E-003
     -1.8750      1.2500       0.5198E-003
     -1.8750      2.5000       0.4295E-003
     -1.8750      3.7500       0.3916E-003
     -1.8750      5.0000       0.4377E-003
     -1.8750      6.2500       0.5693E-003
     -1.8750      7.5000       0.7396E-003
     -1.8750      8.7500       0.8648E-003
     -1.8750     10.0000       0.8794E-003
     -1.8750     11.2500       0.7613E-003
     -1.8750     12.5000       0.5431E-003
     -1.8750     13.7500       0.2991E-003
     -1.8750     15.0000       0.1069E-003
     -1.8750     16.2500       0.1469E-004
     -1.8750     17.5000       0.1592E-006
     -1.8750     18.7500       0.6823E-011

     -0.9375    -20.0000       0.3443E-010
     -0.9375    -18.7500       0.8986E-011
     -0.9375    -17.5000       0.1314E-007
     -0.9375    -16.2500       0.1134E-005
     -0.9375    -15.0000       0.7491E-005
     -0.9375    -13.7500       0.1990E-004
     -0.9375    -12.5000       0.3851E-004
     -0.9375    -11.2500       0.6548E-004
     -0.9375    -10.0000       0.1037E-003
     -0.9375     -8.7500       0.1626E-003
     -0.9375     -7.5000       0.2714E-003
     -0.9375     -6.2500       0.4537E-003
     -0.9375     -5.0000       0.7079E-003
     -0.9375     -3.7500       0.1011E-002
     -0.9375     -2.5000       0.1314E-002
     -0.9375     -1.2500       0.1527E-002
     -0.9375      0.0000       0.1556E-002
     -0.9375      1.2500       0.1379E-002
     -0.9375      2.5000       0.1068E-002
     -0.9375      3.7500       0.7393E-003
     -0.9375      5.0000       0.4826E-003
     -0.9375      6.2500       0.3432E-003
     -0.9375      7.5000       0.3213E-003
     -0.9375      8.7500       0.3659E-003
     -0.9375     10.0000       0.3998E-003
     -0.9375     11.2500       0.3700E-003
     -0.9375     12.5000       0.2737E-003
     -0.9375     13.7500       0.1522E-003
     -0.9375     15.0000       0.5416E-004
     -0.9375     16.2500       0.7356E-005
     -0.9375     17.5000       0.7909E-007
     -0.9375     18.7500       0.8605E-011

      0.0000    -20.0000       0.4018E-010
      0.0000    -18.7500       0.9335E-011
      0.0000    -17.5000       0.9933E-008
      0.0000    -16.2500       0.9364E-006
      0.0000    -15.0000       0.7042E-005
      0.0000    -13.7500       0.1996E-004
      0.0000    -12.5000       0.3462E-004
      0.0000    -11.2500       0.4016E-004
      0.0000    -10.0000       0.3194E-004
      0.0000     -8.7500       0.3296E-004
      0.0000     -7.5000       0.9920E-004
      0.0000     -6.2500       0.2884E-003
      0.0000     -5.0000       0.6106E-003
      0.0000     -3.7500       0.1033E-002
      0.0000     -2.5000       0.1486E-002
      0.0000     -1.2500       0.1855E-002
      0.0000      0.0000       0.1999E-002
      0.0000      1.2500       0.1855E-002
      0.0000      2.5000       0.1486E-002
      0.0000      3.7500       0.1033E-002
      0.0000      5.0000       0.6106E-003
      0.0000      6.2500       0.2884E-003
      0.0000      7.5000       0.9920E-004
      0.0000      8.7500       0.3296E-004
      0.0000     10.0000       0.3194E-004
      0.0000     11.2500       0.4016E-004
      0.0000     12.5000       0.3462E-004
      0.0000     13.7500       0.1996E-004
      0.0000     15.0000       0.7042E-005
      0.0000     16.2500       0.9363E-006
      0.0000     17.5000       0.9930E-008
      0.0000     18.7500       0.9331E-011

      0.9375    -20.0000       0.3753E-010
      0.9375    -18.7500       0.7537E-011
      0.9375    -17.5000       0.7944E-007
      0.9375    -16.2500       0.7351E-005
      0.9375    -15.0000       0.5418E-004
      0.9375    -13.7500       0.1522E-003
      0.9375    -12.5000       0.2738E-003
      0.9375    -11.2500       0.3699E-003
      0.9375    -10.0000       0.3999E-003
      0.9375     -8.7500       0.3658E-003
      0.9375     -7.5000       0.3214E-003
      0.9375     -6.2500       0.3431E-003
      0.9375     -5.0000       0.4827E-003
      0.9375     -3.7500       0.7392E-003
      0.9375     -2.5000       0.1068E-002
      0.9375     -1.2500       0.1379E-002
      0.9375      0.0000       0.1556E-002
      0.9375      1.2500       0.1527E-002
      0.9375      2.5000       0.1314E-002
      0.9375      3.7500       0.1011E-002
      0.9375      5.0000       0.7079E-003
      0.9375      6.2500       0.4537E-003
      0.9375      7.5000       0.2714E-003
      0.9375      8.7500       0.1627E-003
      0.9375     10.0000       0.1037E-003
      0.9375     11.2500       0.6552E-004
      0.9375     12.5000       0.3849E-004
      0.9375     13.7500       0.1991E-004
      0.9375     15.0000       0.7487E-005
      0.9375     16.2500       0.1134E-005
      0.9375     17.5000       0.1322E-007
      0.9375     18.7500       0.9051E-011

      1.8750    -20.0000       0.2789E-010
      1.8750    -18.7500       0.4582E-011
      1.8750    -17.5000       0.1599E-006
      1.8750    -16.2500       0.1468E-004
      1.8750    -15.0000       0.1070E-003
      1.8750    -13.7500       0.2990E-003
      1.8750    -12.5000       0.5432E-003
      1.8750    -11.2500       0.7611E-003
      1.8750    -10.0000       0.8797E-003
      1.8750     -8.7500       0.8645E-003
      1.8750     -7.5000       0.7400E-003
      1.8750     -6.2500       0.5690E-003
      1.8750     -5.0000       0.4379E-003
      1.8750     -3.7500       0.3915E-003
      1.8750     -2.5000       0.4296E-003
      1.8750     -1.2500       0.5198E-003
      1.8750      0.0000       0.6186E-003
      1.8750      1.2500       0.6845E-003
      1.8750      2.5000       0.7029E-003
      1.8750      3.7500       0.6943E-003
      1.8750      5.0000       0.6881E-003
      1.8750      6.2500       0.6920E-003
      1.8750      7.5000       0.6843E-003
      1.8750      8.7500       0.6394E-003
      1.8750     10.0000       0.5510E-003
      1.8750     11.2500       0.4235E-003
      1.8750     12.5000       0.2819E-003
      1.8750     13.7500       0.1521E-003
      1.8750     15.0000       0.5510E-004
      1.8750     16.2500       0.7774E-005
      1.8750     17.5000       0.8613E-007
      1.8750     18.7500       0.8016E-011

      2.8125    -20.0000       0.1608E-010
      2.8125    -18.7500       0.1931E-011
      2.8125    -17.5000       0.1797E-006
      2.8125    -16.2500       0.1640E-004
      2.8125    -15.0000       0.1185E-003
      2.8125    -13.7500       0.3299E-003
      2.8125    -12.5000       0.6036E-003
      2.8125    -11.2500       0.8663E-003
      2.8125    -10.0000       0.1045E-002
      2.8125     -8.7500       0.1086E-002
      2.8125     -7.5000       0.9829E-003
      2.8125     -6.2500       0.7652E-003
      2.8125     -5.0000       0.5161E-003
      2.8125     -3.7500       0.2987E-003
      2.8125     -2.5000       0.1385E-003
      2.8125     -1.2500       0.4114E-004
      2.8125      0.0000       0.1927E-004
      2.8125      1.2500       0.7604E-004
      2.8125      2.5000       0.1962E-003
      2.8125      3.7500       0.3629E-003
      2.8125      5.0000       0.5687E-003
      2.8125      6.2500       0.7915E-003
      2.8125      7.5000       0.9708E-003
      2.8125      8.7500       0.1039E-002
      2.8125     10.0000       0.9757E-003
      2.8125     11.2500       0.7954E-003
      2.8125     12.5000       0.5483E-003
      2.8125     13.7500       0.2990E-003
      2.8125     15.0000       0.1075E-003
      2.8125     16.2500       0.1495E-004
      2.8125     17.5000       0.1639E-006
      2.8125     18.7500       0.6468E-011

      3.7500    -20.0000       0.6918E-011
      3.7500    -18.7500       0.5045E-012
      3.7500    -17.5000       0.1213E-006
      3.7500    -16.2500       0.1099E-004
      3.7500    -15.0000       0.7857E-004
      3.7500    -13.7500       0.2175E-003
      3.7500    -12.5000       0.4013E-003
      3.7500    -11.2500       0.5924E-003
      3.7500    -10.0000       0.7500E-003
      3.7500     -8.7500       0.8341E-003
      3.7500     -7.5000       0.8347E-003
      3.7500     -6.2500       0.7576E-003
      3.7500     -5.0000       0.6477E-003
      3.7500     -3.7500       0.5437E-003
      3.7500     -2.5000       0.4547E-003
      3.7500     -1.2500       0.3705E-003
      3.7500      0.0000       0.2937E-003
      3.7500      1.2500       0.2444E-003
      3.7500      2.5000       0.2452E-003
      3.7500      3.7500       0.3121E-003
      3.7500      5.0000       0.4558E-003
      3.7500      6.2500       0.6639E-003
      3.7500      7.5000       0.8767E-003
      3.7500      8.7500       0.1007E-002
      3.7500     10.0000       0.1001E-002
      3.7500     11.2500       0.8511E-003
      3.7500     12.5000       0.6010E-003
      3.7500     13.7500       0.3301E-003
      3.7500     15.0000       0.1182E-003
      3.7500     16.2500       0.1629E-004
      3.7500     17.5000       0.1774E-006
      3.7500     18.7500       0.4570E-011

      4.6875    -20.0000       0.2289E-011
      4.6875    -18.7500       0.2089E-012
      4.6875    -17.5000       0.3656E-007
      4.6875    -16.2500       0.3258E-005
      4.6875    -15.0000       0.2260E-004
      4.6875    -13.7500       0.6163E-004
      4.6875    -12.5000       0.1160E-003
      4.6875    -11.2500       0.1822E-003
      4.6875    -10.0000       0.2555E-003
      4.6875     -8.7500       0.3319E-003
      4.6875     -7.5000       0.4268E-003
      4.6875     -6.2500       0.5528E-003
      4.6875     -5.0000       0.7158E-003
      4.6875     -3.7500       0.9082E-003
      4.6875     -2.5000       0.1096E-002
      4.6875     -1.2500       0.1213E-002
      4.6875      0.0000       0.1196E-002
      4.6875      1.2500       0.1039E-002
      4.6875      2.5000       0.8061E-003
      4.6875      3.7500       0.5871E-003
      4.6875      5.0000       0.4499E-003
      4.6875      6.2500       0.4225E-003
      4.6875      7.5000       0.4855E-003
      4.6875      8.7500       0.5716E-003
      4.6875     10.0000       0.6044E-003
      4.6875     11.2500       0.5412E-003
      4.6875     12.5000       0.3933E-003
      4.6875     13.7500       0.2177E-003
      4.6875     15.0000       0.7764E-004
      4.6875     16.2500       0.1060E-004
      4.6875     17.5000       0.1146E-006
      4.6875     18.7500       0.2542E-011

      5.6250    -20.0000       0.9466E-012
      5.6250    -18.7500       0.3282E-012
      5.6250    -17.5000       0.9063E-009
      5.6250    -16.2500       0.7163E-007
      5.6250    -15.0000       0.3722E-006
      5.6250    -13.7500       0.8252E-006
      5.6250    -12.5000       0.1270E-005
      5.6250    -11.2500       0.4768E-006
      5.6250    -10.0000       0.1418E-005
      5.6250     -8.7500       0.2580E-004
      5.6250     -7.5000       0.1215E-003
      5.6250     -6.2500       0.3327E-003
      5.6250     -5.0000       0.6598E-003
      5.6250     -3.7500       0.1068E-002
      5.6250     -2.5000       0.1492E-002
      5.6250     -1.2500       0.1820E-002
      5.6250      0.0000       0.1924E-002
      5.6250      1.2500       0.1752E-002
      5.6250      2.5000       0.1379E-002
      5.6250      3.7500       0.9431E-003
      5.6250      5.0000       0.5561E-003
      5.6250      6.2500       0.2818E-003
      5.6250      7.5000       0.1445E-003
      5.6250      8.7500       0.1194E-003
      5.6250     10.0000       0.1378E-003
      5.6250     11.2500       0.1407E-003
      5.6250     12.5000       0.1096E-003
      5.6250     13.7500       0.6174E-004
      5.6250     15.0000       0.2186E-004
      5.6250     16.2500       0.2934E-005
      5.6250     17.5000       0.3143E-007
      5.6250     18.7500       0.8276E-012

      6.5625    -20.0000       0.8832E-012
      6.5625    -18.7500       0.3964E-012
      6.5625    -17.5000       0.4604E-007
      6.5625    -16.2500       0.4267E-005
      6.5625    -15.0000       0.3166E-004
      6.5625    -13.7500       0.8923E-004
      6.5625    -12.5000       0.1593E-003
      6.5625    -11.2500       0.2092E-003
      6.5625    -10.0000       0.2143E-003
      6.5625     -8.7500       0.1886E-003
      6.5625     -7.5000       0.1907E-003
      6.5625     -6.2500       0.2931E-003
      6.5625     -5.0000       0.5295E-003
      6.5625     -3.7500       0.8821E-003
      6.5625     -2.5000       0.1292E-002
      6.5625     -1.2500       0.1653E-002
      6.5625      0.0000       0.1831E-002
      6.5625      1.2500       0.1752E-002
      6.5625      2.5000       0.1456E-002
      6.5625      3.7500       0.1064E-002
      6.5625      5.0000       0.6800E-003
      6.5625      6.2500       0.3671E-003
      6.5625      7.5000       0.1573E-003
      6.5625      8.7500       0.5277E-004
      6.5625     10.0000       0.1634E-004
      6.5625     11.2500       0.5752E-005
      6.5625     12.5000       0.2075E-005
      6.5625     13.7500       0.8139E-006
      6.5625     15.0000       0.4658E-006
      6.5625     16.2500       0.1122E-006
      6.5625     17.5000       0.1634E-008
      6.5625     18.7500       0.1334E-013

      7.5000    -20.0000       0.1871E-011
      7.5000    -18.7500       0.7006E-012
      7.5000    -17.5000       0.1319E-006
      7.5000    -16.2500       0.1211E-004
      7.5000    -15.0000       0.8864E-004
      7.5000    -13.7500       0.2482E-003
      7.5000    -12.5000       0.4495E-003
      7.5000    -11.2500       0.6224E-003
      7.5000    -10.0000       0.7044E-003
      7.5000     -8.7500       0.6751E-003
      7.5000     -7.5000       0.5727E-003
      7.5000     -6.2500       0.4693E-003
      7.5000     -5.0000       0.4408E-003
      7.5000     -3.7500       0.5147E-003
      7.5000     -2.5000       0.6734E-003
      7.5000     -1.2500       0.8603E-003
      7.5000      0.0000       0.1001E-002
      7.5000      1.2500       0.1038E-002
      7.5000      2.5000       0.9689E-003
      7.5000      3.7500       0.8423E-003
      7.5000      5.0000       0.7116E-003
      7.5000      6.2500       0.6024E-003
      7.5000      7.5000       0.5125E-003
      7.5000      8.7500       0.4312E-003
      7.5000     10.0000       0.3484E-003
      7.5000     11.2500       0.2567E-003
      7.5000     12.5000       0.1665E-003
      7.5000     13.7500       0.8916E-004
      7.5000     15.0000       0.3249E-004
      7.5000     16.2500       0.4640E-005
      7.5000     17.5000       0.5169E-007
      7.5000     18.7500       0.5263E-012

      8.4375    -20.0000       0.5734E-011
      8.4375    -18.7500       0.1936E-011
      8.4375    -17.5000       0.1822E-006
      8.4375    -16.2500       0.1664E-004
      8.4375    -15.0000       0.1207E-003
      8.4375    -13.7500       0.3364E-003
      8.4375    -12.5000       0.6137E-003
      8.4375    -11.2500       0.8727E-003
      8.4375    -10.0000       0.1036E-002
      8.4375     -8.7500       0.1052E-002
      8.4375     -7.5000       0.9276E-003
      8.4375     -6.2500       0.7044E-003
      8.4375     -5.0000       0.4724E-003
      8.4375     -3.7500       0.2926E-003
      8.4375     -2.5000       0.1847E-003
      8.4375     -1.2500       0.1448E-003
      8.4375      0.0000       0.1690E-003
      8.4375      1.2500       0.2440E-003
      8.4375      2.5000       0.3492E-003
      8.4375      3.7500       0.4749E-003
      8.4375      5.0000       0.6227E-003
      8.4375      6.2500       0.7786E-003
      8.4375      7.5000       0.8939E-003
      8.4375      8.7500       0.9175E-003
      8.4375     10.0000       0.8380E-003
      8.4375     11.2500       0.6699E-003
      8.4375     12.5000       0.4566E-003
      8.4375     13.7500       0.2482E-003
      8.4375     15.0000       0.8944E-004
      8.4375     16.2500       0.1249E-004
      8.4375     17.5000       0.1371E-006
      8.4375     18.7500       0.2332E-011

      9.3750    -20.0000       0.1408E-010
      9.3750    -18.7500       0.4366E-011
      9.3750    -17.5000       0.1523E-006
      9.3750    -16.2500       0.1382E-004
      9.3750    -15.0000       0.9927E-004
      9.3750    -13.7500       0.2755E-003
      9.3750    -12.5000       0.5064E-003
      9.3750    -11.2500       0.7381E-003
      9.3750    -10.0000       0.9147E-003
      9.3750     -8.7500       0.9861E-003
      9.3750     -7.5000       0.9404E-003
      9.3750     -6.2500       0.7896E-003
      9.3750     -5.0000       0.5963E-003
      9.3750     -3.7500       0.4136E-003
      9.3750     -2.5000       0.2620E-003
      9.3750     -1.2500       0.1445E-003
      9.3750      0.0000       0.7636E-004
      9.3750      1.2500       0.7621E-004
      9.3750      2.5000       0.1485E-003
      9.3750      3.7500       0.2884E-003
      9.3750      5.0000       0.4923E-003
      9.3750      6.2500       0.7391E-003
      9.3750      7.5000       0.9629E-003
      9.3750      8.7500       0.1080E-002
      9.3750     10.0000       0.1050E-002
      9.3750     11.2500       0.8782E-003
      9.3750     12.5000       0.6143E-003
      9.3750     13.7500       0.3365E-003
      9.3750     15.0000       0.1207E-003
      9.3750     16.2500       0.1669E-004
      9.3750     17.5000       0.1819E-006
      9.3750     18.7500       0.4857E-011

     10.3125    -20.0000       0.2570E-010
     10.3125    -18.7500       0.7273E-011
     10.3125    -17.5000       0.6868E-007
     10.3125    -16.2500       0.6160E-005
     10.3125    -15.0000       0.4348E-004
     10.3125    -13.7500       0.1197E-003
     10.3125    -12.5000       0.2227E-003
     10.3125    -11.2500       0.3380E-003
     10.3125    -10.0000       0.4484E-003
     10.3125     -8.7500       0.5347E-003
     10.3125     -7.5000       0.5997E-003
     10.3125     -6.2500       0.6493E-003
     10.3125     -5.0000       0.7024E-003
     10.3125     -3.7500       0.7700E-003
     10.3125     -2.5000       0.8363E-003
     10.3125     -1.2500       0.8597E-003
     10.3125      0.0000       0.8064E-003
     10.3125      1.2500       0.6850E-003
     10.3125      2.5000       0.5461E-003
     10.3125      3.7500       0.4488E-003
     10.3125      5.0000       0.4364E-003
     10.3125      6.2500       0.5191E-003
     10.3125      7.5000       0.6583E-003
     10.3125      8.7500       0.7743E-003
     10.3125     10.0000       0.7970E-003
     10.3125     11.2500       0.6969E-003
     10.3125     12.5000       0.4999E-003
     10.3125     13.7500       0.2757E-003
     10.3125     15.0000       0.9850E-004
     10.3125     16.2500       0.1350E-004
     10.3125     17.5000       0.1462E-006
     10.3125     18.7500       0.7254E-011

     11.2500    -20.0000       0.3616E-010
     11.2500    -18.7500       0.9236E-011
     11.2500    -17.5000       0.5699E-008
     11.2500    -16.2500       0.4712E-006
     11.2500    -15.0000       0.2869E-005
     11.2500    -13.7500       0.7252E-005
     11.2500    -12.5000       0.1466E-004
     11.2500    -11.2500       0.2769E-004
     11.2500    -10.0000       0.5090E-004
     11.2500     -8.7500       0.9897E-004
     11.2500     -7.5000       0.2079E-003
     11.2500     -6.2500       0.4079E-003
     11.2500     -5.0000       0.6963E-003
     11.2500     -3.7500       0.1045E-002
     11.2500     -2.5000       0.1396E-002
     11.2500     -1.2500       0.1653E-002
     11.2500      0.0000       0.1707E-002
     11.2500      1.2500       0.1527E-002
     11.2500      2.5000       0.1187E-002
     11.2500      3.7500       0.8133E-003
     11.2500      5.0000       0.5047E-003
     11.2500      6.2500       0.3139E-003
     11.2500      7.5000       0.2503E-003
     11.2500      8.7500       0.2719E-003
     11.2500     10.0000       0.3027E-003
     11.2500     11.2500       0.2867E-003
     11.2500     12.5000       0.2147E-003
     11.2500     13.7500       0.1198E-003
     11.2500     15.0000       0.4256E-004
     11.2500     16.2500       0.5762E-005
     11.2500     17.5000       0.6181E-007
     11.2500     18.7500       0.8838E-011

     12.1875    -20.0000       0.4034E-010
     12.1875    -18.7500       0.9131E-011
     12.1875    -17.5000       0.1929E-007
     12.1875    -16.2500       0.1809E-005
     12.1875    -15.0000       0.1355E-004
     12.1875    -13.7500       0.3834E-004
     12.1875    -12.5000       0.6749E-004
     12.1875    -11.2500       0.8357E-004
     12.1875    -10.0000       0.7622E-004
     12.1875     -8.7500       0.6681E-004
     12.1875     -7.5000       0.1136E-003
     12.1875     -6.2500       0.2802E-003
     12.1875     -5.0000       0.5835E-003
     12.1875     -3.7500       0.9939E-003
     12.1875     -2.5000       0.1445E-002
     12.1875     -1.2500       0.1820E-002
     12.1875      0.0000       0.1980E-002
     12.1875      1.2500       0.1855E-002
     12.1875      2.5000       0.1502E-002
     12.1875      3.7500       0.1058E-002
     12.1875      5.0000       0.6363E-003
     12.1875      6.2500       0.3061E-003
     12.1875      7.5000       0.1019E-003
     12.1875      8.7500       0.1910E-004
     12.1875     10.0000       0.6687E-005
     12.1875     11.2500       0.1209E-004
     12.1875     12.5000       0.1226E-004
     12.1875     13.7500       0.7288E-005
     12.1875     15.0000       0.2594E-005
     12.1875     16.2500       0.3494E-006
     12.1875     17.5000       0.3767E-008
     12.1875     18.7500       0.9349E-011

     13.1250    -20.0000       0.3604E-010
     13.1250    -18.7500       0.6992E-011
     13.1250    -17.5000       0.9727E-007
     13.1250    -16.2500       0.8983E-005
     13.1250    -15.0000       0.6603E-004
     13.1250    -13.7500       0.1853E-003
     13.1250    -12.5000       0.3341E-003
     13.1250    -11.2500       0.4558E-003
     13.1250    -10.0000       0.5018E-003
     13.1250     -8.7500       0.4669E-003
     13.1250     -7.5000       0.4008E-003
     13.1250     -6.2500       0.3797E-003
     13.1250     -5.0000       0.4642E-003
     13.1250     -3.7500       0.6628E-003
     13.1250     -2.5000       0.9394E-003
     13.1250     -1.2500       0.1214E-002
     13.1250      0.0000       0.1384E-002
     13.1250      1.2500       0.1378E-002
     13.1250      2.5000       0.1212E-002
     13.1250      3.7500       0.9653E-003
     13.1250      5.0000       0.7145E-003
     13.1250      6.2500       0.5027E-003
     13.1250      7.5000       0.3452E-003
     13.1250      8.7500       0.2414E-003
     13.1250     10.0000       0.1727E-003
     13.1250     11.2500       0.1177E-003
     13.1250     12.5000       0.7269E-004
     13.1250     13.7500       0.3828E-004
     13.1250     15.0000       0.1414E-004
     13.1250     16.2500       0.2075E-005
     13.1250     17.5000       0.2366E-007
     13.1250     18.7500       0.8895E-011

     14.0625    -20.0000       0.2553E-010
     14.0625    -18.7500       0.3985E-011
     14.0625    -17.5000       0.1703E-006
     14.0625    -16.2500       0.1562E-004
     14.0625    -15.0000       0.1136E-003
     14.0625    -13.7500       0.3173E-003
     14.0625    -12.5000       0.5774E-003
     14.0625    -11.2500       0.8131E-003
     14.0625    -10.0000       0.9486E-003
     14.0625     -8.7500       0.9430E-003
     14.0625     -7.5000       0.8138E-003
     14.0625     -6.2500       0.6179E-003
     14.0625     -5.0000       0.4445E-003
     14.0625     -3.7500       0.3453E-003
     14.0625     -2.5000       0.3280E-003
     14.0625     -1.2500       0.3710E-003
     14.0625      0.0000       0.4455E-003
     14.0625      1.2500       0.5193E-003
     14.0625      2.5000       0.5740E-003
     14.0625      3.7500       0.6179E-003
     14.0625      5.0000       0.6696E-003
     14.0625      6.2500       0.7287E-003
     14.0625      7.5000       0.7636E-003
     14.0625      8.7500       0.7405E-003
     14.0625     10.0000       0.6528E-003
     14.0625     11.2500       0.5094E-003
     14.0625     12.5000       0.3422E-003
     14.0625     13.7500       0.1852E-003
     14.0625     15.0000       0.6694E-004
     14.0625     16.2500       0.9407E-005
     14.0625     17.5000       0.1039E-006
     14.0625     18.7500       0.7741E-011

     15.0000    -20.0000       0.1392E-010
     15.0000    -18.7500       0.1536E-011
     15.0000    -17.5000       0.1735E-006
     15.0000    -16.2500       0.1582E-004
     15.0000    -15.0000       0.1141E-003
     15.0000    -13.7500       0.3173E-003
     15.0000    -12.5000       0.5813E-003
     15.0000    -11.2500       0.8384E-003
     15.0000    -10.0000       0.1020E-002
     15.0000     -8.7500       0.1072E-002
     15.0000     -7.5000       0.9855E-003
     15.0000     -6.2500       0.7830E-003
     15.0000     -5.0000       0.5418E-003
     15.0000     -3.7500       0.3239E-003
     15.0000     -2.5000       0.1546E-003
     15.0000     -1.2500       0.4107E-004
     15.0000      0.0000       0.6998E-011
     15.0000      1.2500       0.4114E-004
     15.0000      2.5000       0.1544E-003
     15.0000      3.7500       0.3241E-003
     15.0000      5.0000       0.5416E-003
     15.0000      6.2500       0.7833E-003
     15.0000      7.5000       0.9851E-003
     15.0000      8.7500       0.1073E-002
     15.0000     10.0000       0.1020E-002
     15.0000     11.2500       0.8387E-003
     15.0000     12.5000       0.5811E-003
     15.0000     13.7500       0.3174E-003
     15.0000     15.0000       0.1140E-003
     15.0000     16.2500       0.1583E-004
     15.0000     17.5000       0.1732E-006
     15.0000     18.7500       0.6112E-011

     15.9375    -20.0000       0.5634E-011
     15.9375    -18.7500       0.3740E-012
     15.9375    -17.5000       0.1039E-006
     15.9375    -16.2500       0.9401E-005
     15.9375    -15.0000       0.6697E-004
     15.9375    -13.7500       0.1851E-003
     15.9375    -12.5000       0.3424E-003
     15.9375    -11.2500       0.5092E-003
     15.9375    -10.0000       0.6531E-003
     15.9375     -8.7500       0.7402E-003
     15.9375     -7.5000       0.7639E-003
     15.9375     -6.2500       0.7284E-003
     15.9375     -5.0000       0.6698E-003
     15.9375     -3.7500       0.6178E-003
     15.9375     -2.5000       0.5741E-003
     15.9375     -1.2500       0.5192E-003
     15.9375      0.0000       0.4455E-003
     15.9375      1.2500       0.3710E-003
     15.9375      2.5000       0.3279E-003
     15.9375      3.7500       0.3455E-003
     15.9375      5.0000       0.4442E-003
     15.9375      6.2500       0.6182E-003
     15.9375      7.5000       0.8134E-003
     15.9375      8.7500       0.9433E-003
     15.9375     10.0000       0.9483E-003
     15.9375     11.2500       0.8134E-003
     15.9375     12.5000       0.5772E-003
     15.9375     13.7500       0.3174E-003
     15.9375     15.0000       0.1136E-003
     15.9375     16.2500       0.1563E-004
     15.9375     17.5000       0.1700E-006
     15.9375     18.7500       0.4164E-011

     16.8750    -20.0000       0.1830E-011
     16.8750    -18.7500       0.2236E-012
     16.8750    -17.5000       0.2350E-007
     16.8750    -16.2500       0.2075E-005
     16.8750    -15.0000       0.1415E-004
     16.8750    -13.7500       0.3826E-004
     16.8750    -12.5000       0.7273E-004
     16.8750    -11.2500       0.1176E-003
     16.8750    -10.0000       0.1728E-003
     16.8750     -8.7500       0.2413E-003
     16.8750     -7.5000       0.3453E-003
     16.8750     -6.2500       0.5026E-003
     16.8750     -5.0000       0.7145E-003
     16.8750     -3.7500       0.9653E-003
     16.8750     -2.5000       0.1212E-002
     16.8750     -1.2500       0.1378E-002
     16.8750      0.0000       0.1384E-002
     16.8750      1.2500       0.1214E-002
     16.8750      2.5000       0.9394E-003
     16.8750      3.7500       0.6629E-003
     16.8750      5.0000       0.4641E-003
     16.8750      6.2500       0.3798E-003
     16.8750      7.5000       0.4007E-003
     16.8750      8.7500       0.4671E-003
     16.8750     10.0000       0.5016E-003
     16.8750     11.2500       0.4560E-003
     16.8750     12.5000       0.3341E-003
     16.8750     13.7500       0.1853E-003
     16.8750     15.0000       0.6600E-004
     16.8750     16.2500       0.8988E-005
     16.8750     17.5000       0.9708E-007
     16.8750     18.7500       0.2155E-011

     17.8125    -20.0000       0.8752E-012
     17.8125    -18.7500       0.3480E-012
     17.8125    -17.5000       0.3765E-008
     17.8125    -16.2500       0.3497E-006
     17.8125    -15.0000       0.2593E-005
     17.8125    -13.7500       0.7290E-005
     17.8125    -12.5000       0.1226E-004
     17.8125    -11.2500       0.1210E-004
     17.8125    -10.0000       0.6683E-005
     17.8125     -8.7500       0.1911E-004
     17.8125     -7.5000       0.1019E-003
     17.8125     -6.2500       0.3061E-003
     17.8125     -5.0000       0.6363E-003
     17.8125     -3.7500       0.1058E-002
     17.8125     -2.5000       0.1502E-002
     17.8125     -1.2500       0.1855E-002
     17.8125      0.0000       0.1980E-002
     17.8125      1.2500       0.1820E-002
     17.8125      2.5000       0.1445E-002
     17.8125      3.7500       0.9939E-003
     17.8125      5.0000       0.5835E-003
     17.8125      6.2500       0.2802E-003
     17.8125      7.5000       0.1136E-003
     17.8125      8.7500       0.6682E-004
     17.8125     10.0000       0.7621E-004
     17.8125     11.2500       0.8358E-004
     17.8125     12.5000       0.6748E-004
     17.8125     13.7500       0.3835E-004
     17.8125     15.0000       0.1355E-004
     17.8125     16.2500       0.1809E-005
     17.8125     17.5000       0.1933E-007
     17.8125     18.7500       0.5745E-012

     18.7500    -20.0000       0.9593E-012
     18.7500    -18.7500       0.4172E-012
     18.7500    -17.5000       0.6228E-007
     18.7500    -16.2500       0.5759E-005
     18.7500    -15.0000       0.4258E-004
     18.7500    -13.7500       0.1198E-003
     18.7500    -12.5000       0.2148E-003
     18.7500    -11.2500       0.2866E-003
     18.7500    -10.0000       0.3028E-003
     18.7500     -8.7500       0.2718E-003
     18.7500     -7.5000       0.2504E-003
     18.7500     -6.2500       0.3138E-003
     18.7500     -5.0000       0.5047E-003
     18.7500     -3.7500       0.8132E-003
     18.7500     -2.5000       0.1187E-002
     18.7500     -1.2500       0.1527E-002
     18.7500      0.0000       0.1707E-002
     18.7500      1.2500       0.1653E-002
     18.7500      2.5000       0.1396E-002
     18.7500      3.7500       0.1045E-002
     18.7500      5.0000       0.6963E-003
     18.7500      6.2500       0.4079E-003
     18.7500      7.5000       0.2079E-003
     18.7500      8.7500       0.9900E-004
     18.7500     10.0000       0.5087E-004
     18.7500     11.2500       0.2772E-004
     18.7500     12.5000       0.1464E-004
     18.7500     13.7500       0.7259E-005
     18.7500     15.0000       0.2868E-005
     18.7500     16.2500       0.4711E-006
     18.7500     17.5000       0.5737E-008
     18.7500     18.7500       0.2771E-014

     19.6875    -20.0000       0.2340E-011
     19.6875    -18.7500       0.8531E-012
     19.6875    -17.5000       0.1471E-006
     19.6875    -16.2500       0.1349E-004
     19.6875    -15.0000       0.9854E-004
     19.6875    -13.7500       0.2756E-003
     19.6875    -12.5000       0.5000E-003
     19.6875    -11.2500       0.6967E-003
     19.6875    -10.0000       0.7973E-003
     19.6875     -8.7500       0.7740E-003
     19.6875     -7.5000       0.6586E-003
     19.6875     -6.2500       0.5188E-003
     19.6875     -5.0000       0.4366E-003
     19.6875     -3.7500       0.4487E-003
     19.6875     -2.5000       0.5462E-003
     19.6875     -1.2500       0.6850E-003
     19.6875      0.0000       0.8063E-003
     19.6875      1.2500       0.8598E-003
     19.6875      2.5000       0.8362E-003
     19.6875      3.7500       0.7701E-003
     19.6875      5.0000       0.7023E-003
     19.6875      6.2500       0.6494E-003
     19.6875      7.5000       0.5995E-003
     19.6875      8.7500       0.5349E-003
     19.6875     10.0000       0.4482E-003
     19.6875     11.2500       0.3381E-003
     19.6875     12.5000       0.2226E-003
     19.6875     13.7500       0.1197E-003
     19.6875     15.0000       0.4346E-004
     19.6875     16.2500       0.6165E-005
     19.6875     17.5000       0.6835E-007
     19.6875     18.7500       0.7953E-012

     20.6250    -20.0000       0.7031E-011
     20.6250    -18.7500       0.2334E-011
     20.6250    -17.5000       0.1829E-006
     20.6250    -16.2500       0.1668E-004
     20.6250    -15.0000       0.1207E-003
     20.6250    -13.7500       0.3364E-003
     20.6250    -12.5000       0.6145E-003
     20.6250    -11.2500       0.8779E-003
     20.6250    -10.0000       0.1051E-002
     20.6250     -8.7500       0.1079E-002
     20.6250     -7.5000       0.9633E-003
     20.6250     -6.2500       0.7387E-003
     20.6250     -5.0000       0.4926E-003
     20.6250     -3.7500       0.2882E-003
     20.6250     -2.5000       0.1487E-003
     20.6250     -1.2500       0.7616E-004
     20.6250      0.0000       0.7634E-004
     20.6250      1.2500       0.1445E-003
     20.6250      2.5000       0.2619E-003
     20.6250      3.7500       0.4138E-003
     20.6250      5.0000       0.5961E-003
     20.6250      6.2500       0.7899E-003
     20.6250      7.5000       0.9400E-003
     20.6250      8.7500       0.9865E-003
     20.6250     10.0000       0.9143E-003
     20.6250     11.2500       0.7384E-003
     20.6250     12.5000       0.5062E-003
     20.6250     13.7500       0.2757E-003
     20.6250     15.0000       0.9923E-004
     20.6250     16.2500       0.1383E-004
     20.6250     17.5000       0.1515E-006
     20.6250     18.7500       0.2805E-011

     21.5625    -20.0000       0.1625E-010
     21.5625    -18.7500       0.4950E-011
     21.5625    -17.5000       0.1378E-006
     21.5625    -16.2500       0.1249E-004
     21.5625    -15.0000       0.8948E-004
     21.5625    -13.7500       0.2481E-003
     21.5625    -12.5000       0.4567E-003
     21.5625    -11.2500       0.6697E-003
     21.5625    -10.0000       0.8383E-003
     21.5625     -8.7500       0.9171E-003
     21.5625     -7.5000       0.8943E-003
     21.5625     -6.2500       0.7783E-003
     21.5625     -5.0000       0.6229E-003
     21.5625     -3.7500       0.4748E-003
     21.5625     -2.5000       0.3493E-003
     21.5625     -1.2500       0.2439E-003
     21.5625      0.0000       0.1690E-003
     21.5625      1.2500       0.1448E-003
     21.5625      2.5000       0.1846E-003
     21.5625      3.7500       0.2928E-003
     21.5625      5.0000       0.4721E-003
     21.5625      6.2500       0.7047E-003
     21.5625      7.5000       0.9272E-003
     21.5625      8.7500       0.1053E-002
     21.5625     10.0000       0.1035E-002
     21.5625     11.2500       0.8730E-003
     21.5625     12.5000       0.6135E-003
     21.5625     13.7500       0.3365E-003
     21.5625     15.0000       0.1206E-003
     21.5625     16.2500       0.1665E-004
     21.5625     17.5000       0.1812E-006
     21.5625     18.7500       0.5373E-011

     22.5000    -20.0000       0.2807E-010
     22.5000    -18.7500       0.7788E-011
     22.5000    -17.5000       0.5192E-007
     22.5000    -16.2500       0.4637E-005
     22.5000    -15.0000       0.3250E-004
     22.5000    -13.7500       0.8912E-004
     22.5000    -12.5000       0.1666E-003
     22.5000    -11.2500       0.2566E-003
     22.5000    -10.0000       0.3485E-003
     22.5000     -8.7500       0.4310E-003
     22.5000     -7.5000       0.5127E-003
     22.5000     -6.2500       0.6023E-003
     22.5000     -5.0000       0.7117E-003
     22.5000     -3.7500       0.8422E-003
     22.5000     -2.5000       0.9690E-003
     22.5000     -1.2500       0.1038E-002
     22.5000      0.0000       0.1001E-002
     22.5000      1.2500       0.8603E-003
     22.5000      2.5000       0.6733E-003
     22.5000      3.7500       0.5148E-003
     22.5000      5.0000       0.4406E-003
     22.5000      6.2500       0.4695E-003
     22.5000      7.5000       0.5725E-003
     22.5000      8.7500       0.6753E-003
     22.5000     10.0000       0.7041E-003
     22.5000     11.2500       0.6226E-003
     22.5000     12.5000       0.4493E-003
     22.5000     13.7500       0.2483E-003
     22.5000     15.0000       0.8861E-004
     22.5000     16.2500       0.1212E-004
     22.5000     17.5000       0.1310E-006
     22.5000     18.7500       0.7651E-011

     23.4375    -20.0000       0.3763E-010
     23.4375    -18.7500       0.9399E-011
     23.4375    -17.5000       0.1565E-008
     23.4375    -16.2500       0.1127E-006
     23.4375    -15.0000       0.4655E-006
     23.4375    -13.7500       0.8124E-006
     23.4375    -12.5000       0.2080E-005
     23.4375    -11.2500       0.5743E-005
     23.4375    -10.0000       0.1635E-004
     23.4375     -8.7500       0.5276E-004
     23.4375     -7.5000       0.1573E-003
     23.4375     -6.2500       0.3671E-003
     23.4375     -5.0000       0.6800E-003
     23.4375     -3.7500       0.1064E-002
     23.4375     -2.5000       0.1456E-002
     23.4375     -1.2500       0.1752E-002
     23.4375      0.0000       0.1831E-002
     23.4375      1.2500       0.1653E-002
     23.4375      2.5000       0.1292E-002
     23.4375      3.7500       0.8821E-003
     23.4375      5.0000       0.5295E-003
     23.4375      6.2500       0.2932E-003
     23.4375      7.5000       0.1906E-003
     23.4375      8.7500       0.1886E-003
     23.4375     10.0000       0.2143E-003
     23.4375     11.2500       0.2093E-003
     23.4375     12.5000       0.1593E-003
     23.4375     13.7500       0.8925E-004
     23.4375     15.0000       0.3166E-004
     23.4375     16.2500       0.4270E-005
     23.4375     17.5000       0.4567E-007
     23.4375     18.7500       0.9027E-011

     24.3750    -20.0000       0.4015E-010
     24.3750    -18.7500       0.8841E-011
     24.3750    -17.5000       0.3142E-007
     24.3750    -16.2500       0.2934E-005
     24.3750    -15.0000       0.2186E-004
     24.3750    -13.7500       0.6173E-004
     24.3750    -12.5000       0.1096E-003
     24.3750    -11.2500       0.1407E-003
     24.3750    -10.0000       0.1378E-003
     24.3750     -8.7500       0.1194E-003
     24.3750     -7.5000       0.1445E-003
     24.3750     -6.2500       0.2818E-003
     24.3750     -5.0000       0.5561E-003
     24.3750     -3.7500       0.9430E-003
     24.3750     -2.5000       0.1379E-002
     24.3750     -1.2500       0.1752E-002
     24.3750      0.0000       0.1924E-002
     24.3750      1.2500       0.1820E-002
     24.3750      2.5000       0.1492E-002
     24.3750      3.7500       0.1068E-002
     24.3750      5.0000       0.6598E-003
     24.3750      6.2500       0.3327E-003
     24.3750      7.5000       0.1215E-003
     24.3750      8.7500       0.2579E-004
     24.3750     10.0000       0.1418E-005
     24.3750     11.2500       0.4769E-006
     24.3750     12.5000       0.1270E-005
     24.3750     13.7500       0.8238E-006
     24.3750     15.0000       0.3735E-006
     24.3750     16.2500       0.7110E-007
     24.3750     17.5000       0.9740E-009
     24.3750     18.7500       0.9328E-011

     25.3125    -20.0000       0.3429E-010
     25.3125    -18.7500       0.6411E-011
     25.3125    -17.5000       0.1149E-006
     25.3125    -16.2500       0.1059E-004
     25.3125    -15.0000       0.7766E-004
     25.3125    -13.7500       0.2177E-003
     25.3125    -12.5000       0.3934E-003
     25.3125    -11.2500       0.5411E-003
     25.3125    -10.0000       0.6046E-003
     25.3125     -8.7500       0.5714E-003
     25.3125     -7.5000       0.4857E-003
     25.3125     -6.2500       0.4223E-003
     25.3125     -5.0000       0.4501E-003
     25.3125     -3.7500       0.5870E-003
     25.3125     -2.5000       0.8061E-003
     25.3125     -1.2500       0.1039E-002
     25.3125      0.0000       0.1196E-002
     25.3125      1.2500       0.1214E-002
     25.3125      2.5000       0.1096E-002
     25.3125      3.7500       0.9082E-003
     25.3125      5.0000       0.7157E-003
     25.3125      6.2500       0.5529E-003
     25.3125      7.5000       0.4267E-003
     25.3125      8.7500       0.3320E-003
     25.3125     10.0000       0.2554E-003
     25.3125     11.2500       0.1823E-003
     25.3125     12.5000       0.1159E-003
     25.3125     13.7500       0.6166E-004
     25.3125     15.0000       0.2259E-004
     25.3125     16.2500       0.3259E-005
     25.3125     17.5000       0.3671E-007
     25.3125     18.7500       0.8712E-011

     26.2500    -20.0000       0.2312E-010
     26.2500    -18.7500       0.3413E-011
     26.2500    -17.5000       0.1778E-006
     26.2500    -16.2500       0.1628E-004
     26.2500    -15.0000       0.1183E-003
     26.2500    -13.7500       0.3300E-003
     26.2500    -12.5000       0.6012E-003
     26.2500    -11.2500       0.8508E-003
     26.2500    -10.0000       0.1001E-002
     26.2500     -8.7500       0.1006E-002
     26.2500     -7.5000       0.8771E-003
     26.2500     -6.2500       0.6636E-003
     26.2500     -5.0000       0.4561E-003
     26.2500     -3.7500       0.3119E-003
     26.2500     -2.5000       0.2453E-003
     26.2500     -1.2500       0.2443E-003
     26.2500      0.0000       0.2937E-003
     26.2500      1.2500       0.3705E-003
     26.2500      2.5000       0.4545E-003
     26.2500      3.7500       0.5438E-003
     26.2500      5.0000       0.6475E-003
     26.2500      6.2500       0.7579E-003
     26.2500      7.5000       0.8344E-003
     26.2500      8.7500       0.8344E-003
     26.2500     10.0000       0.7497E-003
     26.2500     11.2500       0.5926E-003
     26.2500     12.5000       0.4012E-003
     26.2500     13.7500       0.2176E-003
     26.2500     15.0000       0.7853E-004
     26.2500     16.2500       0.1100E-004
     26.2500     17.5000       0.1212E-006
     26.2500     18.7500       0.7448E-011

     27.1875    -20.0000       0.1191E-010
     27.1875    -18.7500       0.1196E-011
     27.1875    -17.5000       0.1642E-006
     27.1875    -16.2500       0.1494E-004
     27.1875    -15.0000       0.1076E-003
     27.1875    -13.7500       0.2989E-003
     27.1875    -12.5000       0.5485E-003
     27.1875    -11.2500       0.7951E-003
     27.1875    -10.0000       0.9761E-003
     27.1875     -8.7500       0.1038E-002
     27.1875     -7.5000       0.9712E-003
     27.1875     -6.2500       0.7912E-003
     27.1875     -5.0000       0.5689E-003
     27.1875     -3.7500       0.3627E-003
     27.1875     -2.5000       0.1963E-003
     27.1875     -1.2500       0.7597E-004
     27.1875      0.0000       0.1928E-004
     27.1875      1.2500       0.4120E-004
     27.1875      2.5000       0.1383E-003
     27.1875      3.7500       0.2989E-003
     27.1875      5.0000       0.5158E-003
     27.1875      6.2500       0.7656E-003
     27.1875      7.5000       0.9824E-003
     27.1875      8.7500       0.1086E-002
     27.1875     10.0000       0.1045E-002
     27.1875     11.2500       0.8667E-003
     27.1875     12.5000       0.6034E-003
     27.1875     13.7500       0.3300E-003
     27.1875     15.0000       0.1185E-003
     27.1875     16.2500       0.1641E-004
     27.1875     17.5000       0.1794E-006
     27.1875     18.7500       0.5742E-011

     28.1250    -20.0000       0.4539E-011
     28.1250    -18.7500       0.2857E-012
     28.1250    -17.5000       0.8610E-007
     28.1250    -16.2500       0.7770E-005
     28.1250    -15.0000       0.5512E-004
     28.1250    -13.7500       0.1521E-003
     28.1250    -12.5000       0.2820E-003
     28.1250    -11.2500       0.4233E-003
     28.1250    -10.0000       0.5512E-003
     28.1250     -8.7500       0.6392E-003
     28.1250     -7.5000       0.6845E-003
     28.1250     -6.2500       0.6918E-003
     28.1250     -5.0000       0.6882E-003
     28.1250     -3.7500       0.6942E-003
     28.1250     -2.5000       0.7030E-003
     28.1250     -1.2500       0.6844E-003
     28.1250      0.0000       0.6186E-003
     28.1250      1.2500       0.5198E-003
     28.1250      2.5000       0.4295E-003
     28.1250      3.7500       0.3916E-003
     28.1250      5.0000       0.4377E-003
     28.1250      6.2500       0.5693E-003
     28.1250      7.5000       0.7396E-003
     28.1250      8.7500       0.8648E-003
     28.1250     10.0000       0.8794E-003
     28.1250     11.2500       0.7613E-003
     28.1250     12.5000       0.5431E-003
     28.1250     13.7500       0.2991E-003
     28.1250     15.0000       0.1069E-003
     28.1250     16.2500       0.1469E-004
     28.1250     17.5000       0.1595E-006
     28.1250     18.7500       0.3755E-011

     29.0625    -20.0000       0.1486E-011
     29.0625    -18.7500       0.2476E-012
     29.0625    -17.5000       0.1306E-007
     29.0625    -16.2500       0.1134E-005
     29.0625    -15.0000       0.7490E-005
     29.0625    -13.7500       0.1990E-004
     29.0625    -12.5000       0.3851E-004
     29.0625    -11.2500       0.6548E-004
     29.0625    -10.0000       0.1037E-003
     29.0625     -8.7500       0.1626E-003
     29.0625     -7.5000       0.2714E-003
     29.0625     -6.2500       0.4537E-003
     29.0625     -5.0000       0.7079E-003
     29.0625     -3.7500       0.1011E-002
     29.0625     -2.5000       0.1314E-002
     29.0625     -1.2500       0.1527E-002
     29.0625      0.0000       0.1556E-002
     29.0625      1.2500       0.1379E-002
     29.0625      2.5000       0.1068E-002
     29.0625      3.7500       0.7393E-003
     29.0625      5.0000       0.4826E-003
     29.0625      6.2500       0.3432E-003
     29.0625      7.5000       0.3213E-003
     29.0625      8.7500       0.3659E-003
     29.0625     10.0000       0.3998E-003
     29.0625     11.2500       0.3700E-003
     29.0625     12.5000       0.2737E-003
     29.0625     13.7500       0.1522E-003
     29.0625     15.0000       0.5416E-004
     29.0625     16.2500       0.7355E-005
     29.0625     17.5000       0.7930E-007
     29.0625     18.7500       0.1786E-011

