    -30.0000    -20.0000       0.7952E-010
    -30.0000    -18.7500       0.1946E-011
    -30.0000    -17.5000       0.1215E-006
    -30.0000    -16.2500       0.1079E-004
    -30.0000    -15.0000       0.7479E-004
    -30.0000    -13.7500       0.1882E-003
    -30.0000    -12.5000       0.2911E-003
    -30.0000    -11.2500       0.3477E-003
    -30.0000    -10.0000       0.3743E-003
    -30.0000     -8.7500       0.4136E-003
    -30.0000     -7.5000       0.4866E-003
    -30.0000     -6.2500       0.5842E-003
    -30.0000     -5.0000       0.6906E-003
    -30.0000     -3.7500       0.7906E-003
    -30.0000     -2.5000       0.8787E-003
    -30.0000     -1.2500       0.9479E-003
    -30.0000      0.0000       0.9756E-003
    -30.0000      1.2500       0.9479E-003
    -30.0000      2.5000       0.8787E-003
    -30.0000      3.7500       0.7906E-003
    -30.0000      5.0000       0.6906E-003
    -30.0000      6.2500       0.5842E-003
    -30.0000      7.5000       0.4866E-003
    -30.0000      8.7500       0.4136E-003
    -30.0000     10.0000       0.3743E-003
    -30.0000     11.2500       0.3477E-003
    -30.0000     12.5000       0.2911E-003
    -30.0000     13.7500       0.1882E-003
    -30.0000     15.0000       0.7479E-004
    -30.0000     16.2500       0.1079E-004
    -30.0000     17.5000       0.1215E-006
    -30.0000     18.7500       0.1946E-011

    -29.0625    -20.0000       0.6800E-010
    -29.0625    -18.7500       0.5741E-012
    -29.0625    -17.5000       0.4813E-007
    -29.0625    -16.2500       0.4096E-005
    -29.0625    -15.0000       0.2593E-004
    -29.0625    -13.7500       0.5617E-004
    -29.0625    -12.5000       0.6736E-004
    -29.0625    -11.2500       0.5033E-004
    -29.0625    -10.0000       0.2031E-004
    -29.0625     -8.7500       0.1015E-004
    -29.0625     -7.5000       0.4761E-004
    -29.0625     -6.2500       0.1383E-003
    -29.0625     -5.0000       0.2641E-003
    -29.0625     -3.7500       0.3965E-003
    -29.0625     -2.5000       0.5222E-003
    -29.0625     -1.2500       0.6432E-003
    -29.0625      0.0000       0.7590E-003
    -29.0625      1.2500       0.8651E-003
    -29.0625      2.5000       0.9629E-003
    -29.0625      3.7500       0.1057E-002
    -29.0625      5.0000       0.1137E-002
    -29.0625      6.2500       0.1179E-002
    -29.0625      7.5000       0.1158E-002
    -29.0625      8.7500       0.1073E-002
    -29.0625     10.0000       0.9467E-003
    -29.0625     11.2500       0.7859E-003
    -29.0625     12.5000       0.5763E-003
    -29.0625     13.7500       0.3330E-003
    -29.0625     15.0000       0.1228E-003
    -29.0625     16.2500       0.1705E-004
    -29.0625     17.5000       0.1857E-006
    -29.0625     18.7500       0.1669E-011

    -28.1250    -20.0000       0.4041E-010
    -28.1250    -18.7500       0.1256E-012
    -28.1250    -17.5000       0.3447E-007
    -28.1250    -16.2500       0.2916E-005
    -28.1250    -15.0000       0.1968E-004
    -28.1250    -13.7500       0.5435E-004
    -28.1250    -12.5000       0.1042E-003
    -28.1250    -11.2500       0.1587E-003
    -28.1250    -10.0000       0.2005E-003
    -28.1250     -8.7500       0.2220E-003
    -28.1250     -7.5000       0.2333E-003
    -28.1250     -6.2500       0.2386E-003
    -28.1250     -5.0000       0.2374E-003
    -28.1250     -3.7500       0.2253E-003
    -28.1250     -2.5000       0.2102E-003
    -28.1250     -1.2500       0.2212E-003
    -28.1250      0.0000       0.3014E-003
    -28.1250      1.2500       0.4682E-003
    -28.1250      2.5000       0.7002E-003
    -28.1250      3.7500       0.9602E-003
    -28.1250      5.0000       0.1207E-002
    -28.1250      6.2500       0.1395E-002
    -28.1250      7.5000       0.1466E-002
    -28.1250      8.7500       0.1401E-002
    -28.1250     10.0000       0.1229E-002
    -28.1250     11.2500       0.9756E-003
    -28.1250     12.5000       0.6695E-003
    -28.1250     13.7500       0.3619E-003
    -28.1250     15.0000       0.1273E-003
    -28.1250     16.2500       0.1731E-004
    -28.1250     17.5000       0.1862E-006
    -28.1250     18.7500       0.2032E-011

    -27.1875    -20.0000       0.1820E-010
    -27.1875    -18.7500       0.5174E-012
    -27.1875    -17.5000       0.9270E-007
    -27.1875    -16.2500       0.8294E-005
    -27.1875    -15.0000       0.6160E-004
    -27.1875    -13.7500       0.1843E-003
    -27.1875    -12.5000       0.3689E-003
    -27.1875    -11.2500       0.5762E-003
    -27.1875    -10.0000       0.7540E-003
    -27.1875     -8.7500       0.8601E-003
    -27.1875     -7.5000       0.8778E-003
    -27.1875     -6.2500       0.7957E-003
    -27.1875     -5.0000       0.6344E-003
    -27.1875     -3.7500       0.4296E-003
    -27.1875     -2.5000       0.2204E-003
    -27.1875     -1.2500       0.5713E-004
    -27.1875      0.0000       0.9370E-005
    -27.1875      1.2500       0.1095E-003
    -27.1875      2.5000       0.3237E-003
    -27.1875      3.7500       0.5852E-003
    -27.1875      5.0000       0.8387E-003
    -27.1875      6.2500       0.1040E-002
    -27.1875      7.5000       0.1138E-002
    -27.1875      8.7500       0.1109E-002
    -27.1875     10.0000       0.9710E-003
    -27.1875     11.2500       0.7487E-003
    -27.1875     12.5000       0.4882E-003
    -27.1875     13.7500       0.2493E-003
    -27.1875     15.0000       0.8431E-004
    -27.1875     16.2500       0.1134E-004
    -27.1875     17.5000       0.1225E-006
    -27.1875     18.7500       0.2834E-011

    -26.2500    -20.0000       0.1677E-010
    -26.2500    -18.7500       0.1100E-011
    -26.2500    -17.5000       0.1711E-006
    -26.2500    -16.2500       0.1545E-004
    -26.2500    -15.0000       0.1144E-003
    -26.2500    -13.7500       0.3305E-003
    -26.2500    -12.5000       0.6258E-003
    -26.2500    -11.2500       0.9313E-003
    -26.2500    -10.0000       0.1188E-002
    -26.2500     -8.7500       0.1357E-002
    -26.2500     -7.5000       0.1407E-002
    -26.2500     -6.2500       0.1313E-002
    -26.2500     -5.0000       0.1101E-002
    -26.2500     -3.7500       0.8273E-003
    -26.2500     -2.5000       0.5438E-003
    -26.2500     -1.2500       0.2973E-003
    -26.2500      0.0000       0.1431E-003
    -26.2500      1.2500       0.1084E-003
    -26.2500      2.5000       0.1682E-003
    -26.2500      3.7500       0.2654E-003
    -26.2500      5.0000       0.3587E-003
    -26.2500      6.2500       0.4294E-003
    -26.2500      7.5000       0.4636E-003
    -26.2500      8.7500       0.4543E-003
    -26.2500     10.0000       0.4013E-003
    -26.2500     11.2500       0.3063E-003
    -26.2500     12.5000       0.1931E-003
    -26.2500     13.7500       0.9517E-004
    -26.2500     15.0000       0.3200E-004
    -26.2500     16.2500       0.4446E-005
    -26.2500     17.5000       0.5133E-007
    -26.2500     18.7500       0.3337E-011

    -25.3125    -20.0000       0.3280E-010
    -25.3125    -18.7500       0.1311E-011
    -25.3125    -17.5000       0.1999E-006
    -25.3125    -16.2500       0.1802E-004
    -25.3125    -15.0000       0.1312E-003
    -25.3125    -13.7500       0.3630E-003
    -25.3125    -12.5000       0.6470E-003
    -25.3125    -11.2500       0.9090E-003
    -25.3125    -10.0000       0.1119E-002
    -25.3125     -8.7500       0.1271E-002
    -25.3125     -7.5000       0.1353E-002
    -25.3125     -6.2500       0.1333E-002
    -25.3125     -5.0000       0.1224E-002
    -25.3125     -3.7500       0.1065E-002
    -25.3125     -2.5000       0.8925E-003
    -25.3125     -1.2500       0.7276E-003
    -25.3125      0.0000       0.5835E-003
    -25.3125      1.2500       0.4658E-003
    -25.3125      2.5000       0.3722E-003
    -25.3125      3.7500       0.2854E-003
    -25.3125      5.0000       0.1940E-003
    -25.3125      6.2500       0.1055E-003
    -25.3125      7.5000       0.4277E-004
    -25.3125      8.7500       0.1875E-004
    -25.3125     10.0000       0.2602E-004
    -25.3125     11.2500       0.4158E-004
    -25.3125     12.5000       0.4664E-004
    -25.3125     13.7500       0.3652E-004
    -25.3125     15.0000       0.1689E-004
    -25.3125     16.2500       0.2752E-005
    -25.3125     17.5000       0.3590E-007
    -25.3125     18.7500       0.2932E-011

    -24.3750    -20.0000       0.4830E-010
    -24.3750    -18.7500       0.1187E-011
    -24.3750    -17.5000       0.1536E-006
    -24.3750    -16.2500       0.1373E-004
    -24.3750    -15.0000       0.9702E-004
    -24.3750    -13.7500       0.2530E-003
    -24.3750    -12.5000       0.4135E-003
    -24.3750    -11.2500       0.5291E-003
    -24.3750    -10.0000       0.6062E-003
    -24.3750     -8.7500       0.6800E-003
    -24.3750     -7.5000       0.7623E-003
    -24.3750     -6.2500       0.8364E-003
    -24.3750     -5.0000       0.8932E-003
    -24.3750     -3.7500       0.9317E-003
    -24.3750     -2.5000       0.9569E-003
    -24.3750     -1.2500       0.9657E-003
    -24.3750      0.0000       0.9386E-003
    -24.3750      1.2500       0.8636E-003
    -24.3750      2.5000       0.7540E-003
    -24.3750      3.7500       0.6276E-003
    -24.3750      5.0000       0.4914E-003
    -24.3750      6.2500       0.3574E-003
    -24.3750      7.5000       0.2508E-003
    -24.3750      8.7500       0.1909E-003
    -24.3750     10.0000       0.1797E-003
    -24.3750     11.2500       0.1905E-003
    -24.3750     12.5000       0.1792E-003
    -24.3750     13.7500       0.1256E-003
    -24.3750     15.0000       0.5243E-004
    -24.3750     16.2500       0.7768E-005
    -24.3750     17.5000       0.8990E-007
    -24.3750     18.7500       0.1712E-011

    -23.4375    -20.0000       0.4746E-010
    -23.4375    -18.7500       0.1270E-011
    -23.4375    -17.5000       0.7329E-007
    -23.4375    -16.2500       0.6379E-005
    -23.4375    -15.0000       0.4226E-004
    -23.4375    -13.7500       0.9813E-004
    -23.4375    -12.5000       0.1327E-003
    -23.4375    -11.2500       0.1286E-003
    -23.4375    -10.0000       0.1061E-003
    -23.4375     -8.7500       0.1070E-003
    -23.4375     -7.5000       0.1595E-003
    -23.4375     -6.2500       0.2647E-003
    -23.4375     -5.0000       0.4027E-003
    -23.4375     -3.7500       0.5457E-003
    -23.4375     -2.5000       0.6798E-003
    -23.4375     -1.2500       0.8003E-003
    -23.4375      0.0000       0.8935E-003
    -23.4375      1.2500       0.9486E-003
    -23.4375      2.5000       0.9743E-003
    -23.4375      3.7500       0.9872E-003
    -23.4375      5.0000       0.9859E-003
    -23.4375      6.2500       0.9602E-003
    -23.4375      7.5000       0.9019E-003
    -23.4375      8.7500       0.8171E-003
    -23.4375     10.0000       0.7252E-003
    -23.4375     11.2500       0.6202E-003
    -23.4375     12.5000       0.4728E-003
    -23.4375     13.7500       0.2831E-003
    -23.4375     15.0000       0.1070E-003
    -23.4375     16.2500       0.1503E-004
    -23.4375     17.5000       0.1653E-006
    -23.4375     18.7500       0.4557E-012

    -22.5000    -20.0000       0.3120E-010
    -22.5000    -18.7500       0.2032E-011
    -22.5000    -17.5000       0.3041E-007
    -22.5000    -16.2500       0.2511E-005
    -22.5000    -15.0000       0.1559E-004
    -22.5000    -13.7500       0.3613E-004
    -22.5000    -12.5000       0.5432E-004
    -22.5000    -11.2500       0.6410E-004
    -22.5000    -10.0000       0.6351E-004
    -22.5000     -8.7500       0.6280E-004
    -22.5000     -7.5000       0.8138E-004
    -22.5000     -6.2500       0.1264E-003
    -22.5000     -5.0000       0.1884E-003
    -22.5000     -3.7500       0.2499E-003
    -22.5000     -2.5000       0.3073E-003
    -22.5000     -1.2500       0.3782E-003
    -22.5000      0.0000       0.4881E-003
    -22.5000      1.2500       0.6454E-003
    -22.5000      2.5000       0.8375E-003
    -22.5000      3.7500       0.1045E-002
    -22.5000      5.0000       0.1238E-002
    -22.5000      6.2500       0.1378E-002
    -22.5000      7.5000       0.1417E-002
    -22.5000      8.7500       0.1340E-002
    -22.5000     10.0000       0.1177E-002
    -22.5000     11.2500       0.9485E-003
    -22.5000     12.5000       0.6663E-003
    -22.5000     13.7500       0.3691E-003
    -22.5000     15.0000       0.1321E-003
    -22.5000     16.2500       0.1809E-004
    -22.5000     17.5000       0.1952E-006
    -22.5000     18.7500       0.6343E-014

    -21.5625    -20.0000       0.1632E-010
    -21.5625    -18.7500       0.3327E-011
    -21.5625    -17.5000       0.6304E-007
    -21.5625    -16.2500       0.5562E-005
    -21.5625    -15.0000       0.4073E-004
    -21.5625    -13.7500       0.1222E-003
    -21.5625    -12.5000       0.2482E-003
    -21.5625    -11.2500       0.3930E-003
    -21.5625    -10.0000       0.5165E-003
    -21.5625     -8.7500       0.5869E-003
    -21.5625     -7.5000       0.5978E-003
    -21.5625     -6.2500       0.5450E-003
    -21.5625     -5.0000       0.4415E-003
    -21.5625     -3.7500       0.3076E-003
    -21.5625     -2.5000       0.1705E-003
    -21.5625     -1.2500       0.7423E-004
    -21.5625      0.0000       0.8228E-004
    -21.5625      1.2500       0.2230E-003
    -21.5625      2.5000       0.4651E-003
    -21.5625      3.7500       0.7499E-003
    -21.5625      5.0000       0.1024E-002
    -21.5625      6.2500       0.1240E-002
    -21.5625      7.5000       0.1339E-002
    -21.5625      8.7500       0.1296E-002
    -21.5625     10.0000       0.1135E-002
    -21.5625     11.2500       0.8842E-003
    -21.5625     12.5000       0.5880E-003
    -21.5625     13.7500       0.3072E-003
    -21.5625     15.0000       0.1055E-003
    -21.5625     16.2500       0.1422E-004
    -21.5625     17.5000       0.1529E-006
    -21.5625     18.7500       0.5884E-012

    -20.6250    -20.0000       0.1998E-010
    -20.6250    -18.7500       0.4385E-011
    -20.6250    -17.5000       0.1422E-006
    -20.6250    -16.2500       0.1282E-004
    -20.6250    -15.0000       0.9532E-004
    -20.6250    -13.7500       0.2797E-003
    -20.6250    -12.5000       0.5416E-003
    -20.6250    -11.2500       0.8224E-003
    -20.6250    -10.0000       0.1061E-002
    -20.6250     -8.7500       0.1212E-002
    -20.6250     -7.5000       0.1248E-002
    -20.6250     -6.2500       0.1147E-002
    -20.6250     -5.0000       0.9363E-003
    -20.6250     -3.7500       0.6674E-003
    -20.6250     -2.5000       0.3913E-003
    -20.6250     -1.2500       0.1592E-003
    -20.6250      0.0000       0.3723E-004
    -20.6250      1.2500       0.5705E-004
    -20.6250      2.5000       0.1878E-003
    -20.6250      3.7500       0.3635E-003
    -20.6250      5.0000       0.5342E-003
    -20.6250      6.2500       0.6690E-003
    -20.6250      7.5000       0.7373E-003
    -20.6250      8.7500       0.7241E-003
    -20.6250     10.0000       0.6354E-003
    -20.6250     11.2500       0.4843E-003
    -20.6250     12.5000       0.3074E-003
    -20.6250     13.7500       0.1523E-003
    -20.6250     15.0000       0.5070E-004
    -20.6250     16.2500       0.6868E-005
    -20.6250     17.5000       0.7599E-007
    -20.6250     18.7500       0.1648E-011

    -19.6875    -20.0000       0.4355E-010
    -19.6875    -18.7500       0.4415E-011
    -19.6875    -17.5000       0.1975E-006
    -19.6875    -16.2500       0.1783E-004
    -19.6875    -15.0000       0.1308E-003
    -19.6875    -13.7500       0.3687E-003
    -19.6875    -12.5000       0.6740E-003
    -19.6875    -11.2500       0.9709E-003
    -19.6875    -10.0000       0.1214E-002
    -19.6875     -8.7500       0.1384E-002
    -19.6875     -7.5000       0.1455E-002
    -19.6875     -6.2500       0.1398E-002
    -19.6875     -5.0000       0.1233E-002
    -19.6875     -3.7500       0.1009E-002
    -19.6875     -2.5000       0.7731E-003
    -19.6875     -1.2500       0.5574E-003
    -19.6875      0.0000       0.3931E-003
    -19.6875      1.2500       0.2955E-003
    -19.6875      2.5000       0.2526E-003
    -19.6875      3.7500       0.2296E-003
    -19.6875      5.0000       0.2030E-003
    -19.6875      6.2500       0.1714E-003
    -19.6875      7.5000       0.1456E-003
    -19.6875      8.7500       0.1315E-003
    -19.6875     10.0000       0.1224E-003
    -19.6875     11.2500       0.1037E-003
    -19.6875     12.5000       0.7373E-004
    -19.6875     13.7500       0.4217E-004
    -19.6875     15.0000       0.1653E-004
    -19.6875     16.2500       0.2562E-005
    -19.6875     17.5000       0.3292E-007
    -19.6875     18.7500       0.2354E-011

    -18.7500    -20.0000       0.7029E-010
    -18.7500    -18.7500       0.3276E-011
    -18.7500    -17.5000       0.1798E-006
    -18.7500    -16.2500       0.1615E-004
    -18.7500    -15.0000       0.1157E-003
    -18.7500    -13.7500       0.3101E-003
    -18.7500    -12.5000       0.5278E-003
    -18.7500    -11.2500       0.7069E-003
    -18.7500    -10.0000       0.8402E-003
    -18.7500     -8.7500       0.9495E-003
    -18.7500     -7.5000       0.1036E-002
    -18.7500     -6.2500       0.1076E-002
    -18.7500     -5.0000       0.1068E-002
    -18.7500     -3.7500       0.1029E-002
    -18.7500     -2.5000       0.9765E-003
    -18.7500     -1.2500       0.9144E-003
    -18.7500      0.0000       0.8330E-003
    -18.7500      1.2500       0.7258E-003
    -18.7500      2.5000       0.6017E-003
    -18.7500      3.7500       0.4676E-003
    -18.7500      5.0000       0.3260E-003
    -18.7500      6.2500       0.1906E-003
    -18.7500      7.5000       0.9091E-004
    -18.7500      8.7500       0.4595E-004
    -18.7500     10.0000       0.5227E-004
    -18.7500     11.2500       0.8130E-004
    -18.7500     12.5000       0.9493E-004
    -18.7500     13.7500       0.7469E-004
    -18.7500     15.0000       0.3332E-004
    -18.7500     16.2500       0.5134E-005
    -18.7500     17.5000       0.6192E-007
    -18.7500     18.7500       0.2313E-011

    -17.8125    -20.0000       0.7923E-010
    -17.8125    -18.7500       0.1621E-011
    -17.8125    -17.5000       0.1048E-006
    -17.8125    -16.2500       0.9259E-005
    -17.8125    -15.0000       0.6341E-004
    -17.8125    -13.7500       0.1560E-003
    -17.8125    -12.5000       0.2327E-003
    -17.8125    -11.2500       0.2645E-003
    -17.8125    -10.0000       0.2703E-003
    -17.8125     -8.7500       0.2945E-003
    -17.8125     -7.5000       0.3612E-003
    -17.8125     -6.2500       0.4653E-003
    -17.8125     -5.0000       0.5886E-003
    -17.8125     -3.7500       0.7103E-003
    -17.8125     -2.5000       0.8211E-003
    -17.8125     -1.2500       0.9135E-003
    -17.8125      0.0000       0.9663E-003
    -17.8125      1.2500       0.9655E-003
    -17.8125      2.5000       0.9245E-003
    -17.8125      3.7500       0.8654E-003
    -17.8125      5.0000       0.7934E-003
    -17.8125      6.2500       0.7095E-003
    -17.8125      7.5000       0.6220E-003
    -17.8125      8.7500       0.5438E-003
    -17.8125     10.0000       0.4877E-003
    -17.8125     11.2500       0.4371E-003
    -17.8125     12.5000       0.3522E-003
    -17.8125     13.7500       0.2210E-003
    -17.8125     15.0000       0.8614E-004
    -17.8125     16.2500       0.1230E-004
    -17.8125     17.5000       0.1372E-006
    -17.8125     18.7500       0.1856E-011

    -16.8750    -20.0000       0.6316E-010
    -16.8750    -18.7500       0.4015E-012
    -16.8750    -17.5000       0.3921E-007
    -16.8750    -16.2500       0.3292E-005
    -16.8750    -15.0000       0.2038E-004
    -16.8750    -13.7500       0.4328E-004
    -16.8750    -12.5000       0.5106E-004
    -16.8750    -11.2500       0.3691E-004
    -16.8750    -10.0000       0.1145E-004
    -16.8750     -8.7500       0.9581E-006
    -16.8750     -7.5000       0.3137E-004
    -16.8750     -6.2500       0.1095E-003
    -16.8750     -5.0000       0.2195E-003
    -16.8750     -3.7500       0.3350E-003
    -16.8750     -2.5000       0.4447E-003
    -16.8750     -1.2500       0.5554E-003
    -16.8750      0.0000       0.6748E-003
    -16.8750      1.2500       0.8021E-003
    -16.8750      2.5000       0.9345E-003
    -16.8750      3.7500       0.1069E-002
    -16.8750      5.0000       0.1189E-002
    -16.8750      6.2500       0.1266E-002
    -16.8750      7.5000       0.1265E-002
    -16.8750      8.7500       0.1181E-002
    -16.8750     10.0000       0.1041E-002
    -16.8750     11.2500       0.8542E-003
    -16.8750     12.5000       0.6165E-003
    -16.8750     13.7500       0.3509E-003
    -16.8750     15.0000       0.1280E-003
    -16.8750     16.2500       0.1768E-004
    -16.8750     17.5000       0.1919E-006
    -16.8750     18.7500       0.1686E-011

    -15.9375    -20.0000       0.3484E-010
    -15.9375    -18.7500       0.1528E-012
    -15.9375    -17.5000       0.4126E-007
    -15.9375    -16.2500       0.3550E-005
    -15.9375    -15.0000       0.2490E-004
    -15.9375    -13.7500       0.7224E-004
    -15.9375    -12.5000       0.1445E-003
    -15.9375    -11.2500       0.2271E-003
    -15.9375    -10.0000       0.2947E-003
    -15.9375     -8.7500       0.3310E-003
    -15.9375     -7.5000       0.3406E-003
    -15.9375     -6.2500       0.3257E-003
    -15.9375     -5.0000       0.2900E-003
    -15.9375     -3.7500       0.2374E-003
    -15.9375     -2.5000       0.1817E-003
    -15.9375     -1.2500       0.1580E-003
    -15.9375      0.0000       0.2170E-003
    -15.9375      1.2500       0.3804E-003
    -15.9375      2.5000       0.6228E-003
    -15.9375      3.7500       0.8989E-003
    -15.9375      5.0000       0.1162E-002
    -15.9375      6.2500       0.1366E-002
    -15.9375      7.5000       0.1450E-002
    -15.9375      8.7500       0.1392E-002
    -15.9375     10.0000       0.1220E-002
    -15.9375     11.2500       0.9623E-003
    -15.9375     12.5000       0.6533E-003
    -15.9375     13.7500       0.3491E-003
    -15.9375     15.0000       0.1218E-003
    -15.9375     16.2500       0.1651E-004
    -15.9375     17.5000       0.1774E-006
    -15.9375     18.7500       0.2176E-011

    -15.0000    -20.0000       0.1606E-010
    -15.0000    -18.7500       0.6424E-012
    -15.0000    -17.5000       0.1092E-006
    -15.0000    -16.2500       0.9803E-005
    -15.0000    -15.0000       0.7295E-004
    -15.0000    -13.7500       0.2171E-003
    -15.0000    -12.5000       0.4299E-003
    -15.0000    -11.2500       0.6655E-003
    -15.0000    -10.0000       0.8673E-003
    -15.0000     -8.7500       0.9901E-003
    -15.0000     -7.5000       0.1013E-002
    -15.0000     -6.2500       0.9209E-003
    -15.0000     -5.0000       0.7372E-003
    -15.0000     -3.7500       0.5044E-003
    -15.0000     -2.5000       0.2664E-003
    -15.0000     -1.2500       0.7480E-004
    -15.0000      0.0000       0.3269E-010
    -15.0000      1.2500       0.7500E-004
    -15.0000      2.5000       0.2660E-003
    -15.0000      3.7500       0.5049E-003
    -15.0000      5.0000       0.7368E-003
    -15.0000      6.2500       0.9213E-003
    -15.0000      7.5000       0.1013E-002
    -15.0000      8.7500       0.9903E-003
    -15.0000     10.0000       0.8672E-003
    -15.0000     11.2500       0.6655E-003
    -15.0000     12.5000       0.4298E-003
    -15.0000     13.7500       0.2171E-003
    -15.0000     15.0000       0.7293E-004
    -15.0000     16.2500       0.9813E-005
    -15.0000     17.5000       0.1065E-006
    -15.0000     18.7500       0.2985E-011

    -14.0625    -20.0000       0.1903E-010
    -14.0625    -18.7500       0.1180E-011
    -14.0625    -17.5000       0.1826E-006
    -14.0625    -16.2500       0.1649E-004
    -14.0625    -15.0000       0.1218E-003
    -14.0625    -13.7500       0.3490E-003
    -14.0625    -12.5000       0.6533E-003
    -14.0625    -11.2500       0.9622E-003
    -14.0625    -10.0000       0.1220E-002
    -14.0625     -8.7500       0.1392E-002
    -14.0625     -7.5000       0.1450E-002
    -14.0625     -6.2500       0.1366E-002
    -14.0625     -5.0000       0.1163E-002
    -14.0625     -3.7500       0.8984E-003
    -14.0625     -2.5000       0.6232E-003
    -14.0625     -1.2500       0.3801E-003
    -14.0625      0.0000       0.2172E-003
    -14.0625      1.2500       0.1580E-003
    -14.0625      2.5000       0.1816E-003
    -14.0625      3.7500       0.2375E-003
    -14.0625      5.0000       0.2899E-003
    -14.0625      6.2500       0.3259E-003
    -14.0625      7.5000       0.3405E-003
    -14.0625      8.7500       0.3311E-003
    -14.0625     10.0000       0.2946E-003
    -14.0625     11.2500       0.2272E-003
    -14.0625     12.5000       0.1445E-003
    -14.0625     13.7500       0.7226E-004
    -14.0625     15.0000       0.2489E-004
    -14.0625     16.2500       0.3550E-005
    -14.0625     17.5000       0.4238E-007
    -14.0625     18.7500       0.3338E-011

    -13.1250    -20.0000       0.3660E-010
    -13.1250    -18.7500       0.1300E-011
    -13.1250    -17.5000       0.1962E-006
    -13.1250    -16.2500       0.1767E-004
    -13.1250    -15.0000       0.1281E-003
    -13.1250    -13.7500       0.3509E-003
    -13.1250    -12.5000       0.6166E-003
    -13.1250    -11.2500       0.8542E-003
    -13.1250    -10.0000       0.1041E-002
    -13.1250     -8.7500       0.1181E-002
    -13.1250     -7.5000       0.1266E-002
    -13.1250     -6.2500       0.1266E-002
    -13.1250     -5.0000       0.1190E-002
    -13.1250     -3.7500       0.1069E-002
    -13.1250     -2.5000       0.9348E-003
    -13.1250     -1.2500       0.8019E-003
    -13.1250      0.0000       0.6749E-003
    -13.1250      1.2500       0.5553E-003
    -13.1250      2.5000       0.4448E-003
    -13.1250      3.7500       0.3349E-003
    -13.1250      5.0000       0.2196E-003
    -13.1250      6.2500       0.1095E-003
    -13.1250      7.5000       0.3138E-004
    -13.1250      8.7500       0.9579E-006
    -13.1250     10.0000       0.1144E-004
    -13.1250     11.2500       0.3693E-004
    -13.1250     12.5000       0.5105E-004
    -13.1250     13.7500       0.4328E-004
    -13.1250     15.0000       0.2038E-004
    -13.1250     16.2500       0.3287E-005
    -13.1250     17.5000       0.4192E-007
    -13.1250     18.7500       0.2735E-011

    -12.1875    -20.0000       0.4970E-010
    -12.1875    -18.7500       0.1166E-011
    -12.1875    -17.5000       0.1380E-006
    -12.1875    -16.2500       0.1230E-004
    -12.1875    -15.0000       0.8614E-004
    -12.1875    -13.7500       0.2209E-003
    -12.1875    -12.5000       0.3522E-003
    -12.1875    -11.2500       0.4371E-003
    -12.1875    -10.0000       0.4877E-003
    -12.1875     -8.7500       0.5438E-003
    -12.1875     -7.5000       0.6220E-003
    -12.1875     -6.2500       0.7095E-003
    -12.1875     -5.0000       0.7934E-003
    -12.1875     -3.7500       0.8653E-003
    -12.1875     -2.5000       0.9245E-003
    -12.1875     -1.2500       0.9655E-003
    -12.1875      0.0000       0.9663E-003
    -12.1875      1.2500       0.9135E-003
    -12.1875      2.5000       0.8212E-003
    -12.1875      3.7500       0.7103E-003
    -12.1875      5.0000       0.5886E-003
    -12.1875      6.2500       0.4653E-003
    -12.1875      7.5000       0.3612E-003
    -12.1875      8.7500       0.2944E-003
    -12.1875     10.0000       0.2703E-003
    -12.1875     11.2500       0.2645E-003
    -12.1875     12.5000       0.2327E-003
    -12.1875     13.7500       0.1560E-003
    -12.1875     15.0000       0.6341E-004
    -12.1875     16.2500       0.9257E-005
    -12.1875     17.5000       0.1056E-006
    -12.1875     18.7500       0.1433E-011

    -11.2500    -20.0000       0.4507E-010
    -11.2500    -18.7500       0.1362E-011
    -11.2500    -17.5000       0.5966E-007
    -11.2500    -16.2500       0.5139E-005
    -11.2500    -15.0000       0.3331E-004
    -11.2500    -13.7500       0.7469E-004
    -11.2500    -12.5000       0.9493E-004
    -11.2500    -11.2500       0.8130E-004
    -11.2500    -10.0000       0.5227E-004
    -11.2500     -8.7500       0.4597E-004
    -11.2500     -7.5000       0.9087E-004
    -11.2500     -6.2500       0.1907E-003
    -11.2500     -5.0000       0.3259E-003
    -11.2500     -3.7500       0.4677E-003
    -11.2500     -2.5000       0.6016E-003
    -11.2500     -1.2500       0.7259E-003
    -11.2500      0.0000       0.8329E-003
    -11.2500      1.2500       0.9146E-003
    -11.2500      2.5000       0.9763E-003
    -11.2500      3.7500       0.1030E-002
    -11.2500      5.0000       0.1068E-002
    -11.2500      6.2500       0.1076E-002
    -11.2500      7.5000       0.1036E-002
    -11.2500      8.7500       0.9496E-003
    -11.2500     10.0000       0.8402E-003
    -11.2500     11.2500       0.7069E-003
    -11.2500     12.5000       0.5278E-003
    -11.2500     13.7500       0.3101E-003
    -11.2500     15.0000       0.1157E-003
    -11.2500     16.2500       0.1615E-004
    -11.2500     17.5000       0.1767E-006
    -11.2500     18.7500       0.2820E-012

    -10.3125    -20.0000       0.2745E-010
    -10.3125    -18.7500       0.2267E-011
    -10.3125    -17.5000       0.3084E-007
    -10.3125    -16.2500       0.2565E-005
    -10.3125    -15.0000       0.1653E-004
    -10.3125    -13.7500       0.4216E-004
    -10.3125    -12.5000       0.7376E-004
    -10.3125    -11.2500       0.1036E-003
    -10.3125    -10.0000       0.1224E-003
    -10.3125     -8.7500       0.1314E-003
    -10.3125     -7.5000       0.1457E-003
    -10.3125     -6.2500       0.1713E-003
    -10.3125     -5.0000       0.2031E-003
    -10.3125     -3.7500       0.2296E-003
    -10.3125     -2.5000       0.2526E-003
    -10.3125     -1.2500       0.2955E-003
    -10.3125      0.0000       0.3929E-003
    -10.3125      1.2500       0.5577E-003
    -10.3125      2.5000       0.7727E-003
    -10.3125      3.7500       0.1010E-002
    -10.3125      5.0000       0.1232E-002
    -10.3125      6.2500       0.1399E-002
    -10.3125      7.5000       0.1455E-002
    -10.3125      8.7500       0.1384E-002
    -10.3125     10.0000       0.1214E-002
    -10.3125     11.2500       0.9710E-003
    -10.3125     12.5000       0.6739E-003
    -10.3125     13.7500       0.3687E-003
    -10.3125     15.0000       0.1308E-003
    -10.3125     16.2500       0.1785E-004
    -10.3125     17.5000       0.1921E-006
    -10.3125     18.7500       0.4831E-013

     -9.3750    -20.0000       0.1522E-010
     -9.3750    -18.7500       0.3588E-011
     -9.3750    -17.5000       0.7716E-007
     -9.3750    -16.2500       0.6862E-005
     -9.3750    -15.0000       0.5072E-004
     -9.3750    -13.7500       0.1523E-003
     -9.3750    -12.5000       0.3075E-003
     -9.3750    -11.2500       0.4842E-003
     -9.3750    -10.0000       0.6356E-003
     -9.3750     -8.7500       0.7239E-003
     -9.3750     -7.5000       0.7376E-003
     -9.3750     -6.2500       0.6687E-003
     -9.3750     -5.0000       0.5345E-003
     -9.3750     -3.7500       0.3632E-003
     -9.3750     -2.5000       0.1881E-003
     -9.3750     -1.2500       0.5693E-004
     -9.3750      0.0000       0.3716E-004
     -9.3750      1.2500       0.1595E-003
     -9.3750      2.5000       0.3909E-003
     -9.3750      3.7500       0.6679E-003
     -9.3750      5.0000       0.9358E-003
     -9.3750      6.2500       0.1148E-002
     -9.3750      7.5000       0.1248E-002
     -9.3750      8.7500       0.1212E-002
     -9.3750     10.0000       0.1061E-002
     -9.3750     11.2500       0.8225E-003
     -9.3750     12.5000       0.5416E-003
     -9.3750     13.7500       0.2797E-003
     -9.3750     15.0000       0.9529E-004
     -9.3750     16.2500       0.1283E-004
     -9.3750     17.5000       0.1381E-006
     -9.3750     18.7500       0.7895E-012

     -8.4375    -20.0000       0.2342E-010
     -8.4375    -18.7500       0.4490E-011
     -8.4375    -17.5000       0.1575E-006
     -8.4375    -16.2500       0.1421E-004
     -8.4375    -15.0000       0.1055E-003
     -8.4375    -13.7500       0.3071E-003
     -8.4375    -12.5000       0.5881E-003
     -8.4375    -11.2500       0.8841E-003
     -8.4375    -10.0000       0.1135E-002
     -8.4375     -8.7500       0.1296E-002
     -8.4375     -7.5000       0.1339E-002
     -8.4375     -6.2500       0.1240E-002
     -8.4375     -5.0000       0.1025E-002
     -8.4375     -3.7500       0.7493E-003
     -8.4375     -2.5000       0.4655E-003
     -8.4375     -1.2500       0.2227E-003
     -8.4375      0.0000       0.8239E-004
     -8.4375      1.2500       0.7430E-004
     -8.4375      2.5000       0.1702E-003
     -8.4375      3.7500       0.3079E-003
     -8.4375      5.0000       0.4412E-003
     -8.4375      6.2500       0.5452E-003
     -8.4375      7.5000       0.5975E-003
     -8.4375      8.7500       0.5871E-003
     -8.4375     10.0000       0.5164E-003
     -8.4375     11.2500       0.3931E-003
     -8.4375     12.5000       0.2481E-003
     -8.4375     13.7500       0.1222E-003
     -8.4375     15.0000       0.4072E-004
     -8.4375     16.2500       0.5566E-005
     -8.4375     17.5000       0.6265E-007
     -8.4375     18.7500       0.1840E-011

     -7.5000    -20.0000       0.4938E-010
     -7.5000    -18.7500       0.4270E-011
     -7.5000    -17.5000       0.2003E-006
     -7.5000    -16.2500       0.1808E-004
     -7.5000    -15.0000       0.1321E-003
     -7.5000    -13.7500       0.3690E-003
     -7.5000    -12.5000       0.6664E-003
     -7.5000    -11.2500       0.9485E-003
     -7.5000    -10.0000       0.1177E-002
     -7.5000     -8.7500       0.1340E-002
     -7.5000     -7.5000       0.1417E-002
     -7.5000     -6.2500       0.1377E-002
     -7.5000     -5.0000       0.1238E-002
     -7.5000     -3.7500       0.1045E-002
     -7.5000     -2.5000       0.8379E-003
     -7.5000     -1.2500       0.6451E-003
     -7.5000      0.0000       0.4883E-003
     -7.5000      1.2500       0.3781E-003
     -7.5000      2.5000       0.3073E-003
     -7.5000      3.7500       0.2499E-003
     -7.5000      5.0000       0.1884E-003
     -7.5000      6.2500       0.1264E-003
     -7.5000      7.5000       0.8135E-004
     -7.5000      8.7500       0.6283E-004
     -7.5000     10.0000       0.6347E-004
     -7.5000     11.2500       0.6412E-004
     -7.5000     12.5000       0.5430E-004
     -7.5000     13.7500       0.3615E-004
     -7.5000     15.0000       0.1559E-004
     -7.5000     16.2500       0.2507E-005
     -7.5000     17.5000       0.3283E-007
     -7.5000     18.7500       0.2405E-011

     -6.5625    -20.0000       0.7403E-010
     -6.5625    -18.7500       0.2956E-011
     -6.5625    -17.5000       0.1677E-006
     -6.5625    -16.2500       0.1503E-004
     -6.5625    -15.0000       0.1070E-003
     -6.5625    -13.7500       0.2831E-003
     -6.5625    -12.5000       0.4728E-003
     -6.5625    -11.2500       0.6202E-003
     -6.5625    -10.0000       0.7253E-003
     -6.5625     -8.7500       0.8170E-003
     -6.5625     -7.5000       0.9020E-003
     -6.5625     -6.2500       0.9601E-003
     -6.5625     -5.0000       0.9860E-003
     -6.5625     -3.7500       0.9871E-003
     -6.5625     -2.5000       0.9744E-003
     -6.5625     -1.2500       0.9484E-003
     -6.5625      0.0000       0.8936E-003
     -6.5625      1.2500       0.8002E-003
     -6.5625      2.5000       0.6799E-003
     -6.5625      3.7500       0.5456E-003
     -6.5625      5.0000       0.4027E-003
     -6.5625      6.2500       0.2646E-003
     -6.5625      7.5000       0.1595E-003
     -6.5625      8.7500       0.1070E-003
     -6.5625     10.0000       0.1061E-003
     -6.5625     11.2500       0.1286E-003
     -6.5625     12.5000       0.1327E-003
     -6.5625     13.7500       0.9813E-004
     -6.5625     15.0000       0.4226E-004
     -6.5625     16.2500       0.6375E-005
     -6.5625     17.5000       0.7516E-007
     -6.5625     18.7500       0.2233E-011

     -5.6250    -20.0000       0.7788E-010
     -5.6250    -18.7500       0.1315E-011
     -5.6250    -17.5000       0.8853E-007
     -5.6250    -16.2500       0.7771E-005
     -5.6250    -15.0000       0.5242E-004
     -5.6250    -13.7500       0.1256E-003
     -5.6250    -12.5000       0.1792E-003
     -5.6250    -11.2500       0.1905E-003
     -5.6250    -10.0000       0.1797E-003
     -5.6250     -8.7500       0.1909E-003
     -5.6250     -7.5000       0.2508E-003
     -5.6250     -6.2500       0.3574E-003
     -5.6250     -5.0000       0.4914E-003
     -5.6250     -3.7500       0.6277E-003
     -5.6250     -2.5000       0.7540E-003
     -5.6250     -1.2500       0.8637E-003
     -5.6250      0.0000       0.9385E-003
     -5.6250      1.2500       0.9658E-003
     -5.6250      2.5000       0.9568E-003
     -5.6250      3.7500       0.9318E-003
     -5.6250      5.0000       0.8931E-003
     -5.6250      6.2500       0.8365E-003
     -5.6250      7.5000       0.7622E-003
     -5.6250      8.7500       0.6801E-003
     -5.6250     10.0000       0.6062E-003
     -5.6250     11.2500       0.5291E-003
     -5.6250     12.5000       0.4135E-003
     -5.6250     13.7500       0.2530E-003
     -5.6250     15.0000       0.9702E-004
     -5.6250     16.2500       0.1373E-004
     -5.6250     17.5000       0.1520E-006
     -5.6250     18.7500       0.1778E-011

     -4.6875    -20.0000       0.5779E-010
     -4.6875    -18.7500       0.2704E-012
     -4.6875    -17.5000       0.3321E-007
     -4.6875    -16.2500       0.2757E-005
     -4.6875    -15.0000       0.1689E-004
     -4.6875    -13.7500       0.3651E-004
     -4.6875    -12.5000       0.4665E-004
     -4.6875    -11.2500       0.4156E-004
     -4.6875    -10.0000       0.2604E-004
     -4.6875     -8.7500       0.1874E-004
     -4.6875     -7.5000       0.4277E-004
     -4.6875     -6.2500       0.1055E-003
     -4.6875     -5.0000       0.1940E-003
     -4.6875     -3.7500       0.2855E-003
     -4.6875     -2.5000       0.3721E-003
     -4.6875     -1.2500       0.4659E-003
     -4.6875      0.0000       0.5833E-003
     -4.6875      1.2500       0.7279E-003
     -4.6875      2.5000       0.8921E-003
     -4.6875      3.7500       0.1065E-002
     -4.6875      5.0000       0.1223E-002
     -4.6875      6.2500       0.1333E-002
     -4.6875      7.5000       0.1353E-002
     -4.6875      8.7500       0.1272E-002
     -4.6875     10.0000       0.1118E-002
     -4.6875     11.2500       0.9091E-003
     -4.6875     12.5000       0.6469E-003
     -4.6875     13.7500       0.3631E-003
     -4.6875     15.0000       0.1312E-003
     -4.6875     16.2500       0.1804E-004
     -4.6875     17.5000       0.1951E-006
     -4.6875     18.7500       0.1732E-011

     -3.7500    -20.0000       0.2969E-010
     -3.7500    -18.7500       0.2112E-012
     -3.7500    -17.5000       0.5089E-007
     -3.7500    -16.2500       0.4443E-005
     -3.7500    -15.0000       0.3201E-004
     -3.7500    -13.7500       0.9514E-004
     -3.7500    -12.5000       0.1931E-003
     -3.7500    -11.2500       0.3062E-003
     -3.7500    -10.0000       0.4014E-003
     -3.7500     -8.7500       0.4542E-003
     -3.7500     -7.5000       0.4637E-003
     -3.7500     -6.2500       0.4291E-003
     -3.7500     -5.0000       0.3590E-003
     -3.7500     -3.7500       0.2651E-003
     -3.7500     -2.5000       0.1683E-003
     -3.7500     -1.2500       0.1083E-003
     -3.7500      0.0000       0.1430E-003
     -3.7500      1.2500       0.2976E-003
     -3.7500      2.5000       0.5434E-003
     -3.7500      3.7500       0.8278E-003
     -3.7500      5.0000       0.1101E-002
     -3.7500      6.2500       0.1314E-002
     -3.7500      7.5000       0.1407E-002
     -3.7500      8.7500       0.1357E-002
     -3.7500     10.0000       0.1188E-002
     -3.7500     11.2500       0.9314E-003
     -3.7500     12.5000       0.6258E-003
     -3.7500     13.7500       0.3306E-003
     -3.7500     15.0000       0.1144E-003
     -3.7500     16.2500       0.1547E-004
     -3.7500     17.5000       0.1661E-006
     -3.7500     18.7500       0.2335E-011

     -2.8125    -20.0000       0.1486E-010
     -2.8125    -18.7500       0.7685E-012
     -2.8125    -17.5000       0.1259E-006
     -2.8125    -16.2500       0.1133E-004
     -2.8125    -15.0000       0.8434E-004
     -2.8125    -13.7500       0.2493E-003
     -2.8125    -12.5000       0.4882E-003
     -2.8125    -11.2500       0.7486E-003
     -2.8125    -10.0000       0.9711E-003
     -2.8125     -8.7500       0.1109E-002
     -2.8125     -7.5000       0.1138E-002
     -2.8125     -6.2500       0.1040E-002
     -2.8125     -5.0000       0.8392E-003
     -2.8125     -3.7500       0.5847E-003
     -2.8125     -2.5000       0.3241E-003
     -2.8125     -1.2500       0.1093E-003
     -2.8125      0.0000       0.9407E-005
     -2.8125      1.2500       0.5728E-004
     -2.8125      2.5000       0.2201E-003
     -2.8125      3.7500       0.4300E-003
     -2.8125      5.0000       0.6340E-003
     -2.8125      6.2500       0.7960E-003
     -2.8125      7.5000       0.8775E-003
     -2.8125      8.7500       0.8603E-003
     -2.8125     10.0000       0.7539E-003
     -2.8125     11.2500       0.5763E-003
     -2.8125     12.5000       0.3688E-003
     -2.8125     13.7500       0.1844E-003
     -2.8125     15.0000       0.6158E-004
     -2.8125     16.2500       0.8302E-005
     -2.8125     17.5000       0.9084E-007
     -2.8125     18.7500       0.3116E-011

     -1.8750    -20.0000       0.2192E-010
     -1.8750    -18.7500       0.1242E-011
     -1.8750    -17.5000       0.1915E-006
     -1.8750    -16.2500       0.1730E-004
     -1.8750    -15.0000       0.1273E-003
     -1.8750    -13.7500       0.3619E-003
     -1.8750    -12.5000       0.6696E-003
     -1.8750    -11.2500       0.9756E-003
     -1.8750    -10.0000       0.1229E-002
     -1.8750     -8.7500       0.1401E-002
     -1.8750     -7.5000       0.1467E-002
     -1.8750     -6.2500       0.1394E-002
     -1.8750     -5.0000       0.1207E-002
     -1.8750     -3.7500       0.9598E-003
     -1.8750     -2.5000       0.7006E-003
     -1.8750     -1.2500       0.4679E-003
     -1.8750      0.0000       0.3016E-003
     -1.8750      1.2500       0.2211E-003
     -1.8750      2.5000       0.2101E-003
     -1.8750      3.7500       0.2255E-003
     -1.8750      5.0000       0.2373E-003
     -1.8750      6.2500       0.2388E-003
     -1.8750      7.5000       0.2332E-003
     -1.8750      8.7500       0.2221E-003
     -1.8750     10.0000       0.2004E-003
     -1.8750     11.2500       0.1587E-003
     -1.8750     12.5000       0.1042E-003
     -1.8750     13.7500       0.5437E-004
     -1.8750     15.0000       0.1967E-004
     -1.8750     16.2500       0.2914E-005
     -1.8750     17.5000       0.3618E-007
     -1.8750     18.7500       0.3298E-011

     -0.9375    -20.0000       0.4021E-010
     -0.9375    -18.7500       0.1277E-011
     -0.9375    -17.5000       0.1894E-006
     -0.9375    -16.2500       0.1704E-004
     -0.9375    -15.0000       0.1228E-003
     -0.9375    -13.7500       0.3330E-003
     -0.9375    -12.5000       0.5763E-003
     -0.9375    -11.2500       0.7859E-003
     -0.9375    -10.0000       0.9467E-003
     -0.9375     -8.7500       0.1072E-002
     -0.9375     -7.5000       0.1159E-002
     -0.9375     -6.2500       0.1179E-002
     -0.9375     -5.0000       0.1137E-002
     -0.9375     -3.7500       0.1057E-002
     -0.9375     -2.5000       0.9632E-003
     -0.9375     -1.2500       0.8649E-003
     -0.9375      0.0000       0.7592E-003
     -0.9375      1.2500       0.6431E-003
     -0.9375      2.5000       0.5223E-003
     -0.9375      3.7500       0.3964E-003
     -0.9375      5.0000       0.2641E-003
     -0.9375      6.2500       0.1382E-003
     -0.9375      7.5000       0.4764E-004
     -0.9375      8.7500       0.1014E-004
     -0.9375     10.0000       0.2031E-004
     -0.9375     11.2500       0.5034E-004
     -0.9375     12.5000       0.6735E-004
     -0.9375     13.7500       0.5617E-004
     -0.9375     15.0000       0.2593E-004
     -0.9375     16.2500       0.4091E-005
     -0.9375     17.5000       0.5072E-007
     -0.9375     18.7500       0.2509E-011

      0.0000    -20.0000       0.5033E-010
      0.0000    -18.7500       0.1159E-011
      0.0000    -17.5000       0.1215E-006
      0.0000    -16.2500       0.1079E-004
      0.0000    -15.0000       0.7479E-004
      0.0000    -13.7500       0.1882E-003
      0.0000    -12.5000       0.2911E-003
      0.0000    -11.2500       0.3477E-003
      0.0000    -10.0000       0.3743E-003
      0.0000     -8.7500       0.4136E-003
      0.0000     -7.5000       0.4866E-003
      0.0000     -6.2500       0.5842E-003
      0.0000     -5.0000       0.6906E-003
      0.0000     -3.7500       0.7906E-003
      0.0000     -2.5000       0.8787E-003
      0.0000     -1.2500       0.9479E-003
      0.0000      0.0000       0.9756E-003
      0.0000      1.2500       0.9479E-003
      0.0000      2.5000       0.8787E-003
      0.0000      3.7500       0.7906E-003
      0.0000      5.0000       0.6906E-003
      0.0000      6.2500       0.5842E-003
      0.0000      7.5000       0.4866E-003
      0.0000      8.7500       0.4136E-003
      0.0000     10.0000       0.3743E-003
      0.0000     11.2500       0.3477E-003
      0.0000     12.5000       0.2911E-003
      0.0000     13.7500       0.1882E-003
      0.0000     15.0000       0.7479E-004
      0.0000     16.2500       0.1079E-004
      0.0000     17.5000       0.1215E-006
      0.0000     18.7500       0.1160E-011

      0.9375    -20.0000       0.4210E-010
      0.9375    -18.7500       0.1484E-011
      0.9375    -17.5000       0.4816E-007
      0.9375    -16.2500       0.4096E-005
      0.9375    -15.0000       0.2593E-004
      0.9375    -13.7500       0.5617E-004
      0.9375    -12.5000       0.6736E-004
      0.9375    -11.2500       0.5033E-004
      0.9375    -10.0000       0.2031E-004
      0.9375     -8.7500       0.1015E-004
      0.9375     -7.5000       0.4761E-004
      0.9375     -6.2500       0.1383E-003
      0.9375     -5.0000       0.2641E-003
      0.9375     -3.7500       0.3965E-003
      0.9375     -2.5000       0.5222E-003
      0.9375     -1.2500       0.6432E-003
      0.9375      0.0000       0.7590E-003
      0.9375      1.2500       0.8651E-003
      0.9375      2.5000       0.9629E-003
      0.9375      3.7500       0.1057E-002
      0.9375      5.0000       0.1137E-002
      0.9375      6.2500       0.1179E-002
      0.9375      7.5000       0.1158E-002
      0.9375      8.7500       0.1073E-002
      0.9375     10.0000       0.9467E-003
      0.9375     11.2500       0.7859E-003
      0.9375     12.5000       0.5763E-003
      0.9375     13.7500       0.3330E-003
      0.9375     15.0000       0.1228E-003
      0.9375     16.2500       0.1705E-004
      0.9375     17.5000       0.1857E-006
      0.9375     18.7500       0.1475E-012

      1.8750    -20.0000       0.2392E-010
      1.8750    -18.7500       0.2520E-011
      1.8750    -17.5000       0.3452E-007
      1.8750    -16.2500       0.2916E-005
      1.8750    -15.0000       0.1968E-004
      1.8750    -13.7500       0.5435E-004
      1.8750    -12.5000       0.1042E-003
      1.8750    -11.2500       0.1587E-003
      1.8750    -10.0000       0.2005E-003
      1.8750     -8.7500       0.2220E-003
      1.8750     -7.5000       0.2333E-003
      1.8750     -6.2500       0.2386E-003
      1.8750     -5.0000       0.2374E-003
      1.8750     -3.7500       0.2253E-003
      1.8750     -2.5000       0.2102E-003
      1.8750     -1.2500       0.2212E-003
      1.8750      0.0000       0.3014E-003
      1.8750      1.2500       0.4682E-003
      1.8750      2.5000       0.7002E-003
      1.8750      3.7500       0.9602E-003
      1.8750      5.0000       0.1207E-002
      1.8750      6.2500       0.1395E-002
      1.8750      7.5000       0.1466E-002
      1.8750      8.7500       0.1401E-002
      1.8750     10.0000       0.1229E-002
      1.8750     11.2500       0.9756E-003
      1.8750     12.5000       0.6695E-003
      1.8750     13.7500       0.3619E-003
      1.8750     15.0000       0.1273E-003
      1.8750     16.2500       0.1731E-004
      1.8750     17.5000       0.1861E-006
      1.8750     18.7500       0.1319E-012

      2.8125    -20.0000       0.1501E-010
      2.8125    -18.7500       0.3831E-011
      2.8125    -17.5000       0.9275E-007
      2.8125    -16.2500       0.8294E-005
      2.8125    -15.0000       0.6160E-004
      2.8125    -13.7500       0.1843E-003
      2.8125    -12.5000       0.3689E-003
      2.8125    -11.2500       0.5762E-003
      2.8125    -10.0000       0.7540E-003
      2.8125     -8.7500       0.8601E-003
      2.8125     -7.5000       0.8778E-003
      2.8125     -6.2500       0.7957E-003
      2.8125     -5.0000       0.6344E-003
      2.8125     -3.7500       0.4296E-003
      2.8125     -2.5000       0.2204E-003
      2.8125     -1.2500       0.5713E-004
      2.8125      0.0000       0.9370E-005
      2.8125      1.2500       0.1095E-003
      2.8125      2.5000       0.3237E-003
      2.8125      3.7500       0.5852E-003
      2.8125      5.0000       0.8387E-003
      2.8125      6.2500       0.1040E-002
      2.8125      7.5000       0.1138E-002
      2.8125      8.7500       0.1109E-002
      2.8125     10.0000       0.9710E-003
      2.8125     11.2500       0.7487E-003
      2.8125     12.5000       0.4882E-003
      2.8125     13.7500       0.2493E-003
      2.8125     15.0000       0.8431E-004
      2.8125     16.2500       0.1134E-004
      2.8125     17.5000       0.1225E-006
      2.8125     18.7500       0.1003E-011

      3.7500    -20.0000       0.2764E-010
      3.7500    -18.7500       0.4548E-011
      3.7500    -17.5000       0.1711E-006
      3.7500    -16.2500       0.1545E-004
      3.7500    -15.0000       0.1144E-003
      3.7500    -13.7500       0.3305E-003
      3.7500    -12.5000       0.6258E-003
      3.7500    -11.2500       0.9313E-003
      3.7500    -10.0000       0.1188E-002
      3.7500     -8.7500       0.1357E-002
      3.7500     -7.5000       0.1407E-002
      3.7500     -6.2500       0.1313E-002
      3.7500     -5.0000       0.1101E-002
      3.7500     -3.7500       0.8273E-003
      3.7500     -2.5000       0.5438E-003
      3.7500     -1.2500       0.2973E-003
      3.7500      0.0000       0.1431E-003
      3.7500      1.2500       0.1084E-003
      3.7500      2.5000       0.1682E-003
      3.7500      3.7500       0.2654E-003
      3.7500      5.0000       0.3587E-003
      3.7500      6.2500       0.4294E-003
      3.7500      7.5000       0.4636E-003
      3.7500      8.7500       0.4543E-003
      3.7500     10.0000       0.4013E-003
      3.7500     11.2500       0.3063E-003
      3.7500     12.5000       0.1931E-003
      3.7500     13.7500       0.9517E-004
      3.7500     15.0000       0.3200E-004
      3.7500     16.2500       0.4446E-005
      3.7500     17.5000       0.5128E-007
      3.7500     18.7500       0.2011E-011

      4.6875    -20.0000       0.5516E-010
      4.6875    -18.7500       0.4078E-011
      4.6875    -17.5000       0.1999E-006
      4.6875    -16.2500       0.1802E-004
      4.6875    -15.0000       0.1312E-003
      4.6875    -13.7500       0.3630E-003
      4.6875    -12.5000       0.6470E-003
      4.6875    -11.2500       0.9090E-003
      4.6875    -10.0000       0.1119E-002
      4.6875     -8.7500       0.1271E-002
      4.6875     -7.5000       0.1353E-002
      4.6875     -6.2500       0.1333E-002
      4.6875     -5.0000       0.1224E-002
      4.6875     -3.7500       0.1065E-002
      4.6875     -2.5000       0.8925E-003
      4.6875     -1.2500       0.7276E-003
      4.6875      0.0000       0.5835E-003
      4.6875      1.2500       0.4658E-003
      4.6875      2.5000       0.3722E-003
      4.6875      3.7500       0.2854E-003
      4.6875      5.0000       0.1940E-003
      4.6875      6.2500       0.1055E-003
      4.6875      7.5000       0.4277E-004
      4.6875      8.7500       0.1875E-004
      4.6875     10.0000       0.2602E-004
      4.6875     11.2500       0.4158E-004
      4.6875     12.5000       0.4664E-004
      4.6875     13.7500       0.3652E-004
      4.6875     15.0000       0.1689E-004
      4.6875     16.2500       0.2752E-005
      4.6875     17.5000       0.3586E-007
      4.6875     18.7500       0.2424E-011

      5.6250    -20.0000       0.7687E-010
      5.6250    -18.7500       0.2621E-011
      5.6250    -17.5000       0.1536E-006
      5.6250    -16.2500       0.1373E-004
      5.6250    -15.0000       0.9702E-004
      5.6250    -13.7500       0.2530E-003
      5.6250    -12.5000       0.4135E-003
      5.6250    -11.2500       0.5291E-003
      5.6250    -10.0000       0.6062E-003
      5.6250     -8.7500       0.6800E-003
      5.6250     -7.5000       0.7623E-003
      5.6250     -6.2500       0.8364E-003
      5.6250     -5.0000       0.8932E-003
      5.6250     -3.7500       0.9317E-003
      5.6250     -2.5000       0.9569E-003
      5.6250     -1.2500       0.9657E-003
      5.6250      0.0000       0.9386E-003
      5.6250      1.2500       0.8636E-003
      5.6250      2.5000       0.7540E-003
      5.6250      3.7500       0.6276E-003
      5.6250      5.0000       0.4914E-003
      5.6250      6.2500       0.3574E-003
      5.6250      7.5000       0.2508E-003
      5.6250      8.7500       0.1909E-003
      5.6250     10.0000       0.1797E-003
      5.6250     11.2500       0.1905E-003
      5.6250     12.5000       0.1792E-003
      5.6250     13.7500       0.1256E-003
      5.6250     15.0000       0.5242E-004
      5.6250     16.2500       0.7768E-005
      5.6250     17.5000       0.8989E-007
      5.6250     18.7500       0.2141E-011

      6.5625    -20.0000       0.7549E-010
      6.5625    -18.7500       0.1035E-011
      6.5625    -17.5000       0.7327E-007
      6.5625    -16.2500       0.6379E-005
      6.5625    -15.0000       0.4226E-004
      6.5625    -13.7500       0.9813E-004
      6.5625    -12.5000       0.1327E-003
      6.5625    -11.2500       0.1286E-003
      6.5625    -10.0000       0.1061E-003
      6.5625     -8.7500       0.1070E-003
      6.5625     -7.5000       0.1595E-003
      6.5625     -6.2500       0.2647E-003
      6.5625     -5.0000       0.4027E-003
      6.5625     -3.7500       0.5457E-003
      6.5625     -2.5000       0.6798E-003
      6.5625     -1.2500       0.8003E-003
      6.5625      0.0000       0.8935E-003
      6.5625      1.2500       0.9486E-003
      6.5625      2.5000       0.9743E-003
      6.5625      3.7500       0.9872E-003
      6.5625      5.0000       0.9859E-003
      6.5625      6.2500       0.9602E-003
      6.5625      7.5000       0.9019E-003
      6.5625      8.7500       0.8171E-003
      6.5625     10.0000       0.7252E-003
      6.5625     11.2500       0.6202E-003
      6.5625     12.5000       0.4728E-003
      6.5625     13.7500       0.2831E-003
      6.5625     15.0000       0.1070E-003
      6.5625     16.2500       0.1503E-004
      6.5625     17.5000       0.1654E-006
      6.5625     18.7500       0.1718E-011

      7.5000    -20.0000       0.5208E-010
      7.5000    -18.7500       0.1816E-012
      7.5000    -17.5000       0.3037E-007
      7.5000    -16.2500       0.2511E-005
      7.5000    -15.0000       0.1559E-004
      7.5000    -13.7500       0.3613E-004
      7.5000    -12.5000       0.5432E-004
      7.5000    -11.2500       0.6410E-004
      7.5000    -10.0000       0.6351E-004
      7.5000     -8.7500       0.6280E-004
      7.5000     -7.5000       0.8138E-004
      7.5000     -6.2500       0.1264E-003
      7.5000     -5.0000       0.1884E-003
      7.5000     -3.7500       0.2499E-003
      7.5000     -2.5000       0.3073E-003
      7.5000     -1.2500       0.3782E-003
      7.5000      0.0000       0.4881E-003
      7.5000      1.2500       0.6454E-003
      7.5000      2.5000       0.8375E-003
      7.5000      3.7500       0.1045E-002
      7.5000      5.0000       0.1238E-002
      7.5000      6.2500       0.1378E-002
      7.5000      7.5000       0.1417E-002
      7.5000      8.7500       0.1340E-002
      7.5000     10.0000       0.1177E-002
      7.5000     11.2500       0.9485E-003
      7.5000     12.5000       0.6663E-003
      7.5000     13.7500       0.3691E-003
      7.5000     15.0000       0.1321E-003
      7.5000     16.2500       0.1809E-004
      7.5000     17.5000       0.1952E-006
      7.5000     18.7500       0.1806E-011

      8.4375    -20.0000       0.2511E-010
      8.4375    -18.7500       0.2955E-012
      8.4375    -17.5000       0.6299E-007
      8.4375    -16.2500       0.5562E-005
      8.4375    -15.0000       0.4073E-004
      8.4375    -13.7500       0.1222E-003
      8.4375    -12.5000       0.2482E-003
      8.4375    -11.2500       0.3930E-003
      8.4375    -10.0000       0.5165E-003
      8.4375     -8.7500       0.5869E-003
      8.4375     -7.5000       0.5978E-003
      8.4375     -6.2500       0.5450E-003
      8.4375     -5.0000       0.4415E-003
      8.4375     -3.7500       0.3076E-003
      8.4375     -2.5000       0.1705E-003
      8.4375     -1.2500       0.7423E-004
      8.4375      0.0000       0.8228E-004
      8.4375      1.2500       0.2230E-003
      8.4375      2.5000       0.4651E-003
      8.4375      3.7500       0.7499E-003
      8.4375      5.0000       0.1024E-002
      8.4375      6.2500       0.1240E-002
      8.4375      7.5000       0.1339E-002
      8.4375      8.7500       0.1296E-002
      8.4375     10.0000       0.1135E-002
      8.4375     11.2500       0.8842E-003
      8.4375     12.5000       0.5880E-003
      8.4375     13.7500       0.3072E-003
      8.4375     15.0000       0.1055E-003
      8.4375     16.2500       0.1422E-004
      8.4375     17.5000       0.1529E-006
      8.4375     18.7500       0.2502E-011

      9.3750    -20.0000       0.1460E-010
      9.3750    -18.7500       0.8900E-012
      9.3750    -17.5000       0.1421E-006
      9.3750    -16.2500       0.1282E-004
      9.3750    -15.0000       0.9532E-004
      9.3750    -13.7500       0.2797E-003
      9.3750    -12.5000       0.5416E-003
      9.3750    -11.2500       0.8224E-003
      9.3750    -10.0000       0.1061E-002
      9.3750     -8.7500       0.1212E-002
      9.3750     -7.5000       0.1248E-002
      9.3750     -6.2500       0.1147E-002
      9.3750     -5.0000       0.9363E-003
      9.3750     -3.7500       0.6674E-003
      9.3750     -2.5000       0.3913E-003
      9.3750     -1.2500       0.1592E-003
      9.3750      0.0000       0.3723E-004
      9.3750      1.2500       0.5705E-004
      9.3750      2.5000       0.1878E-003
      9.3750      3.7500       0.3635E-003
      9.3750      5.0000       0.5342E-003
      9.3750      6.2500       0.6690E-003
      9.3750      7.5000       0.7373E-003
      9.3750      8.7500       0.7241E-003
      9.3750     10.0000       0.6354E-003
      9.3750     11.2500       0.4843E-003
      9.3750     12.5000       0.3074E-003
      9.3750     13.7500       0.1523E-003
      9.3750     15.0000       0.5070E-004
      9.3750     16.2500       0.6868E-005
      9.3750     17.5000       0.7604E-007
      9.3750     18.7500       0.3222E-011

     10.3125    -20.0000       0.2528E-010
     10.3125    -18.7500       0.1284E-011
     10.3125    -17.5000       0.1975E-006
     10.3125    -16.2500       0.1783E-004
     10.3125    -15.0000       0.1308E-003
     10.3125    -13.7500       0.3687E-003
     10.3125    -12.5000       0.6740E-003
     10.3125    -11.2500       0.9709E-003
     10.3125    -10.0000       0.1214E-002
     10.3125     -8.7500       0.1384E-002
     10.3125     -7.5000       0.1455E-002
     10.3125     -6.2500       0.1398E-002
     10.3125     -5.0000       0.1233E-002
     10.3125     -3.7500       0.1009E-002
     10.3125     -2.5000       0.7731E-003
     10.3125     -1.2500       0.5574E-003
     10.3125      0.0000       0.3931E-003
     10.3125      1.2500       0.2955E-003
     10.3125      2.5000       0.2526E-003
     10.3125      3.7500       0.2296E-003
     10.3125      5.0000       0.2030E-003
     10.3125      6.2500       0.1714E-003
     10.3125      7.5000       0.1456E-003
     10.3125      8.7500       0.1315E-003
     10.3125     10.0000       0.1224E-003
     10.3125     11.2500       0.1037E-003
     10.3125     12.5000       0.7373E-004
     10.3125     13.7500       0.4217E-004
     10.3125     15.0000       0.1653E-004
     10.3125     16.2500       0.2562E-005
     10.3125     17.5000       0.3297E-007
     10.3125     18.7500       0.3216E-011

     11.2500    -20.0000       0.4345E-010
     11.2500    -18.7500       0.1248E-011
     11.2500    -17.5000       0.1798E-006
     11.2500    -16.2500       0.1615E-004
     11.2500    -15.0000       0.1157E-003
     11.2500    -13.7500       0.3101E-003
     11.2500    -12.5000       0.5278E-003
     11.2500    -11.2500       0.7069E-003
     11.2500    -10.0000       0.8402E-003
     11.2500     -8.7500       0.9495E-003
     11.2500     -7.5000       0.1036E-002
     11.2500     -6.2500       0.1076E-002
     11.2500     -5.0000       0.1068E-002
     11.2500     -3.7500       0.1029E-002
     11.2500     -2.5000       0.9765E-003
     11.2500     -1.2500       0.9144E-003
     11.2500      0.0000       0.8330E-003
     11.2500      1.2500       0.7258E-003
     11.2500      2.5000       0.6017E-003
     11.2500      3.7500       0.4676E-003
     11.2500      5.0000       0.3260E-003
     11.2500      6.2500       0.1906E-003
     11.2500      7.5000       0.9091E-004
     11.2500      8.7500       0.4595E-004
     11.2500     10.0000       0.5227E-004
     11.2500     11.2500       0.8130E-004
     11.2500     12.5000       0.9493E-004
     11.2500     13.7500       0.7469E-004
     11.2500     15.0000       0.3332E-004
     11.2500     16.2500       0.5134E-005
     11.2500     17.5000       0.6195E-007
     11.2500     18.7500       0.2258E-011

     12.1875    -20.0000       0.5015E-010
     12.1875    -18.7500       0.1172E-011
     12.1875    -17.5000       0.1048E-006
     12.1875    -16.2500       0.9259E-005
     12.1875    -15.0000       0.6341E-004
     12.1875    -13.7500       0.1560E-003
     12.1875    -12.5000       0.2327E-003
     12.1875    -11.2500       0.2645E-003
     12.1875    -10.0000       0.2703E-003
     12.1875     -8.7500       0.2945E-003
     12.1875     -7.5000       0.3612E-003
     12.1875     -6.2500       0.4653E-003
     12.1875     -5.0000       0.5886E-003
     12.1875     -3.7500       0.7103E-003
     12.1875     -2.5000       0.8211E-003
     12.1875     -1.2500       0.9135E-003
     12.1875      0.0000       0.9663E-003
     12.1875      1.2500       0.9655E-003
     12.1875      2.5000       0.9245E-003
     12.1875      3.7500       0.8654E-003
     12.1875      5.0000       0.7934E-003
     12.1875      6.2500       0.7095E-003
     12.1875      7.5000       0.6220E-003
     12.1875      8.7500       0.5438E-003
     12.1875     10.0000       0.4877E-003
     12.1875     11.2500       0.4371E-003
     12.1875     12.5000       0.3522E-003
     12.1875     13.7500       0.2209E-003
     12.1875     15.0000       0.8614E-004
     12.1875     16.2500       0.1230E-004
     12.1875     17.5000       0.1372E-006
     12.1875     18.7500       0.9009E-012

     13.1250    -20.0000       0.3870E-010
     13.1250    -18.7500       0.1638E-011
     13.1250    -17.5000       0.3924E-007
     13.1250    -16.2500       0.3292E-005
     13.1250    -15.0000       0.2038E-004
     13.1250    -13.7500       0.4328E-004
     13.1250    -12.5000       0.5106E-004
     13.1250    -11.2500       0.3691E-004
     13.1250    -10.0000       0.1145E-004
     13.1250     -8.7500       0.9581E-006
     13.1250     -7.5000       0.3137E-004
     13.1250     -6.2500       0.1095E-003
     13.1250     -5.0000       0.2195E-003
     13.1250     -3.7500       0.3350E-003
     13.1250     -2.5000       0.4447E-003
     13.1250     -1.2500       0.5554E-003
     13.1250      0.0000       0.6748E-003
     13.1250      1.2500       0.8021E-003
     13.1250      2.5000       0.9345E-003
     13.1250      3.7500       0.1069E-002
     13.1250      5.0000       0.1189E-002
     13.1250      6.2500       0.1266E-002
     13.1250      7.5000       0.1265E-002
     13.1250      8.7500       0.1181E-002
     13.1250     10.0000       0.1041E-002
     13.1250     11.2500       0.8542E-003
     13.1250     12.5000       0.6165E-003
     13.1250     13.7500       0.3509E-003
     13.1250     15.0000       0.1280E-003
     13.1250     16.2500       0.1768E-004
     13.1250     17.5000       0.1919E-006
     13.1250     18.7500       0.5566E-013

     14.0625    -20.0000       0.2079E-010
     14.0625    -18.7500       0.2786E-011
     14.0625    -17.5000       0.4130E-007
     14.0625    -16.2500       0.3550E-005
     14.0625    -15.0000       0.2490E-004
     14.0625    -13.7500       0.7224E-004
     14.0625    -12.5000       0.1445E-003
     14.0625    -11.2500       0.2271E-003
     14.0625    -10.0000       0.2947E-003
     14.0625     -8.7500       0.3310E-003
     14.0625     -7.5000       0.3406E-003
     14.0625     -6.2500       0.3257E-003
     14.0625     -5.0000       0.2900E-003
     14.0625     -3.7500       0.2373E-003
     14.0625     -2.5000       0.1817E-003
     14.0625     -1.2500       0.1580E-003
     14.0625      0.0000       0.2170E-003
     14.0625      1.2500       0.3804E-003
     14.0625      2.5000       0.6228E-003
     14.0625      3.7500       0.8989E-003
     14.0625      5.0000       0.1162E-002
     14.0625      6.2500       0.1366E-002
     14.0625      7.5000       0.1450E-002
     14.0625      8.7500       0.1392E-002
     14.0625     10.0000       0.1220E-002
     14.0625     11.2500       0.9623E-003
     14.0625     12.5000       0.6533E-003
     14.0625     13.7500       0.3491E-003
     14.0625     15.0000       0.1218E-003
     14.0625     16.2500       0.1651E-004
     14.0625     17.5000       0.1773E-006
     14.0625     18.7500       0.2533E-012

     15.0000    -20.0000       0.1573E-010
     15.0000    -18.7500       0.4050E-011
     15.0000    -17.5000       0.1092E-006
     15.0000    -16.2500       0.9803E-005
     15.0000    -15.0000       0.7295E-004
     15.0000    -13.7500       0.2171E-003
     15.0000    -12.5000       0.4299E-003
     15.0000    -11.2500       0.6655E-003
     15.0000    -10.0000       0.8673E-003
     15.0000     -8.7500       0.9901E-003
     15.0000     -7.5000       0.1013E-002
     15.0000     -6.2500       0.9209E-003
     15.0000     -5.0000       0.7372E-003
     15.0000     -3.7500       0.5044E-003
     15.0000     -2.5000       0.2664E-003
     15.0000     -1.2500       0.7480E-004
     15.0000      0.0000       0.3271E-010
     15.0000      1.2500       0.7500E-004
     15.0000      2.5000       0.2660E-003
     15.0000      3.7500       0.5049E-003
     15.0000      5.0000       0.7368E-003
     15.0000      6.2500       0.9213E-003
     15.0000      7.5000       0.1013E-002
     15.0000      8.7500       0.9903E-003
     15.0000     10.0000       0.8672E-003
     15.0000     11.2500       0.6655E-003
     15.0000     12.5000       0.4298E-003
     15.0000     13.7500       0.2171E-003
     15.0000     15.0000       0.7293E-004
     15.0000     16.2500       0.9813E-005
     15.0000     17.5000       0.1065E-006
     15.0000     18.7500       0.1223E-011

     15.9375    -20.0000       0.3250E-010
     15.9375    -18.7500       0.4555E-011
     15.9375    -17.5000       0.1826E-006
     15.9375    -16.2500       0.1649E-004
     15.9375    -15.0000       0.1218E-003
     15.9375    -13.7500       0.3490E-003
     15.9375    -12.5000       0.6533E-003
     15.9375    -11.2500       0.9622E-003
     15.9375    -10.0000       0.1220E-002
     15.9375     -8.7500       0.1392E-002
     15.9375     -7.5000       0.1450E-002
     15.9375     -6.2500       0.1366E-002
     15.9375     -5.0000       0.1163E-002
     15.9375     -3.7500       0.8984E-003
     15.9375     -2.5000       0.6232E-003
     15.9375     -1.2500       0.3801E-003
     15.9375      0.0000       0.2172E-003
     15.9375      1.2500       0.1580E-003
     15.9375      2.5000       0.1816E-003
     15.9375      3.7500       0.2375E-003
     15.9375      5.0000       0.2899E-003
     15.9375      6.2500       0.3259E-003
     15.9375      7.5000       0.3405E-003
     15.9375      8.7500       0.3311E-003
     15.9375     10.0000       0.2946E-003
     15.9375     11.2500       0.2272E-003
     15.9375     12.5000       0.1445E-003
     15.9375     13.7500       0.7226E-004
     15.9375     15.0000       0.2489E-004
     15.9375     16.2500       0.3550E-005
     15.9375     17.5000       0.4233E-007
     15.9375     18.7500       0.2156E-011

     16.8750    -20.0000       0.6069E-010
     16.8750    -18.7500       0.3844E-011
     16.8750    -17.5000       0.1962E-006
     16.8750    -16.2500       0.1767E-004
     16.8750    -15.0000       0.1281E-003
     16.8750    -13.7500       0.3509E-003
     16.8750    -12.5000       0.6166E-003
     16.8750    -11.2500       0.8542E-003
     16.8750    -10.0000       0.1041E-002
     16.8750     -8.7500       0.1181E-002
     16.8750     -7.5000       0.1266E-002
     16.8750     -6.2500       0.1266E-002
     16.8750     -5.0000       0.1190E-002
     16.8750     -3.7500       0.1069E-002
     16.8750     -2.5000       0.9348E-003
     16.8750     -1.2500       0.8019E-003
     16.8750      0.0000       0.6749E-003
     16.8750      1.2500       0.5553E-003
     16.8750      2.5000       0.4448E-003
     16.8750      3.7500       0.3349E-003
     16.8750      5.0000       0.2196E-003
     16.8750      6.2500       0.1095E-003
     16.8750      7.5000       0.3138E-004
     16.8750      8.7500       0.9580E-006
     16.8750     10.0000       0.1144E-004
     16.8750     11.2500       0.3693E-004
     16.8750     12.5000       0.5105E-004
     16.8750     13.7500       0.4328E-004
     16.8750     15.0000       0.2038E-004
     16.8750     16.2500       0.3287E-005
     16.8750     17.5000       0.4189E-007
     16.8750     18.7500       0.2413E-011

     17.8125    -20.0000       0.7872E-010
     17.8125    -18.7500       0.2282E-011
     17.8125    -17.5000       0.1380E-006
     17.8125    -16.2500       0.1230E-004
     17.8125    -15.0000       0.8614E-004
     17.8125    -13.7500       0.2209E-003
     17.8125    -12.5000       0.3522E-003
     17.8125    -11.2500       0.4371E-003
     17.8125    -10.0000       0.4877E-003
     17.8125     -8.7500       0.5438E-003
     17.8125     -7.5000       0.6220E-003
     17.8125     -6.2500       0.7095E-003
     17.8125     -5.0000       0.7934E-003
     17.8125     -3.7500       0.8653E-003
     17.8125     -2.5000       0.9245E-003
     17.8125     -1.2500       0.9655E-003
     17.8125      0.0000       0.9663E-003
     17.8125      1.2500       0.9135E-003
     17.8125      2.5000       0.8212E-003
     17.8125      3.7500       0.7103E-003
     17.8125      5.0000       0.5886E-003
     17.8125      6.2500       0.4653E-003
     17.8125      7.5000       0.3612E-003
     17.8125      8.7500       0.2944E-003
     17.8125     10.0000       0.2703E-003
     17.8125     11.2500       0.2645E-003
     17.8125     12.5000       0.2327E-003
     17.8125     13.7500       0.1560E-003
     17.8125     15.0000       0.6341E-004
     17.8125     16.2500       0.9257E-005
     17.8125     17.5000       0.1055E-006
     17.8125     18.7500       0.2044E-011

     18.7500    -20.0000       0.7216E-010
     18.7500    -18.7500       0.7865E-012
     18.7500    -17.5000       0.5963E-007
     18.7500    -16.2500       0.5139E-005
     18.7500    -15.0000       0.3331E-004
     18.7500    -13.7500       0.7469E-004
     18.7500    -12.5000       0.9493E-004
     18.7500    -11.2500       0.8130E-004
     18.7500    -10.0000       0.5227E-004
     18.7500     -8.7500       0.4597E-004
     18.7500     -7.5000       0.9087E-004
     18.7500     -6.2500       0.1907E-003
     18.7500     -5.0000       0.3259E-003
     18.7500     -3.7500       0.4677E-003
     18.7500     -2.5000       0.6016E-003
     18.7500     -1.2500       0.7259E-003
     18.7500      0.0000       0.8329E-003
     18.7500      1.2500       0.9146E-003
     18.7500      2.5000       0.9763E-003
     18.7500      3.7500       0.1030E-002
     18.7500      5.0000       0.1068E-002
     18.7500      6.2500       0.1076E-002
     18.7500      7.5000       0.1036E-002
     18.7500      8.7500       0.9496E-003
     18.7500     10.0000       0.8402E-003
     18.7500     11.2500       0.7069E-003
     18.7500     12.5000       0.5278E-003
     18.7500     13.7500       0.3101E-003
     18.7500     15.0000       0.1157E-003
     18.7500     16.2500       0.1615E-004
     18.7500     17.5000       0.1767E-006
     18.7500     18.7500       0.1681E-011

     19.6875    -20.0000       0.4622E-010
     19.6875    -18.7500       0.1340E-012
     19.6875    -17.5000       0.3080E-007
     19.6875    -16.2500       0.2565E-005
     19.6875    -15.0000       0.1653E-004
     19.6875    -13.7500       0.4216E-004
     19.6875    -12.5000       0.7376E-004
     19.6875    -11.2500       0.1036E-003
     19.6875    -10.0000       0.1224E-003
     19.6875     -8.7500       0.1314E-003
     19.6875     -7.5000       0.1457E-003
     19.6875     -6.2500       0.1713E-003
     19.6875     -5.0000       0.2031E-003
     19.6875     -3.7500       0.2296E-003
     19.6875     -2.5000       0.2526E-003
     19.6875     -1.2500       0.2955E-003
     19.6875      0.0000       0.3929E-003
     19.6875      1.2500       0.5577E-003
     19.6875      2.5000       0.7727E-003
     19.6875      3.7500       0.1010E-002
     19.6875      5.0000       0.1232E-002
     19.6875      6.2500       0.1399E-002
     19.6875      7.5000       0.1455E-002
     19.6875      8.7500       0.1384E-002
     19.6875     10.0000       0.1214E-002
     19.6875     11.2500       0.9710E-003
     19.6875     12.5000       0.6739E-003
     19.6875     13.7500       0.3687E-003
     19.6875     15.0000       0.1308E-003
     19.6875     16.2500       0.1785E-004
     19.6875     17.5000       0.1922E-006
     19.6875     18.7500       0.1907E-011

     20.6250    -20.0000       0.2124E-010
     20.6250    -18.7500       0.3996E-012
     20.6250    -17.5000       0.7711E-007
     20.6250    -16.2500       0.6862E-005
     20.6250    -15.0000       0.5072E-004
     20.6250    -13.7500       0.1523E-003
     20.6250    -12.5000       0.3075E-003
     20.6250    -11.2500       0.4842E-003
     20.6250    -10.0000       0.6356E-003
     20.6250     -8.7500       0.7239E-003
     20.6250     -7.5000       0.7376E-003
     20.6250     -6.2500       0.6687E-003
     20.6250     -5.0000       0.5345E-003
     20.6250     -3.7500       0.3632E-003
     20.6250     -2.5000       0.1881E-003
     20.6250     -1.2500       0.5693E-004
     20.6250      0.0000       0.3716E-004
     20.6250      1.2500       0.1595E-003
     20.6250      2.5000       0.3909E-003
     20.6250      3.7500       0.6679E-003
     20.6250      5.0000       0.9358E-003
     20.6250      6.2500       0.1148E-002
     20.6250      7.5000       0.1248E-002
     20.6250      8.7500       0.1212E-002
     20.6250     10.0000       0.1061E-002
     20.6250     11.2500       0.8225E-003
     20.6250     12.5000       0.5416E-003
     20.6250     13.7500       0.2797E-003
     20.6250     15.0000       0.9529E-004
     20.6250     16.2500       0.1283E-004
     20.6250     17.5000       0.1382E-006
     20.6250     18.7500       0.2671E-011

     21.5625    -20.0000       0.1526E-010
     21.5625    -18.7500       0.1002E-011
     21.5625    -17.5000       0.1574E-006
     21.5625    -16.2500       0.1421E-004
     21.5625    -15.0000       0.1055E-003
     21.5625    -13.7500       0.3071E-003
     21.5625    -12.5000       0.5881E-003
     21.5625    -11.2500       0.8841E-003
     21.5625    -10.0000       0.1135E-002
     21.5625     -8.7500       0.1296E-002
     21.5625     -7.5000       0.1339E-002
     21.5625     -6.2500       0.1240E-002
     21.5625     -5.0000       0.1025E-002
     21.5625     -3.7500       0.7493E-003
     21.5625     -2.5000       0.4655E-003
     21.5625     -1.2500       0.2227E-003
     21.5625      0.0000       0.8239E-004
     21.5625      1.2500       0.7430E-004
     21.5625      2.5000       0.1702E-003
     21.5625      3.7500       0.3079E-003
     21.5625      5.0000       0.4412E-003
     21.5625      6.2500       0.5452E-003
     21.5625      7.5000       0.5975E-003
     21.5625      8.7500       0.5871E-003
     21.5625     10.0000       0.5164E-003
     21.5625     11.2500       0.3931E-003
     21.5625     12.5000       0.2481E-003
     21.5625     13.7500       0.1222E-003
     21.5625     15.0000       0.4072E-004
     21.5625     16.2500       0.5566E-005
     21.5625     17.5000       0.6270E-007
     21.5625     18.7500       0.3298E-011

     22.5000    -20.0000       0.2897E-010
     22.5000    -18.7500       0.1306E-011
     22.5000    -17.5000       0.2003E-006
     22.5000    -16.2500       0.1808E-004
     22.5000    -15.0000       0.1321E-003
     22.5000    -13.7500       0.3690E-003
     22.5000    -12.5000       0.6664E-003
     22.5000    -11.2500       0.9485E-003
     22.5000    -10.0000       0.1177E-002
     22.5000     -8.7500       0.1340E-002
     22.5000     -7.5000       0.1417E-002
     22.5000     -6.2500       0.1377E-002
     22.5000     -5.0000       0.1238E-002
     22.5000     -3.7500       0.1045E-002
     22.5000     -2.5000       0.8379E-003
     22.5000     -1.2500       0.6451E-003
     22.5000      0.0000       0.4883E-003
     22.5000      1.2500       0.3781E-003
     22.5000      2.5000       0.3073E-003
     22.5000      3.7500       0.2499E-003
     22.5000      5.0000       0.1884E-003
     22.5000      6.2500       0.1264E-003
     22.5000      7.5000       0.8135E-004
     22.5000      8.7500       0.6283E-004
     22.5000     10.0000       0.6347E-004
     22.5000     11.2500       0.6412E-004
     22.5000     12.5000       0.5430E-004
     22.5000     13.7500       0.3615E-004
     22.5000     15.0000       0.1559E-004
     22.5000     16.2500       0.2507E-005
     22.5000     17.5000       0.3287E-007
     22.5000     18.7500       0.3093E-011

     23.4375    -20.0000       0.4619E-010
     23.4375    -18.7500       0.1216E-011
     23.4375    -17.5000       0.1677E-006
     23.4375    -16.2500       0.1503E-004
     23.4375    -15.0000       0.1070E-003
     23.4375    -13.7500       0.2831E-003
     23.4375    -12.5000       0.4728E-003
     23.4375    -11.2500       0.6202E-003
     23.4375    -10.0000       0.7253E-003
     23.4375     -8.7500       0.8170E-003
     23.4375     -7.5000       0.9020E-003
     23.4375     -6.2500       0.9601E-003
     23.4375     -5.0000       0.9860E-003
     23.4375     -3.7500       0.9871E-003
     23.4375     -2.5000       0.9744E-003
     23.4375     -1.2500       0.9484E-003
     23.4375      0.0000       0.8936E-003
     23.4375      1.2500       0.8002E-003
     23.4375      2.5000       0.6799E-003
     23.4375      3.7500       0.5456E-003
     23.4375      5.0000       0.4027E-003
     23.4375      6.2500       0.2646E-003
     23.4375      7.5000       0.1595E-003
     23.4375      8.7500       0.1070E-003
     23.4375     10.0000       0.1061E-003
     23.4375     11.2500       0.1286E-003
     23.4375     12.5000       0.1327E-003
     23.4375     13.7500       0.9813E-004
     23.4375     15.0000       0.4226E-004
     23.4375     16.2500       0.6375E-005
     23.4375     17.5000       0.7518E-007
     23.4375     18.7500       0.1990E-011

     24.3750    -20.0000       0.4918E-010
     24.3750    -18.7500       0.1207E-011
     24.3750    -17.5000       0.8855E-007
     24.3750    -16.2500       0.7771E-005
     24.3750    -15.0000       0.5242E-004
     24.3750    -13.7500       0.1256E-003
     24.3750    -12.5000       0.1792E-003
     24.3750    -11.2500       0.1905E-003
     24.3750    -10.0000       0.1797E-003
     24.3750     -8.7500       0.1909E-003
     24.3750     -7.5000       0.2508E-003
     24.3750     -6.2500       0.3574E-003
     24.3750     -5.0000       0.4914E-003
     24.3750     -3.7500       0.6277E-003
     24.3750     -2.5000       0.7540E-003
     24.3750     -1.2500       0.8637E-003
     24.3750      0.0000       0.9385E-003
     24.3750      1.2500       0.9658E-003
     24.3750      2.5000       0.9568E-003
     24.3750      3.7500       0.9318E-003
     24.3750      5.0000       0.8931E-003
     24.3750      6.2500       0.8365E-003
     24.3750      7.5000       0.7622E-003
     24.3750      8.7500       0.6801E-003
     24.3750     10.0000       0.6062E-003
     24.3750     11.2500       0.5291E-003
     24.3750     12.5000       0.4135E-003
     24.3750     13.7500       0.2530E-003
     24.3750     15.0000       0.9702E-004
     24.3750     16.2500       0.1373E-004
     24.3750     17.5000       0.1520E-006
     24.3750     18.7500       0.6640E-012

     25.3125    -20.0000       0.3501E-010
     25.3125    -18.7500       0.1821E-011
     25.3125    -17.5000       0.3325E-007
     25.3125    -16.2500       0.2757E-005
     25.3125    -15.0000       0.1689E-004
     25.3125    -13.7500       0.3651E-004
     25.3125    -12.5000       0.4665E-004
     25.3125    -11.2500       0.4156E-004
     25.3125    -10.0000       0.2604E-004
     25.3125     -8.7500       0.1874E-004
     25.3125     -7.5000       0.4277E-004
     25.3125     -6.2500       0.1055E-003
     25.3125     -5.0000       0.1940E-003
     25.3125     -3.7500       0.2855E-003
     25.3125     -2.5000       0.3721E-003
     25.3125     -1.2500       0.4659E-003
     25.3125      0.0000       0.5833E-003
     25.3125      1.2500       0.7279E-003
     25.3125      2.5000       0.8921E-003
     25.3125      3.7500       0.1065E-002
     25.3125      5.0000       0.1223E-002
     25.3125      6.2500       0.1333E-002
     25.3125      7.5000       0.1353E-002
     25.3125      8.7500       0.1272E-002
     25.3125     10.0000       0.1118E-002
     25.3125     11.2500       0.9091E-003
     25.3125     12.5000       0.6469E-003
     25.3125     13.7500       0.3631E-003
     25.3125     15.0000       0.1312E-003
     25.3125     16.2500       0.1804E-004
     25.3125     17.5000       0.1951E-006
     25.3125     18.7500       0.8454E-014

     26.2500    -20.0000       0.1821E-010
     26.2500    -18.7500       0.3057E-011
     26.2500    -17.5000       0.5093E-007
     26.2500    -16.2500       0.4443E-005
     26.2500    -15.0000       0.3201E-004
     26.2500    -13.7500       0.9514E-004
     26.2500    -12.5000       0.1931E-003
     26.2500    -11.2500       0.3062E-003
     26.2500    -10.0000       0.4014E-003
     26.2500     -8.7500       0.4542E-003
     26.2500     -7.5000       0.4637E-003
     26.2500     -6.2500       0.4291E-003
     26.2500     -5.0000       0.3590E-003
     26.2500     -3.7500       0.2651E-003
     26.2500     -2.5000       0.1683E-003
     26.2500     -1.2500       0.1083E-003
     26.2500      0.0000       0.1430E-003
     26.2500      1.2500       0.2976E-003
     26.2500      2.5000       0.5434E-003
     26.2500      3.7500       0.8278E-003
     26.2500      5.0000       0.1101E-002
     26.2500      6.2500       0.1314E-002
     26.2500      7.5000       0.1407E-002
     26.2500      8.7500       0.1357E-002
     26.2500     10.0000       0.1188E-002
     26.2500     11.2500       0.9314E-003
     26.2500     12.5000       0.6258E-003
     26.2500     13.7500       0.3306E-003
     26.2500     15.0000       0.1144E-003
     26.2500     16.2500       0.1547E-004
     26.2500     17.5000       0.1661E-006
     26.2500     18.7500       0.4074E-012

     27.1875    -20.0000       0.1739E-010
     27.1875    -18.7500       0.4237E-011
     27.1875    -17.5000       0.1259E-006
     27.1875    -16.2500       0.1133E-004
     27.1875    -15.0000       0.8434E-004
     27.1875    -13.7500       0.2493E-003
     27.1875    -12.5000       0.4882E-003
     27.1875    -11.2500       0.7486E-003
     27.1875    -10.0000       0.9711E-003
     27.1875     -8.7500       0.1109E-002
     27.1875     -7.5000       0.1138E-002
     27.1875     -6.2500       0.1040E-002
     27.1875     -5.0000       0.8392E-003
     27.1875     -3.7500       0.5847E-003
     27.1875     -2.5000       0.3241E-003
     27.1875     -1.2500       0.1093E-003
     27.1875      0.0000       0.9407E-005
     27.1875      1.2500       0.5728E-004
     27.1875      2.5000       0.2201E-003
     27.1875      3.7500       0.4300E-003
     27.1875      5.0000       0.6340E-003
     27.1875      6.2500       0.7960E-003
     27.1875      7.5000       0.8775E-003
     27.1875      8.7500       0.8603E-003
     27.1875     10.0000       0.7539E-003
     27.1875     11.2500       0.5763E-003
     27.1875     12.5000       0.3688E-003
     27.1875     13.7500       0.1844E-003
     27.1875     15.0000       0.6158E-004
     27.1875     16.2500       0.8302E-005
     27.1875     17.5000       0.9079E-007
     27.1875     18.7500       0.1440E-011

     28.1250    -20.0000       0.3786E-010
     28.1250    -18.7500       0.4511E-011
     28.1250    -17.5000       0.1915E-006
     28.1250    -16.2500       0.1730E-004
     28.1250    -15.0000       0.1273E-003
     28.1250    -13.7500       0.3619E-003
     28.1250    -12.5000       0.6696E-003
     28.1250    -11.2500       0.9756E-003
     28.1250    -10.0000       0.1229E-002
     28.1250     -8.7500       0.1401E-002
     28.1250     -7.5000       0.1467E-002
     28.1250     -6.2500       0.1394E-002
     28.1250     -5.0000       0.1207E-002
     28.1250     -3.7500       0.9598E-003
     28.1250     -2.5000       0.7006E-003
     28.1250     -1.2500       0.4679E-003
     28.1250      0.0000       0.3016E-003
     28.1250      1.2500       0.2211E-003
     28.1250      2.5000       0.2101E-003
     28.1250      3.7500       0.2255E-003
     28.1250      5.0000       0.2373E-003
     28.1250      6.2500       0.2388E-003
     28.1250      7.5000       0.2332E-003
     28.1250      8.7500       0.2221E-003
     28.1250     10.0000       0.2004E-003
     28.1250     11.2500       0.1587E-003
     28.1250     12.5000       0.1042E-003
     28.1250     13.7500       0.5437E-004
     28.1250     15.0000       0.1967E-004
     28.1250     16.2500       0.2914E-005
     28.1250     17.5000       0.3613E-007
     28.1250     18.7500       0.2271E-011

     29.0625    -20.0000       0.6580E-010
     29.0625    -18.7500       0.3575E-011
     29.0625    -17.5000       0.1894E-006
     29.0625    -16.2500       0.1704E-004
     29.0625    -15.0000       0.1228E-003
     29.0625    -13.7500       0.3330E-003
     29.0625    -12.5000       0.5763E-003
     29.0625    -11.2500       0.7859E-003
     29.0625    -10.0000       0.9467E-003
     29.0625     -8.7500       0.1072E-002
     29.0625     -7.5000       0.1159E-002
     29.0625     -6.2500       0.1179E-002
     29.0625     -5.0000       0.1137E-002
     29.0625     -3.7500       0.1057E-002
     29.0625     -2.5000       0.9632E-003
     29.0625     -1.2500       0.8649E-003
     29.0625      0.0000       0.7592E-003
     29.0625      1.2500       0.6431E-003
     29.0625      2.5000       0.5223E-003
     29.0625      3.7500       0.3964E-003
     29.0625      5.0000       0.2641E-003
     29.0625      6.2500       0.1382E-003
     29.0625      7.5000       0.4764E-004
     29.0625      8.7500       0.1014E-004
     29.0625     10.0000       0.2031E-004
     29.0625     11.2500       0.5034E-004
     29.0625     12.5000       0.6735E-004
     29.0625     13.7500       0.5617E-004
     29.0625     15.0000       0.2593E-004
     29.0625     16.2500       0.4091E-005
     29.0625     17.5000       0.5069E-007
     29.0625     18.7500       0.2374E-011

