    -30.0000    -20.0000       0.2987E-010
    -30.0000    -18.7500       0.8538E-011
    -30.0000    -17.5000       0.1279E-006
    -30.0000    -16.2500       0.1042E-004
    -30.0000    -15.0000       0.6567E-004
    -30.0000    -13.7500       0.1569E-003
    -30.0000    -12.5000       0.2440E-003
    -30.0000    -11.2500       0.3012E-003
    -30.0000    -10.0000       0.3326E-003
    -30.0000     -8.7500       0.3731E-003
    -30.0000     -7.5000       0.4574E-003
    -30.0000     -6.2500       0.5831E-003
    -30.0000     -5.0000       0.7202E-003
    -30.0000     -3.7500       0.8506E-003
    -30.0000     -2.5000       0.9732E-003
    -30.0000     -1.2500       0.1076E-002
    -30.0000      0.0000       0.1118E-002
    -30.0000      1.2500       0.1076E-002
    -30.0000      2.5000       0.9732E-003
    -30.0000      3.7500       0.8506E-003
    -30.0000      5.0000       0.7202E-003
    -30.0000      6.2500       0.5831E-003
    -30.0000      7.5000       0.4575E-003
    -30.0000      8.7500       0.3731E-003
    -30.0000     10.0000       0.3326E-003
    -30.0000     11.2500       0.3012E-003
    -30.0000     12.5000       0.2440E-003
    -30.0000     13.7500       0.1569E-003
    -30.0000     15.0000       0.6567E-004
    -30.0000     16.2500       0.1042E-004
    -30.0000     17.5000       0.1279E-006
    -30.0000     18.7500       0.8537E-011

    -29.0625    -20.0000       0.2287E-010
    -29.0625    -18.7500       0.5853E-011
    -29.0625    -17.5000       0.1192E-006
    -29.0625    -16.2500       0.1018E-004
    -29.0625    -15.0000       0.6985E-004
    -29.0625    -13.7500       0.1865E-003
    -29.0625    -12.5000       0.3365E-003
    -29.0625    -11.2500       0.5025E-003
    -29.0625    -10.0000       0.6812E-003
    -29.0625     -8.7500       0.8718E-003
    -29.0625     -7.5000       0.1055E-002
    -29.0625     -6.2500       0.1178E-002
    -29.0625     -5.0000       0.1208E-002
    -29.0625     -3.7500       0.1160E-002
    -29.0625     -2.5000       0.1081E-002
    -29.0625     -1.2500       0.9923E-003
    -29.0625      0.0000       0.8702E-003
    -29.0625      1.2500       0.6986E-003
    -29.0625      2.5000       0.4991E-003
    -29.0625      3.7500       0.3102E-003
    -29.0625      5.0000       0.1599E-003
    -29.0625      6.2500       0.7156E-004
    -29.0625      7.5000       0.6707E-004
    -29.0625      8.7500       0.1458E-003
    -29.0625     10.0000       0.2575E-003
    -29.0625     11.2500       0.3279E-003
    -29.0625     12.5000       0.3109E-003
    -29.0625     13.7500       0.2142E-003
    -29.0625     15.0000       0.9181E-004
    -29.0625     16.2500       0.1453E-004
    -29.0625     17.5000       0.1770E-006
    -29.0625     18.7500       0.6019E-011

    -28.1250    -20.0000       0.1040E-010
    -28.1250    -18.7500       0.3339E-011
    -28.1250    -17.5000       0.1552E-006
    -28.1250    -16.2500       0.1404E-004
    -28.1250    -15.0000       0.1006E-003
    -28.1250    -13.7500       0.2768E-003
    -28.1250    -12.5000       0.5061E-003
    -28.1250    -11.2500       0.7528E-003
    -28.1250    -10.0000       0.9932E-003
    -28.1250     -8.7500       0.1199E-002
    -28.1250     -7.5000       0.1330E-002
    -28.1250     -6.2500       0.1328E-002
    -28.1250     -5.0000       0.1190E-002
    -28.1250     -3.7500       0.9649E-003
    -28.1250     -2.5000       0.7280E-003
    -28.1250     -1.2500       0.5216E-003
    -28.1250      0.0000       0.3456E-003
    -28.1250      1.2500       0.1948E-003
    -28.1250      2.5000       0.8008E-004
    -28.1250      3.7500       0.1959E-004
    -28.1250      5.0000       0.2519E-004
    -28.1250      6.2500       0.9916E-004
    -28.1250      7.5000       0.2322E-003
    -28.1250      8.7500       0.3928E-003
    -28.1250     10.0000       0.5228E-003
    -28.1250     11.2500       0.5590E-003
    -28.1250     12.5000       0.4776E-003
    -28.1250     13.7500       0.3076E-003
    -28.1250     15.0000       0.1250E-003
    -28.1250     16.2500       0.1887E-004
    -28.1250     17.5000       0.2220E-006
    -28.1250     18.7500       0.4003E-011

    -27.1875    -20.0000       0.3051E-011
    -27.1875    -18.7500       0.3001E-011
    -27.1875    -17.5000       0.2037E-006
    -27.1875    -16.2500       0.1857E-004
    -27.1875    -15.0000       0.1306E-003
    -27.1875    -13.7500       0.3474E-003
    -27.1875    -12.5000       0.6021E-003
    -27.1875    -11.2500       0.8296E-003
    -27.1875    -10.0000       0.9917E-003
    -27.1875     -8.7500       0.1064E-002
    -27.1875     -7.5000       0.1037E-002
    -27.1875     -6.2500       0.9005E-003
    -27.1875     -5.0000       0.6824E-003
    -27.1875     -3.7500       0.4374E-003
    -27.1875     -2.5000       0.2263E-003
    -27.1875     -1.2500       0.8174E-004
    -27.1875      0.0000       0.1075E-004
    -27.1875      1.2500       0.1265E-004
    -27.1875      2.5000       0.8935E-004
    -27.1875      3.7500       0.2378E-003
    -27.1875      5.0000       0.4364E-003
    -27.1875      6.2500       0.6412E-003
    -27.1875      7.5000       0.8056E-003
    -27.1875      8.7500       0.8939E-003
    -27.1875     10.0000       0.8921E-003
    -27.1875     11.2500       0.7890E-003
    -27.1875     12.5000       0.5958E-003
    -27.1875     13.7500       0.3540E-003
    -27.1875     15.0000       0.1357E-003
    -27.1875     16.2500       0.1959E-004
    -27.1875     17.5000       0.2230E-006
    -27.1875     18.7500       0.4482E-011

    -26.2500    -20.0000       0.6722E-011
    -26.2500    -18.7500       0.5710E-011
    -26.2500    -17.5000       0.2216E-006
    -26.2500    -16.2500       0.1974E-004
    -26.2500    -15.0000       0.1332E-003
    -26.2500    -13.7500       0.3357E-003
    -26.2500    -12.5000       0.5391E-003
    -26.2500    -11.2500       0.6649E-003
    -26.2500    -10.0000       0.6779E-003
    -26.2500     -8.7500       0.5867E-003
    -26.2500     -7.5000       0.4374E-003
    -26.2500     -6.2500       0.2743E-003
    -26.2500     -5.0000       0.1357E-003
    -26.2500     -3.7500       0.4644E-004
    -26.2500     -2.5000       0.2248E-004
    -26.2500     -1.2500       0.6434E-004
    -26.2500      0.0000       0.1641E-003
    -26.2500      1.2500       0.3146E-003
    -26.2500      2.5000       0.5186E-003
    -26.2500      3.7500       0.7702E-003
    -26.2500      5.0000       0.1027E-002
    -26.2500      6.2500       0.1215E-002
    -26.2500      7.5000       0.1277E-002
    -26.2500      8.7500       0.1204E-002
    -26.2500     10.0000       0.1037E-002
    -26.2500     11.2500       0.8135E-003
    -26.2500     12.5000       0.5607E-003
    -26.2500     13.7500       0.3122E-003
    -26.2500     15.0000       0.1145E-003
    -26.2500     16.2500       0.1603E-004
    -26.2500     17.5000       0.1790E-006
    -26.2500     18.7500       0.7800E-011

    -25.3125    -20.0000       0.1756E-010
    -25.3125    -18.7500       0.1030E-010
    -25.3125    -17.5000       0.1929E-006
    -25.3125    -16.2500       0.1651E-004
    -25.3125    -15.0000       0.1061E-003
    -25.3125    -13.7500       0.2520E-003
    -25.3125    -12.5000       0.3732E-003
    -25.3125    -11.2500       0.4048E-003
    -25.3125    -10.0000       0.3304E-003
    -25.3125     -8.7500       0.1910E-003
    -25.3125     -7.5000       0.6277E-004
    -25.3125     -6.2500       0.6317E-005
    -25.3125     -5.0000       0.3627E-004
    -25.3125     -3.7500       0.1403E-003
    -25.3125     -2.5000       0.2983E-003
    -25.3125     -1.2500       0.4849E-003
    -25.3125      0.0000       0.6689E-003
    -25.3125      1.2500       0.8315E-003
    -25.3125      2.5000       0.9856E-003
    -25.3125      3.7500       0.1143E-002
    -25.3125      5.0000       0.1272E-002
    -25.3125      6.2500       0.1311E-002
    -25.3125      7.5000       0.1228E-002
    -25.3125      8.7500       0.1047E-002
    -25.3125     10.0000       0.8299E-003
    -25.3125     11.2500       0.6108E-003
    -25.3125     12.5000       0.4033E-003
    -25.3125     13.7500       0.2194E-003
    -25.3125     15.0000       0.8011E-004
    -25.3125     16.2500       0.1138E-004
    -25.3125     17.5000       0.1291E-006
    -25.3125     18.7500       0.1216E-010

    -24.3750    -20.0000       0.2549E-010
    -24.3750    -18.7500       0.1431E-010
    -24.3750    -17.5000       0.1431E-006
    -24.3750    -16.2500       0.1176E-004
    -24.3750    -15.0000       0.7331E-004
    -24.3750    -13.7500       0.1707E-003
    -24.3750    -12.5000       0.2517E-003
    -24.3750    -11.2500       0.2805E-003
    -24.3750    -10.0000       0.2584E-003
    -24.3750     -8.7500       0.2292E-003
    -24.3750     -7.5000       0.2477E-003
    -24.3750     -6.2500       0.3356E-003
    -24.3750     -5.0000       0.4729E-003
    -24.3750     -3.7500       0.6352E-003
    -24.3750     -2.5000       0.8079E-003
    -24.3750     -1.2500       0.9689E-003
    -24.3750      0.0000       0.1076E-002
    -24.3750      1.2500       0.1104E-002
    -24.3750      2.5000       0.1076E-002
    -24.3750      3.7500       0.1026E-002
    -24.3750      5.0000       0.9550E-003
    -24.3750      6.2500       0.8448E-003
    -24.3750      7.5000       0.7027E-003
    -24.3750      8.7500       0.5635E-003
    -24.3750     10.0000       0.4535E-003
    -24.3750     11.2500       0.3610E-003
    -24.3750     12.5000       0.2635E-003
    -24.3750     13.7500       0.1580E-003
    -24.3750     15.0000       0.6320E-004
    -24.3750     16.2500       0.9752E-005
    -24.3750     17.5000       0.1176E-006
    -24.3750     18.7500       0.1496E-010

    -23.4375    -20.0000       0.2331E-010
    -23.4375    -18.7500       0.1579E-010
    -23.4375    -17.5000       0.1166E-006
    -23.4375    -16.2500       0.9696E-005
    -23.4375    -15.0000       0.6408E-004
    -23.4375    -13.7500       0.1641E-003
    -23.4375    -12.5000       0.2828E-003
    -23.4375    -11.2500       0.4028E-003
    -23.4375    -10.0000       0.5261E-003
    -23.4375     -8.7500       0.6672E-003
    -23.4375     -7.5000       0.8271E-003
    -23.4375     -6.2500       0.9684E-003
    -23.4375     -5.0000       0.1056E-002
    -23.4375     -3.7500       0.1091E-002
    -23.4375     -2.5000       0.1098E-002
    -23.4375     -1.2500       0.1087E-002
    -23.4375      0.0000       0.1024E-002
    -23.4375      1.2500       0.8905E-003
    -23.4375      2.5000       0.7093E-003
    -23.4375      3.7500       0.5229E-003
    -23.4375      5.0000       0.3563E-003
    -23.4375      6.2500       0.2292E-003
    -23.4375      7.5000       0.1665E-003
    -23.4375      8.7500       0.1819E-003
    -23.4375     10.0000       0.2429E-003
    -23.4375     11.2500       0.2860E-003
    -23.4375     12.5000       0.2656E-003
    -23.4375     13.7500       0.1826E-003
    -23.4375     15.0000       0.7876E-004
    -23.4375     16.2500       0.1261E-004
    -23.4375     17.5000       0.1545E-006
    -23.4375     18.7500       0.1479E-010

    -22.5000    -20.0000       0.1310E-010
    -22.5000    -18.7500       0.1464E-010
    -22.5000    -17.5000       0.1371E-006
    -22.5000    -16.2500       0.1216E-004
    -22.5000    -15.0000       0.8657E-004
    -22.5000    -13.7500       0.2381E-003
    -22.5000    -12.5000       0.4387E-003
    -22.5000    -11.2500       0.6626E-003
    -22.5000    -10.0000       0.8950E-003
    -22.5000     -8.7500       0.1115E-002
    -22.5000     -7.5000       0.1285E-002
    -22.5000     -6.2500       0.1342E-002
    -22.5000     -5.0000       0.1268E-002
    -22.5000     -3.7500       0.1103E-002
    -22.5000     -2.5000       0.9121E-003
    -22.5000     -1.2500       0.7338E-003
    -22.5000      0.0000       0.5597E-003
    -22.5000      1.2500       0.3803E-003
    -22.5000      2.5000       0.2111E-003
    -22.5000      3.7500       0.7986E-004
    -22.5000      5.0000       0.8266E-005
    -22.5000      6.2500       0.1204E-004
    -22.5000      7.5000       0.9715E-004
    -22.5000      8.7500       0.2424E-003
    -22.5000     10.0000       0.3856E-003
    -22.5000     11.2500       0.4528E-003
    -22.5000     12.5000       0.4078E-003
    -22.5000     13.7500       0.2714E-003
    -22.5000     15.0000       0.1130E-003
    -22.5000     16.2500       0.1740E-004
    -22.5000     17.5000       0.2070E-006
    -22.5000     18.7500       0.1245E-010

    -21.5625    -20.0000       0.4352E-011
    -21.5625    -18.7500       0.1245E-010
    -21.5625    -17.5000       0.1863E-006
    -21.5625    -16.2500       0.1696E-004
    -21.5625    -15.0000       0.1208E-003
    -21.5625    -13.7500       0.3268E-003
    -21.5625    -12.5000       0.5809E-003
    -21.5625    -11.2500       0.8292E-003
    -21.5625    -10.0000       0.1037E-002
    -21.5625     -8.7500       0.1175E-002
    -21.5625     -7.5000       0.1216E-002
    -21.5625     -6.2500       0.1126E-002
    -21.5625     -5.0000       0.9215E-003
    -21.5625     -3.7500       0.6605E-003
    -21.5625     -2.5000       0.4142E-003
    -21.5625     -1.2500       0.2232E-003
    -21.5625      0.0000       0.9437E-004
    -21.5625      1.2500       0.2653E-004
    -21.5625      2.5000       0.2435E-004
    -21.5625      3.7500       0.9187E-004
    -21.5625      5.0000       0.2211E-003
    -21.5625      6.2500       0.3872E-003
    -21.5625      7.5000       0.5565E-003
    -21.5625      8.7500       0.6910E-003
    -21.5625     10.0000       0.7545E-003
    -21.5625     11.2500       0.7129E-003
    -21.5625     12.5000       0.5636E-003
    -21.5625     13.7500       0.3454E-003
    -21.5625     15.0000       0.1354E-003
    -21.5625     16.2500       0.1988E-004
    -21.5625     17.5000       0.2283E-006
    -21.5625     18.7500       0.1005E-010

    -20.6250    -20.0000       0.5434E-011
    -20.6250    -18.7500       0.1090E-010
    -20.6250    -17.5000       0.2207E-006
    -20.6250    -16.2500       0.1983E-004
    -20.6250    -15.0000       0.1363E-003
    -20.6250    -13.7500       0.3515E-003
    -20.6250    -12.5000       0.5829E-003
    -20.6250    -11.2500       0.7545E-003
    -20.6250    -10.0000       0.8272E-003
    -20.6250     -8.7500       0.7945E-003
    -20.6250     -7.5000       0.6811E-003
    -20.6250     -6.2500       0.5109E-003
    -20.6250     -5.0000       0.3228E-003
    -20.6250     -3.7500       0.1564E-003
    -20.6250     -2.5000       0.4698E-004
    -20.6250     -1.2500       0.9012E-005
    -20.6250      0.0000       0.4267E-004
    -20.6250      1.2500       0.1445E-003
    -20.6250      2.5000       0.3156E-003
    -20.6250      3.7500       0.5482E-003
    -20.6250      5.0000       0.8050E-003
    -20.6250      6.2500       0.1020E-002
    -20.6250      7.5000       0.1135E-002
    -20.6250      8.7500       0.1128E-002
    -20.6250     10.0000       0.1022E-002
    -20.6250     11.2500       0.8350E-003
    -20.6250     12.5000       0.5945E-003
    -20.6250     13.7500       0.3388E-003
    -20.6250     15.0000       0.1261E-003
    -20.6250     16.2500       0.1783E-004
    -20.6250     17.5000       0.1995E-006
    -20.6250     18.7500       0.9183E-011

    -19.6875    -20.0000       0.1601E-010
    -19.6875    -18.7500       0.1036E-010
    -19.6875    -17.5000       0.2098E-006
    -19.6875    -16.2500       0.1822E-004
    -19.6875    -15.0000       0.1194E-003
    -19.6875    -13.7500       0.2902E-003
    -19.6875    -12.5000       0.4431E-003
    -19.6875    -11.2500       0.5049E-003
    -19.6875    -10.0000       0.4506E-003
    -19.6875     -8.7500       0.3105E-003
    -19.6875     -7.5000       0.1544E-003
    -19.6875     -6.2500       0.4338E-004
    -19.6875     -5.0000       0.4545E-005
    -19.6875     -3.7500       0.3905E-004
    -19.6875     -2.5000       0.1375E-003
    -19.6875     -1.2500       0.2822E-003
    -19.6875      0.0000       0.4507E-003
    -19.6875      1.2500       0.6290E-003
    -19.6875      2.5000       0.8252E-003
    -19.6875      3.7500       0.1042E-002
    -19.6875      5.0000       0.1240E-002
    -19.6875      6.2500       0.1348E-002
    -19.6875      7.5000       0.1319E-002
    -19.6875      8.7500       0.1166E-002
    -19.6875     10.0000       0.9497E-003
    -19.6875     11.2500       0.7109E-003
    -19.6875     12.5000       0.4732E-003
    -19.6875     13.7500       0.2576E-003
    -19.6875     15.0000       0.9341E-004
    -19.6875     16.2500       0.1308E-004
    -19.6875     17.5000       0.1462E-006
    -19.6875     18.7500       0.9583E-011

    -18.7500    -20.0000       0.2720E-010
    -18.7500    -18.7500       0.9813E-011
    -18.7500    -17.5000       0.1632E-006
    -18.7500    -16.2500       0.1356E-004
    -18.7500    -15.0000       0.8498E-004
    -18.7500    -13.7500       0.1974E-003
    -18.7500    -12.5000       0.2856E-003
    -18.7500    -11.2500       0.3021E-003
    -18.7500    -10.0000       0.2425E-003
    -18.7500     -8.7500       0.1538E-003
    -18.7500     -7.5000       0.1055E-003
    -18.7500     -6.2500       0.1401E-003
    -18.7500     -5.0000       0.2506E-003
    -18.7500     -3.7500       0.4131E-003
    -18.7500     -2.5000       0.6051E-003
    -18.7500     -1.2500       0.7992E-003
    -18.7500      0.0000       0.9549E-003
    -18.7500      1.2500       0.1049E-002
    -18.7500      2.5000       0.1100E-002
    -18.7500      3.7500       0.1136E-002
    -18.7500      5.0000       0.1142E-002
    -18.7500      6.2500       0.1081E-002
    -18.7500      7.5000       0.9461E-003
    -18.7500      8.7500       0.7714E-003
    -18.7500     10.0000       0.6028E-003
    -18.7500     11.2500       0.4507E-003
    -18.7500     12.5000       0.3073E-003
    -18.7500     13.7500       0.1738E-003
    -18.7500     15.0000       0.6629E-004
    -18.7500     16.2500       0.9853E-005
    -18.7500     17.5000       0.1159E-006
    -18.7500     18.7500       0.9635E-011

    -17.8125    -20.0000       0.2933E-010
    -17.8125    -18.7500       0.8076E-011
    -17.8125    -17.5000       0.1223E-006
    -17.8125    -16.2500       0.9990E-005
    -17.8125    -15.0000       0.6375E-004
    -17.8125    -13.7500       0.1555E-003
    -17.8125    -12.5000       0.2504E-003
    -17.8125    -11.2500       0.3266E-003
    -17.8125    -10.0000       0.3882E-003
    -17.8125     -8.7500       0.4642E-003
    -17.8125     -7.5000       0.5779E-003
    -17.8125     -6.2500       0.7146E-003
    -17.8125     -5.0000       0.8415E-003
    -17.8125     -3.7500       0.9453E-003
    -17.8125     -2.5000       0.1034E-002
    -17.8125     -1.2500       0.1100E-002
    -17.8125      0.0000       0.1108E-002
    -17.8125      1.2500       0.1032E-002
    -17.8125      2.5000       0.8970E-003
    -17.8125      3.7500       0.7459E-003
    -17.8125      5.0000       0.5957E-003
    -17.8125      6.2500       0.4550E-003
    -17.8125      7.5000       0.3460E-003
    -17.8125      8.7500       0.2937E-003
    -17.8125     10.0000       0.2888E-003
    -17.8125     11.2500       0.2856E-003
    -17.8125     12.5000       0.2444E-003
    -17.8125     13.7500       0.1620E-003
    -17.8125     15.0000       0.6890E-004
    -17.8125     16.2500       0.1101E-004
    -17.8125     17.5000       0.1356E-006
    -17.8125     18.7500       0.8099E-011

    -16.8750    -20.0000       0.2049E-010
    -16.8750    -18.7500       0.5270E-011
    -16.8750    -17.5000       0.1234E-006
    -16.8750    -16.2500       0.1069E-004
    -16.8750    -15.0000       0.7453E-004
    -16.8750    -13.7500       0.2019E-003
    -16.8750    -12.5000       0.3690E-003
    -16.8750    -11.2500       0.5565E-003
    -16.8750    -10.0000       0.7579E-003
    -16.8750     -8.7500       0.9649E-003
    -16.8750     -7.5000       0.1151E-002
    -16.8750     -6.2500       0.1255E-002
    -16.8750     -5.0000       0.1252E-002
    -16.8750     -3.7500       0.1163E-002
    -16.8750     -2.5000       0.1043E-002
    -16.8750     -1.2500       0.9189E-003
    -16.8750      0.0000       0.7736E-003
    -16.8750      1.2500       0.5925E-003
    -16.8750      2.5000       0.3955E-003
    -16.8750      3.7500       0.2181E-003
    -16.8750      5.0000       0.8746E-004
    -16.8750      6.2500       0.2639E-004
    -16.8750      7.5000       0.5264E-004
    -16.8750      8.7500       0.1584E-003
    -16.8750     10.0000       0.2872E-003
    -16.8750     11.2500       0.3626E-003
    -16.8750     12.5000       0.3404E-003
    -16.8750     13.7500       0.2327E-003
    -16.8750     15.0000       0.9893E-004
    -16.8750     16.2500       0.1553E-004
    -16.8750     17.5000       0.1880E-006
    -16.8750     18.7500       0.5502E-011

    -15.9375    -20.0000       0.8213E-011
    -15.9375    -18.7500       0.3043E-011
    -15.9375    -17.5000       0.1654E-006
    -15.9375    -16.2500       0.1504E-004
    -15.9375    -15.0000       0.1077E-003
    -15.9375    -13.7500       0.2952E-003
    -15.9375    -12.5000       0.5357E-003
    -15.9375    -11.2500       0.7874E-003
    -15.9375    -10.0000       0.1023E-002
    -15.9375     -8.7500       0.1211E-002
    -15.9375     -7.5000       0.1315E-002
    -15.9375     -6.2500       0.1283E-002
    -15.9375     -5.0000       0.1118E-002
    -15.9375     -3.7500       0.8729E-003
    -15.9375     -2.5000       0.6245E-003
    -15.9375     -1.2500       0.4155E-003
    -15.9375      0.0000       0.2488E-003
    -15.9375      1.2500       0.1212E-003
    -15.9375      2.5000       0.4124E-004
    -15.9375      3.7500       0.2209E-004
    -15.9375      5.0000       0.6946E-004
    -15.9375      6.2500       0.1772E-003
    -15.9375      7.5000       0.3278E-003
    -15.9375      8.7500       0.4861E-003
    -15.9375     10.0000       0.5995E-003
    -15.9375     11.2500       0.6131E-003
    -15.9375     12.5000       0.5099E-003
    -15.9375     13.7500       0.3230E-003
    -15.9375     15.0000       0.1297E-003
    -15.9375     16.2500       0.1939E-004
    -15.9375     17.5000       0.2264E-006
    -15.9375     18.7500       0.3856E-011

    -15.0000    -20.0000       0.2882E-011
    -15.0000    -18.7500       0.3307E-011
    -15.0000    -17.5000       0.2108E-006
    -15.0000    -16.2500       0.1916E-004
    -15.0000    -15.0000       0.1339E-003
    -15.0000    -13.7500       0.3525E-003
    -15.0000    -12.5000       0.6025E-003
    -15.0000    -11.2500       0.8141E-003
    -15.0000    -10.0000       0.9479E-003
    -15.0000     -8.7500       0.9846E-003
    -15.0000     -7.5000       0.9262E-003
    -15.0000     -6.2500       0.7726E-003
    -15.0000     -5.0000       0.5579E-003
    -15.0000     -3.7500       0.3326E-003
    -15.0000     -2.5000       0.1499E-003
    -15.0000     -1.2500       0.3719E-004
    -15.0000      0.0000       0.1117E-010
    -15.0000      1.2500       0.3719E-004
    -15.0000      2.5000       0.1499E-003
    -15.0000      3.7500       0.3327E-003
    -15.0000      5.0000       0.5578E-003
    -15.0000      6.2500       0.7728E-003
    -15.0000      7.5000       0.9259E-003
    -15.0000      8.7500       0.9849E-003
    -15.0000     10.0000       0.9476E-003
    -15.0000     11.2500       0.8144E-003
    -15.0000     12.5000       0.6023E-003
    -15.0000     13.7500       0.3526E-003
    -15.0000     15.0000       0.1338E-003
    -15.0000     16.2500       0.1916E-004
    -15.0000     17.5000       0.2169E-006
    -15.0000     18.7500       0.4948E-011

    -14.0625    -20.0000       0.8600E-011
    -14.0625    -18.7500       0.6548E-011
    -14.0625    -17.5000       0.2193E-006
    -14.0625    -16.2500       0.1940E-004
    -14.0625    -15.0000       0.1297E-003
    -14.0625    -13.7500       0.3229E-003
    -14.0625    -12.5000       0.5100E-003
    -14.0625    -11.2500       0.6130E-003
    -14.0625    -10.0000       0.5996E-003
    -14.0625     -8.7500       0.4860E-003
    -14.0625     -7.5000       0.3279E-003
    -14.0625     -6.2500       0.1771E-003
    -14.0625     -5.0000       0.6951E-004
    -14.0625     -3.7500       0.2203E-004
    -14.0625     -2.5000       0.4131E-004
    -14.0625     -1.2500       0.1211E-003
    -14.0625      0.0000       0.2489E-003
    -14.0625      1.2500       0.4154E-003
    -14.0625      2.5000       0.6246E-003
    -14.0625      3.7500       0.8729E-003
    -14.0625      5.0000       0.1117E-002
    -14.0625      6.2500       0.1283E-002
    -14.0625      7.5000       0.1315E-002
    -14.0625      8.7500       0.1211E-002
    -14.0625     10.0000       0.1022E-002
    -14.0625     11.2500       0.7877E-003
    -14.0625     12.5000       0.5354E-003
    -14.0625     13.7500       0.2954E-003
    -14.0625     15.0000       0.1077E-003
    -14.0625     16.2500       0.1505E-004
    -14.0625     17.5000       0.1678E-006
    -14.0625     18.7500       0.8674E-011

    -13.1250    -20.0000       0.1971E-010
    -13.1250    -18.7500       0.1123E-010
    -13.1250    -17.5000       0.1832E-006
    -13.1250    -16.2500       0.1554E-004
    -13.1250    -15.0000       0.9890E-004
    -13.1250    -13.7500       0.2327E-003
    -13.1250    -12.5000       0.3404E-003
    -13.1250    -11.2500       0.3626E-003
    -13.1250    -10.0000       0.2871E-003
    -13.1250     -8.7500       0.1584E-003
    -13.1250     -7.5000       0.5259E-004
    -13.1250     -6.2500       0.2643E-004
    -13.1250     -5.0000       0.8745E-004
    -13.1250     -3.7500       0.2181E-003
    -13.1250     -2.5000       0.3955E-003
    -13.1250     -1.2500       0.5924E-003
    -13.1250      0.0000       0.7737E-003
    -13.1250      1.2500       0.9188E-003
    -13.1250      2.5000       0.1043E-002
    -13.1250      3.7500       0.1163E-002
    -13.1250      5.0000       0.1252E-002
    -13.1250      6.2500       0.1256E-002
    -13.1250      7.5000       0.1151E-002
    -13.1250      8.7500       0.9651E-003
    -13.1250     10.0000       0.7577E-003
    -13.1250     11.2500       0.5567E-003
    -13.1250     12.5000       0.3688E-003
    -13.1250     13.7500       0.2020E-003
    -13.1250     15.0000       0.7448E-004
    -13.1250     16.2500       0.1070E-004
    -13.1250     17.5000       0.1227E-006
    -13.1250     18.7500       0.1292E-010

    -12.1875    -20.0000       0.2595E-010
    -12.1875    -18.7500       0.1484E-010
    -12.1875    -17.5000       0.1347E-006
    -12.1875    -16.2500       0.1102E-004
    -12.1875    -15.0000       0.6890E-004
    -12.1875    -13.7500       0.1621E-003
    -12.1875    -12.5000       0.2444E-003
    -12.1875    -11.2500       0.2856E-003
    -12.1875    -10.0000       0.2888E-003
    -12.1875     -8.7500       0.2938E-003
    -12.1875     -7.5000       0.3459E-003
    -12.1875     -6.2500       0.4551E-003
    -12.1875     -5.0000       0.5957E-003
    -12.1875     -3.7500       0.7459E-003
    -12.1875     -2.5000       0.8970E-003
    -12.1875     -1.2500       0.1032E-002
    -12.1875      0.0000       0.1108E-002
    -12.1875      1.2500       0.1100E-002
    -12.1875      2.5000       0.1034E-002
    -12.1875      3.7500       0.9453E-003
    -12.1875      5.0000       0.8415E-003
    -12.1875      6.2500       0.7147E-003
    -12.1875      7.5000       0.5779E-003
    -12.1875      8.7500       0.4642E-003
    -12.1875     10.0000       0.3882E-003
    -12.1875     11.2500       0.3266E-003
    -12.1875     12.5000       0.2504E-003
    -12.1875     13.7500       0.1556E-003
    -12.1875     15.0000       0.6374E-004
    -12.1875     16.2500       0.9993E-005
    -12.1875     17.5000       0.1216E-006
    -12.1875     18.7500       0.1517E-010

    -11.2500    -20.0000       0.2167E-010
    -11.2500    -18.7500       0.1573E-010
    -11.2500    -17.5000       0.1169E-006
    -11.2500    -16.2500       0.9841E-005
    -11.2500    -15.0000       0.6633E-004
    -11.2500    -13.7500       0.1738E-003
    -11.2500    -12.5000       0.3074E-003
    -11.2500    -11.2500       0.4506E-003
    -11.2500    -10.0000       0.6029E-003
    -11.2500     -8.7500       0.7713E-003
    -11.2500     -7.5000       0.9462E-003
    -11.2500     -6.2500       0.1081E-002
    -11.2500     -5.0000       0.1142E-002
    -11.2500     -3.7500       0.1136E-002
    -11.2500     -2.5000       0.1100E-002
    -11.2500     -1.2500       0.1049E-002
    -11.2500      0.0000       0.9548E-003
    -11.2500      1.2500       0.7993E-003
    -11.2500      2.5000       0.6050E-003
    -11.2500      3.7500       0.4131E-003
    -11.2500      5.0000       0.2507E-003
    -11.2500      6.2500       0.1400E-003
    -11.2500      7.5000       0.1055E-003
    -11.2500      8.7500       0.1538E-003
    -11.2500     10.0000       0.2425E-003
    -11.2500     11.2500       0.3020E-003
    -11.2500     12.5000       0.2856E-003
    -11.2500     13.7500       0.1973E-003
    -11.2500     15.0000       0.8500E-004
    -11.2500     16.2500       0.1355E-004
    -11.2500     17.5000       0.1653E-006
    -11.2500     18.7500       0.1444E-010

    -10.3125    -20.0000       0.1089E-010
    -10.3125    -18.7500       0.1422E-010
    -10.3125    -17.5000       0.1458E-006
    -10.3125    -16.2500       0.1307E-004
    -10.3125    -15.0000       0.9348E-004
    -10.3125    -13.7500       0.2575E-003
    -10.3125    -12.5000       0.4734E-003
    -10.3125    -11.2500       0.7106E-003
    -10.3125    -10.0000       0.9501E-003
    -10.3125     -8.7500       0.1166E-002
    -10.3125     -7.5000       0.1320E-002
    -10.3125     -6.2500       0.1348E-002
    -10.3125     -5.0000       0.1241E-002
    -10.3125     -3.7500       0.1042E-002
    -10.3125     -2.5000       0.8251E-003
    -10.3125     -1.2500       0.6291E-003
    -10.3125      0.0000       0.4506E-003
    -10.3125      1.2500       0.2823E-003
    -10.3125      2.5000       0.1374E-003
    -10.3125      3.7500       0.3910E-004
    -10.3125      5.0000       0.4523E-005
    -10.3125      6.2500       0.4339E-004
    -10.3125      7.5000       0.1544E-003
    -10.3125      8.7500       0.3105E-003
    -10.3125     10.0000       0.4505E-003
    -10.3125     11.2500       0.5049E-003
    -10.3125     12.5000       0.4431E-003
    -10.3125     13.7500       0.2902E-003
    -10.3125     15.0000       0.1194E-003
    -10.3125     16.2500       0.1821E-004
    -10.3125     17.5000       0.2150E-006
    -10.3125     18.7500       0.1190E-010

     -9.3750    -20.0000       0.3640E-011
     -9.3750    -18.7500       0.1205E-010
     -9.3750    -17.5000       0.1958E-006
     -9.3750    -16.2500       0.1782E-004
     -9.3750    -15.0000       0.1262E-003
     -9.3750    -13.7500       0.3387E-003
     -9.3750    -12.5000       0.5948E-003
     -9.3750    -11.2500       0.8347E-003
     -9.3750    -10.0000       0.1022E-002
     -9.3750     -8.7500       0.1128E-002
     -9.3750     -7.5000       0.1135E-002
     -9.3750     -6.2500       0.1020E-002
     -9.3750     -5.0000       0.8052E-003
     -9.3750     -3.7500       0.5482E-003
     -9.3750     -2.5000       0.3155E-003
     -9.3750     -1.2500       0.1446E-003
     -9.3750      0.0000       0.4262E-004
     -9.3750      1.2500       0.9052E-005
     -9.3750      2.5000       0.4695E-004
     -9.3750      3.7500       0.1565E-003
     -9.3750      5.0000       0.3227E-003
     -9.3750      6.2500       0.5110E-003
     -9.3750      7.5000       0.6809E-003
     -9.3750      8.7500       0.7947E-003
     -9.3750     10.0000       0.8269E-003
     -9.3750     11.2500       0.7547E-003
     -9.3750     12.5000       0.5828E-003
     -9.3750     13.7500       0.3516E-003
     -9.3750     15.0000       0.1363E-003
     -9.3750     16.2500       0.1983E-004
     -9.3750     17.5000       0.2264E-006
     -9.3750     18.7500       0.9735E-011

     -8.4375    -20.0000       0.6985E-011
     -8.4375    -18.7500       0.1073E-010
     -8.4375    -17.5000       0.2225E-006
     -8.4375    -16.2500       0.1988E-004
     -8.4375    -15.0000       0.1354E-003
     -8.4375    -13.7500       0.3453E-003
     -8.4375    -12.5000       0.5637E-003
     -8.4375    -11.2500       0.7127E-003
     -8.4375    -10.0000       0.7547E-003
     -8.4375     -8.7500       0.6908E-003
     -8.4375     -7.5000       0.5567E-003
     -8.4375     -6.2500       0.3870E-003
     -8.4375     -5.0000       0.2212E-003
     -8.4375     -3.7500       0.9182E-004
     -8.4375     -2.5000       0.2440E-004
     -8.4375     -1.2500       0.2647E-004
     -8.4375      0.0000       0.9444E-004
     -8.4375      1.2500       0.2232E-003
     -8.4375      2.5000       0.4143E-003
     -8.4375      3.7500       0.6605E-003
     -8.4375      5.0000       0.9214E-003
     -8.4375      6.2500       0.1126E-002
     -8.4375      7.5000       0.1216E-002
     -8.4375      8.7500       0.1176E-002
     -8.4375     10.0000       0.1037E-002
     -8.4375     11.2500       0.8295E-003
     -8.4375     12.5000       0.5806E-003
     -8.4375     13.7500       0.3269E-003
     -8.4375     15.0000       0.1207E-003
     -8.4375     16.2500       0.1698E-004
     -8.4375     17.5000       0.1894E-006
     -8.4375     18.7500       0.9202E-011

     -7.5000    -20.0000       0.1857E-010
     -7.5000    -18.7500       0.1030E-010
     -7.5000    -17.5000       0.2022E-006
     -7.5000    -16.2500       0.1742E-004
     -7.5000    -15.0000       0.1130E-003
     -7.5000    -13.7500       0.2714E-003
     -7.5000    -12.5000       0.4078E-003
     -7.5000    -11.2500       0.4528E-003
     -7.5000    -10.0000       0.3856E-003
     -7.5000     -8.7500       0.2424E-003
     -7.5000     -7.5000       0.9714E-004
     -7.5000     -6.2500       0.1204E-004
     -7.5000     -5.0000       0.8276E-005
     -7.5000     -3.7500       0.7982E-004
     -7.5000     -2.5000       0.2112E-003
     -7.5000     -1.2500       0.3802E-003
     -7.5000      0.0000       0.5598E-003
     -7.5000      1.2500       0.7337E-003
     -7.5000      2.5000       0.9121E-003
     -7.5000      3.7500       0.1103E-002
     -7.5000      5.0000       0.1268E-002
     -7.5000      6.2500       0.1342E-002
     -7.5000      7.5000       0.1285E-002
     -7.5000      8.7500       0.1115E-002
     -7.5000     10.0000       0.8947E-003
     -7.5000     11.2500       0.6629E-003
     -7.5000     12.5000       0.4385E-003
     -7.5000     13.7500       0.2382E-003
     -7.5000     15.0000       0.8651E-004
     -7.5000     16.2500       0.1218E-004
     -7.5000     17.5000       0.1369E-006
     -7.5000     18.7500       0.9679E-011

     -6.5625    -20.0000       0.2856E-010
     -6.5625    -18.7500       0.9582E-011
     -6.5625    -17.5000       0.1530E-006
     -6.5625    -16.2500       0.1261E-004
     -6.5625    -15.0000       0.7874E-004
     -6.5625    -13.7500       0.1827E-003
     -6.5625    -12.5000       0.2656E-003
     -6.5625    -11.2500       0.2861E-003
     -6.5625    -10.0000       0.2428E-003
     -6.5625     -8.7500       0.1820E-003
     -6.5625     -7.5000       0.1665E-003
     -6.5625     -6.2500       0.2292E-003
     -6.5625     -5.0000       0.3563E-003
     -6.5625     -3.7500       0.5229E-003
     -6.5625     -2.5000       0.7094E-003
     -6.5625     -1.2500       0.8905E-003
     -6.5625      0.0000       0.1024E-002
     -6.5625      1.2500       0.1087E-002
     -6.5625      2.5000       0.1098E-002
     -6.5625      3.7500       0.1091E-002
     -6.5625      5.0000       0.1056E-002
     -6.5625      6.2500       0.9685E-003
     -6.5625      7.5000       0.8270E-003
     -6.5625      8.7500       0.6673E-003
     -6.5625     10.0000       0.5260E-003
     -6.5625     11.2500       0.4029E-003
     -6.5625     12.5000       0.2827E-003
     -6.5625     13.7500       0.1642E-003
     -6.5625     15.0000       0.6406E-004
     -6.5625     16.2500       0.9705E-005
     -6.5625     17.5000       0.1157E-006
     -6.5625     18.7500       0.9467E-011

     -5.6250    -20.0000       0.2831E-010
     -5.6250    -18.7500       0.7565E-011
     -5.6250    -17.5000       0.1186E-006
     -5.6250    -16.2500       0.9746E-005
     -5.6250    -15.0000       0.6321E-004
     -5.6250    -13.7500       0.1580E-003
     -5.6250    -12.5000       0.2635E-003
     -5.6250    -11.2500       0.3609E-003
     -5.6250    -10.0000       0.4536E-003
     -5.6250     -8.7500       0.5635E-003
     -5.6250     -7.5000       0.7027E-003
     -5.6250     -6.2500       0.8447E-003
     -5.6250     -5.0000       0.9550E-003
     -5.6250     -3.7500       0.1026E-002
     -5.6250     -2.5000       0.1076E-002
     -5.6250     -1.2500       0.1104E-002
     -5.6250      0.0000       0.1076E-002
     -5.6250      1.2500       0.9690E-003
     -5.6250      2.5000       0.8079E-003
     -5.6250      3.7500       0.6353E-003
     -5.6250      5.0000       0.4729E-003
     -5.6250      6.2500       0.3356E-003
     -5.6250      7.5000       0.2477E-003
     -5.6250      8.7500       0.2292E-003
     -5.6250     10.0000       0.2585E-003
     -5.6250     11.2500       0.2805E-003
     -5.6250     12.5000       0.2517E-003
     -5.6250     13.7500       0.1707E-003
     -5.6250     15.0000       0.7333E-004
     -5.6250     16.2500       0.1175E-004
     -5.6250     17.5000       0.1448E-006
     -5.6250     18.7500       0.7613E-011

     -4.6875    -20.0000       0.1795E-010
     -4.6875    -18.7500       0.4709E-011
     -4.6875    -17.5000       0.1294E-006
     -4.6875    -16.2500       0.1136E-004
     -4.6875    -15.0000       0.8017E-004
     -4.6875    -13.7500       0.2193E-003
     -4.6875    -12.5000       0.4035E-003
     -4.6875    -11.2500       0.6106E-003
     -4.6875    -10.0000       0.8301E-003
     -4.6875     -8.7500       0.1047E-002
     -4.6875     -7.5000       0.1228E-002
     -4.6875     -6.2500       0.1311E-002
     -4.6875     -5.0000       0.1272E-002
     -4.6875     -3.7500       0.1143E-002
     -4.6875     -2.5000       0.9855E-003
     -4.6875     -1.2500       0.8317E-003
     -4.6875      0.0000       0.6687E-003
     -4.6875      1.2500       0.4850E-003
     -4.6875      2.5000       0.2982E-003
     -4.6875      3.7500       0.1403E-003
     -4.6875      5.0000       0.3627E-004
     -4.6875      6.2500       0.6294E-005
     -4.6875      7.5000       0.6280E-004
     -4.6875      8.7500       0.1910E-003
     -4.6875     10.0000       0.3304E-003
     -4.6875     11.2500       0.4048E-003
     -4.6875     12.5000       0.3732E-003
     -4.6875     13.7500       0.2520E-003
     -4.6875     15.0000       0.1061E-003
     -4.6875     16.2500       0.1650E-004
     -4.6875     17.5000       0.1983E-006
     -4.6875     18.7500       0.5023E-011

     -3.7500    -20.0000       0.6322E-011
     -3.7500    -18.7500       0.2852E-011
     -3.7500    -17.5000       0.1758E-006
     -3.7500    -16.2500       0.1602E-004
     -3.7500    -15.0000       0.1145E-003
     -3.7500    -13.7500       0.3121E-003
     -3.7500    -12.5000       0.5609E-003
     -3.7500    -11.2500       0.8132E-003
     -3.7500    -10.0000       0.1038E-002
     -3.7500     -8.7500       0.1203E-002
     -3.7500     -7.5000       0.1277E-002
     -3.7500     -6.2500       0.1215E-002
     -3.7500     -5.0000       0.1027E-002
     -3.7500     -3.7500       0.7702E-003
     -3.7500     -2.5000       0.5186E-003
     -3.7500     -1.2500       0.3147E-003
     -3.7500      0.0000       0.1640E-003
     -3.7500      1.2500       0.6441E-004
     -3.7500      2.5000       0.2242E-004
     -3.7500      3.7500       0.4650E-004
     -3.7500      5.0000       0.1356E-003
     -3.7500      6.2500       0.2744E-003
     -3.7500      7.5000       0.4373E-003
     -3.7500      8.7500       0.5868E-003
     -3.7500     10.0000       0.6777E-003
     -3.7500     11.2500       0.6651E-003
     -3.7500     12.5000       0.5390E-003
     -3.7500     13.7500       0.3357E-003
     -3.7500     15.0000       0.1332E-003
     -3.7500     16.2500       0.1973E-004
     -3.7500     17.5000       0.2288E-006
     -3.7500     18.7500       0.3825E-011

     -2.8125    -20.0000       0.3191E-011
     -2.8125    -18.7500       0.3739E-011
     -2.8125    -17.5000       0.2164E-006
     -2.8125    -16.2500       0.1959E-004
     -2.8125    -15.0000       0.1358E-003
     -2.8125    -13.7500       0.3539E-003
     -2.8125    -12.5000       0.5960E-003
     -2.8125    -11.2500       0.7887E-003
     -2.8125    -10.0000       0.8924E-003
     -2.8125     -8.7500       0.8937E-003
     -2.8125     -7.5000       0.8058E-003
     -2.8125     -6.2500       0.6411E-003
     -2.8125     -5.0000       0.4365E-003
     -2.8125     -3.7500       0.2377E-003
     -2.8125     -2.5000       0.8937E-004
     -2.8125     -1.2500       0.1263E-004
     -2.8125      0.0000       0.1078E-004
     -2.8125      1.2500       0.8172E-004
     -2.8125      2.5000       0.2263E-003
     -2.8125      3.7500       0.4375E-003
     -2.8125      5.0000       0.6823E-003
     -2.8125      6.2500       0.9007E-003
     -2.8125      7.5000       0.1037E-002
     -2.8125      8.7500       0.1064E-002
     -2.8125     10.0000       0.9913E-003
     -2.8125     11.2500       0.8299E-003
     -2.8125     12.5000       0.6018E-003
     -2.8125     13.7500       0.3475E-003
     -2.8125     15.0000       0.1306E-003
     -2.8125     16.2500       0.1857E-004
     -2.8125     17.5000       0.2092E-006
     -2.8125     18.7500       0.5528E-011

     -1.8750    -20.0000       0.1071E-010
     -1.8750    -18.7500       0.7447E-011
     -1.8750    -17.5000       0.2151E-006
     -1.8750    -16.2500       0.1889E-004
     -1.8750    -15.0000       0.1250E-003
     -1.8750    -13.7500       0.3076E-003
     -1.8750    -12.5000       0.4776E-003
     -1.8750    -11.2500       0.5590E-003
     -1.8750    -10.0000       0.5228E-003
     -1.8750     -8.7500       0.3928E-003
     -1.8750     -7.5000       0.2323E-003
     -1.8750     -6.2500       0.9912E-004
     -1.8750     -5.0000       0.2522E-004
     -1.8750     -3.7500       0.1954E-004
     -1.8750     -2.5000       0.8015E-004
     -1.8750     -1.2500       0.1947E-003
     -1.8750      0.0000       0.3457E-003
     -1.8750      1.2500       0.5215E-003
     -1.8750      2.5000       0.7281E-003
     -1.8750      3.7500       0.9649E-003
     -1.8750      5.0000       0.1190E-002
     -1.8750      6.2500       0.1328E-002
     -1.8750      7.5000       0.1329E-002
     -1.8750      8.7500       0.1199E-002
     -1.8750     10.0000       0.9929E-003
     -1.8750     11.2500       0.7531E-003
     -1.8750     12.5000       0.5059E-003
     -1.8750     13.7500       0.2769E-003
     -1.8750     15.0000       0.1006E-003
     -1.8750     16.2500       0.1405E-004
     -1.8750     17.5000       0.1569E-006
     -1.8750     18.7500       0.9570E-011

     -0.9375    -20.0000       0.2165E-010
     -0.9375    -18.7500       0.1212E-010
     -0.9375    -17.5000       0.1730E-006
     -0.9375    -16.2500       0.1455E-004
     -0.9375    -15.0000       0.9179E-004
     -0.9375    -13.7500       0.2143E-003
     -0.9375    -12.5000       0.3108E-003
     -0.9375    -11.2500       0.3279E-003
     -0.9375    -10.0000       0.2575E-003
     -0.9375     -8.7500       0.1459E-003
     -0.9375     -7.5000       0.6701E-004
     -0.9375     -6.2500       0.7160E-004
     -0.9375     -5.0000       0.1598E-003
     -0.9375     -3.7500       0.3102E-003
     -0.9375     -2.5000       0.4991E-003
     -0.9375     -1.2500       0.6985E-003
     -0.9375      0.0000       0.8703E-003
     -0.9375      1.2500       0.9922E-003
     -0.9375      2.5000       0.1081E-002
     -0.9375      3.7500       0.1160E-002
     -0.9375      5.0000       0.1207E-002
     -0.9375      6.2500       0.1178E-002
     -0.9375      7.5000       0.1055E-002
     -0.9375      8.7500       0.8720E-003
     -0.9375     10.0000       0.6811E-003
     -0.9375     11.2500       0.5027E-003
     -0.9375     12.5000       0.3364E-003
     -0.9375     13.7500       0.1866E-003
     -0.9375     15.0000       0.6981E-004
     -0.9375     16.2500       0.1019E-004
     -0.9375     17.5000       0.1183E-006
     -0.9375     18.7500       0.1359E-010

      0.0000    -20.0000       0.2595E-010
      0.0000    -18.7500       0.1526E-010
      0.0000    -17.5000       0.1276E-006
      0.0000    -16.2500       0.1042E-004
      0.0000    -15.0000       0.6567E-004
      0.0000    -13.7500       0.1569E-003
      0.0000    -12.5000       0.2440E-003
      0.0000    -11.2500       0.3012E-003
      0.0000    -10.0000       0.3326E-003
      0.0000     -8.7500       0.3731E-003
      0.0000     -7.5000       0.4574E-003
      0.0000     -6.2500       0.5831E-003
      0.0000     -5.0000       0.7202E-003
      0.0000     -3.7500       0.8506E-003
      0.0000     -2.5000       0.9732E-003
      0.0000     -1.2500       0.1076E-002
      0.0000      0.0000       0.1118E-002
      0.0000      1.2500       0.1076E-002
      0.0000      2.5000       0.9732E-003
      0.0000      3.7500       0.8506E-003
      0.0000      5.0000       0.7202E-003
      0.0000      6.2500       0.5831E-003
      0.0000      7.5000       0.4575E-003
      0.0000      8.7500       0.3731E-003
      0.0000     10.0000       0.3326E-003
      0.0000     11.2500       0.3012E-003
      0.0000     12.5000       0.2440E-003
      0.0000     13.7500       0.1569E-003
      0.0000     15.0000       0.6567E-004
      0.0000     16.2500       0.1042E-004
      0.0000     17.5000       0.1276E-006
      0.0000     18.7500       0.1525E-010

      0.9375    -20.0000       0.1975E-010
      0.9375    -18.7500       0.1558E-010
      0.9375    -17.5000       0.1192E-006
      0.9375    -16.2500       0.1018E-004
      0.9375    -15.0000       0.6985E-004
      0.9375    -13.7500       0.1865E-003
      0.9375    -12.5000       0.3365E-003
      0.9375    -11.2500       0.5025E-003
      0.9375    -10.0000       0.6812E-003
      0.9375     -8.7500       0.8718E-003
      0.9375     -7.5000       0.1055E-002
      0.9375     -6.2500       0.1178E-002
      0.9375     -5.0000       0.1208E-002
      0.9375     -3.7500       0.1160E-002
      0.9375     -2.5000       0.1081E-002
      0.9375     -1.2500       0.9923E-003
      0.9375      0.0000       0.8702E-003
      0.9375      1.2500       0.6986E-003
      0.9375      2.5000       0.4991E-003
      0.9375      3.7500       0.3102E-003
      0.9375      5.0000       0.1599E-003
      0.9375      6.2500       0.7156E-004
      0.9375      7.5000       0.6707E-004
      0.9375      8.7500       0.1458E-003
      0.9375     10.0000       0.2575E-003
      0.9375     11.2500       0.3279E-003
      0.9375     12.5000       0.3109E-003
      0.9375     13.7500       0.2142E-003
      0.9375     15.0000       0.9181E-004
      0.9375     16.2500       0.1453E-004
      0.9375     17.5000       0.1764E-006
      0.9375     18.7500       0.1401E-010

      1.8750    -20.0000       0.8826E-011
      1.8750    -18.7500       0.1378E-010
      1.8750    -17.5000       0.1556E-006
      1.8750    -16.2500       0.1404E-004
      1.8750    -15.0000       0.1006E-003
      1.8750    -13.7500       0.2767E-003
      1.8750    -12.5000       0.5061E-003
      1.8750    -11.2500       0.7528E-003
      1.8750    -10.0000       0.9932E-003
      1.8750     -8.7500       0.1199E-002
      1.8750     -7.5000       0.1330E-002
      1.8750     -6.2500       0.1328E-002
      1.8750     -5.0000       0.1190E-002
      1.8750     -3.7500       0.9649E-003
      1.8750     -2.5000       0.7280E-003
      1.8750     -1.2500       0.5216E-003
      1.8750      0.0000       0.3456E-003
      1.8750      1.2500       0.1948E-003
      1.8750      2.5000       0.8008E-004
      1.8750      3.7500       0.1959E-004
      1.8750      5.0000       0.2519E-004
      1.8750      6.2500       0.9916E-004
      1.8750      7.5000       0.2322E-003
      1.8750      8.7500       0.3928E-003
      1.8750     10.0000       0.5228E-003
      1.8750     11.2500       0.5590E-003
      1.8750     12.5000       0.4776E-003
      1.8750     13.7500       0.3076E-003
      1.8750     15.0000       0.1250E-003
      1.8750     16.2500       0.1888E-004
      1.8750     17.5000       0.2213E-006
      1.8750     18.7500       0.1137E-010

      2.8125    -20.0000       0.3386E-011
      2.8125    -18.7500       0.1169E-010
      2.8125    -17.5000       0.2043E-006
      2.8125    -16.2500       0.1856E-004
      2.8125    -15.0000       0.1306E-003
      2.8125    -13.7500       0.3474E-003
      2.8125    -12.5000       0.6021E-003
      2.8125    -11.2500       0.8296E-003
      2.8125    -10.0000       0.9917E-003
      2.8125     -8.7500       0.1064E-002
      2.8125     -7.5000       0.1037E-002
      2.8125     -6.2500       0.9005E-003
      2.8125     -5.0000       0.6824E-003
      2.8125     -3.7500       0.4374E-003
      2.8125     -2.5000       0.2263E-003
      2.8125     -1.2500       0.8174E-004
      2.8125      0.0000       0.1075E-004
      2.8125      1.2500       0.1265E-004
      2.8125      2.5000       0.8935E-004
      2.8125      3.7500       0.2378E-003
      2.8125      5.0000       0.4364E-003
      2.8125      6.2500       0.6412E-003
      2.8125      7.5000       0.8056E-003
      2.8125      8.7500       0.8939E-003
      2.8125     10.0000       0.8921E-003
      2.8125     11.2500       0.7890E-003
      2.8125     12.5000       0.5958E-003
      2.8125     13.7500       0.3540E-003
      2.8125     15.0000       0.1357E-003
      2.8125     16.2500       0.1959E-004
      2.8125     17.5000       0.2223E-006
      2.8125     18.7500       0.9491E-011

      3.7500    -20.0000       0.8892E-011
      3.7500    -18.7500       0.1060E-010
      3.7500    -17.5000       0.2222E-006
      3.7500    -16.2500       0.1974E-004
      3.7500    -15.0000       0.1332E-003
      3.7500    -13.7500       0.3357E-003
      3.7500    -12.5000       0.5391E-003
      3.7500    -11.2500       0.6649E-003
      3.7500    -10.0000       0.6779E-003
      3.7500     -8.7500       0.5867E-003
      3.7500     -7.5000       0.4374E-003
      3.7500     -6.2500       0.2743E-003
      3.7500     -5.0000       0.1357E-003
      3.7500     -3.7500       0.4644E-004
      3.7500     -2.5000       0.2248E-004
      3.7500     -1.2500       0.6434E-004
      3.7500      0.0000       0.1641E-003
      3.7500      1.2500       0.3146E-003
      3.7500      2.5000       0.5186E-003
      3.7500      3.7500       0.7702E-003
      3.7500      5.0000       0.1027E-002
      3.7500      6.2500       0.1215E-002
      3.7500      7.5000       0.1277E-002
      3.7500      8.7500       0.1204E-002
      3.7500     10.0000       0.1037E-002
      3.7500     11.2500       0.8135E-003
      3.7500     12.5000       0.5607E-003
      3.7500     13.7500       0.3122E-003
      3.7500     15.0000       0.1145E-003
      3.7500     16.2500       0.1604E-004
      3.7500     17.5000       0.1785E-006
      3.7500     18.7500       0.9267E-011

      4.6875    -20.0000       0.2105E-010
      4.6875    -18.7500       0.1022E-010
      4.6875    -17.5000       0.1935E-006
      4.6875    -16.2500       0.1651E-004
      4.6875    -15.0000       0.1061E-003
      4.6875    -13.7500       0.2520E-003
      4.6875    -12.5000       0.3732E-003
      4.6875    -11.2500       0.4048E-003
      4.6875    -10.0000       0.3304E-003
      4.6875     -8.7500       0.1910E-003
      4.6875     -7.5000       0.6277E-004
      4.6875     -6.2500       0.6317E-005
      4.6875     -5.0000       0.3627E-004
      4.6875     -3.7500       0.1403E-003
      4.6875     -2.5000       0.2983E-003
      4.6875     -1.2500       0.4849E-003
      4.6875      0.0000       0.6689E-003
      4.6875      1.2500       0.8316E-003
      4.6875      2.5000       0.9856E-003
      4.6875      3.7500       0.1143E-002
      4.6875      5.0000       0.1272E-002
      4.6875      6.2500       0.1311E-002
      4.6875      7.5000       0.1228E-002
      4.6875      8.7500       0.1047E-002
      4.6875     10.0000       0.8299E-003
      4.6875     11.2500       0.6108E-003
      4.6875     12.5000       0.4033E-003
      4.6875     13.7500       0.2194E-003
      4.6875     15.0000       0.8011E-004
      4.6875     16.2500       0.1138E-004
      4.6875     17.5000       0.1290E-006
      4.6875     18.7500       0.9744E-011

      5.6250    -20.0000       0.2948E-010
      5.6250    -18.7500       0.9294E-011
      5.6250    -17.5000       0.1435E-006
      5.6250    -16.2500       0.1176E-004
      5.6250    -15.0000       0.7331E-004
      5.6250    -13.7500       0.1707E-003
      5.6250    -12.5000       0.2517E-003
      5.6250    -11.2500       0.2805E-003
      5.6250    -10.0000       0.2584E-003
      5.6250     -8.7500       0.2292E-003
      5.6250     -7.5000       0.2477E-003
      5.6250     -6.2500       0.3356E-003
      5.6250     -5.0000       0.4729E-003
      5.6250     -3.7500       0.6352E-003
      5.6250     -2.5000       0.8079E-003
      5.6250     -1.2500       0.9689E-003
      5.6250      0.0000       0.1076E-002
      5.6250      1.2500       0.1104E-002
      5.6250      2.5000       0.1076E-002
      5.6250      3.7500       0.1026E-002
      5.6250      5.0000       0.9550E-003
      5.6250      6.2500       0.8448E-003
      5.6250      7.5000       0.7027E-003
      5.6250      8.7500       0.5635E-003
      5.6250     10.0000       0.4535E-003
      5.6250     11.2500       0.3610E-003
      5.6250     12.5000       0.2635E-003
      5.6250     13.7500       0.1580E-003
      5.6250     15.0000       0.6320E-004
      5.6250     16.2500       0.9752E-005
      5.6250     17.5000       0.1177E-006
      5.6250     18.7500       0.9227E-011

      6.5625    -20.0000       0.2686E-010
      6.5625    -18.7500       0.7016E-011
      6.5625    -17.5000       0.1168E-006
      6.5625    -16.2500       0.9696E-005
      6.5625    -15.0000       0.6408E-004
      6.5625    -13.7500       0.1641E-003
      6.5625    -12.5000       0.2828E-003
      6.5625    -11.2500       0.4028E-003
      6.5625    -10.0000       0.5261E-003
      6.5625     -8.7500       0.6672E-003
      6.5625     -7.5000       0.8271E-003
      6.5625     -6.2500       0.9684E-003
      6.5625     -5.0000       0.1056E-002
      6.5625     -3.7500       0.1091E-002
      6.5625     -2.5000       0.1098E-002
      6.5625     -1.2500       0.1087E-002
      6.5625      0.0000       0.1024E-002
      6.5625      1.2500       0.8905E-003
      6.5625      2.5000       0.7093E-003
      6.5625      3.7500       0.5229E-003
      6.5625      5.0000       0.3563E-003
      6.5625      6.2500       0.2292E-003
      6.5625      7.5000       0.1665E-003
      6.5625      8.7500       0.1819E-003
      6.5625     10.0000       0.2429E-003
      6.5625     11.2500       0.2860E-003
      6.5625     12.5000       0.2656E-003
      6.5625     13.7500       0.1826E-003
      6.5625     15.0000       0.7876E-004
      6.5625     16.2500       0.1261E-004
      6.5625     17.5000       0.1550E-006
      6.5625     18.7500       0.7094E-011

      7.5000    -20.0000       0.1536E-010
      7.5000    -18.7500       0.4188E-011
      7.5000    -17.5000       0.1369E-006
      7.5000    -16.2500       0.1216E-004
      7.5000    -15.0000       0.8657E-004
      7.5000    -13.7500       0.2381E-003
      7.5000    -12.5000       0.4387E-003
      7.5000    -11.2500       0.6626E-003
      7.5000    -10.0000       0.8950E-003
      7.5000     -8.7500       0.1115E-002
      7.5000     -7.5000       0.1285E-002
      7.5000     -6.2500       0.1342E-002
      7.5000     -5.0000       0.1268E-002
      7.5000     -3.7500       0.1103E-002
      7.5000     -2.5000       0.9120E-003
      7.5000     -1.2500       0.7338E-003
      7.5000      0.0000       0.5597E-003
      7.5000      1.2500       0.3803E-003
      7.5000      2.5000       0.2111E-003
      7.5000      3.7500       0.7986E-004
      7.5000      5.0000       0.8266E-005
      7.5000      6.2500       0.1204E-004
      7.5000      7.5000       0.9715E-004
      7.5000      8.7500       0.2424E-003
      7.5000     10.0000       0.3856E-003
      7.5000     11.2500       0.4528E-003
      7.5000     12.5000       0.4078E-003
      7.5000     13.7500       0.2714E-003
      7.5000     15.0000       0.1130E-003
      7.5000     16.2500       0.1740E-004
      7.5000     17.5000       0.2077E-006
      7.5000     18.7500       0.4602E-011

      8.4375    -20.0000       0.4798E-011
      8.4375    -18.7500       0.2776E-011
      8.4375    -17.5000       0.1858E-006
      8.4375    -16.2500       0.1697E-004
      8.4375    -15.0000       0.1208E-003
      8.4375    -13.7500       0.3268E-003
      8.4375    -12.5000       0.5809E-003
      8.4375    -11.2500       0.8292E-003
      8.4375    -10.0000       0.1037E-002
      8.4375     -8.7500       0.1175E-002
      8.4375     -7.5000       0.1216E-002
      8.4375     -6.2500       0.1126E-002
      8.4375     -5.0000       0.9215E-003
      8.4375     -3.7500       0.6605E-003
      8.4375     -2.5000       0.4142E-003
      8.4375     -1.2500       0.2232E-003
      8.4375      0.0000       0.9437E-004
      8.4375      1.2500       0.2653E-004
      8.4375      2.5000       0.2435E-004
      8.4375      3.7500       0.9187E-004
      8.4375      5.0000       0.2211E-003
      8.4375      6.2500       0.3872E-003
      8.4375      7.5000       0.5565E-003
      8.4375      8.7500       0.6910E-003
      8.4375     10.0000       0.7545E-003
      8.4375     11.2500       0.7129E-003
      8.4375     12.5000       0.5636E-003
      8.4375     13.7500       0.3454E-003
      8.4375     15.0000       0.1354E-003
      8.4375     16.2500       0.1987E-004
      8.4375     17.5000       0.2290E-006
      8.4375     18.7500       0.3917E-011

      9.3750    -20.0000       0.3960E-011
      9.3750    -18.7500       0.4291E-011
      9.3750    -17.5000       0.2201E-006
      9.3750    -16.2500       0.1983E-004
      9.3750    -15.0000       0.1363E-003
      9.3750    -13.7500       0.3515E-003
      9.3750    -12.5000       0.5829E-003
      9.3750    -11.2500       0.7545E-003
      9.3750    -10.0000       0.8272E-003
      9.3750     -8.7500       0.7945E-003
      9.3750     -7.5000       0.6811E-003
      9.3750     -6.2500       0.5109E-003
      9.3750     -5.0000       0.3228E-003
      9.3750     -3.7500       0.1564E-003
      9.3750     -2.5000       0.4698E-004
      9.3750     -1.2500       0.9012E-005
      9.3750      0.0000       0.4267E-004
      9.3750      1.2500       0.1445E-003
      9.3750      2.5000       0.3156E-003
      9.3750      3.7500       0.5482E-003
      9.3750      5.0000       0.8050E-003
      9.3750      6.2500       0.1020E-002
      9.3750      7.5000       0.1135E-002
      9.3750      8.7500       0.1128E-002
      9.3750     10.0000       0.1022E-002
      9.3750     11.2500       0.8350E-003
      9.3750     12.5000       0.5945E-003
      9.3750     13.7500       0.3388E-003
      9.3750     15.0000       0.1262E-003
      9.3750     16.2500       0.1783E-004
      9.3750     17.5000       0.2001E-006
      9.3750     18.7500       0.6207E-011

     10.3125    -20.0000       0.1297E-010
     10.3125    -18.7500       0.8387E-011
     10.3125    -17.5000       0.2091E-006
     10.3125    -16.2500       0.1822E-004
     10.3125    -15.0000       0.1194E-003
     10.3125    -13.7500       0.2902E-003
     10.3125    -12.5000       0.4431E-003
     10.3125    -11.2500       0.5049E-003
     10.3125    -10.0000       0.4506E-003
     10.3125     -8.7500       0.3105E-003
     10.3125     -7.5000       0.1544E-003
     10.3125     -6.2500       0.4338E-004
     10.3125     -5.0000       0.4545E-005
     10.3125     -3.7500       0.3905E-004
     10.3125     -2.5000       0.1375E-003
     10.3125     -1.2500       0.2822E-003
     10.3125      0.0000       0.4507E-003
     10.3125      1.2500       0.6290E-003
     10.3125      2.5000       0.8252E-003
     10.3125      3.7500       0.1042E-002
     10.3125      5.0000       0.1240E-002
     10.3125      6.2500       0.1348E-002
     10.3125      7.5000       0.1319E-002
     10.3125      8.7500       0.1166E-002
     10.3125     10.0000       0.9497E-003
     10.3125     11.2500       0.7109E-003
     10.3125     12.5000       0.4732E-003
     10.3125     13.7500       0.2576E-003
     10.3125     15.0000       0.9341E-004
     10.3125     16.2500       0.1308E-004
     10.3125     17.5000       0.1465E-006
     10.3125     18.7500       0.1047E-010

     11.2500    -20.0000       0.2330E-010
     11.2500    -18.7500       0.1294E-010
     11.2500    -17.5000       0.1627E-006
     11.2500    -16.2500       0.1356E-004
     11.2500    -15.0000       0.8498E-004
     11.2500    -13.7500       0.1974E-003
     11.2500    -12.5000       0.2856E-003
     11.2500    -11.2500       0.3021E-003
     11.2500    -10.0000       0.2425E-003
     11.2500     -8.7500       0.1538E-003
     11.2500     -7.5000       0.1055E-003
     11.2500     -6.2500       0.1401E-003
     11.2500     -5.0000       0.2506E-003
     11.2500     -3.7500       0.4131E-003
     11.2500     -2.5000       0.6051E-003
     11.2500     -1.2500       0.7992E-003
     11.2500      0.0000       0.9549E-003
     11.2500      1.2500       0.1049E-002
     11.2500      2.5000       0.1100E-002
     11.2500      3.7500       0.1136E-002
     11.2500      5.0000       0.1142E-002
     11.2500      6.2500       0.1081E-002
     11.2500      7.5000       0.9461E-003
     11.2500      8.7500       0.7714E-003
     11.2500     10.0000       0.6028E-003
     11.2500     11.2500       0.4507E-003
     11.2500     12.5000       0.3073E-003
     11.2500     13.7500       0.1738E-003
     11.2500     15.0000       0.6629E-004
     11.2500     16.2500       0.9853E-005
     11.2500     17.5000       0.1159E-006
     11.2500     18.7500       0.1417E-010

     12.1875    -20.0000       0.2550E-010
     12.1875    -18.7500       0.1555E-010
     12.1875    -17.5000       0.1221E-006
     12.1875    -16.2500       0.9990E-005
     12.1875    -15.0000       0.6375E-004
     12.1875    -13.7500       0.1555E-003
     12.1875    -12.5000       0.2504E-003
     12.1875    -11.2500       0.3266E-003
     12.1875    -10.0000       0.3882E-003
     12.1875     -8.7500       0.4642E-003
     12.1875     -7.5000       0.5779E-003
     12.1875     -6.2500       0.7146E-003
     12.1875     -5.0000       0.8415E-003
     12.1875     -3.7500       0.9453E-003
     12.1875     -2.5000       0.1034E-002
     12.1875     -1.2500       0.1100E-002
     12.1875      0.0000       0.1108E-002
     12.1875      1.2500       0.1032E-002
     12.1875      2.5000       0.8970E-003
     12.1875      3.7500       0.7459E-003
     12.1875      5.0000       0.5957E-003
     12.1875      6.2500       0.4550E-003
     12.1875      7.5000       0.3460E-003
     12.1875      8.7500       0.2937E-003
     12.1875     10.0000       0.2888E-003
     12.1875     11.2500       0.2856E-003
     12.1875     12.5000       0.2444E-003
     12.1875     13.7500       0.1620E-003
     12.1875     15.0000       0.6890E-004
     12.1875     16.2500       0.1101E-004
     12.1875     17.5000       0.1353E-006
     12.1875     18.7500       0.1521E-010

     13.1250    -20.0000       0.1763E-010
     13.1250    -18.7500       0.1534E-010
     13.1250    -17.5000       0.1235E-006
     13.1250    -16.2500       0.1069E-004
     13.1250    -15.0000       0.7453E-004
     13.1250    -13.7500       0.2019E-003
     13.1250    -12.5000       0.3690E-003
     13.1250    -11.2500       0.5565E-003
     13.1250    -10.0000       0.7579E-003
     13.1250     -8.7500       0.9649E-003
     13.1250     -7.5000       0.1151E-002
     13.1250     -6.2500       0.1255E-002
     13.1250     -5.0000       0.1252E-002
     13.1250     -3.7500       0.1163E-002
     13.1250     -2.5000       0.1043E-002
     13.1250     -1.2500       0.9189E-003
     13.1250      0.0000       0.7736E-003
     13.1250      1.2500       0.5925E-003
     13.1250      2.5000       0.3955E-003
     13.1250      3.7500       0.2181E-003
     13.1250      5.0000       0.8746E-004
     13.1250      6.2500       0.2639E-004
     13.1250      7.5000       0.5264E-004
     13.1250      8.7500       0.1584E-003
     13.1250     10.0000       0.2872E-003
     13.1250     11.2500       0.3626E-003
     13.1250     12.5000       0.3404E-003
     13.1250     13.7500       0.2327E-003
     13.1250     15.0000       0.9893E-004
     13.1250     16.2500       0.1553E-004
     13.1250     17.5000       0.1874E-006
     13.1250     18.7500       0.1352E-010

     14.0625    -20.0000       0.7001E-011
     14.0625    -18.7500       0.1333E-010
     14.0625    -17.5000       0.1658E-006
     14.0625    -16.2500       0.1503E-004
     14.0625    -15.0000       0.1077E-003
     14.0625    -13.7500       0.2952E-003
     14.0625    -12.5000       0.5357E-003
     14.0625    -11.2500       0.7874E-003
     14.0625    -10.0000       0.1023E-002
     14.0625     -8.7500       0.1211E-002
     14.0625     -7.5000       0.1315E-002
     14.0625     -6.2500       0.1283E-002
     14.0625     -5.0000       0.1118E-002
     14.0625     -3.7500       0.8729E-003
     14.0625     -2.5000       0.6245E-003
     14.0625     -1.2500       0.4155E-003
     14.0625      0.0000       0.2488E-003
     14.0625      1.2500       0.1212E-003
     14.0625      2.5000       0.4124E-004
     14.0625      3.7500       0.2209E-004
     14.0625      5.0000       0.6946E-004
     14.0625      6.2500       0.1772E-003
     14.0625      7.5000       0.3278E-003
     14.0625      8.7500       0.4861E-003
     14.0625     10.0000       0.5995E-003
     14.0625     11.2500       0.6131E-003
     14.0625     12.5000       0.5099E-003
     14.0625     13.7500       0.3230E-003
     14.0625     15.0000       0.1297E-003
     14.0625     16.2500       0.1939E-004
     14.0625     17.5000       0.2258E-006
     14.0625     18.7500       0.1088E-010

     15.0000    -20.0000       0.3605E-011
     15.0000    -18.7500       0.1138E-010
     15.0000    -17.5000       0.2114E-006
     15.0000    -16.2500       0.1916E-004
     15.0000    -15.0000       0.1339E-003
     15.0000    -13.7500       0.3525E-003
     15.0000    -12.5000       0.6025E-003
     15.0000    -11.2500       0.8141E-003
     15.0000    -10.0000       0.9479E-003
     15.0000     -8.7500       0.9846E-003
     15.0000     -7.5000       0.9262E-003
     15.0000     -6.2500       0.7726E-003
     15.0000     -5.0000       0.5579E-003
     15.0000     -3.7500       0.3326E-003
     15.0000     -2.5000       0.1499E-003
     15.0000     -1.2500       0.3719E-004
     15.0000      0.0000       0.1100E-010
     15.0000      1.2500       0.3719E-004
     15.0000      2.5000       0.1499E-003
     15.0000      3.7500       0.3327E-003
     15.0000      5.0000       0.5578E-003
     15.0000      6.2500       0.7728E-003
     15.0000      7.5000       0.9259E-003
     15.0000      8.7500       0.9849E-003
     15.0000     10.0000       0.9476E-003
     15.0000     11.2500       0.8144E-003
     15.0000     12.5000       0.6023E-003
     15.0000     13.7500       0.3526E-003
     15.0000     15.0000       0.1338E-003
     15.0000     16.2500       0.1916E-004
     15.0000     17.5000       0.2163E-006
     15.0000     18.7500       0.9319E-011

     15.9375    -20.0000       0.1109E-010
     15.9375    -18.7500       0.1050E-010
     15.9375    -17.5000       0.2199E-006
     15.9375    -16.2500       0.1940E-004
     15.9375    -15.0000       0.1297E-003
     15.9375    -13.7500       0.3229E-003
     15.9375    -12.5000       0.5100E-003
     15.9375    -11.2500       0.6130E-003
     15.9375    -10.0000       0.5996E-003
     15.9375     -8.7500       0.4860E-003
     15.9375     -7.5000       0.3279E-003
     15.9375     -6.2500       0.1771E-003
     15.9375     -5.0000       0.6951E-004
     15.9375     -3.7500       0.2203E-004
     15.9375     -2.5000       0.4131E-004
     15.9375     -1.2500       0.1211E-003
     15.9375      0.0000       0.2489E-003
     15.9375      1.2500       0.4154E-003
     15.9375      2.5000       0.6246E-003
     15.9375      3.7500       0.8729E-003
     15.9375      5.0000       0.1117E-002
     15.9375      6.2500       0.1283E-002
     15.9375      7.5000       0.1315E-002
     15.9375      8.7500       0.1211E-002
     15.9375     10.0000       0.1022E-002
     15.9375     11.2500       0.7877E-003
     15.9375     12.5000       0.5354E-003
     15.9375     13.7500       0.2954E-003
     15.9375     15.0000       0.1077E-003
     15.9375     16.2500       0.1505E-004
     15.9375     17.5000       0.1675E-006
     15.9375     18.7500       0.9362E-011

     16.8750    -20.0000       0.2337E-010
     16.8750    -18.7500       0.1013E-010
     16.8750    -17.5000       0.1838E-006
     16.8750    -16.2500       0.1554E-004
     16.8750    -15.0000       0.9891E-004
     16.8750    -13.7500       0.2327E-003
     16.8750    -12.5000       0.3404E-003
     16.8750    -11.2500       0.3626E-003
     16.8750    -10.0000       0.2871E-003
     16.8750     -8.7500       0.1584E-003
     16.8750     -7.5000       0.5259E-004
     16.8750     -6.2500       0.2643E-004
     16.8750     -5.0000       0.8745E-004
     16.8750     -3.7500       0.2181E-003
     16.8750     -2.5000       0.3955E-003
     16.8750     -1.2500       0.5924E-003
     16.8750      0.0000       0.7737E-003
     16.8750      1.2500       0.9188E-003
     16.8750      2.5000       0.1043E-002
     16.8750      3.7500       0.1163E-002
     16.8750      5.0000       0.1252E-002
     16.8750      6.2500       0.1256E-002
     16.8750      7.5000       0.1151E-002
     16.8750      8.7500       0.9651E-003
     16.8750     10.0000       0.7577E-003
     16.8750     11.2500       0.5567E-003
     16.8750     12.5000       0.3688E-003
     16.8750     13.7500       0.2020E-003
     16.8750     15.0000       0.7447E-004
     16.8750     16.2500       0.1071E-004
     16.8750     17.5000       0.1226E-006
     16.8750     18.7500       0.9766E-011

     17.8125    -20.0000       0.2993E-010
     17.8125    -18.7500       0.8946E-011
     17.8125    -17.5000       0.1350E-006
     17.8125    -16.2500       0.1101E-004
     17.8125    -15.0000       0.6890E-004
     17.8125    -13.7500       0.1621E-003
     17.8125    -12.5000       0.2444E-003
     17.8125    -11.2500       0.2856E-003
     17.8125    -10.0000       0.2888E-003
     17.8125     -8.7500       0.2938E-003
     17.8125     -7.5000       0.3459E-003
     17.8125     -6.2500       0.4551E-003
     17.8125     -5.0000       0.5957E-003
     17.8125     -3.7500       0.7459E-003
     17.8125     -2.5000       0.8970E-003
     17.8125     -1.2500       0.1032E-002
     17.8125      0.0000       0.1108E-002
     17.8125      1.2500       0.1100E-002
     17.8125      2.5000       0.1034E-002
     17.8125      3.7500       0.9453E-003
     17.8125      5.0000       0.8415E-003
     17.8125      6.2500       0.7147E-003
     17.8125      7.5000       0.5779E-003
     17.8125      8.7500       0.4642E-003
     17.8125     10.0000       0.3882E-003
     17.8125     11.2500       0.3266E-003
     17.8125     12.5000       0.2504E-003
     17.8125     13.7500       0.1556E-003
     17.8125     15.0000       0.6374E-004
     17.8125     16.2500       0.9993E-005
     17.8125     17.5000       0.1218E-006
     17.8125     18.7500       0.8915E-011

     18.7500    -20.0000       0.2502E-010
     18.7500    -18.7500       0.6440E-011
     18.7500    -17.5000       0.1170E-006
     18.7500    -16.2500       0.9841E-005
     18.7500    -15.0000       0.6632E-004
     18.7500    -13.7500       0.1738E-003
     18.7500    -12.5000       0.3074E-003
     18.7500    -11.2500       0.4506E-003
     18.7500    -10.0000       0.6029E-003
     18.7500     -8.7500       0.7713E-003
     18.7500     -7.5000       0.9462E-003
     18.7500     -6.2500       0.1081E-002
     18.7500     -5.0000       0.1142E-002
     18.7500     -3.7500       0.1136E-002
     18.7500     -2.5000       0.1100E-002
     18.7500     -1.2500       0.1049E-002
     18.7500      0.0000       0.9548E-003
     18.7500      1.2500       0.7993E-003
     18.7500      2.5000       0.6050E-003
     18.7500      3.7500       0.4131E-003
     18.7500      5.0000       0.2507E-003
     18.7500      6.2500       0.1400E-003
     18.7500      7.5000       0.1055E-003
     18.7500      8.7500       0.1538E-003
     18.7500     10.0000       0.2425E-003
     18.7500     11.2500       0.3020E-003
     18.7500     12.5000       0.2856E-003
     18.7500     13.7500       0.1973E-003
     18.7500     15.0000       0.8501E-004
     18.7500     16.2500       0.1354E-004
     18.7500     17.5000       0.1659E-006
     18.7500     18.7500       0.6556E-011

     19.6875    -20.0000       0.1282E-010
     19.6875    -18.7500       0.3726E-011
     19.6875    -17.5000       0.1456E-006
     19.6875    -16.2500       0.1307E-004
     19.6875    -15.0000       0.9348E-004
     19.6875    -13.7500       0.2575E-003
     19.6875    -12.5000       0.4734E-003
     19.6875    -11.2500       0.7106E-003
     19.6875    -10.0000       0.9501E-003
     19.6875     -8.7500       0.1166E-002
     19.6875     -7.5000       0.1320E-002
     19.6875     -6.2500       0.1348E-002
     19.6875     -5.0000       0.1241E-002
     19.6875     -3.7500       0.1042E-002
     19.6875     -2.5000       0.8251E-003
     19.6875     -1.2500       0.6291E-003
     19.6875      0.0000       0.4506E-003
     19.6875      1.2500       0.2823E-003
     19.6875      2.5000       0.1374E-003
     19.6875      3.7500       0.3910E-004
     19.6875      5.0000       0.4523E-005
     19.6875      6.2500       0.4339E-004
     19.6875      7.5000       0.1544E-003
     19.6875      8.7500       0.3105E-003
     19.6875     10.0000       0.4505E-003
     19.6875     11.2500       0.5049E-003
     19.6875     12.5000       0.4431E-003
     19.6875     13.7500       0.2902E-003
     19.6875     15.0000       0.1194E-003
     19.6875     16.2500       0.1820E-004
     19.6875     17.5000       0.2157E-006
     19.6875     18.7500       0.4256E-011

     20.6250    -20.0000       0.3696E-011
     20.6250    -18.7500       0.2824E-011
     20.6250    -17.5000       0.1953E-006
     20.6250    -16.2500       0.1782E-004
     20.6250    -15.0000       0.1262E-003
     20.6250    -13.7500       0.3387E-003
     20.6250    -12.5000       0.5948E-003
     20.6250    -11.2500       0.8347E-003
     20.6250    -10.0000       0.1022E-002
     20.6250     -8.7500       0.1128E-002
     20.6250     -7.5000       0.1135E-002
     20.6250     -6.2500       0.1020E-002
     20.6250     -5.0000       0.8052E-003
     20.6250     -3.7500       0.5482E-003
     20.6250     -2.5000       0.3155E-003
     20.6250     -1.2500       0.1446E-003
     20.6250      0.0000       0.4262E-004
     20.6250      1.2500       0.9052E-005
     20.6250      2.5000       0.4695E-004
     20.6250      3.7500       0.1565E-003
     20.6250      5.0000       0.3227E-003
     20.6250      6.2500       0.5110E-003
     20.6250      7.5000       0.6809E-003
     20.6250      8.7500       0.7947E-003
     20.6250     10.0000       0.8269E-003
     20.6250     11.2500       0.7547E-003
     20.6250     12.5000       0.5828E-003
     20.6250     13.7500       0.3516E-003
     20.6250     15.0000       0.1363E-003
     20.6250     16.2500       0.1983E-004
     20.6250     17.5000       0.2270E-006
     20.6250     18.7500       0.4136E-011

     21.5625    -20.0000       0.5154E-011
     21.5625    -18.7500       0.4952E-011
     21.5625    -17.5000       0.2218E-006
     21.5625    -16.2500       0.1988E-004
     21.5625    -15.0000       0.1354E-003
     21.5625    -13.7500       0.3453E-003
     21.5625    -12.5000       0.5637E-003
     21.5625    -11.2500       0.7127E-003
     21.5625    -10.0000       0.7547E-003
     21.5625     -8.7500       0.6908E-003
     21.5625     -7.5000       0.5567E-003
     21.5625     -6.2500       0.3870E-003
     21.5625     -5.0000       0.2212E-003
     21.5625     -3.7500       0.9182E-004
     21.5625     -2.5000       0.2440E-004
     21.5625     -1.2500       0.2647E-004
     21.5625      0.0000       0.9444E-004
     21.5625      1.2500       0.2232E-003
     21.5625      2.5000       0.4143E-003
     21.5625      3.7500       0.6605E-003
     21.5625      5.0000       0.9214E-003
     21.5625      6.2500       0.1126E-002
     21.5625      7.5000       0.1216E-002
     21.5625      8.7500       0.1176E-002
     21.5625     10.0000       0.1037E-002
     21.5625     11.2500       0.8295E-003
     21.5625     12.5000       0.5806E-003
     21.5625     13.7500       0.3269E-003
     21.5625     15.0000       0.1207E-003
     21.5625     16.2500       0.1697E-004
     21.5625     17.5000       0.1899E-006
     21.5625     18.7500       0.6971E-011

     22.5000    -20.0000       0.1528E-010
     22.5000    -18.7500       0.9345E-011
     22.5000    -17.5000       0.2016E-006
     22.5000    -16.2500       0.1742E-004
     22.5000    -15.0000       0.1130E-003
     22.5000    -13.7500       0.2714E-003
     22.5000    -12.5000       0.4078E-003
     22.5000    -11.2500       0.4528E-003
     22.5000    -10.0000       0.3856E-003
     22.5000     -8.7500       0.2424E-003
     22.5000     -7.5000       0.9714E-004
     22.5000     -6.2500       0.1204E-004
     22.5000     -5.0000       0.8276E-005
     22.5000     -3.7500       0.7982E-004
     22.5000     -2.5000       0.2112E-003
     22.5000     -1.2500       0.3802E-003
     22.5000      0.0000       0.5598E-003
     22.5000      1.2500       0.7337E-003
     22.5000      2.5000       0.9121E-003
     22.5000      3.7500       0.1103E-002
     22.5000      5.0000       0.1268E-002
     22.5000      6.2500       0.1342E-002
     22.5000      7.5000       0.1285E-002
     22.5000      8.7500       0.1115E-002
     22.5000     10.0000       0.8947E-003
     22.5000     11.2500       0.6629E-003
     22.5000     12.5000       0.4385E-003
     22.5000     13.7500       0.2382E-003
     22.5000     15.0000       0.8651E-004
     22.5000     16.2500       0.1218E-004
     22.5000     17.5000       0.1371E-006
     22.5000     18.7500       0.1134E-010

     23.4375    -20.0000       0.2460E-010
     23.4375    -18.7500       0.1367E-010
     23.4375    -17.5000       0.1526E-006
     23.4375    -16.2500       0.1262E-004
     23.4375    -15.0000       0.7874E-004
     23.4375    -13.7500       0.1827E-003
     23.4375    -12.5000       0.2656E-003
     23.4375    -11.2500       0.2861E-003
     23.4375    -10.0000       0.2428E-003
     23.4375     -8.7500       0.1820E-003
     23.4375     -7.5000       0.1665E-003
     23.4375     -6.2500       0.2292E-003
     23.4375     -5.0000       0.3563E-003
     23.4375     -3.7500       0.5229E-003
     23.4375     -2.5000       0.7094E-003
     23.4375     -1.2500       0.8905E-003
     23.4375      0.0000       0.1024E-002
     23.4375      1.2500       0.1087E-002
     23.4375      2.5000       0.1098E-002
     23.4375      3.7500       0.1091E-002
     23.4375      5.0000       0.1056E-002
     23.4375      6.2500       0.9685E-003
     23.4375      7.5000       0.8270E-003
     23.4375      8.7500       0.6673E-003
     23.4375     10.0000       0.5260E-003
     23.4375     11.2500       0.4029E-003
     23.4375     12.5000       0.2827E-003
     23.4375     13.7500       0.1642E-003
     23.4375     15.0000       0.6406E-004
     23.4375     16.2500       0.9705E-005
     23.4375     17.5000       0.1156E-006
     23.4375     18.7500       0.1462E-010

     24.3750    -20.0000       0.2461E-010
     24.3750    -18.7500       0.1573E-010
     24.3750    -17.5000       0.1184E-006
     24.3750    -16.2500       0.9746E-005
     24.3750    -15.0000       0.6321E-004
     24.3750    -13.7500       0.1580E-003
     24.3750    -12.5000       0.2635E-003
     24.3750    -11.2500       0.3609E-003
     24.3750    -10.0000       0.4536E-003
     24.3750     -8.7500       0.5635E-003
     24.3750     -7.5000       0.7027E-003
     24.3750     -6.2500       0.8447E-003
     24.3750     -5.0000       0.9550E-003
     24.3750     -3.7500       0.1026E-002
     24.3750     -2.5000       0.1076E-002
     24.3750     -1.2500       0.1104E-002
     24.3750      0.0000       0.1076E-002
     24.3750      1.2500       0.9690E-003
     24.3750      2.5000       0.8079E-003
     24.3750      3.7500       0.6352E-003
     24.3750      5.0000       0.4729E-003
     24.3750      6.2500       0.3356E-003
     24.3750      7.5000       0.2477E-003
     24.3750      8.7500       0.2292E-003
     24.3750     10.0000       0.2585E-003
     24.3750     11.2500       0.2805E-003
     24.3750     12.5000       0.2517E-003
     24.3750     13.7500       0.1707E-003
     24.3750     15.0000       0.7332E-004
     24.3750     16.2500       0.1175E-004
     24.3750     17.5000       0.1444E-006
     24.3750     18.7500       0.1506E-010

     25.3125    -20.0000       0.1538E-010
     25.3125    -18.7500       0.1502E-010
     25.3125    -17.5000       0.1295E-006
     25.3125    -16.2500       0.1136E-004
     25.3125    -15.0000       0.8017E-004
     25.3125    -13.7500       0.2193E-003
     25.3125    -12.5000       0.4035E-003
     25.3125    -11.2500       0.6106E-003
     25.3125    -10.0000       0.8301E-003
     25.3125     -8.7500       0.1047E-002
     25.3125     -7.5000       0.1228E-002
     25.3125     -6.2500       0.1311E-002
     25.3125     -5.0000       0.1272E-002
     25.3125     -3.7500       0.1143E-002
     25.3125     -2.5000       0.9855E-003
     25.3125     -1.2500       0.8317E-003
     25.3125      0.0000       0.6687E-003
     25.3125      1.2500       0.4850E-003
     25.3125      2.5000       0.2982E-003
     25.3125      3.7500       0.1403E-003
     25.3125      5.0000       0.3627E-004
     25.3125      6.2500       0.6294E-005
     25.3125      7.5000       0.6280E-004
     25.3125      8.7500       0.1910E-003
     25.3125     10.0000       0.3304E-003
     25.3125     11.2500       0.4048E-003
     25.3125     12.5000       0.3732E-003
     25.3125     13.7500       0.2520E-003
     25.3125     15.0000       0.1061E-003
     25.3125     16.2500       0.1650E-004
     25.3125     17.5000       0.1977E-006
     25.3125     18.7500       0.1299E-010

     26.2500    -20.0000       0.5489E-011
     26.2500    -18.7500       0.1288E-010
     26.2500    -17.5000       0.1762E-006
     26.2500    -16.2500       0.1602E-004
     26.2500    -15.0000       0.1145E-003
     26.2500    -13.7500       0.3121E-003
     26.2500    -12.5000       0.5609E-003
     26.2500    -11.2500       0.8132E-003
     26.2500    -10.0000       0.1038E-002
     26.2500     -8.7500       0.1203E-002
     26.2500     -7.5000       0.1277E-002
     26.2500     -6.2500       0.1215E-002
     26.2500     -5.0000       0.1027E-002
     26.2500     -3.7500       0.7702E-003
     26.2500     -2.5000       0.5186E-003
     26.2500     -1.2500       0.3147E-003
     26.2500      0.0000       0.1640E-003
     26.2500      1.2500       0.6441E-004
     26.2500      2.5000       0.2242E-004
     26.2500      3.7500       0.4650E-004
     26.2500      5.0000       0.1356E-003
     26.2500      6.2500       0.2744E-003
     26.2500      7.5000       0.4373E-003
     26.2500      8.7500       0.5868E-003
     26.2500     10.0000       0.6777E-003
     26.2500     11.2500       0.6651E-003
     26.2500     12.5000       0.5390E-003
     26.2500     13.7500       0.3357E-003
     26.2500     15.0000       0.1332E-003
     26.2500     16.2500       0.1973E-004
     26.2500     17.5000       0.2281E-006
     26.2500     18.7500       0.1044E-010

     27.1875    -20.0000       0.4295E-011
     27.1875    -18.7500       0.1111E-010
     27.1875    -17.5000       0.2170E-006
     27.1875    -16.2500       0.1959E-004
     27.1875    -15.0000       0.1358E-003
     27.1875    -13.7500       0.3539E-003
     27.1875    -12.5000       0.5960E-003
     27.1875    -11.2500       0.7887E-003
     27.1875    -10.0000       0.8924E-003
     27.1875     -8.7500       0.8937E-003
     27.1875     -7.5000       0.8058E-003
     27.1875     -6.2500       0.6411E-003
     27.1875     -5.0000       0.4365E-003
     27.1875     -3.7500       0.2377E-003
     27.1875     -2.5000       0.8937E-004
     27.1875     -1.2500       0.1263E-004
     27.1875      0.0000       0.1078E-004
     27.1875      1.2500       0.8172E-004
     27.1875      2.5000       0.2263E-003
     27.1875      3.7500       0.4375E-003
     27.1875      5.0000       0.6823E-003
     27.1875      6.2500       0.9007E-003
     27.1875      7.5000       0.1037E-002
     27.1875      8.7500       0.1064E-002
     27.1875     10.0000       0.9913E-003
     27.1875     11.2500       0.8299E-003
     27.1875     12.5000       0.6018E-003
     27.1875     13.7500       0.3475E-003
     27.1875     15.0000       0.1306E-003
     27.1875     16.2500       0.1857E-004
     27.1875     17.5000       0.2086E-006
     27.1875     18.7500       0.9219E-011

     28.1250    -20.0000       0.1349E-010
     28.1250    -18.7500       0.1042E-010
     28.1250    -17.5000       0.2157E-006
     28.1250    -16.2500       0.1889E-004
     28.1250    -15.0000       0.1250E-003
     28.1250    -13.7500       0.3076E-003
     28.1250    -12.5000       0.4776E-003
     28.1250    -11.2500       0.5590E-003
     28.1250    -10.0000       0.5228E-003
     28.1250     -8.7500       0.3928E-003
     28.1250     -7.5000       0.2323E-003
     28.1250     -6.2500       0.9912E-004
     28.1250     -5.0000       0.2522E-004
     28.1250     -3.7500       0.1954E-004
     28.1250     -2.5000       0.8015E-004
     28.1250     -1.2500       0.1947E-003
     28.1250      0.0000       0.3457E-003
     28.1250      1.2500       0.5215E-003
     28.1250      2.5000       0.7281E-003
     28.1250      3.7500       0.9649E-003
     28.1250      5.0000       0.1190E-002
     28.1250      6.2500       0.1328E-002
     28.1250      7.5000       0.1329E-002
     28.1250      8.7500       0.1199E-002
     28.1250     10.0000       0.9929E-003
     28.1250     11.2500       0.7531E-003
     28.1250     12.5000       0.5059E-003
     28.1250     13.7500       0.2769E-003
     28.1250     15.0000       0.1006E-003
     28.1250     16.2500       0.1405E-004
     28.1250     17.5000       0.1565E-006
     28.1250     18.7500       0.9472E-011

     29.0625    -20.0000       0.2545E-010
     29.0625    -18.7500       0.9992E-011
     29.0625    -17.5000       0.1736E-006
     29.0625    -16.2500       0.1454E-004
     29.0625    -15.0000       0.9179E-004
     29.0625    -13.7500       0.2143E-003
     29.0625    -12.5000       0.3108E-003
     29.0625    -11.2500       0.3279E-003
     29.0625    -10.0000       0.2575E-003
     29.0625     -8.7500       0.1459E-003
     29.0625     -7.5000       0.6701E-004
     29.0625     -6.2500       0.7160E-004
     29.0625     -5.0000       0.1598E-003
     29.0625     -3.7500       0.3102E-003
     29.0625     -2.5000       0.4991E-003
     29.0625     -1.2500       0.6986E-003
     29.0625      0.0000       0.8703E-003
     29.0625      1.2500       0.9922E-003
     29.0625      2.5000       0.1081E-002
     29.0625      3.7500       0.1160E-002
     29.0625      5.0000       0.1207E-002
     29.0625      6.2500       0.1178E-002
     29.0625      7.5000       0.1055E-002
     29.0625      8.7500       0.8720E-003
     29.0625     10.0000       0.6811E-003
     29.0625     11.2500       0.5027E-003
     29.0625     12.5000       0.3364E-003
     29.0625     13.7500       0.1866E-003
     29.0625     15.0000       0.6981E-004
     29.0625     16.2500       0.1019E-004
     29.0625     17.5000       0.1182E-006
     29.0625     18.7500       0.9732E-011

