    -30.0000    -20.0000       0.2032E-010
    -30.0000    -18.7500       0.3469E-011
    -30.0000    -17.5000       0.1637E-006
    -30.0000    -16.2500       0.1486E-004
    -30.0000    -15.0000       0.1090E-003
    -30.0000    -13.7500       0.3056E-003
    -30.0000    -12.5000       0.5580E-003
    -30.0000    -11.2500       0.8079E-003
    -30.0000    -10.0000       0.9941E-003
    -30.0000     -8.7500       0.1057E-002
    -30.0000     -7.5000       0.9668E-003
    -30.0000     -6.2500       0.7555E-003
    -30.0000     -5.0000       0.4996E-003
    -30.0000     -3.7500       0.2797E-003
    -30.0000     -2.5000       0.1382E-003
    -30.0000     -1.2500       0.7060E-004
    -30.0000      0.0000       0.5244E-004
    -30.0000      1.2500       0.7060E-004
    -30.0000      2.5000       0.1382E-003
    -30.0000      3.7500       0.2797E-003
    -30.0000      5.0000       0.4996E-003
    -30.0000      6.2500       0.7555E-003
    -30.0000      7.5000       0.9668E-003
    -30.0000      8.7500       0.1057E-002
    -30.0000     10.0000       0.9941E-003
    -30.0000     11.2500       0.8079E-003
    -30.0000     12.5000       0.5580E-003
    -30.0000     13.7500       0.3056E-003
    -30.0000     15.0000       0.1090E-003
    -30.0000     16.2500       0.1486E-004
    -30.0000     17.5000       0.1637E-006
    -30.0000     18.7500       0.3469E-011

    -29.0625    -20.0000       0.1716E-010
    -29.0625    -18.7500       0.7804E-011
    -29.0625    -17.5000       0.2854E-007
    -29.0625    -16.2500       0.2543E-005
    -29.0625    -15.0000       0.1827E-004
    -29.0625    -13.7500       0.4979E-004
    -29.0625    -12.5000       0.8912E-004
    -29.0625    -11.2500       0.1300E-003
    -29.0625    -10.0000       0.1648E-003
    -29.0625     -8.7500       0.1785E-003
    -29.0625     -7.5000       0.1614E-003
    -29.0625     -6.2500       0.1213E-003
    -29.0625     -5.0000       0.7577E-004
    -29.0625     -3.7500       0.4022E-004
    -29.0625     -2.5000       0.2198E-004
    -29.0625     -1.2500       0.2052E-004
    -29.0625      0.0000       0.4081E-004
    -29.0625      1.2500       0.1059E-003
    -29.0625      2.5000       0.2584E-003
    -29.0625      3.7500       0.5375E-003
    -29.0625      5.0000       0.9443E-003
    -29.0625      6.2500       0.1403E-002
    -29.0625      7.5000       0.1774E-002
    -29.0625      8.7500       0.1932E-002
    -29.0625     10.0000       0.1830E-002
    -29.0625     11.2500       0.1501E-002
    -29.0625     12.5000       0.1039E-002
    -29.0625     13.7500       0.5652E-003
    -29.0625     15.0000       0.1999E-003
    -29.0625     16.2500       0.2708E-004
    -29.0625     17.5000       0.2930E-006
    -29.0625     18.7500       0.3403E-011

    -28.1250    -20.0000       0.1045E-010
    -28.1250    -18.7500       0.1045E-010
    -28.1250    -17.5000       0.1137E-007
    -28.1250    -16.2500       0.1087E-005
    -28.1250    -15.0000       0.8421E-005
    -28.1250    -13.7500       0.2546E-004
    -28.1250    -12.5000       0.4953E-004
    -28.1250    -11.2500       0.7115E-004
    -28.1250    -10.0000       0.8093E-004
    -28.1250     -8.7500       0.8105E-004
    -28.1250     -7.5000       0.7592E-004
    -28.1250     -6.2500       0.6534E-004
    -28.1250     -5.0000       0.5004E-004
    -28.1250     -3.7500       0.3233E-004
    -28.1250     -2.5000       0.1299E-004
    -28.1250     -1.2500       0.2138E-006
    -28.1250      0.0000       0.1621E-004
    -28.1250      1.2500       0.9500E-004
    -28.1250      2.5000       0.2758E-003
    -28.1250      3.7500       0.5848E-003
    -28.1250      5.0000       0.1015E-002
    -28.1250      6.2500       0.1489E-002
    -28.1250      7.5000       0.1868E-002
    -28.1250      8.7500       0.2030E-002
    -28.1250     10.0000       0.1931E-002
    -28.1250     11.2500       0.1594E-002
    -28.1250     12.5000       0.1105E-002
    -28.1250     13.7500       0.5981E-003
    -28.1250     15.0000       0.2102E-003
    -28.1250     16.2500       0.2836E-004
    -28.1250     17.5000       0.3027E-006
    -28.1250     18.7500       0.1337E-010

    -27.1875    -20.0000       0.4233E-011
    -27.1875    -18.7500       0.1056E-010
    -27.1875    -17.5000       0.1273E-006
    -27.1875    -16.2500       0.1178E-004
    -27.1875    -15.0000       0.8820E-004
    -27.1875    -13.7500       0.2543E-003
    -27.1875    -12.5000       0.4746E-003
    -27.1875    -11.2500       0.6840E-003
    -27.1875    -10.0000       0.8175E-003
    -27.1875     -8.7500       0.8516E-003
    -27.1875     -7.5000       0.7869E-003
    -27.1875     -6.2500       0.6376E-003
    -27.1875     -5.0000       0.4454E-003
    -27.1875     -3.7500       0.2631E-003
    -27.1875     -2.5000       0.1192E-003
    -27.1875     -1.2500       0.2774E-004
    -27.1875      0.0000       0.5096E-006
    -27.1875      1.2500       0.4768E-004
    -27.1875      2.5000       0.1749E-003
    -27.1875      3.7500       0.3795E-003
    -27.1875      5.0000       0.6495E-003
    -27.1875      6.2500       0.9378E-003
    -27.1875      7.5000       0.1166E-002
    -27.1875      8.7500       0.1263E-002
    -27.1875     10.0000       0.1208E-002
    -27.1875     11.2500       0.1005E-002
    -27.1875     12.5000       0.6975E-003
    -27.1875     13.7500       0.3752E-003
    -27.1875     15.0000       0.1308E-003
    -27.1875     16.2500       0.1755E-004
    -27.1875     17.5000       0.1843E-006
    -27.1875     18.7500       0.2911E-010

    -26.2500    -20.0000       0.1395E-011
    -26.2500    -18.7500       0.1070E-010
    -26.2500    -17.5000       0.2732E-006
    -26.2500    -16.2500       0.2512E-004
    -26.2500    -15.0000       0.1866E-003
    -26.2500    -13.7500       0.5326E-003
    -26.2500    -12.5000       0.9856E-003
    -26.2500    -11.2500       0.1422E-002
    -26.2500    -10.0000       0.1717E-002
    -26.2500     -8.7500       0.1802E-002
    -26.2500     -7.5000       0.1660E-002
    -26.2500     -6.2500       0.1328E-002
    -26.2500     -5.0000       0.9096E-003
    -26.2500     -3.7500       0.5271E-003
    -26.2500     -2.5000       0.2462E-003
    -26.2500     -1.2500       0.7862E-004
    -26.2500      0.0000       0.7659E-005
    -26.2500      1.2500       0.5939E-005
    -26.2500      2.5000       0.4534E-004
    -26.2500      3.7500       0.1039E-003
    -26.2500      5.0000       0.1714E-003
    -26.2500      6.2500       0.2379E-003
    -26.2500      7.5000       0.2885E-003
    -26.2500      8.7500       0.3103E-003
    -26.2500     10.0000       0.3018E-003
    -26.2500     11.2500       0.2562E-003
    -26.2500     12.5000       0.1782E-003
    -26.2500     13.7500       0.9420E-004
    -26.2500     15.0000       0.3220E-004
    -26.2500     16.2500       0.4258E-005
    -26.2500     17.5000       0.4298E-007
    -26.2500     18.7500       0.4071E-010

    -25.3125    -20.0000       0.1692E-011
    -25.3125    -18.7500       0.1394E-010
    -25.3125    -17.5000       0.3194E-006
    -25.3125    -16.2500       0.2925E-004
    -25.3125    -15.0000       0.2163E-003
    -25.3125    -13.7500       0.6131E-003
    -25.3125    -12.5000       0.1129E-002
    -25.3125    -11.2500       0.1630E-002
    -25.3125    -10.0000       0.1982E-002
    -25.3125     -8.7500       0.2090E-002
    -25.3125     -7.5000       0.1920E-002
    -25.3125     -6.2500       0.1523E-002
    -25.3125     -5.0000       0.1031E-002
    -25.3125     -3.7500       0.5899E-003
    -25.3125     -2.5000       0.2811E-003
    -25.3125     -1.2500       0.1076E-003
    -25.3125      0.0000       0.3131E-004
    -25.3125      1.2500       0.6897E-005
    -25.3125      2.5000       0.2326E-005
    -25.3125      3.7500       0.3120E-005
    -25.3125      5.0000       0.6322E-005
    -25.3125      6.2500       0.1191E-004
    -25.3125      7.5000       0.1780E-004
    -25.3125      8.7500       0.2064E-004
    -25.3125     10.0000       0.1825E-004
    -25.3125     11.2500       0.1335E-004
    -25.3125     12.5000       0.8781E-005
    -25.3125     13.7500       0.5125E-005
    -25.3125     15.0000       0.2049E-005
    -25.3125     16.2500       0.3033E-006
    -25.3125     17.5000       0.4189E-008
    -25.3125     18.7500       0.4043E-010

    -24.3750    -20.0000       0.2632E-011
    -24.3750    -18.7500       0.2033E-010
    -24.3750    -17.5000       0.2247E-006
    -24.3750    -16.2500       0.2050E-004
    -24.3750    -15.0000       0.1508E-003
    -24.3750    -13.7500       0.4246E-003
    -24.3750    -12.5000       0.7775E-003
    -24.3750    -11.2500       0.1125E-002
    -24.3750    -10.0000       0.1378E-002
    -24.3750     -8.7500       0.1460E-002
    -24.3750     -7.5000       0.1338E-002
    -24.3750     -6.2500       0.1052E-002
    -24.3750     -5.0000       0.7012E-003
    -24.3750     -3.7500       0.3958E-003
    -24.3750     -2.5000       0.1929E-003
    -24.3750     -1.2500       0.8899E-004
    -24.3750      0.0000       0.5043E-004
    -24.3750      1.2500       0.4970E-004
    -24.3750      2.5000       0.8412E-004
    -24.3750      3.7500       0.1669E-003
    -24.3750      5.0000       0.3015E-003
    -24.3750      6.2500       0.4618E-003
    -24.3750      7.5000       0.5957E-003
    -24.3750      8.7500       0.6529E-003
    -24.3750     10.0000       0.6114E-003
    -24.3750     11.2500       0.4938E-003
    -24.3750     12.5000       0.3405E-003
    -24.3750     13.7500       0.1873E-003
    -24.3750     15.0000       0.6721E-004
    -24.3750     16.2500       0.9201E-005
    -24.3750     17.5000       0.1024E-006
    -24.3750     18.7500       0.2897E-010

    -23.4375    -20.0000       0.2213E-011
    -23.4375    -18.7500       0.2624E-010
    -23.4375    -17.5000       0.7337E-007
    -23.4375    -16.2500       0.6642E-005
    -23.4375    -15.0000       0.4834E-004
    -23.4375    -13.7500       0.1341E-003
    -23.4375    -12.5000       0.2430E-003
    -23.4375    -11.2500       0.3528E-003
    -23.4375    -10.0000       0.4390E-003
    -23.4375     -8.7500       0.4702E-003
    -23.4375     -7.5000       0.4283E-003
    -23.4375     -6.2500       0.3298E-003
    -23.4375     -5.0000       0.2134E-003
    -23.4375     -3.7500       0.1170E-003
    -23.4375     -2.5000       0.5998E-004
    -23.4375     -1.2500       0.3927E-004
    -23.4375      0.0000       0.4804E-004
    -23.4375      1.2500       0.9629E-004
    -23.4375      2.5000       0.2179E-003
    -23.4375      3.7500       0.4493E-003
    -23.4375      5.0000       0.7937E-003
    -23.4375      6.2500       0.1186E-002
    -23.4375      7.5000       0.1506E-002
    -23.4375      8.7500       0.1642E-002
    -23.4375     10.0000       0.1551E-002
    -23.4375     11.2500       0.1269E-002
    -23.4375     12.5000       0.8775E-003
    -23.4375     13.7500       0.4785E-003
    -23.4375     15.0000       0.1697E-003
    -23.4375     16.2500       0.2304E-004
    -23.4375     17.5000       0.2502E-006
    -23.4375     18.7500       0.1478E-010

    -22.5000    -20.0000       0.9790E-012
    -22.5000    -18.7500       0.2704E-010
    -22.5000    -17.5000       0.1996E-010
    -22.5000    -16.2500       0.1359E-008
    -22.5000    -15.0000       0.1139E-008
    -22.5000    -13.7500       0.6113E-007
    -22.5000    -12.5000       0.5592E-006
    -22.5000    -11.2500       0.1089E-005
    -22.5000    -10.0000       0.8325E-006
    -22.5000     -8.7500       0.3372E-006
    -22.5000     -7.5000       0.5164E-007
    -22.5000     -6.2500       0.2372E-006
    -22.5000     -5.0000       0.9960E-006
    -22.5000     -3.7500       0.1460E-005
    -22.5000     -2.5000       0.4739E-006
    -22.5000     -1.2500       0.2647E-005
    -22.5000      0.0000       0.2625E-004
    -22.5000      1.2500       0.1053E-003
    -22.5000      2.5000       0.2848E-003
    -22.5000      3.7500       0.5995E-003
    -22.5000      5.0000       0.1046E-002
    -22.5000      6.2500       0.1541E-002
    -22.5000      7.5000       0.1940E-002
    -22.5000      8.7500       0.2110E-002
    -22.5000     10.0000       0.2003E-002
    -22.5000     11.2500       0.1649E-002
    -22.5000     12.5000       0.1143E-002
    -22.5000     13.7500       0.6199E-003
    -22.5000     15.0000       0.2184E-003
    -22.5000     16.2500       0.2952E-004
    -22.5000     17.5000       0.3161E-006
    -22.5000     18.7500       0.6918E-011

    -21.5625    -20.0000       0.1496E-011
    -21.5625    -18.7500       0.2107E-010
    -21.5625    -17.5000       0.6993E-007
    -21.5625    -16.2500       0.6476E-005
    -21.5625    -15.0000       0.4878E-004
    -21.5625    -13.7500       0.1418E-003
    -21.5625    -12.5000       0.2665E-003
    -21.5625    -11.2500       0.3838E-003
    -21.5625    -10.0000       0.4548E-003
    -21.5625     -8.7500       0.4707E-003
    -21.5625     -7.5000       0.4361E-003
    -21.5625     -6.2500       0.3571E-003
    -21.5625     -5.0000       0.2534E-003
    -21.5625     -3.7500       0.1521E-003
    -21.5625     -2.5000       0.6733E-004
    -21.5625     -1.2500       0.1170E-004
    -21.5625      0.0000       0.4435E-005
    -21.5625      1.2500       0.6865E-004
    -21.5625      2.5000       0.2254E-003
    -21.5625      3.7500       0.4841E-003
    -21.5625      5.0000       0.8340E-003
    -21.5625      6.2500       0.1213E-002
    -21.5625      7.5000       0.1514E-002
    -21.5625      8.7500       0.1642E-002
    -21.5625     10.0000       0.1567E-002
    -21.5625     11.2500       0.1299E-002
    -21.5625     12.5000       0.9011E-003
    -21.5625     13.7500       0.4862E-003
    -21.5625     15.0000       0.1701E-003
    -21.5625     16.2500       0.2288E-004
    -21.5625     17.5000       0.2416E-006
    -21.5625     18.7500       0.7849E-011

    -20.6250    -20.0000       0.5723E-011
    -20.6250    -18.7500       0.1140E-010
    -20.6250    -17.5000       0.2211E-006
    -20.6250    -16.2500       0.2031E-004
    -20.6250    -15.0000       0.1513E-003
    -20.6250    -13.7500       0.4331E-003
    -20.6250    -12.5000       0.8036E-003
    -20.6250    -11.2500       0.1159E-002
    -20.6250    -10.0000       0.1395E-002
    -20.6250     -8.7500       0.1461E-002
    -20.6250     -7.5000       0.1347E-002
    -20.6250     -6.2500       0.1082E-002
    -20.6250     -5.0000       0.7456E-003
    -20.6250     -3.7500       0.4347E-003
    -20.6250     -2.5000       0.2011E-003
    -20.6250     -1.2500       0.5837E-004
    -20.6250      0.0000       0.1985E-005
    -20.6250      1.2500       0.1898E-004
    -20.6250      2.5000       0.9246E-004
    -20.6250      3.7500       0.2056E-003
    -20.6250      5.0000       0.3463E-003
    -20.6250      6.2500       0.4917E-003
    -20.6250      7.5000       0.6048E-003
    -20.6250      8.7500       0.6532E-003
    -20.6250     10.0000       0.6292E-003
    -20.6250     11.2500       0.5280E-003
    -20.6250     12.5000       0.3667E-003
    -20.6250     13.7500       0.1958E-003
    -20.6250     15.0000       0.6770E-004
    -20.6250     16.2500       0.9026E-005
    -20.6250     17.5000       0.9286E-007
    -20.6250     18.7500       0.1234E-010

    -19.6875    -20.0000       0.1270E-010
    -19.6875    -18.7500       0.3544E-011
    -19.6875    -17.5000       0.3192E-006
    -19.6875    -16.2500       0.2920E-004
    -19.6875    -15.0000       0.2164E-003
    -19.6875    -13.7500       0.6149E-003
    -19.6875    -12.5000       0.1134E-002
    -19.6875    -11.2500       0.1637E-002
    -19.6875    -10.0000       0.1985E-002
    -19.6875     -8.7500       0.2090E-002
    -19.6875     -7.5000       0.1922E-002
    -19.6875     -6.2500       0.1530E-002
    -19.6875     -5.0000       0.1040E-002
    -19.6875     -3.7500       0.5981E-003
    -19.6875     -2.5000       0.2828E-003
    -19.6875     -1.2500       0.1012E-003
    -19.6875      0.0000       0.2108E-004
    -19.6875      1.2500       0.4089E-006
    -19.6875      2.5000       0.4088E-005
    -19.6875      3.7500       0.1130E-004
    -19.6875      5.0000       0.1579E-004
    -19.6875      6.2500       0.1825E-004
    -19.6875      7.5000       0.1971E-004
    -19.6875      8.7500       0.2071E-004
    -19.6875     10.0000       0.2202E-004
    -19.6875     11.2500       0.2059E-004
    -19.6875     12.5000       0.1433E-004
    -19.6875     13.7500       0.6925E-005
    -19.6875     15.0000       0.2153E-005
    -19.6875     16.2500       0.2665E-006
    -19.6875     17.5000       0.2204E-008
    -19.6875     18.7500       0.1313E-010

    -18.7500    -20.0000       0.1874E-010
    -18.7500    -18.7500       0.1356E-011
    -18.7500    -17.5000       0.2771E-006
    -18.7500    -16.2500       0.2526E-004
    -18.7500    -15.0000       0.1863E-003
    -18.7500    -13.7500       0.5260E-003
    -18.7500    -12.5000       0.9656E-003
    -18.7500    -11.2500       0.1396E-002
    -18.7500    -10.0000       0.1704E-002
    -18.7500     -8.7500       0.1802E-002
    -18.7500     -7.5000       0.1653E-002
    -18.7500     -6.2500       0.1305E-002
    -18.7500     -5.0000       0.8756E-003
    -18.7500     -3.7500       0.4974E-003
    -18.7500     -2.5000       0.2399E-003
    -18.7500     -1.2500       0.1021E-003
    -18.7500      0.0000       0.4474E-004
    -18.7500      1.2500       0.2945E-004
    -18.7500      2.5000       0.3895E-004
    -18.7500      3.7500       0.7432E-004
    -18.7500      5.0000       0.1371E-003
    -18.7500      6.2500       0.2149E-003
    -18.7500      7.5000       0.2815E-003
    -18.7500      8.7500       0.3101E-003
    -18.7500     10.0000       0.2881E-003
    -18.7500     11.2500       0.2300E-003
    -18.7500     12.5000       0.1581E-003
    -18.7500     13.7500       0.8769E-004
    -18.7500     15.0000       0.3182E-004
    -18.7500     16.2500       0.4391E-005
    -18.7500     17.5000       0.5028E-007
    -18.7500     18.7500       0.8173E-011

    -17.8125    -20.0000       0.2012E-010
    -17.8125    -18.7500       0.4307E-011
    -17.8125    -17.5000       0.1322E-006
    -17.8125    -16.2500       0.1198E-004
    -17.8125    -15.0000       0.8768E-004
    -17.8125    -13.7500       0.2452E-003
    -17.8125    -12.5000       0.4469E-003
    -17.8125    -11.2500       0.6474E-003
    -17.8125    -10.0000       0.7989E-003
    -17.8125     -8.7500       0.8509E-003
    -17.8125     -7.5000       0.7776E-003
    -17.8125     -6.2500       0.6055E-003
    -17.8125     -5.0000       0.3982E-003
    -17.8125     -3.7500       0.2218E-003
    -17.8125     -2.5000       0.1106E-003
    -17.8125     -1.2500       0.6026E-004
    -17.8125      0.0000       0.5194E-004
    -17.8125      1.2500       0.8029E-004
    -17.8125      2.5000       0.1660E-003
    -17.8125      3.7500       0.3385E-003
    -17.8125      5.0000       0.6019E-003
    -17.8125      6.2500       0.9061E-003
    -17.8125      7.5000       0.1156E-002
    -17.8125      8.7500       0.1262E-002
    -17.8125     10.0000       0.1190E-002
    -17.8125     11.2500       0.9690E-003
    -17.8125     12.5000       0.6697E-003
    -17.8125     13.7500       0.3662E-003
    -17.8125     15.0000       0.1303E-003
    -17.8125     16.2500       0.1773E-004
    -17.8125     17.5000       0.1945E-006
    -17.8125     18.7500       0.2749E-011

    -16.8750    -20.0000       0.1598E-010
    -16.8750    -18.7500       0.8552E-011
    -16.8750    -17.5000       0.1322E-007
    -16.8750    -16.2500       0.1162E-005
    -16.8750    -15.0000       0.8219E-005
    -16.8750    -13.7500       0.2191E-004
    -16.8750    -12.5000       0.3870E-004
    -16.8750    -11.2500       0.5687E-004
    -16.8750    -10.0000       0.7365E-004
    -16.8750     -8.7500       0.8079E-004
    -16.8750     -7.5000       0.7231E-004
    -16.8750     -6.2500       0.5277E-004
    -16.8750     -5.0000       0.3160E-004
    -16.8750     -3.7500       0.1619E-004
    -16.8750     -2.5000       0.9606E-005
    -16.8750     -1.2500       0.1290E-004
    -16.8750      0.0000       0.3628E-004
    -16.8750      1.2500       0.1077E-003
    -16.8750      2.5000       0.2723E-003
    -16.8750      3.7500       0.5688E-003
    -16.8750      5.0000       0.9966E-003
    -16.8750      6.2500       0.1476E-002
    -16.8750      7.5000       0.1864E-002
    -16.8750      8.7500       0.2030E-002
    -16.8750     10.0000       0.1923E-002
    -16.8750     11.2500       0.1580E-002
    -16.8750     12.5000       0.1094E-002
    -16.8750     13.7500       0.5946E-003
    -16.8750     15.0000       0.2100E-003
    -16.8750     16.2500       0.2843E-004
    -16.8750     17.5000       0.3067E-006
    -16.8750     18.7500       0.4604E-011

    -15.9375    -20.0000       0.9036E-011
    -15.9375    -18.7500       0.1063E-010
    -15.9375    -17.5000       0.2584E-007
    -15.9375    -16.2500       0.2433E-005
    -15.9375    -15.0000       0.1856E-004
    -15.9375    -13.7500       0.5494E-004
    -15.9375    -12.5000       0.1048E-003
    -15.9375    -11.2500       0.1507E-003
    -15.9375    -10.0000       0.1754E-003
    -15.9375     -8.7500       0.1789E-003
    -15.9375     -7.5000       0.1666E-003
    -15.9375     -6.2500       0.1396E-003
    -15.9375     -5.0000       0.1025E-003
    -15.9375     -3.7500       0.6366E-004
    -15.9375     -2.5000       0.2689E-004
    -15.9375     -1.2500       0.2096E-005
    -15.9375      0.0000       0.1168E-004
    -15.9375      1.2500       0.8738E-004
    -15.9375      2.5000       0.2634E-003
    -15.9375      3.7500       0.5608E-003
    -15.9375      5.0000       0.9712E-003
    -15.9375      6.2500       0.1420E-002
    -15.9375      7.5000       0.1780E-002
    -15.9375      8.7500       0.1933E-002
    -15.9375     10.0000       0.1840E-002
    -15.9375     11.2500       0.1521E-002
    -15.9375     12.5000       0.1054E-002
    -15.9375     13.7500       0.5703E-003
    -15.9375     15.0000       0.2002E-003
    -15.9375     16.2500       0.2698E-004
    -15.9375     17.5000       0.2872E-006
    -15.9375     18.7500       0.1633E-010

    -15.0000    -20.0000       0.3355E-011
    -15.0000    -18.7500       0.1047E-010
    -15.0000    -17.5000       0.1587E-006
    -15.0000    -16.2500       0.1466E-004
    -15.0000    -15.0000       0.1095E-003
    -15.0000    -13.7500       0.3149E-003
    -15.0000    -12.5000       0.5863E-003
    -15.0000    -11.2500       0.8452E-003
    -15.0000    -10.0000       0.1013E-002
    -15.0000     -8.7500       0.1057E-002
    -15.0000     -7.5000       0.9762E-003
    -15.0000     -6.2500       0.7883E-003
    -15.0000     -5.0000       0.5477E-003
    -15.0000     -3.7500       0.3219E-003
    -15.0000     -2.5000       0.1470E-003
    -15.0000     -1.2500       0.3745E-004
    -15.0000      0.0000       0.2434E-010
    -15.0000      1.2500       0.3735E-004
    -15.0000      2.5000       0.1472E-003
    -15.0000      3.7500       0.3216E-003
    -15.0000      5.0000       0.5481E-003
    -15.0000      6.2500       0.7879E-003
    -15.0000      7.5000       0.9766E-003
    -15.0000      8.7500       0.1057E-002
    -15.0000     10.0000       0.1013E-002
    -15.0000     11.2500       0.8450E-003
    -15.0000     12.5000       0.5864E-003
    -15.0000     13.7500       0.3148E-003
    -15.0000     15.0000       0.1095E-003
    -15.0000     16.2500       0.1467E-004
    -15.0000     17.5000       0.1534E-006
    -15.0000     18.7500       0.3210E-010

    -14.0625    -20.0000       0.1265E-011
    -14.0625    -18.7500       0.1104E-010
    -14.0625    -17.5000       0.2936E-006
    -14.0625    -16.2500       0.2697E-004
    -14.0625    -15.0000       0.2002E-003
    -14.0625    -13.7500       0.5704E-003
    -14.0625    -12.5000       0.1054E-002
    -14.0625    -11.2500       0.1521E-002
    -14.0625    -10.0000       0.1840E-002
    -14.0625     -8.7500       0.1933E-002
    -14.0625     -7.5000       0.1779E-002
    -14.0625     -6.2500       0.1421E-002
    -14.0625     -5.0000       0.9708E-003
    -14.0625     -3.7500       0.5611E-003
    -14.0625     -2.5000       0.2632E-003
    -14.0625     -1.2500       0.8752E-004
    -14.0625      0.0000       0.1163E-004
    -14.0625      1.2500       0.2077E-005
    -14.0625      2.5000       0.2696E-004
    -14.0625      3.7500       0.6355E-004
    -14.0625      5.0000       0.1027E-003
    -14.0625      6.2500       0.1394E-003
    -14.0625      7.5000       0.1668E-003
    -14.0625      8.7500       0.1788E-003
    -14.0625     10.0000       0.1755E-003
    -14.0625     11.2500       0.1507E-003
    -14.0625     12.5000       0.1049E-003
    -14.0625     13.7500       0.5492E-004
    -14.0625     15.0000       0.1857E-004
    -14.0625     16.2500       0.2436E-005
    -14.0625     17.5000       0.2407E-007
    -14.0625     18.7500       0.4172E-010

    -13.1250    -20.0000       0.1918E-011
    -13.1250    -18.7500       0.1503E-010
    -13.1250    -17.5000       0.3107E-006
    -13.1250    -16.2500       0.2842E-004
    -13.1250    -15.0000       0.2100E-003
    -13.1250    -13.7500       0.5947E-003
    -13.1250    -12.5000       0.1094E-002
    -13.1250    -11.2500       0.1580E-002
    -13.1250    -10.0000       0.1923E-002
    -13.1250     -8.7500       0.2030E-002
    -13.1250     -7.5000       0.1864E-002
    -13.1250     -6.2500       0.1477E-002
    -13.1250     -5.0000       0.9964E-003
    -13.1250     -3.7500       0.5690E-003
    -13.1250     -2.5000       0.2722E-003
    -13.1250     -1.2500       0.1078E-003
    -13.1250      0.0000       0.3623E-004
    -13.1250      1.2500       0.1294E-004
    -13.1250      2.5000       0.9575E-005
    -13.1250      3.7500       0.1623E-004
    -13.1250      5.0000       0.3155E-004
    -13.1250      6.2500       0.5282E-004
    -13.1250      7.5000       0.7226E-004
    -13.1250      8.7500       0.8084E-004
    -13.1250     10.0000       0.7360E-004
    -13.1250     11.2500       0.5690E-004
    -13.1250     12.5000       0.3868E-004
    -13.1250     13.7500       0.2192E-004
    -13.1250     15.0000       0.8218E-005
    -13.1250     16.2500       0.1161E-005
    -13.1250     17.5000       0.1412E-007
    -13.1250     18.7500       0.3884E-010

    -12.1875    -20.0000       0.2681E-011
    -12.1875    -18.7500       0.2171E-010
    -12.1875    -17.5000       0.1946E-006
    -12.1875    -16.2500       0.1773E-004
    -12.1875    -15.0000       0.1303E-003
    -12.1875    -13.7500       0.3662E-003
    -12.1875    -12.5000       0.6697E-003
    -12.1875    -11.2500       0.9691E-003
    -12.1875    -10.0000       0.1189E-002
    -12.1875     -8.7500       0.1262E-002
    -12.1875     -7.5000       0.1156E-002
    -12.1875     -6.2500       0.9061E-003
    -12.1875     -5.0000       0.6019E-003
    -12.1875     -3.7500       0.3385E-003
    -12.1875     -2.5000       0.1660E-003
    -12.1875     -1.2500       0.8030E-004
    -12.1875      0.0000       0.5193E-004
    -12.1875      1.2500       0.6027E-004
    -12.1875      2.5000       0.1105E-003
    -12.1875      3.7500       0.2218E-003
    -12.1875      5.0000       0.3981E-003
    -12.1875      6.2500       0.6055E-003
    -12.1875      7.5000       0.7776E-003
    -12.1875      8.7500       0.8509E-003
    -12.1875     10.0000       0.7989E-003
    -12.1875     11.2500       0.6475E-003
    -12.1875     12.5000       0.4469E-003
    -12.1875     13.7500       0.2452E-003
    -12.1875     15.0000       0.8768E-004
    -12.1875     16.2500       0.1198E-004
    -12.1875     17.5000       0.1323E-006
    -12.1875     18.7500       0.2602E-010

    -11.2500    -20.0000       0.1965E-011
    -11.2500    -18.7500       0.2693E-010
    -11.2500    -17.5000       0.4869E-007
    -11.2500    -16.2500       0.4394E-005
    -11.2500    -15.0000       0.3182E-004
    -11.2500    -13.7500       0.8768E-004
    -11.2500    -12.5000       0.1581E-003
    -11.2500    -11.2500       0.2299E-003
    -11.2500    -10.0000       0.2882E-003
    -11.2500     -8.7500       0.3100E-003
    -11.2500     -7.5000       0.2816E-003
    -11.2500     -6.2500       0.2149E-003
    -11.2500     -5.0000       0.1372E-003
    -11.2500     -3.7500       0.7426E-004
    -11.2500     -2.5000       0.3899E-004
    -11.2500     -1.2500       0.2942E-004
    -11.2500      0.0000       0.4478E-004
    -11.2500      1.2500       0.1020E-003
    -11.2500      2.5000       0.2400E-003
    -11.2500      3.7500       0.4972E-003
    -11.2500      5.0000       0.8758E-003
    -11.2500      6.2500       0.1304E-002
    -11.2500      7.5000       0.1653E-002
    -11.2500      8.7500       0.1802E-002
    -11.2500     10.0000       0.1704E-002
    -11.2500     11.2500       0.1396E-002
    -11.2500     12.5000       0.9657E-003
    -11.2500     13.7500       0.5260E-003
    -11.2500     15.0000       0.1863E-003
    -11.2500     16.2500       0.2526E-004
    -11.2500     17.5000       0.2735E-006
    -11.2500     18.7500       0.1250E-010

    -10.3125    -20.0000       0.8514E-012
    -10.3125    -18.7500       0.2635E-010
    -10.3125    -17.5000       0.2711E-008
    -10.3125    -16.2500       0.2655E-006
    -10.3125    -15.0000       0.2153E-005
    -10.3125    -13.7500       0.6929E-005
    -10.3125    -12.5000       0.1432E-004
    -10.3125    -11.2500       0.2061E-004
    -10.3125    -10.0000       0.2199E-004
    -10.3125     -8.7500       0.2075E-004
    -10.3125     -7.5000       0.1967E-004
    -10.3125     -6.2500       0.1829E-004
    -10.3125     -5.0000       0.1575E-004
    -10.3125     -3.7500       0.1133E-004
    -10.3125     -2.5000       0.4068E-005
    -10.3125     -1.2500       0.3996E-006
    -10.3125      0.0000       0.2113E-004
    -10.3125      1.2500       0.1010E-003
    -10.3125      2.5000       0.2830E-003
    -10.3125      3.7500       0.5978E-003
    -10.3125      5.0000       0.1040E-002
    -10.3125      6.2500       0.1529E-002
    -10.3125      7.5000       0.1922E-002
    -10.3125      8.7500       0.2089E-002
    -10.3125     10.0000       0.1986E-002
    -10.3125     11.2500       0.1637E-002
    -10.3125     12.5000       0.1134E-002
    -10.3125     13.7500       0.6149E-003
    -10.3125     15.0000       0.2164E-003
    -10.3125     16.2500       0.2922E-004
    -10.3125     17.5000       0.3121E-006
    -10.3125     18.7500       0.6478E-011

     -9.3750    -20.0000       0.2025E-011
     -9.3750    -18.7500       0.1927E-010
     -9.3750    -17.5000       0.9761E-007
     -9.3750    -16.2500       0.9018E-005
     -9.3750    -15.0000       0.6770E-004
     -9.3750    -13.7500       0.1959E-003
     -9.3750    -12.5000       0.3666E-003
     -9.3750    -11.2500       0.5282E-003
     -9.3750    -10.0000       0.6290E-003
     -9.3750     -8.7500       0.6535E-003
     -9.3750     -7.5000       0.6045E-003
     -9.3750     -6.2500       0.4920E-003
     -9.3750     -5.0000       0.3460E-003
     -9.3750     -3.7500       0.2058E-003
     -9.3750     -2.5000       0.9231E-004
     -9.3750     -1.2500       0.1905E-004
     -9.3750      0.0000       0.2007E-005
     -9.3750      1.2500       0.5824E-004
     -9.3750      2.5000       0.2013E-003
     -9.3750      3.7500       0.4344E-003
     -9.3750      5.0000       0.7460E-003
     -9.3750      6.2500       0.1081E-002
     -9.3750      7.5000       0.1347E-002
     -9.3750      8.7500       0.1460E-002
     -9.3750     10.0000       0.1395E-002
     -9.3750     11.2500       0.1159E-002
     -9.3750     12.5000       0.8038E-003
     -9.3750     13.7500       0.4330E-003
     -9.3750     15.0000       0.1513E-003
     -9.3750     16.2500       0.2032E-004
     -9.3750     17.5000       0.2138E-006
     -9.3750     18.7500       0.8717E-011

     -8.4375    -20.0000       0.6989E-011
     -8.4375    -18.7500       0.9506E-011
     -8.4375    -17.5000       0.2492E-006
     -8.4375    -16.2500       0.2287E-004
     -8.4375    -15.0000       0.1701E-003
     -8.4375    -13.7500       0.4862E-003
     -8.4375    -12.5000       0.9009E-003
     -8.4375    -11.2500       0.1300E-002
     -8.4375    -10.0000       0.1567E-002
     -8.4375     -8.7500       0.1643E-002
     -8.4375     -7.5000       0.1514E-002
     -8.4375     -6.2500       0.1213E-002
     -8.4375     -5.0000       0.8335E-003
     -8.4375     -3.7500       0.4845E-003
     -8.4375     -2.5000       0.2252E-003
     -8.4375     -1.2500       0.6878E-004
     -8.4375      0.0000       0.4402E-005
     -8.4375      1.2500       0.1165E-004
     -8.4375      2.5000       0.6745E-004
     -8.4375      3.7500       0.1519E-003
     -8.4375      5.0000       0.2537E-003
     -8.4375      6.2500       0.3569E-003
     -8.4375      7.5000       0.4364E-003
     -8.4375      8.7500       0.4705E-003
     -8.4375     10.0000       0.4550E-003
     -8.4375     11.2500       0.3836E-003
     -8.4375     12.5000       0.2666E-003
     -8.4375     13.7500       0.1418E-003
     -8.4375     15.0000       0.4879E-004
     -8.4375     16.2500       0.6483E-005
     -8.4375     17.5000       0.6603E-007
     -8.4375     18.7500       0.1297E-010

     -7.5000    -20.0000       0.1412E-010
     -7.5000    -18.7500       0.2602E-011
     -7.5000    -17.5000       0.3227E-006
     -7.5000    -16.2500       0.2951E-004
     -7.5000    -15.0000       0.2184E-003
     -7.5000    -13.7500       0.6200E-003
     -7.5000    -12.5000       0.1143E-002
     -7.5000    -11.2500       0.1650E-002
     -7.5000    -10.0000       0.2003E-002
     -7.5000     -8.7500       0.2110E-002
     -7.5000     -7.5000       0.1940E-002
     -7.5000     -6.2500       0.1541E-002
     -7.5000     -5.0000       0.1045E-002
     -7.5000     -3.7500       0.5998E-003
     -7.5000     -2.5000       0.2846E-003
     -7.5000     -1.2500       0.1054E-003
     -7.5000      0.0000       0.2619E-004
     -7.5000      1.2500       0.2667E-005
     -7.5000      2.5000       0.4728E-006
     -7.5000      3.7500       0.1456E-005
     -7.5000      5.0000       0.1001E-005
     -7.5000      6.2500       0.2342E-006
     -7.5000      7.5000       0.5280E-007
     -7.5000      8.7500       0.3373E-006
     -7.5000     10.0000       0.8326E-006
     -7.5000     11.2500       0.1089E-005
     -7.5000     12.5000       0.5587E-006
     -7.5000     13.7500       0.6138E-007
     -7.5000     15.0000       0.1270E-008
     -7.5000     16.2500       0.1136E-008
     -7.5000     17.5000       0.2015E-009
     -7.5000     18.7500       0.1253E-010

     -6.5625    -20.0000       0.1948E-010
     -6.5625    -18.7500       0.1629E-011
     -6.5625    -17.5000       0.2530E-006
     -6.5625    -16.2500       0.2303E-004
     -6.5625    -15.0000       0.1697E-003
     -6.5625    -13.7500       0.4785E-003
     -6.5625    -12.5000       0.8775E-003
     -6.5625    -11.2500       0.1269E-002
     -6.5625    -10.0000       0.1551E-002
     -6.5625     -8.7500       0.1642E-002
     -6.5625     -7.5000       0.1506E-002
     -6.5625     -6.2500       0.1186E-002
     -6.5625     -5.0000       0.7936E-003
     -6.5625     -3.7500       0.4494E-003
     -6.5625     -2.5000       0.2179E-003
     -6.5625     -1.2500       0.9634E-004
     -6.5625      0.0000       0.4801E-004
     -6.5625      1.2500       0.3930E-004
     -6.5625      2.5000       0.5994E-004
     -6.5625      3.7500       0.1171E-003
     -6.5625      5.0000       0.2133E-003
     -6.5625      6.2500       0.3299E-003
     -6.5625      7.5000       0.4282E-003
     -6.5625      8.7500       0.4703E-003
     -6.5625     10.0000       0.4390E-003
     -6.5625     11.2500       0.3528E-003
     -6.5625     12.5000       0.2430E-003
     -6.5625     13.7500       0.1341E-003
     -6.5625     15.0000       0.4834E-004
     -6.5625     16.2500       0.6640E-005
     -6.5625     17.5000       0.7491E-007
     -6.5625     18.7500       0.6862E-011

     -5.6250    -20.0000       0.1969E-010
     -5.6250    -18.7500       0.5196E-011
     -5.6250    -17.5000       0.1018E-006
     -5.6250    -16.2500       0.9202E-005
     -5.6250    -15.0000       0.6721E-004
     -5.6250    -13.7500       0.1873E-003
     -5.6250    -12.5000       0.3405E-003
     -5.6250    -11.2500       0.4937E-003
     -5.6250    -10.0000       0.6115E-003
     -5.6250     -8.7500       0.6528E-003
     -5.6250     -7.5000       0.5958E-003
     -5.6250     -6.2500       0.4617E-003
     -5.6250     -5.0000       0.3015E-003
     -5.6250     -3.7500       0.1668E-003
     -5.6250     -2.5000       0.8415E-004
     -5.6250     -1.2500       0.4968E-004
     -5.6250      0.0000       0.5046E-004
     -5.6250      1.2500       0.8896E-004
     -5.6250      2.5000       0.1929E-003
     -5.6250      3.7500       0.3957E-003
     -5.6250      5.0000       0.7013E-003
     -5.6250      6.2500       0.1051E-002
     -5.6250      7.5000       0.1338E-002
     -5.6250      8.7500       0.1460E-002
     -5.6250     10.0000       0.1378E-002
     -5.6250     11.2500       0.1125E-002
     -5.6250     12.5000       0.7776E-003
     -5.6250     13.7500       0.4245E-003
     -5.6250     15.0000       0.1508E-003
     -5.6250     16.2500       0.2050E-004
     -5.6250     17.5000       0.2239E-006
     -5.6250     18.7500       0.2339E-011

     -4.6875    -20.0000       0.1469E-010
     -4.6875    -18.7500       0.9201E-011
     -4.6875    -17.5000       0.3597E-008
     -4.6875    -16.2500       0.3041E-006
     -4.6875    -15.0000       0.2050E-005
     -4.6875    -13.7500       0.5120E-005
     -4.6875    -12.5000       0.8792E-005
     -4.6875    -11.2500       0.1333E-004
     -4.6875    -10.0000       0.1828E-004
     -4.6875     -8.7500       0.2061E-004
     -4.6875     -7.5000       0.1783E-004
     -4.6875     -6.2500       0.1188E-004
     -4.6875     -5.0000       0.6348E-005
     -4.6875     -3.7500       0.3099E-005
     -4.6875     -2.5000       0.2344E-005
     -4.6875     -1.2500       0.6868E-005
     -4.6875      0.0000       0.3136E-004
     -4.6875      1.2500       0.1075E-003
     -4.6875      2.5000       0.2812E-003
     -4.6875      3.7500       0.5897E-003
     -4.6875      5.0000       0.1031E-002
     -4.6875      6.2500       0.1523E-002
     -4.6875      7.5000       0.1920E-002
     -4.6875      8.7500       0.2089E-002
     -4.6875     10.0000       0.1982E-002
     -4.6875     11.2500       0.1630E-002
     -4.6875     12.5000       0.1129E-002
     -4.6875     13.7500       0.6131E-003
     -4.6875     15.0000       0.2163E-003
     -4.6875     16.2500       0.2925E-004
     -4.6875     17.5000       0.3148E-006
     -4.6875     18.7500       0.6230E-011

     -3.7500    -20.0000       0.7682E-011
     -3.7500    -18.7500       0.1071E-010
     -3.7500    -17.5000       0.4550E-007
     -3.7500    -16.2500       0.4254E-005
     -3.7500    -15.0000       0.3219E-004
     -3.7500    -13.7500       0.9423E-004
     -3.7500    -12.5000       0.1781E-003
     -3.7500    -11.2500       0.2563E-003
     -3.7500    -10.0000       0.3016E-003
     -3.7500     -8.7500       0.3105E-003
     -3.7500     -7.5000       0.2883E-003
     -3.7500     -6.2500       0.2381E-003
     -3.7500     -5.0000       0.1712E-003
     -3.7500     -3.7500       0.1041E-003
     -3.7500     -2.5000       0.4524E-004
     -3.7500     -1.2500       0.5974E-005
     -3.7500      0.0000       0.7701E-005
     -3.7500      1.2500       0.7849E-004
     -3.7500      2.5000       0.2464E-003
     -3.7500      3.7500       0.5268E-003
     -3.7500      5.0000       0.9100E-003
     -3.7500      6.2500       0.1327E-002
     -3.7500      7.5000       0.1660E-002
     -3.7500      8.7500       0.1802E-002
     -3.7500     10.0000       0.1717E-002
     -3.7500     11.2500       0.1422E-002
     -3.7500     12.5000       0.9857E-003
     -3.7500     13.7500       0.5325E-003
     -3.7500     15.0000       0.1866E-003
     -3.7500     16.2500       0.2513E-004
     -3.7500     17.5000       0.2668E-006
     -3.7500     18.7500       0.1948E-010

     -2.8125    -20.0000       0.2632E-011
     -2.8125    -18.7500       0.1041E-010
     -2.8125    -17.5000       0.1901E-006
     -2.8125    -16.2500       0.1754E-004
     -2.8125    -15.0000       0.1308E-003
     -2.8125    -13.7500       0.3752E-003
     -2.8125    -12.5000       0.6974E-003
     -2.8125    -11.2500       0.1006E-002
     -2.8125    -10.0000       0.1208E-002
     -2.8125     -8.7500       0.1263E-002
     -2.8125     -7.5000       0.1165E-002
     -2.8125     -6.2500       0.9382E-003
     -2.8125     -5.0000       0.6491E-003
     -2.8125     -3.7500       0.3798E-003
     -2.8125     -2.5000       0.1747E-003
     -2.8125     -1.2500       0.4779E-004
     -2.8125      0.0000       0.4981E-006
     -2.8125      1.2500       0.2766E-004
     -2.8125      2.5000       0.1194E-003
     -2.8125      3.7500       0.2629E-003
     -2.8125      5.0000       0.4457E-003
     -2.8125      6.2500       0.6373E-003
     -2.8125      7.5000       0.7872E-003
     -2.8125      8.7500       0.8513E-003
     -2.8125     10.0000       0.8178E-003
     -2.8125     11.2500       0.6838E-003
     -2.8125     12.5000       0.4747E-003
     -2.8125     13.7500       0.2543E-003
     -2.8125     15.0000       0.8821E-004
     -2.8125     16.2500       0.1179E-004
     -2.8125     17.5000       0.1226E-006
     -2.8125     18.7500       0.3482E-010

     -1.8750    -20.0000       0.1252E-011
     -1.8750    -18.7500       0.1153E-010
     -1.8750    -17.5000       0.3089E-006
     -1.8750    -16.2500       0.2835E-004
     -1.8750    -15.0000       0.2102E-003
     -1.8750    -13.7500       0.5982E-003
     -1.8750    -12.5000       0.1105E-002
     -1.8750    -11.2500       0.1594E-002
     -1.8750    -10.0000       0.1930E-002
     -1.8750     -8.7500       0.2030E-002
     -1.8750     -7.5000       0.1868E-002
     -1.8750     -6.2500       0.1489E-002
     -1.8750     -5.0000       0.1015E-002
     -1.8750     -3.7500       0.5851E-003
     -1.8750     -2.5000       0.2755E-003
     -1.8750     -1.2500       0.9513E-004
     -1.8750      0.0000       0.1616E-004
     -1.8750      1.2500       0.2097E-006
     -1.8750      2.5000       0.1303E-004
     -1.8750      3.7500       0.3226E-004
     -1.8750      5.0000       0.5012E-004
     -1.8750      6.2500       0.6525E-004
     -1.8750      7.5000       0.7601E-004
     -1.8750      8.7500       0.8097E-004
     -1.8750     10.0000       0.8099E-004
     -1.8750     11.2500       0.7111E-004
     -1.8750     12.5000       0.4956E-004
     -1.8750     13.7500       0.2545E-004
     -1.8750     15.0000       0.8423E-005
     -1.8750     16.2500       0.1089E-005
     -1.8750     17.5000       0.1032E-007
     -1.8750     18.7500       0.4220E-010

     -0.9375    -20.0000       0.2145E-011
     -0.9375    -18.7500       0.1625E-010
     -0.9375    -17.5000       0.2962E-006
     -0.9375    -16.2500       0.2708E-004
     -0.9375    -15.0000       0.1999E-003
     -0.9375    -13.7500       0.5653E-003
     -0.9375    -12.5000       0.1039E-002
     -0.9375    -11.2500       0.1501E-002
     -0.9375    -10.0000       0.1829E-002
     -0.9375     -8.7500       0.1933E-002
     -0.9375     -7.5000       0.1774E-002
     -0.9375     -6.2500       0.1403E-002
     -0.9375     -5.0000       0.9441E-003
     -0.9375     -3.7500       0.5377E-003
     -0.9375     -2.5000       0.2583E-003
     -0.9375     -1.2500       0.1059E-003
     -0.9375      0.0000       0.4076E-004
     -0.9375      1.2500       0.2055E-004
     -0.9375      2.5000       0.2194E-004
     -0.9375      3.7500       0.4027E-004
     -0.9375      5.0000       0.7571E-004
     -0.9375      6.2500       0.1214E-003
     -0.9375      7.5000       0.1613E-003
     -0.9375      8.7500       0.1786E-003
     -0.9375     10.0000       0.1647E-003
     -0.9375     11.2500       0.1301E-003
     -0.9375     12.5000       0.8909E-004
     -0.9375     13.7500       0.4980E-004
     -0.9375     15.0000       0.1827E-004
     -0.9375     16.2500       0.2542E-005
     -0.9375     17.5000       0.2959E-007
     -0.9375     18.7500       0.3683E-010

      0.0000    -20.0000       0.2662E-011
      0.0000    -18.7500       0.2304E-010
      0.0000    -17.5000       0.1632E-006
      0.0000    -16.2500       0.1486E-004
      0.0000    -15.0000       0.1090E-003
      0.0000    -13.7500       0.3056E-003
      0.0000    -12.5000       0.5580E-003
      0.0000    -11.2500       0.8079E-003
      0.0000    -10.0000       0.9941E-003
      0.0000     -8.7500       0.1057E-002
      0.0000     -7.5000       0.9668E-003
      0.0000     -6.2500       0.7555E-003
      0.0000     -5.0000       0.4996E-003
      0.0000     -3.7500       0.2797E-003
      0.0000     -2.5000       0.1382E-003
      0.0000     -1.2500       0.7060E-004
      0.0000      0.0000       0.5244E-004
      0.0000      1.2500       0.7060E-004
      0.0000      2.5000       0.1382E-003
      0.0000      3.7500       0.2797E-003
      0.0000      5.0000       0.4996E-003
      0.0000      6.2500       0.7555E-003
      0.0000      7.5000       0.9668E-003
      0.0000      8.7500       0.1057E-002
      0.0000     10.0000       0.9941E-003
      0.0000     11.2500       0.8079E-003
      0.0000     12.5000       0.5580E-003
      0.0000     13.7500       0.3056E-003
      0.0000     15.0000       0.1090E-003
      0.0000     16.2500       0.1486E-004
      0.0000     17.5000       0.1632E-006
      0.0000     18.7500       0.2304E-010

      0.9375    -20.0000       0.1696E-011
      0.9375    -18.7500       0.2737E-010
      0.9375    -17.5000       0.2833E-007
      0.9375    -16.2500       0.2544E-005
      0.9375    -15.0000       0.1827E-004
      0.9375    -13.7500       0.4979E-004
      0.9375    -12.5000       0.8911E-004
      0.9375    -11.2500       0.1300E-003
      0.9375    -10.0000       0.1648E-003
      0.9375     -8.7500       0.1785E-003
      0.9375     -7.5000       0.1614E-003
      0.9375     -6.2500       0.1213E-003
      0.9375     -5.0000       0.7577E-004
      0.9375     -3.7500       0.4022E-004
      0.9375     -2.5000       0.2198E-004
      0.9375     -1.2500       0.2052E-004
      0.9375      0.0000       0.4081E-004
      0.9375      1.2500       0.1059E-003
      0.9375      2.5000       0.2584E-003
      0.9375      3.7500       0.5375E-003
      0.9375      5.0000       0.9443E-003
      0.9375      6.2500       0.1403E-002
      0.9375      7.5000       0.1774E-002
      0.9375      8.7500       0.1932E-002
      0.9375     10.0000       0.1830E-002
      0.9375     11.2500       0.1501E-002
      0.9375     12.5000       0.1039E-002
      0.9375     13.7500       0.5652E-003
      0.9375     15.0000       0.1999E-003
      0.9375     16.2500       0.2709E-004
      0.9375     17.5000       0.2923E-006
      0.9375     18.7500       0.1054E-010

      1.8750    -20.0000       0.8196E-012
      1.8750    -18.7500       0.2539E-010
      1.8750    -17.5000       0.1149E-007
      1.8750    -16.2500       0.1087E-005
      1.8750    -15.0000       0.8421E-005
      1.8750    -13.7500       0.2546E-004
      1.8750    -12.5000       0.4953E-004
      1.8750    -11.2500       0.7115E-004
      1.8750    -10.0000       0.8093E-004
      1.8750     -8.7500       0.8104E-004
      1.8750     -7.5000       0.7592E-004
      1.8750     -6.2500       0.6534E-004
      1.8750     -5.0000       0.5004E-004
      1.8750     -3.7500       0.3233E-004
      1.8750     -2.5000       0.1299E-004
      1.8750     -1.2500       0.2138E-006
      1.8750      0.0000       0.1621E-004
      1.8750      1.2500       0.9500E-004
      1.8750      2.5000       0.2758E-003
      1.8750      3.7500       0.5848E-003
      1.8750      5.0000       0.1015E-002
      1.8750      6.2500       0.1489E-002
      1.8750      7.5000       0.1868E-002
      1.8750      8.7500       0.2030E-002
      1.8750     10.0000       0.1931E-002
      1.8750     11.2500       0.1594E-002
      1.8750     12.5000       0.1105E-002
      1.8750     13.7500       0.5981E-003
      1.8750     15.0000       0.2102E-003
      1.8750     16.2500       0.2836E-004
      1.8750     17.5000       0.3021E-006
      1.8750     18.7500       0.6393E-011

      2.8125    -20.0000       0.2717E-011
      2.8125    -18.7500       0.1735E-010
      2.8125    -17.5000       0.1277E-006
      2.8125    -16.2500       0.1178E-004
      2.8125    -15.0000       0.8820E-004
      2.8125    -13.7500       0.2543E-003
      2.8125    -12.5000       0.4746E-003
      2.8125    -11.2500       0.6840E-003
      2.8125    -10.0000       0.8175E-003
      2.8125     -8.7500       0.8516E-003
      2.8125     -7.5000       0.7869E-003
      2.8125     -6.2500       0.6376E-003
      2.8125     -5.0000       0.4454E-003
      2.8125     -3.7500       0.2631E-003
      2.8125     -2.5000       0.1192E-003
      2.8125     -1.2500       0.2774E-004
      2.8125      0.0000       0.5096E-006
      2.8125      1.2500       0.4768E-004
      2.8125      2.5000       0.1749E-003
      2.8125      3.7500       0.3795E-003
      2.8125      5.0000       0.6495E-003
      2.8125      6.2500       0.9378E-003
      2.8125      7.5000       0.1166E-002
      2.8125      8.7500       0.1263E-002
      2.8125     10.0000       0.1208E-002
      2.8125     11.2500       0.1005E-002
      2.8125     12.5000       0.6975E-003
      2.8125     13.7500       0.3752E-003
      2.8125     15.0000       0.1308E-003
      2.8125     16.2500       0.1755E-004
      2.8125     17.5000       0.1838E-006
      2.8125     18.7500       0.9666E-011

      3.7500    -20.0000       0.8350E-011
      3.7500    -18.7500       0.7740E-011
      3.7500    -17.5000       0.2739E-006
      3.7500    -16.2500       0.2512E-004
      3.7500    -15.0000       0.1866E-003
      3.7500    -13.7500       0.5326E-003
      3.7500    -12.5000       0.9856E-003
      3.7500    -11.2500       0.1422E-002
      3.7500    -10.0000       0.1717E-002
      3.7500     -8.7500       0.1802E-002
      3.7500     -7.5000       0.1660E-002
      3.7500     -6.2500       0.1328E-002
      3.7500     -5.0000       0.9096E-003
      3.7500     -3.7500       0.5271E-003
      3.7500     -2.5000       0.2462E-003
      3.7500     -1.2500       0.7862E-004
      3.7500      0.0000       0.7659E-005
      3.7500      1.2500       0.5939E-005
      3.7500      2.5000       0.4534E-004
      3.7500      3.7500       0.1039E-003
      3.7500      5.0000       0.1714E-003
      3.7500      6.2500       0.2379E-003
      3.7500      7.5000       0.2884E-003
      3.7500      8.7500       0.3103E-003
      3.7500     10.0000       0.3018E-003
      3.7500     11.2500       0.2562E-003
      3.7500     12.5000       0.1782E-003
      3.7500     13.7500       0.9421E-004
      3.7500     15.0000       0.3220E-004
      3.7500     16.2500       0.4258E-005
      3.7500     17.5000       0.4274E-007
      3.7500     18.7500       0.1339E-010

      4.6875    -20.0000       0.1548E-010
      4.6875    -18.7500       0.1914E-011
      4.6875    -17.5000       0.3201E-006
      4.6875    -16.2500       0.2924E-004
      4.6875    -15.0000       0.2163E-003
      4.6875    -13.7500       0.6131E-003
      4.6875    -12.5000       0.1129E-002
      4.6875    -11.2500       0.1630E-002
      4.6875    -10.0000       0.1982E-002
      4.6875     -8.7500       0.2090E-002
      4.6875     -7.5000       0.1920E-002
      4.6875     -6.2500       0.1523E-002
      4.6875     -5.0000       0.1031E-002
      4.6875     -3.7500       0.5899E-003
      4.6875     -2.5000       0.2811E-003
      4.6875     -1.2500       0.1076E-003
      4.6875      0.0000       0.3131E-004
      4.6875      1.2500       0.6897E-005
      4.6875      2.5000       0.2326E-005
      4.6875      3.7500       0.3120E-005
      4.6875      5.0000       0.6322E-005
      4.6875      6.2500       0.1191E-004
      4.6875      7.5000       0.1780E-004
      4.6875      8.7500       0.2064E-004
      4.6875     10.0000       0.1825E-004
      4.6875     11.2500       0.1335E-004
      4.6875     12.5000       0.8781E-005
      4.6875     13.7500       0.5125E-005
      4.6875     15.0000       0.2049E-005
      4.6875     16.2500       0.3031E-006
      4.6875     17.5000       0.4275E-008
      4.6875     18.7500       0.1169E-010

      5.6250    -20.0000       0.1999E-010
      5.6250    -18.7500       0.2094E-011
      5.6250    -17.5000       0.2253E-006
      5.6250    -16.2500       0.2049E-004
      5.6250    -15.0000       0.1508E-003
      5.6250    -13.7500       0.4245E-003
      5.6250    -12.5000       0.7775E-003
      5.6250    -11.2500       0.1125E-002
      5.6250    -10.0000       0.1378E-002
      5.6250     -8.7500       0.1460E-002
      5.6250     -7.5000       0.1338E-002
      5.6250     -6.2500       0.1052E-002
      5.6250     -5.0000       0.7012E-003
      5.6250     -3.7500       0.3958E-003
      5.6250     -2.5000       0.1929E-003
      5.6250     -1.2500       0.8899E-004
      5.6250      0.0000       0.5043E-004
      5.6250      1.2500       0.4970E-004
      5.6250      2.5000       0.8412E-004
      5.6250      3.7500       0.1669E-003
      5.6250      5.0000       0.3015E-003
      5.6250      6.2500       0.4618E-003
      5.6250      7.5000       0.5957E-003
      5.6250      8.7500       0.6529E-003
      5.6250     10.0000       0.6114E-003
      5.6250     11.2500       0.4938E-003
      5.6250     12.5000       0.3405E-003
      5.6250     13.7500       0.1873E-003
      5.6250     15.0000       0.6721E-004
      5.6250     16.2500       0.9200E-005
      5.6250     17.5000       0.1028E-006
      5.6250     18.7500       0.5594E-011

      6.5625    -20.0000       0.1904E-010
      6.5625    -18.7500       0.6097E-011
      6.5625    -17.5000       0.7370E-007
      6.5625    -16.2500       0.6641E-005
      6.5625    -15.0000       0.4835E-004
      6.5625    -13.7500       0.1341E-003
      6.5625    -12.5000       0.2430E-003
      6.5625    -11.2500       0.3528E-003
      6.5625    -10.0000       0.4390E-003
      6.5625     -8.7500       0.4702E-003
      6.5625     -7.5000       0.4283E-003
      6.5625     -6.2500       0.3298E-003
      6.5625     -5.0000       0.2134E-003
      6.5625     -3.7500       0.1170E-003
      6.5625     -2.5000       0.5998E-004
      6.5625     -1.2500       0.3927E-004
      6.5625      0.0000       0.4804E-004
      6.5625      1.2500       0.9629E-004
      6.5625      2.5000       0.2179E-003
      6.5625      3.7500       0.4493E-003
      6.5625      5.0000       0.7937E-003
      6.5625      6.2500       0.1186E-002
      6.5625      7.5000       0.1506E-002
      6.5625      8.7500       0.1642E-002
      6.5625     10.0000       0.1551E-002
      6.5625     11.2500       0.1269E-002
      6.5625     12.5000       0.8775E-003
      6.5625     13.7500       0.4785E-003
      6.5625     15.0000       0.1697E-003
      6.5625     16.2500       0.2304E-004
      6.5625     17.5000       0.2508E-006
      6.5625     18.7500       0.2288E-011

      7.5000    -20.0000       0.1331E-010
      7.5000    -18.7500       0.9736E-011
      7.5000    -17.5000       0.2709E-010
      7.5000    -16.2500       0.1345E-008
      7.5000    -15.0000       0.1138E-008
      7.5000    -13.7500       0.6116E-007
      7.5000    -12.5000       0.5591E-006
      7.5000    -11.2500       0.1089E-005
      7.5000    -10.0000       0.8325E-006
      7.5000     -8.7500       0.3372E-006
      7.5000     -7.5000       0.5163E-007
      7.5000     -6.2500       0.2373E-006
      7.5000     -5.0000       0.9960E-006
      7.5000     -3.7500       0.1460E-005
      7.5000     -2.5000       0.4739E-006
      7.5000     -1.2500       0.2646E-005
      7.5000      0.0000       0.2625E-004
      7.5000      1.2500       0.1053E-003
      7.5000      2.5000       0.2848E-003
      7.5000      3.7500       0.5995E-003
      7.5000      5.0000       0.1046E-002
      7.5000      6.2500       0.1541E-002
      7.5000      7.5000       0.1940E-002
      7.5000      8.7500       0.2110E-002
      7.5000     10.0000       0.2003E-002
      7.5000     11.2500       0.1649E-002
      7.5000     12.5000       0.1143E-002
      7.5000     13.7500       0.6199E-003
      7.5000     15.0000       0.2184E-003
      7.5000     16.2500       0.2952E-004
      7.5000     17.5000       0.3168E-006
      7.5000     18.7500       0.8260E-011

      8.4375    -20.0000       0.6414E-011
      8.4375    -18.7500       0.1070E-010
      8.4375    -17.5000       0.6961E-007
      8.4375    -16.2500       0.6477E-005
      8.4375    -15.0000       0.4878E-004
      8.4375    -13.7500       0.1418E-003
      8.4375    -12.5000       0.2665E-003
      8.4375    -11.2500       0.3838E-003
      8.4375    -10.0000       0.4548E-003
      8.4375     -8.7500       0.4708E-003
      8.4375     -7.5000       0.4361E-003
      8.4375     -6.2500       0.3571E-003
      8.4375     -5.0000       0.2534E-003
      8.4375     -3.7500       0.1521E-003
      8.4375     -2.5000       0.6733E-004
      8.4375     -1.2500       0.1170E-004
      8.4375      0.0000       0.4435E-005
      8.4375      1.2500       0.6865E-004
      8.4375      2.5000       0.2254E-003
      8.4375      3.7500       0.4841E-003
      8.4375      5.0000       0.8340E-003
      8.4375      6.2500       0.1213E-002
      8.4375      7.5000       0.1514E-002
      8.4375      8.7500       0.1642E-002
      8.4375     10.0000       0.1567E-002
      8.4375     11.2500       0.1299E-002
      8.4375     12.5000       0.9011E-003
      8.4375     13.7500       0.4862E-003
      8.4375     15.0000       0.1701E-003
      8.4375     16.2500       0.2288E-004
      8.4375     17.5000       0.2421E-006
      8.4375     18.7500       0.2271E-010

      9.3750    -20.0000       0.2067E-011
      9.3750    -18.7500       0.1041E-010
      9.3750    -17.5000       0.2205E-006
      9.3750    -16.2500       0.2031E-004
      9.3750    -15.0000       0.1513E-003
      9.3750    -13.7500       0.4331E-003
      9.3750    -12.5000       0.8036E-003
      9.3750    -11.2500       0.1159E-002
      9.3750    -10.0000       0.1395E-002
      9.3750     -8.7500       0.1461E-002
      9.3750     -7.5000       0.1347E-002
      9.3750     -6.2500       0.1082E-002
      9.3750     -5.0000       0.7456E-003
      9.3750     -3.7500       0.4347E-003
      9.3750     -2.5000       0.2011E-003
      9.3750     -1.2500       0.5837E-004
      9.3750      0.0000       0.1985E-005
      9.3750      1.2500       0.1898E-004
      9.3750      2.5000       0.9246E-004
      9.3750      3.7500       0.2056E-003
      9.3750      5.0000       0.3463E-003
      9.3750      6.2500       0.4917E-003
      9.3750      7.5000       0.6048E-003
      9.3750      8.7500       0.6532E-003
      9.3750     10.0000       0.6292E-003
      9.3750     11.2500       0.5280E-003
      9.3750     12.5000       0.3667E-003
      9.3750     13.7500       0.1958E-003
      9.3750     15.0000       0.6770E-004
      9.3750     16.2500       0.9025E-005
      9.3750     17.5000       0.9322E-007
      9.3750     18.7500       0.3721E-010

     10.3125    -20.0000       0.1334E-011
     10.3125    -18.7500       0.1217E-010
     10.3125    -17.5000       0.3185E-006
     10.3125    -16.2500       0.2921E-004
     10.3125    -15.0000       0.2164E-003
     10.3125    -13.7500       0.6149E-003
     10.3125    -12.5000       0.1134E-002
     10.3125    -11.2500       0.1637E-002
     10.3125    -10.0000       0.1985E-002
     10.3125     -8.7500       0.2090E-002
     10.3125     -7.5000       0.1922E-002
     10.3125     -6.2500       0.1530E-002
     10.3125     -5.0000       0.1040E-002
     10.3125     -3.7500       0.5981E-003
     10.3125     -2.5000       0.2828E-003
     10.3125     -1.2500       0.1012E-003
     10.3125      0.0000       0.2108E-004
     10.3125      1.2500       0.4089E-006
     10.3125      2.5000       0.4088E-005
     10.3125      3.7500       0.1130E-004
     10.3125      5.0000       0.1579E-004
     10.3125      6.2500       0.1825E-004
     10.3125      7.5000       0.1971E-004
     10.3125      8.7500       0.2071E-004
     10.3125     10.0000       0.2202E-004
     10.3125     11.2500       0.2059E-004
     10.3125     12.5000       0.1433E-004
     10.3125     13.7500       0.6924E-005
     10.3125     15.0000       0.2154E-005
     10.3125     16.2500       0.2663E-006
     10.3125     17.5000       0.2250E-008
     10.3125     18.7500       0.4214E-010

     11.2500    -20.0000       0.2351E-011
     11.2500    -18.7500       0.1756E-010
     11.2500    -17.5000       0.2765E-006
     11.2500    -16.2500       0.2526E-004
     11.2500    -15.0000       0.1863E-003
     11.2500    -13.7500       0.5260E-003
     11.2500    -12.5000       0.9656E-003
     11.2500    -11.2500       0.1396E-002
     11.2500    -10.0000       0.1704E-002
     11.2500     -8.7500       0.1802E-002
     11.2500     -7.5000       0.1653E-002
     11.2500     -6.2500       0.1305E-002
     11.2500     -5.0000       0.8756E-003
     11.2500     -3.7500       0.4974E-003
     11.2500     -2.5000       0.2399E-003
     11.2500     -1.2500       0.1021E-003
     11.2500      0.0000       0.4474E-004
     11.2500      1.2500       0.2945E-004
     11.2500      2.5000       0.3895E-004
     11.2500      3.7500       0.7432E-004
     11.2500      5.0000       0.1371E-003
     11.2500      6.2500       0.2149E-003
     11.2500      7.5000       0.2815E-003
     11.2500      8.7500       0.3101E-003
     11.2500     10.0000       0.2881E-003
     11.2500     11.2500       0.2300E-003
     11.2500     12.5000       0.1581E-003
     11.2500     13.7500       0.8769E-004
     11.2500     15.0000       0.3182E-004
     11.2500     16.2500       0.4392E-005
     11.2500     17.5000       0.5000E-007
     11.2500     18.7500       0.3446E-010

     12.1875    -20.0000       0.2573E-011
     12.1875    -18.7500       0.2426E-010
     12.1875    -17.5000       0.1318E-006
     12.1875    -16.2500       0.1198E-004
     12.1875    -15.0000       0.8768E-004
     12.1875    -13.7500       0.2452E-003
     12.1875    -12.5000       0.4469E-003
     12.1875    -11.2500       0.6474E-003
     12.1875    -10.0000       0.7989E-003
     12.1875     -8.7500       0.8509E-003
     12.1875     -7.5000       0.7776E-003
     12.1875     -6.2500       0.6055E-003
     12.1875     -5.0000       0.3982E-003
     12.1875     -3.7500       0.2218E-003
     12.1875     -2.5000       0.1106E-003
     12.1875     -1.2500       0.6026E-004
     12.1875      0.0000       0.5194E-004
     12.1875      1.2500       0.8029E-004
     12.1875      2.5000       0.1660E-003
     12.1875      3.7500       0.3385E-003
     12.1875      5.0000       0.6019E-003
     12.1875      6.2500       0.9061E-003
     12.1875      7.5000       0.1156E-002
     12.1875      8.7500       0.1262E-002
     12.1875     10.0000       0.1190E-002
     12.1875     11.2500       0.9690E-003
     12.1875     12.5000       0.6697E-003
     12.1875     13.7500       0.3662E-003
     12.1875     15.0000       0.1303E-003
     12.1875     16.2500       0.1773E-004
     12.1875     17.5000       0.1940E-006
     12.1875     18.7500       0.2012E-010

     13.1250    -20.0000       0.1426E-011
     13.1250    -18.7500       0.2754E-010
     13.1250    -17.5000       0.1308E-007
     13.1250    -16.2500       0.1163E-005
     13.1250    -15.0000       0.8219E-005
     13.1250    -13.7500       0.2191E-004
     13.1250    -12.5000       0.3870E-004
     13.1250    -11.2500       0.5687E-004
     13.1250    -10.0000       0.7365E-004
     13.1250     -8.7500       0.8079E-004
     13.1250     -7.5000       0.7231E-004
     13.1250     -6.2500       0.5277E-004
     13.1250     -5.0000       0.3160E-004
     13.1250     -3.7500       0.1619E-004
     13.1250     -2.5000       0.9606E-005
     13.1250     -1.2500       0.1290E-004
     13.1250      0.0000       0.3628E-004
     13.1250      1.2500       0.1077E-003
     13.1250      2.5000       0.2723E-003
     13.1250      3.7500       0.5688E-003
     13.1250      5.0000       0.9966E-003
     13.1250      6.2500       0.1476E-002
     13.1250      7.5000       0.1864E-002
     13.1250      8.7500       0.2030E-002
     13.1250     10.0000       0.1923E-002
     13.1250     11.2500       0.1580E-002
     13.1250     12.5000       0.1094E-002
     13.1250     13.7500       0.5946E-003
     13.1250     15.0000       0.2100E-003
     13.1250     16.2500       0.2843E-004
     13.1250     17.5000       0.3061E-006
     13.1250     18.7500       0.8949E-011

     14.0625    -20.0000       0.9049E-012
     14.0625    -18.7500       0.2417E-010
     14.0625    -17.5000       0.2603E-007
     14.0625    -16.2500       0.2433E-005
     14.0625    -15.0000       0.1857E-004
     14.0625    -13.7500       0.5494E-004
     14.0625    -12.5000       0.1048E-003
     14.0625    -11.2500       0.1507E-003
     14.0625    -10.0000       0.1754E-003
     14.0625     -8.7500       0.1789E-003
     14.0625     -7.5000       0.1666E-003
     14.0625     -6.2500       0.1396E-003
     14.0625     -5.0000       0.1025E-003
     14.0625     -3.7500       0.6366E-004
     14.0625     -2.5000       0.2689E-004
     14.0625     -1.2500       0.2096E-005
     14.0625      0.0000       0.1168E-004
     14.0625      1.2500       0.8739E-004
     14.0625      2.5000       0.2634E-003
     14.0625      3.7500       0.5608E-003
     14.0625      5.0000       0.9712E-003
     14.0625      6.2500       0.1420E-002
     14.0625      7.5000       0.1780E-002
     14.0625      8.7500       0.1933E-002
     14.0625     10.0000       0.1840E-002
     14.0625     11.2500       0.1521E-002
     14.0625     12.5000       0.1054E-002
     14.0625     13.7500       0.5703E-003
     14.0625     15.0000       0.2002E-003
     14.0625     16.2500       0.2698E-004
     14.0625     17.5000       0.2866E-006
     14.0625     18.7500       0.6627E-011

     15.0000    -20.0000       0.3571E-011
     15.0000    -18.7500       0.1536E-010
     15.0000    -17.5000       0.1592E-006
     15.0000    -16.2500       0.1466E-004
     15.0000    -15.0000       0.1095E-003
     15.0000    -13.7500       0.3149E-003
     15.0000    -12.5000       0.5863E-003
     15.0000    -11.2500       0.8452E-003
     15.0000    -10.0000       0.1013E-002
     15.0000     -8.7500       0.1057E-002
     15.0000     -7.5000       0.9762E-003
     15.0000     -6.2500       0.7883E-003
     15.0000     -5.0000       0.5477E-003
     15.0000     -3.7500       0.3219E-003
     15.0000     -2.5000       0.1470E-003
     15.0000     -1.2500       0.3745E-004
     15.0000      0.0000       0.2427E-010
     15.0000      1.2500       0.3735E-004
     15.0000      2.5000       0.1472E-003
     15.0000      3.7500       0.3216E-003
     15.0000      5.0000       0.5481E-003
     15.0000      6.2500       0.7879E-003
     15.0000      7.5000       0.9766E-003
     15.0000      8.7500       0.1057E-002
     15.0000     10.0000       0.1013E-002
     15.0000     11.2500       0.8450E-003
     15.0000     12.5000       0.5864E-003
     15.0000     13.7500       0.3148E-003
     15.0000     15.0000       0.1095E-003
     15.0000     16.2500       0.1467E-004
     15.0000     17.5000       0.1529E-006
     15.0000     18.7500       0.1063E-010

     15.9375    -20.0000       0.9778E-011
     15.9375    -18.7500       0.6136E-011
     15.9375    -17.5000       0.2943E-006
     15.9375    -16.2500       0.2697E-004
     15.9375    -15.0000       0.2002E-003
     15.9375    -13.7500       0.5704E-003
     15.9375    -12.5000       0.1054E-002
     15.9375    -11.2500       0.1521E-002
     15.9375    -10.0000       0.1840E-002
     15.9375     -8.7500       0.1933E-002
     15.9375     -7.5000       0.1779E-002
     15.9375     -6.2500       0.1421E-002
     15.9375     -5.0000       0.9708E-003
     15.9375     -3.7500       0.5611E-003
     15.9375     -2.5000       0.2632E-003
     15.9375     -1.2500       0.8752E-004
     15.9375      0.0000       0.1163E-004
     15.9375      1.2500       0.2077E-005
     15.9375      2.5000       0.2696E-004
     15.9375      3.7500       0.6355E-004
     15.9375      5.0000       0.1027E-003
     15.9375      6.2500       0.1394E-003
     15.9375      7.5000       0.1668E-003
     15.9375      8.7500       0.1788E-003
     15.9375     10.0000       0.1755E-003
     15.9375     11.2500       0.1507E-003
     15.9375     12.5000       0.1049E-003
     15.9375     13.7500       0.5492E-004
     15.9375     15.0000       0.1857E-004
     15.9375     16.2500       0.2437E-005
     15.9375     17.5000       0.2389E-007
     15.9375     18.7500       0.1357E-010

     16.8750    -20.0000       0.1672E-010
     16.8750    -18.7500       0.1481E-011
     16.8750    -17.5000       0.3113E-006
     16.8750    -16.2500       0.2842E-004
     16.8750    -15.0000       0.2100E-003
     16.8750    -13.7500       0.5947E-003
     16.8750    -12.5000       0.1094E-002
     16.8750    -11.2500       0.1580E-002
     16.8750    -10.0000       0.1923E-002
     16.8750     -8.7500       0.2030E-002
     16.8750     -7.5000       0.1864E-002
     16.8750     -6.2500       0.1477E-002
     16.8750     -5.0000       0.9964E-003
     16.8750     -3.7500       0.5690E-003
     16.8750     -2.5000       0.2722E-003
     16.8750     -1.2500       0.1078E-003
     16.8750      0.0000       0.3623E-004
     16.8750      1.2500       0.1294E-004
     16.8750      2.5000       0.9575E-005
     16.8750      3.7500       0.1623E-004
     16.8750      5.0000       0.3155E-004
     16.8750      6.2500       0.5282E-004
     16.8750      7.5000       0.7226E-004
     16.8750      8.7500       0.8084E-004
     16.8750     10.0000       0.7360E-004
     16.8750     11.2500       0.5690E-004
     16.8750     12.5000       0.3868E-004
     16.8750     13.7500       0.2192E-004
     16.8750     15.0000       0.8218E-005
     16.8750     16.2500       0.1161E-005
     16.8750     17.5000       0.1427E-007
     16.8750     18.7500       0.1065E-010

     17.8125    -20.0000       0.2027E-010
     17.8125    -18.7500       0.2719E-011
     17.8125    -17.5000       0.1952E-006
     17.8125    -16.2500       0.1773E-004
     17.8125    -15.0000       0.1303E-003
     17.8125    -13.7500       0.3662E-003
     17.8125    -12.5000       0.6697E-003
     17.8125    -11.2500       0.9691E-003
     17.8125    -10.0000       0.1189E-002
     17.8125     -8.7500       0.1262E-002
     17.8125     -7.5000       0.1156E-002
     17.8125     -6.2500       0.9061E-003
     17.8125     -5.0000       0.6019E-003
     17.8125     -3.7500       0.3385E-003
     17.8125     -2.5000       0.1660E-003
     17.8125     -1.2500       0.8030E-004
     17.8125      0.0000       0.5193E-004
     17.8125      1.2500       0.6027E-004
     17.8125      2.5000       0.1105E-003
     17.8125      3.7500       0.2218E-003
     17.8125      5.0000       0.3981E-003
     17.8125      6.2500       0.6055E-003
     17.8125      7.5000       0.7776E-003
     17.8125      8.7500       0.8509E-003
     17.8125     10.0000       0.7989E-003
     17.8125     11.2500       0.6475E-003
     17.8125     12.5000       0.4469E-003
     17.8125     13.7500       0.2452E-003
     17.8125     15.0000       0.8768E-004
     17.8125     16.2500       0.1197E-004
     17.8125     17.5000       0.1327E-006
     17.8125     18.7500       0.4440E-011

     18.7500    -20.0000       0.1819E-010
     18.7500    -18.7500       0.6977E-011
     18.7500    -17.5000       0.4896E-007
     18.7500    -16.2500       0.4393E-005
     18.7500    -15.0000       0.3182E-004
     18.7500    -13.7500       0.8767E-004
     18.7500    -12.5000       0.1581E-003
     18.7500    -11.2500       0.2299E-003
     18.7500    -10.0000       0.2882E-003
     18.7500     -8.7500       0.3100E-003
     18.7500     -7.5000       0.2816E-003
     18.7500     -6.2500       0.2149E-003
     18.7500     -5.0000       0.1372E-003
     18.7500     -3.7500       0.7426E-004
     18.7500     -2.5000       0.3899E-004
     18.7500     -1.2500       0.2942E-004
     18.7500      0.0000       0.4478E-004
     18.7500      1.2500       0.1020E-003
     18.7500      2.5000       0.2400E-003
     18.7500      3.7500       0.4972E-003
     18.7500      5.0000       0.8758E-003
     18.7500      6.2500       0.1304E-002
     18.7500      7.5000       0.1653E-002
     18.7500      8.7500       0.1802E-002
     18.7500     10.0000       0.1704E-002
     18.7500     11.2500       0.1396E-002
     18.7500     12.5000       0.9657E-003
     18.7500     13.7500       0.5260E-003
     18.7500     15.0000       0.1863E-003
     18.7500     16.2500       0.2526E-004
     18.7500     17.5000       0.2741E-006
     18.7500     18.7500       0.2634E-011

     19.6875    -20.0000       0.1188E-010
     19.6875    -18.7500       0.1015E-010
     19.6875    -17.5000       0.2651E-008
     19.6875    -16.2500       0.2657E-006
     19.6875    -15.0000       0.2152E-005
     19.6875    -13.7500       0.6930E-005
     19.6875    -12.5000       0.1432E-004
     19.6875    -11.2500       0.2061E-004
     19.6875    -10.0000       0.2199E-004
     19.6875     -8.7500       0.2075E-004
     19.6875     -7.5000       0.1967E-004
     19.6875     -6.2500       0.1829E-004
     19.6875     -5.0000       0.1575E-004
     19.6875     -3.7500       0.1133E-004
     19.6875     -2.5000       0.4068E-005
     19.6875     -1.2500       0.3996E-006
     19.6875      0.0000       0.2113E-004
     19.6875      1.2500       0.1010E-003
     19.6875      2.5000       0.2830E-003
     19.6875      3.7500       0.5978E-003
     19.6875      5.0000       0.1040E-002
     19.6875      6.2500       0.1529E-002
     19.6875      7.5000       0.1922E-002
     19.6875      8.7500       0.2089E-002
     19.6875     10.0000       0.1986E-002
     19.6875     11.2500       0.1637E-002
     19.6875     12.5000       0.1134E-002
     19.6875     13.7500       0.6149E-003
     19.6875     15.0000       0.2164E-003
     19.6875     16.2500       0.2921E-004
     19.6875     17.5000       0.3127E-006
     19.6875     18.7500       0.1066E-010

     20.6250    -20.0000       0.5257E-011
     20.6250    -18.7500       0.1065E-010
     20.6250    -17.5000       0.9724E-007
     20.6250    -16.2500       0.9019E-005
     20.6250    -15.0000       0.6770E-004
     20.6250    -13.7500       0.1959E-003
     20.6250    -12.5000       0.3666E-003
     20.6250    -11.2500       0.5282E-003
     20.6250    -10.0000       0.6290E-003
     20.6250     -8.7500       0.6535E-003
     20.6250     -7.5000       0.6045E-003
     20.6250     -6.2500       0.4920E-003
     20.6250     -5.0000       0.3460E-003
     20.6250     -3.7500       0.2058E-003
     20.6250     -2.5000       0.9231E-004
     20.6250     -1.2500       0.1905E-004
     20.6250      0.0000       0.2007E-005
     20.6250      1.2500       0.5824E-004
     20.6250      2.5000       0.2013E-003
     20.6250      3.7500       0.4344E-003
     20.6250      5.0000       0.7460E-003
     20.6250      6.2500       0.1081E-002
     20.6250      7.5000       0.1347E-002
     20.6250      8.7500       0.1460E-002
     20.6250     10.0000       0.1395E-002
     20.6250     11.2500       0.1159E-002
     20.6250     12.5000       0.8038E-003
     20.6250     13.7500       0.4330E-003
     20.6250     15.0000       0.1513E-003
     20.6250     16.2500       0.2032E-004
     20.6250     17.5000       0.2143E-006
     20.6250     18.7500       0.2595E-010

     21.5625    -20.0000       0.1657E-011
     21.5625    -18.7500       0.1050E-010
     21.5625    -17.5000       0.2485E-006
     21.5625    -16.2500       0.2287E-004
     21.5625    -15.0000       0.1701E-003
     21.5625    -13.7500       0.4862E-003
     21.5625    -12.5000       0.9009E-003
     21.5625    -11.2500       0.1300E-002
     21.5625    -10.0000       0.1567E-002
     21.5625     -8.7500       0.1643E-002
     21.5625     -7.5000       0.1514E-002
     21.5625     -6.2500       0.1213E-002
     21.5625     -5.0000       0.8335E-003
     21.5625     -3.7500       0.4845E-003
     21.5625     -2.5000       0.2252E-003
     21.5625     -1.2500       0.6878E-004
     21.5625      0.0000       0.4402E-005
     21.5625      1.2500       0.1165E-004
     21.5625      2.5000       0.6745E-004
     21.5625      3.7500       0.1519E-003
     21.5625      5.0000       0.2537E-003
     21.5625      6.2500       0.3569E-003
     21.5625      7.5000       0.4364E-003
     21.5625      8.7500       0.4705E-003
     21.5625     10.0000       0.4550E-003
     21.5625     11.2500       0.3836E-003
     21.5625     12.5000       0.2666E-003
     21.5625     13.7500       0.1418E-003
     21.5625     15.0000       0.4879E-004
     21.5625     16.2500       0.6482E-005
     21.5625     17.5000       0.6633E-007
     21.5625     18.7500       0.3919E-010

     22.5000    -20.0000       0.1489E-011
     22.5000    -18.7500       0.1298E-010
     22.5000    -17.5000       0.3221E-006
     22.5000    -16.2500       0.2951E-004
     22.5000    -15.0000       0.2184E-003
     22.5000    -13.7500       0.6200E-003
     22.5000    -12.5000       0.1143E-002
     22.5000    -11.2500       0.1650E-002
     22.5000    -10.0000       0.2003E-002
     22.5000     -8.7500       0.2110E-002
     22.5000     -7.5000       0.1940E-002
     22.5000     -6.2500       0.1541E-002
     22.5000     -5.0000       0.1045E-002
     22.5000     -3.7500       0.5998E-003
     22.5000     -2.5000       0.2846E-003
     22.5000     -1.2500       0.1054E-003
     22.5000      0.0000       0.2619E-004
     22.5000      1.2500       0.2667E-005
     22.5000      2.5000       0.4728E-006
     22.5000      3.7500       0.1455E-005
     22.5000      5.0000       0.1001E-005
     22.5000      6.2500       0.2341E-006
     22.5000      7.5000       0.5282E-007
     22.5000      8.7500       0.3373E-006
     22.5000     10.0000       0.8327E-006
     22.5000     11.2500       0.1089E-005
     22.5000     12.5000       0.5588E-006
     22.5000     13.7500       0.6134E-007
     22.5000     15.0000       0.1270E-008
     22.5000     16.2500       0.1149E-008
     22.5000     17.5000       0.1817E-009
     22.5000     18.7500       0.4154E-010

     23.4375    -20.0000       0.2518E-011
     23.4375    -18.7500       0.1894E-010
     23.4375    -17.5000       0.2524E-006
     23.4375    -16.2500       0.2304E-004
     23.4375    -15.0000       0.1697E-003
     23.4375    -13.7500       0.4785E-003
     23.4375    -12.5000       0.8775E-003
     23.4375    -11.2500       0.1269E-002
     23.4375    -10.0000       0.1551E-002
     23.4375     -8.7500       0.1642E-002
     23.4375     -7.5000       0.1506E-002
     23.4375     -6.2500       0.1186E-002
     23.4375     -5.0000       0.7936E-003
     23.4375     -3.7500       0.4494E-003
     23.4375     -2.5000       0.2179E-003
     23.4375     -1.2500       0.9634E-004
     23.4375      0.0000       0.4801E-004
     23.4375      1.2500       0.3930E-004
     23.4375      2.5000       0.5994E-004
     23.4375      3.7500       0.1171E-003
     23.4375      5.0000       0.2133E-003
     23.4375      6.2500       0.3299E-003
     23.4375      7.5000       0.4282E-003
     23.4375      8.7500       0.4703E-003
     23.4375     10.0000       0.4390E-003
     23.4375     11.2500       0.3528E-003
     23.4375     12.5000       0.2430E-003
     23.4375     13.7500       0.1341E-003
     23.4375     15.0000       0.4834E-004
     23.4375     16.2500       0.6640E-005
     23.4375     17.5000       0.7458E-007
     23.4375     18.7500       0.3182E-010

     24.3750    -20.0000       0.2420E-011
     24.3750    -18.7500       0.2534E-010
     24.3750    -17.5000       0.1014E-006
     24.3750    -16.2500       0.9203E-005
     24.3750    -15.0000       0.6721E-004
     24.3750    -13.7500       0.1873E-003
     24.3750    -12.5000       0.3405E-003
     24.3750    -11.2500       0.4937E-003
     24.3750    -10.0000       0.6115E-003
     24.3750     -8.7500       0.6528E-003
     24.3750     -7.5000       0.5958E-003
     24.3750     -6.2500       0.4617E-003
     24.3750     -5.0000       0.3015E-003
     24.3750     -3.7500       0.1668E-003
     24.3750     -2.5000       0.8415E-004
     24.3750     -1.2500       0.4968E-004
     24.3750      0.0000       0.5046E-004
     24.3750      1.2500       0.8896E-004
     24.3750      2.5000       0.1929E-003
     24.3750      3.7500       0.3957E-003
     24.3750      5.0000       0.7012E-003
     24.3750      6.2500       0.1051E-002
     24.3750      7.5000       0.1338E-002
     24.3750      8.7500       0.1460E-002
     24.3750     10.0000       0.1378E-002
     24.3750     11.2500       0.1125E-002
     24.3750     12.5000       0.7776E-003
     24.3750     13.7500       0.4245E-003
     24.3750     15.0000       0.1508E-003
     24.3750     16.2500       0.2050E-004
     24.3750     17.5000       0.2233E-006
     24.3750     18.7500       0.1734E-010

     25.3125    -20.0000       0.1179E-011
     25.3125    -18.7500       0.2743E-010
     25.3125    -17.5000       0.3522E-008
     25.3125    -16.2500       0.3043E-006
     25.3125    -15.0000       0.2049E-005
     25.3125    -13.7500       0.5121E-005
     25.3125    -12.5000       0.8792E-005
     25.3125    -11.2500       0.1333E-004
     25.3125    -10.0000       0.1828E-004
     25.3125     -8.7500       0.2061E-004
     25.3125     -7.5000       0.1783E-004
     25.3125     -6.2500       0.1188E-004
     25.3125     -5.0000       0.6348E-005
     25.3125     -3.7500       0.3100E-005
     25.3125     -2.5000       0.2344E-005
     25.3125     -1.2500       0.6868E-005
     25.3125      0.0000       0.3136E-004
     25.3125      1.2500       0.1075E-003
     25.3125      2.5000       0.2812E-003
     25.3125      3.7500       0.5897E-003
     25.3125      5.0000       0.1031E-002
     25.3125      6.2500       0.1523E-002
     25.3125      7.5000       0.1920E-002
     25.3125      8.7500       0.2089E-002
     25.3125     10.0000       0.1982E-002
     25.3125     11.2500       0.1630E-002
     25.3125     12.5000       0.1129E-002
     25.3125     13.7500       0.6131E-003
     25.3125     15.0000       0.2163E-003
     25.3125     16.2500       0.2925E-004
     25.3125     17.5000       0.3141E-006
     25.3125     18.7500       0.7739E-011

     26.2500    -20.0000       0.1126E-011
     26.2500    -18.7500       0.2272E-010
     26.2500    -17.5000       0.4576E-007
     26.2500    -16.2500       0.4253E-005
     26.2500    -15.0000       0.3219E-004
     26.2500    -13.7500       0.9423E-004
     26.2500    -12.5000       0.1781E-003
     26.2500    -11.2500       0.2563E-003
     26.2500    -10.0000       0.3016E-003
     26.2500     -8.7500       0.3105E-003
     26.2500     -7.5000       0.2883E-003
     26.2500     -6.2500       0.2381E-003
     26.2500     -5.0000       0.1712E-003
     26.2500     -3.7500       0.1041E-003
     26.2500     -2.5000       0.4524E-004
     26.2500     -1.2500       0.5974E-005
     26.2500      0.0000       0.7701E-005
     26.2500      1.2500       0.7849E-004
     26.2500      2.5000       0.2464E-003
     26.2500      3.7500       0.5268E-003
     26.2500      5.0000       0.9100E-003
     26.2500      6.2500       0.1327E-002
     26.2500      7.5000       0.1660E-002
     26.2500      8.7500       0.1802E-002
     26.2500     10.0000       0.1717E-002
     26.2500     11.2500       0.1422E-002
     26.2500     12.5000       0.9857E-003
     26.2500     13.7500       0.5325E-003
     26.2500     15.0000       0.1866E-003
     26.2500     16.2500       0.2513E-004
     26.2500     17.5000       0.2662E-006
     26.2500     18.7500       0.7131E-011

     27.1875    -20.0000       0.4577E-011
     27.1875    -18.7500       0.1336E-010
     27.1875    -17.5000       0.1907E-006
     27.1875    -16.2500       0.1754E-004
     27.1875    -15.0000       0.1308E-003
     27.1875    -13.7500       0.3752E-003
     27.1875    -12.5000       0.6974E-003
     27.1875    -11.2500       0.1006E-002
     27.1875    -10.0000       0.1208E-002
     27.1875     -8.7500       0.1263E-002
     27.1875     -7.5000       0.1165E-002
     27.1875     -6.2500       0.9382E-003
     27.1875     -5.0000       0.6491E-003
     27.1875     -3.7500       0.3798E-003
     27.1875     -2.5000       0.1747E-003
     27.1875     -1.2500       0.4779E-004
     27.1875      0.0000       0.4981E-006
     27.1875      1.2500       0.2766E-004
     27.1875      2.5000       0.1194E-003
     27.1875      3.7500       0.2629E-003
     27.1875      5.0000       0.4457E-003
     27.1875      6.2500       0.6373E-003
     27.1875      7.5000       0.7872E-003
     27.1875      8.7500       0.8513E-003
     27.1875     10.0000       0.8178E-003
     27.1875     11.2500       0.6838E-003
     27.1875     12.5000       0.4747E-003
     27.1875     13.7500       0.2543E-003
     27.1875     15.0000       0.8821E-004
     27.1875     16.2500       0.1179E-004
     27.1875     17.5000       0.1222E-006
     27.1875     18.7500       0.1154E-010

     28.1250    -20.0000       0.1124E-010
     28.1250    -18.7500       0.4729E-011
     28.1250    -17.5000       0.3096E-006
     28.1250    -16.2500       0.2835E-004
     28.1250    -15.0000       0.2102E-003
     28.1250    -13.7500       0.5982E-003
     28.1250    -12.5000       0.1105E-002
     28.1250    -11.2500       0.1594E-002
     28.1250    -10.0000       0.1930E-002
     28.1250     -8.7500       0.2030E-002
     28.1250     -7.5000       0.1868E-002
     28.1250     -6.2500       0.1489E-002
     28.1250     -5.0000       0.1015E-002
     28.1250     -3.7500       0.5851E-003
     28.1250     -2.5000       0.2755E-003
     28.1250     -1.2500       0.9513E-004
     28.1250      0.0000       0.1616E-004
     28.1250      1.2500       0.2097E-006
     28.1250      2.5000       0.1303E-004
     28.1250      3.7500       0.3226E-004
     28.1250      5.0000       0.5012E-004
     28.1250      6.2500       0.6525E-004
     28.1250      7.5000       0.7601E-004
     28.1250      8.7500       0.8097E-004
     28.1250     10.0000       0.8099E-004
     28.1250     11.2500       0.7111E-004
     28.1250     12.5000       0.4956E-004
     28.1250     13.7500       0.2545E-004
     28.1250     15.0000       0.8422E-005
     28.1250     16.2500       0.1089E-005
     28.1250     17.5000       0.1020E-007
     28.1250     18.7500       0.1348E-010

     29.0625    -20.0000       0.1782E-010
     29.0625    -18.7500       0.1300E-011
     29.0625    -17.5000       0.2968E-006
     29.0625    -16.2500       0.2708E-004
     29.0625    -15.0000       0.1999E-003
     29.0625    -13.7500       0.5652E-003
     29.0625    -12.5000       0.1039E-002
     29.0625    -11.2500       0.1501E-002
     29.0625    -10.0000       0.1829E-002
     29.0625     -8.7500       0.1933E-002
     29.0625     -7.5000       0.1774E-002
     29.0625     -6.2500       0.1403E-002
     29.0625     -5.0000       0.9441E-003
     29.0625     -3.7500       0.5377E-003
     29.0625     -2.5000       0.2583E-003
     29.0625     -1.2500       0.1059E-003
     29.0625      0.0000       0.4076E-004
     29.0625      1.2500       0.2055E-004
     29.0625      2.5000       0.2194E-004
     29.0625      3.7500       0.4027E-004
     29.0625      5.0000       0.7571E-004
     29.0625      6.2500       0.1214E-003
     29.0625      7.5000       0.1613E-003
     29.0625      8.7500       0.1786E-003
     29.0625     10.0000       0.1647E-003
     29.0625     11.2500       0.1301E-003
     29.0625     12.5000       0.8909E-004
     29.0625     13.7500       0.4980E-004
     29.0625     15.0000       0.1827E-004
     29.0625     16.2500       0.2541E-005
     29.0625     17.5000       0.2980E-007
     29.0625     18.7500       0.9455E-011

