    -30.0000    -20.0000       0.1164E-010
    -30.0000    -18.7500       0.1564E-012
    -30.0000    -17.5000       0.1403E-006
    -30.0000    -16.2500       0.1179E-004
    -30.0000    -15.0000       0.7647E-004
    -30.0000    -13.7500       0.1847E-003
    -30.0000    -12.5000       0.2806E-003
    -30.0000    -11.2500       0.3216E-003
    -30.0000    -10.0000       0.3126E-003
    -30.0000     -8.7500       0.2986E-003
    -30.0000     -7.5000       0.3318E-003
    -30.0000     -6.2500       0.4380E-003
    -30.0000     -5.0000       0.6121E-003
    -30.0000     -3.7500       0.8293E-003
    -30.0000     -2.5000       0.1043E-002
    -30.0000     -1.2500       0.1200E-002
    -30.0000      0.0000       0.1258E-002
    -30.0000      1.2500       0.1200E-002
    -30.0000      2.5000       0.1043E-002
    -30.0000      3.7500       0.8293E-003
    -30.0000      5.0000       0.6121E-003
    -30.0000      6.2500       0.4380E-003
    -30.0000      7.5000       0.3318E-003
    -30.0000      8.7500       0.2986E-003
    -30.0000     10.0000       0.3126E-003
    -30.0000     11.2500       0.3216E-003
    -30.0000     12.5000       0.2806E-003
    -30.0000     13.7500       0.1847E-003
    -30.0000     15.0000       0.7647E-004
    -30.0000     16.2500       0.1179E-004
    -30.0000     17.5000       0.1403E-006
    -30.0000     18.7500       0.1567E-012

    -29.0625    -20.0000       0.1144E-010
    -29.0625    -18.7500       0.2662E-011
    -29.0625    -17.5000       0.9170E-007
    -29.0625    -16.2500       0.7292E-005
    -29.0625    -15.0000       0.4348E-004
    -29.0625    -13.7500       0.9192E-004
    -29.0625    -12.5000       0.1106E-003
    -29.0625    -11.2500       0.7686E-004
    -29.0625    -10.0000       0.2095E-004
    -29.0625     -8.7500       0.1362E-005
    -29.0625     -7.5000       0.4703E-004
    -29.0625     -6.2500       0.1483E-003
    -29.0625     -5.0000       0.2907E-003
    -29.0625     -3.7500       0.4706E-003
    -29.0625     -2.5000       0.6672E-003
    -29.0625     -1.2500       0.8464E-003
    -29.0625      0.0000       0.9784E-003
    -29.0625      1.2500       0.1051E-002
    -29.0625      2.5000       0.1067E-002
    -29.0625      3.7500       0.1045E-002
    -29.0625      5.0000       0.1007E-002
    -29.0625      6.2500       0.9740E-003
    -29.0625      7.5000       0.9470E-003
    -29.0625      8.7500       0.9100E-003
    -29.0625     10.0000       0.8314E-003
    -29.0625     11.2500       0.6903E-003
    -29.0625     12.5000       0.4960E-003
    -29.0625     13.7500       0.2836E-003
    -29.0625     15.0000       0.1057E-003
    -29.0625     16.2500       0.1509E-004
    -29.0625     17.5000       0.1712E-006
    -29.0625     18.7500       0.6523E-011

    -28.1250    -20.0000       0.1148E-010
    -28.1250    -18.7500       0.8098E-011
    -28.1250    -17.5000       0.6679E-007
    -28.1250    -16.2500       0.5585E-005
    -28.1250    -15.0000       0.3612E-004
    -28.1250    -13.7500       0.8768E-004
    -28.1250    -12.5000       0.1373E-003
    -28.1250    -11.2500       0.1740E-003
    -28.1250    -10.0000       0.2166E-003
    -28.1250     -8.7500       0.2834E-003
    -28.1250     -7.5000       0.3470E-003
    -28.1250     -6.2500       0.3631E-003
    -28.1250     -5.0000       0.3294E-003
    -28.1250     -3.7500       0.2877E-003
    -28.1250     -2.5000       0.2724E-003
    -28.1250     -1.2500       0.3031E-003
    -28.1250      0.0000       0.3886E-003
    -28.1250      1.2500       0.5311E-003
    -28.1250      2.5000       0.7172E-003
    -28.1250      3.7500       0.9262E-003
    -28.1250      5.0000       0.1125E-002
    -28.1250      6.2500       0.1280E-002
    -28.1250      7.5000       0.1346E-002
    -28.1250      8.7500       0.1292E-002
    -28.1250     10.0000       0.1116E-002
    -28.1250     11.2500       0.8554E-003
    -28.1250     12.5000       0.5653E-003
    -28.1250     13.7500       0.3007E-003
    -28.1250     15.0000       0.1053E-003
    -28.1250     16.2500       0.1425E-004
    -28.1250     17.5000       0.1545E-006
    -28.1250     18.7500       0.1924E-010

    -27.1875    -20.0000       0.1194E-010
    -27.1875    -18.7500       0.9749E-011
    -27.1875    -17.5000       0.8766E-007
    -27.1875    -16.2500       0.8188E-005
    -27.1875    -15.0000       0.6093E-004
    -27.1875    -13.7500       0.1758E-003
    -27.1875    -12.5000       0.3369E-003
    -27.1875    -11.2500       0.5265E-003
    -27.1875    -10.0000       0.7250E-003
    -27.1875     -8.7500       0.8931E-003
    -27.1875     -7.5000       0.9641E-003
    -27.1875     -6.2500       0.8908E-003
    -27.1875     -5.0000       0.6938E-003
    -27.1875     -3.7500       0.4433E-003
    -27.1875     -2.5000       0.2104E-003
    -27.1875     -1.2500       0.5341E-004
    -27.1875      0.0000       0.1207E-004
    -27.1875      1.2500       0.1016E-003
    -27.1875      2.5000       0.3044E-003
    -27.1875      3.7500       0.5782E-003
    -27.1875      5.0000       0.8618E-003
    -27.1875      6.2500       0.1084E-002
    -27.1875      7.5000       0.1175E-002
    -27.1875      8.7500       0.1106E-002
    -27.1875     10.0000       0.9147E-003
    -27.1875     11.2500       0.6705E-003
    -27.1875     12.5000       0.4271E-003
    -27.1875     13.7500       0.2209E-003
    -27.1875     15.0000       0.7548E-004
    -27.1875     16.2500       0.1003E-004
    -27.1875     17.5000       0.1050E-006
    -27.1875     18.7500       0.2981E-010

    -26.2500    -20.0000       0.1290E-010
    -26.2500    -18.7500       0.5952E-011
    -26.2500    -17.5000       0.1358E-006
    -26.2500    -16.2500       0.1279E-004
    -26.2500    -15.0000       0.9585E-004
    -26.2500    -13.7500       0.2779E-003
    -26.2500    -12.5000       0.5319E-003
    -26.2500    -11.2500       0.8207E-003
    -26.2500    -10.0000       0.1094E-002
    -26.2500     -8.7500       0.1288E-002
    -26.2500     -7.5000       0.1350E-002
    -26.2500     -6.2500       0.1262E-002
    -26.2500     -5.0000       0.1059E-002
    -26.2500     -3.7500       0.7990E-003
    -26.2500     -2.5000       0.5365E-003
    -26.2500     -1.2500       0.3201E-003
    -26.2500      0.0000       0.1846E-003
    -26.2500      1.2500       0.1454E-003
    -26.2500      2.5000       0.1959E-003
    -26.2500      3.7500       0.3102E-003
    -26.2500      5.0000       0.4502E-003
    -26.2500      6.2500       0.5608E-003
    -26.2500      7.5000       0.5852E-003
    -26.2500      8.7500       0.5169E-003
    -26.2500     10.0000       0.4053E-003
    -26.2500     11.2500       0.2996E-003
    -26.2500     12.5000       0.2041E-003
    -26.2500     13.7500       0.1150E-003
    -26.2500     15.0000       0.4284E-004
    -26.2500     16.2500       0.6177E-005
    -26.2500     17.5000       0.6673E-007
    -26.2500     18.7500       0.3078E-010

    -25.3125    -20.0000       0.1417E-010
    -25.3125    -18.7500       0.1594E-011
    -25.3125    -17.5000       0.1685E-006
    -25.3125    -16.2500       0.1530E-004
    -25.3125    -15.0000       0.1099E-003
    -25.3125    -13.7500       0.3032E-003
    -25.3125    -12.5000       0.5491E-003
    -25.3125    -11.2500       0.7956E-003
    -25.3125    -10.0000       0.9964E-003
    -25.3125     -8.7500       0.1119E-002
    -25.3125     -7.5000       0.1162E-002
    -25.3125     -6.2500       0.1148E-002
    -25.3125     -5.0000       0.1102E-002
    -25.3125     -3.7500       0.1038E-002
    -25.3125     -2.5000       0.9603E-003
    -25.3125     -1.2500       0.8653E-003
    -25.3125      0.0000       0.7523E-003
    -25.3125      1.2500       0.6235E-003
    -25.3125      2.5000       0.4884E-003
    -25.3125      3.7500       0.3608E-003
    -25.3125      5.0000       0.2566E-003
    -25.3125      6.2500       0.1742E-003
    -25.3125      7.5000       0.1007E-003
    -25.3125      8.7500       0.4751E-004
    -25.3125     10.0000       0.4056E-004
    -25.3125     11.2500       0.7222E-004
    -25.3125     12.5000       0.9440E-004
    -25.3125     13.7500       0.7720E-004
    -25.3125     15.0000       0.3637E-004
    -25.3125     16.2500       0.6113E-005
    -25.3125     17.5000       0.7370E-007
    -25.3125     18.7500       0.2187E-010

    -24.3750    -20.0000       0.1531E-010
    -24.3750    -18.7500       0.3433E-011
    -24.3750    -17.5000       0.1566E-006
    -24.3750    -16.2500       0.1348E-004
    -24.3750    -15.0000       0.9049E-004
    -24.3750    -13.7500       0.2294E-003
    -24.3750    -12.5000       0.3732E-003
    -24.3750    -11.2500       0.4734E-003
    -24.3750    -10.0000       0.5186E-003
    -24.3750     -8.7500       0.5347E-003
    -24.3750     -7.5000       0.5673E-003
    -24.3750     -6.2500       0.6491E-003
    -24.3750     -5.0000       0.7834E-003
    -24.3750     -3.7500       0.9491E-003
    -24.3750     -2.5000       0.1105E-002
    -24.3750     -1.2500       0.1204E-002
    -24.3750      0.0000       0.1210E-002
    -24.3750      1.2500       0.1110E-002
    -24.3750      2.5000       0.9213E-003
    -24.3750      3.7500       0.6848E-003
    -24.3750      5.0000       0.4535E-003
    -24.3750      6.2500       0.2689E-003
    -24.3750      7.5000       0.1529E-003
    -24.3750      8.7500       0.1163E-003
    -24.3750     10.0000       0.1455E-003
    -24.3750     11.2500       0.1910E-003
    -24.3750     12.5000       0.1958E-003
    -24.3750     13.7500       0.1411E-003
    -24.3750     15.0000       0.6182E-004
    -24.3750     16.2500       0.9897E-005
    -24.3750     17.5000       0.1197E-006
    -24.3750     18.7500       0.1011E-010

    -23.4375    -20.0000       0.1582E-010
    -23.4375    -18.7500       0.1342E-010
    -23.4375    -17.5000       0.1106E-006
    -23.4375    -16.2500       0.8960E-005
    -23.4375    -15.0000       0.5497E-004
    -23.4375    -13.7500       0.1218E-003
    -23.4375    -12.5000       0.1604E-003
    -23.4375    -11.2500       0.1401E-003
    -23.4375    -10.0000       0.8480E-004
    -23.4375     -8.7500       0.5450E-004
    -23.4375     -7.5000       0.9361E-004
    -23.4375     -6.2500       0.2087E-003
    -23.4375     -5.0000       0.3866E-003
    -23.4375     -3.7500       0.6103E-003
    -23.4375     -2.5000       0.8430E-003
    -23.4375     -1.2500       0.1037E-002
    -23.4375      0.0000       0.1152E-002
    -23.4375      1.2500       0.1173E-002
    -23.4375      2.5000       0.1110E-002
    -23.4375      3.7500       0.9941E-003
    -23.4375      5.0000       0.8655E-003
    -23.4375      6.2500       0.7606E-003
    -23.4375      7.5000       0.6952E-003
    -23.4375      8.7500       0.6619E-003
    -23.4375     10.0000       0.6265E-003
    -23.4375     11.2500       0.5501E-003
    -23.4375     12.5000       0.4180E-003
    -23.4375     13.7500       0.2499E-003
    -23.4375     15.0000       0.9657E-004
    -23.4375     16.2500       0.1417E-004
    -23.4375     17.5000       0.1640E-006
    -23.4375     18.7500       0.3808E-011

    -22.5000    -20.0000       0.1551E-010
    -22.5000    -18.7500       0.2607E-010
    -22.5000    -17.5000       0.7156E-007
    -22.5000    -16.2500       0.5749E-005
    -22.5000    -15.0000       0.3486E-004
    -22.5000    -13.7500       0.7629E-004
    -22.5000    -12.5000       0.1000E-003
    -22.5000    -11.2500       0.9238E-004
    -22.5000    -10.0000       0.8129E-004
    -22.5000     -8.7500       0.1061E-003
    -22.5000     -7.5000       0.1630E-003
    -22.5000     -6.2500       0.2189E-003
    -22.5000     -5.0000       0.2645E-003
    -22.5000     -3.7500       0.3229E-003
    -22.5000     -2.5000       0.4061E-003
    -22.5000     -1.2500       0.5108E-003
    -22.5000      0.0000       0.6293E-003
    -22.5000      1.2500       0.7574E-003
    -22.5000      2.5000       0.8873E-003
    -22.5000      3.7500       0.1014E-002
    -22.5000      5.0000       0.1126E-002
    -22.5000      6.2500       0.1211E-002
    -22.5000      7.5000       0.1245E-002
    -22.5000      8.7500       0.1198E-002
    -22.5000     10.0000       0.1055E-002
    -22.5000     11.2500       0.8300E-003
    -22.5000     12.5000       0.5634E-003
    -22.5000     13.7500       0.3069E-003
    -22.5000     15.0000       0.1097E-003
    -22.5000     16.2500       0.1512E-004
    -22.5000     17.5000       0.1671E-006
    -22.5000     18.7500       0.5660E-011

    -21.5625    -20.0000       0.1457E-010
    -21.5625    -18.7500       0.3259E-010
    -21.5625    -17.5000       0.7395E-007
    -21.5625    -16.2500       0.6702E-005
    -21.5625    -15.0000       0.4805E-004
    -21.5625    -13.7500       0.1332E-003
    -21.5625    -12.5000       0.2457E-003
    -21.5625    -11.2500       0.3727E-003
    -21.5625    -10.0000       0.5112E-003
    -21.5625     -8.7500       0.6436E-003
    -21.5625     -7.5000       0.7136E-003
    -21.5625     -6.2500       0.6705E-003
    -21.5625     -5.0000       0.5259E-003
    -21.5625     -3.7500       0.3427E-003
    -21.5625     -2.5000       0.1829E-003
    -21.5625     -1.2500       0.9374E-004
    -21.5625      0.0000       0.1061E-003
    -21.5625      1.2500       0.2310E-003
    -21.5625      2.5000       0.4505E-003
    -21.5625      3.7500       0.7268E-003
    -21.5625      5.0000       0.1004E-002
    -21.5625      6.2500       0.1222E-002
    -21.5625      7.5000       0.1314E-002
    -21.5625      8.7500       0.1250E-002
    -21.5625     10.0000       0.1052E-002
    -21.5625     11.2500       0.7824E-003
    -21.5625     12.5000       0.5030E-003
    -21.5625     13.7500       0.2614E-003
    -21.5625     15.0000       0.8961E-004
    -21.5625     16.2500       0.1192E-004
    -21.5625     17.5000       0.1263E-006
    -21.5625     18.7500       0.1103E-010

    -20.6250    -20.0000       0.1345E-010
    -20.6250    -18.7500       0.2810E-010
    -20.6250    -17.5000       0.1157E-006
    -20.6250    -16.2500       0.1097E-004
    -20.6250    -15.0000       0.8280E-004
    -20.6250    -13.7500       0.2420E-003
    -20.6250    -12.5000       0.4678E-003
    -20.6250    -11.2500       0.7315E-003
    -20.6250    -10.0000       0.9916E-003
    -20.6250     -8.7500       0.1188E-002
    -20.6250     -7.5000       0.1255E-002
    -20.6250     -6.2500       0.1161E-002
    -20.6250     -5.0000       0.9379E-003
    -20.6250     -3.7500       0.6521E-003
    -20.6250     -2.5000       0.3723E-003
    -20.6250     -1.2500       0.1570E-003
    -20.6250      0.0000       0.4803E-004
    -20.6250      1.2500       0.6247E-004
    -20.6250      2.5000       0.1879E-003
    -20.6250      3.7500       0.3876E-003
    -20.6250      5.0000       0.6081E-003
    -20.6250      6.2500       0.7820E-003
    -20.6250      7.5000       0.8414E-003
    -20.6250      8.7500       0.7708E-003
    -20.6250     10.0000       0.6189E-003
    -20.6250     11.2500       0.4496E-003
    -20.6250     12.5000       0.2903E-003
    -20.6250     13.7500       0.1539E-003
    -20.6250     15.0000       0.5409E-004
    -20.6250     16.2500       0.7403E-005
    -20.6250     17.5000       0.7797E-007
    -20.6250     18.7500       0.1279E-010

    -19.6875    -20.0000       0.1252E-010
    -19.6875    -18.7500       0.1573E-010
    -19.6875    -17.5000       0.1597E-006
    -19.6875    -16.2500       0.1477E-004
    -19.6875    -15.0000       0.1082E-003
    -19.6875    -13.7500       0.3059E-003
    -19.6875    -12.5000       0.5691E-003
    -19.6875    -11.2500       0.8500E-003
    -19.6875    -10.0000       0.1096E-002
    -19.6875     -8.7500       0.1257E-002
    -19.6875     -7.5000       0.1307E-002
    -19.6875     -6.2500       0.1256E-002
    -19.6875     -5.0000       0.1134E-002
    -19.6875     -3.7500       0.9757E-003
    -19.6875     -2.5000       0.8056E-003
    -19.6875     -1.2500       0.6442E-003
    -19.6875      0.0000       0.5069E-003
    -19.6875      1.2500       0.4022E-003
    -19.6875      2.5000       0.3335E-003
    -19.6875      3.7500       0.2980E-003
    -19.6875      5.0000       0.2893E-003
    -19.6875      6.2500       0.2826E-003
    -19.6875      7.5000       0.2462E-003
    -19.6875      8.7500       0.1859E-003
    -19.6875     10.0000       0.1406E-003
    -19.6875     11.2500       0.1269E-003
    -19.6875     12.5000       0.1144E-003
    -19.6875     13.7500       0.7989E-004
    -19.6875     15.0000       0.3474E-004
    -19.6875     16.2500       0.5587E-005
    -19.6875     17.5000       0.6496E-007
    -19.6875     18.7500       0.8232E-011

    -18.7500    -20.0000       0.1192E-010
    -18.7500    -18.7500       0.4070E-011
    -18.7500    -17.5000       0.1668E-006
    -18.7500    -16.2500       0.1471E-004
    -18.7500    -15.0000       0.1017E-003
    -18.7500    -13.7500       0.2682E-003
    -18.7500    -12.5000       0.4595E-003
    -18.7500    -11.2500       0.6232E-003
    -18.7500    -10.0000       0.7322E-003
    -18.7500     -8.7500       0.7885E-003
    -18.7500     -7.5000       0.8235E-003
    -18.7500     -6.2500       0.8702E-003
    -18.7500     -5.0000       0.9413E-003
    -18.7500     -3.7500       0.1026E-002
    -18.7500     -2.5000       0.1097E-002
    -18.7500     -1.2500       0.1121E-002
    -18.7500      0.0000       0.1074E-002
    -18.7500      1.2500       0.9473E-003
    -18.7500      2.5000       0.7574E-003
    -18.7500      3.7500       0.5378E-003
    -18.7500      5.0000       0.3318E-003
    -18.7500      6.2500       0.1679E-003
    -18.7500      7.5000       0.5792E-004
    -18.7500      8.7500       0.1566E-004
    -18.7500     10.0000       0.4276E-004
    -18.7500     11.2500       0.1016E-003
    -18.7500     12.5000       0.1317E-003
    -18.7500     13.7500       0.1052E-003
    -18.7500     15.0000       0.4877E-004
    -18.7500     16.2500       0.8086E-005
    -18.7500     17.5000       0.9880E-007
    -18.7500     18.7500       0.1689E-011

    -17.8125    -20.0000       0.1158E-010
    -17.8125    -18.7500       0.8867E-013
    -17.8125    -17.5000       0.1307E-006
    -17.8125    -16.2500       0.1085E-004
    -17.8125    -15.0000       0.6909E-004
    -17.8125    -13.7500       0.1624E-003
    -17.8125    -12.5000       0.2364E-003
    -17.8125    -11.2500       0.2523E-003
    -17.8125    -10.0000       0.2224E-003
    -17.8125     -8.7500       0.1988E-003
    -17.8125     -7.5000       0.2333E-003
    -17.8125     -6.2500       0.3464E-003
    -17.8125     -5.0000       0.5296E-003
    -17.8125     -3.7500       0.7588E-003
    -17.8125     -2.5000       0.9889E-003
    -17.8125     -1.2500       0.1165E-002
    -17.8125      0.0000       0.1245E-002
    -17.8125      1.2500       0.1213E-002
    -17.8125      2.5000       0.1083E-002
    -17.8125      3.7500       0.8936E-003
    -17.8125      5.0000       0.6978E-003
    -17.8125      6.2500       0.5402E-003
    -17.8125      7.5000       0.4445E-003
    -17.8125      8.7500       0.4121E-003
    -17.8125     10.0000       0.4126E-003
    -17.8125     11.2500       0.3962E-003
    -17.8125     12.5000       0.3268E-003
    -17.8125     13.7500       0.2074E-003
    -17.8125     15.0000       0.8370E-004
    -17.8125     16.2500       0.1268E-004
    -17.8125     17.5000       0.1494E-006
    -17.8125     18.7500       0.6753E-012

    -16.8750    -20.0000       0.1143E-010
    -16.8750    -18.7500       0.3758E-011
    -16.8750    -17.5000       0.8359E-007
    -16.8750    -16.2500       0.6624E-005
    -16.8750    -15.0000       0.3930E-004
    -16.8750    -13.7500       0.8245E-004
    -16.8750    -12.5000       0.9803E-004
    -16.8750    -11.2500       0.6693E-004
    -16.8750    -10.0000       0.2023E-004
    -16.8750     -8.7500       0.1210E-004
    -16.8750     -7.5000       0.6147E-004
    -16.8750     -6.2500       0.1504E-003
    -16.8750     -5.0000       0.2653E-003
    -16.8750     -3.7500       0.4109E-003
    -16.8750     -2.5000       0.5763E-003
    -16.8750     -1.2500       0.7371E-003
    -16.8750      0.0000       0.8698E-003
    -16.8750      1.2500       0.9648E-003
    -16.8750      2.5000       0.1021E-002
    -16.8750      3.7500       0.1049E-002
    -16.8750      5.0000       0.1062E-002
    -16.8750      6.2500       0.1068E-002
    -16.8750      7.5000       0.1061E-002
    -16.8750      8.7500       0.1022E-002
    -16.8750     10.0000       0.9206E-003
    -16.8750     11.2500       0.7485E-003
    -16.8750     12.5000       0.5262E-003
    -16.8750     13.7500       0.2955E-003
    -16.8750     15.0000       0.1085E-003
    -16.8750     16.2500       0.1529E-004
    -16.8750     17.5000       0.1718E-006
    -16.8750     18.7500       0.8781E-011

    -15.9375    -20.0000       0.1154E-010
    -15.9375    -18.7500       0.8887E-011
    -15.9375    -17.5000       0.6731E-007
    -15.9375    -16.2500       0.5784E-005
    -15.9375    -15.0000       0.3886E-004
    -15.9375    -13.7500       0.9952E-004
    -15.9375    -12.5000       0.1676E-003
    -15.9375    -11.2500       0.2323E-003
    -15.9375    -10.0000       0.3060E-003
    -15.9375     -8.7500       0.3952E-003
    -15.9375     -7.5000       0.4615E-003
    -15.9375     -6.2500       0.4570E-003
    -15.9375     -5.0000       0.3838E-003
    -15.9375     -3.7500       0.2918E-003
    -15.9375     -2.5000       0.2260E-003
    -15.9375     -1.2500       0.2164E-003
    -15.9375      0.0000       0.2798E-003
    -15.9375      1.2500       0.4216E-003
    -15.9375      2.5000       0.6264E-003
    -15.9375      3.7500       0.8665E-003
    -15.9375      5.0000       0.1100E-002
    -15.9375      6.2500       0.1282E-002
    -15.9375      7.5000       0.1360E-002
    -15.9375      8.7500       0.1303E-002
    -15.9375     10.0000       0.1115E-002
    -15.9375     11.2500       0.8455E-003
    -15.9375     12.5000       0.5528E-003
    -15.9375     13.7500       0.2913E-003
    -15.9375     15.0000       0.1011E-003
    -15.9375     16.2500       0.1359E-004
    -15.9375     17.5000       0.1460E-006
    -15.9375     18.7500       0.2183E-010

    -15.0000    -20.0000       0.1209E-010
    -15.0000    -18.7500       0.9349E-011
    -15.0000    -17.5000       0.9634E-007
    -15.0000    -16.2500       0.9076E-005
    -15.0000    -15.0000       0.6815E-004
    -15.0000    -13.7500       0.1984E-003
    -15.0000    -12.5000       0.3831E-003
    -15.0000    -11.2500       0.6011E-003
    -15.0000    -10.0000       0.8249E-003
    -15.0000     -8.7500       0.1006E-002
    -15.0000     -7.5000       0.1077E-002
    -15.0000     -6.2500       0.9928E-003
    -15.0000     -5.0000       0.7794E-003
    -15.0000     -3.7500       0.5077E-003
    -15.0000     -2.5000       0.2498E-003
    -15.0000     -1.2500       0.6657E-004
    -15.0000      0.0000       0.2719E-010
    -15.0000      1.2500       0.6658E-004
    -15.0000      2.5000       0.2498E-003
    -15.0000      3.7500       0.5077E-003
    -15.0000      5.0000       0.7794E-003
    -15.0000      6.2500       0.9930E-003
    -15.0000      7.5000       0.1077E-002
    -15.0000      8.7500       0.1007E-002
    -15.0000     10.0000       0.8247E-003
    -15.0000     11.2500       0.6013E-003
    -15.0000     12.5000       0.3829E-003
    -15.0000     13.7500       0.1985E-003
    -15.0000     15.0000       0.6810E-004
    -15.0000     16.2500       0.9092E-005
    -15.0000     17.5000       0.9492E-007
    -15.0000     18.7500       0.3091E-010

    -14.0625    -20.0000       0.1314E-010
    -14.0625    -18.7500       0.4891E-011
    -14.0625    -17.5000       0.1450E-006
    -14.0625    -16.2500       0.1358E-004
    -14.0625    -15.0000       0.1011E-003
    -14.0625    -13.7500       0.2912E-003
    -14.0625    -12.5000       0.5529E-003
    -14.0625    -11.2500       0.8453E-003
    -14.0625    -10.0000       0.1116E-002
    -14.0625     -8.7500       0.1303E-002
    -14.0625     -7.5000       0.1360E-002
    -14.0625     -6.2500       0.1282E-002
    -14.0625     -5.0000       0.1100E-002
    -14.0625     -3.7500       0.8663E-003
    -14.0625     -2.5000       0.6266E-003
    -14.0625     -1.2500       0.4214E-003
    -14.0625      0.0000       0.2801E-003
    -14.0625      1.2500       0.2161E-003
    -14.0625      2.5000       0.2262E-003
    -14.0625      3.7500       0.2916E-003
    -14.0625      5.0000       0.3839E-003
    -14.0625      6.2500       0.4570E-003
    -14.0625      7.5000       0.4615E-003
    -14.0625      8.7500       0.3953E-003
    -14.0625     10.0000       0.3059E-003
    -14.0625     11.2500       0.2325E-003
    -14.0625     12.5000       0.1675E-003
    -14.0625     13.7500       0.9960E-004
    -14.0625     15.0000       0.3882E-004
    -14.0625     16.2500       0.5799E-005
    -14.0625     17.5000       0.6404E-007
    -14.0625     18.7500       0.2964E-010

    -13.1250    -20.0000       0.1443E-010
    -13.1250    -18.7500       0.1299E-011
    -13.1250    -17.5000       0.1700E-006
    -13.1250    -16.2500       0.1528E-004
    -13.1250    -15.0000       0.1085E-003
    -13.1250    -13.7500       0.2954E-003
    -13.1250    -12.5000       0.5263E-003
    -13.1250    -11.2500       0.7484E-003
    -13.1250    -10.0000       0.9207E-003
    -13.1250     -8.7500       0.1021E-002
    -13.1250     -7.5000       0.1061E-002
    -13.1250     -6.2500       0.1068E-002
    -13.1250     -5.0000       0.1062E-002
    -13.1250     -3.7500       0.1049E-002
    -13.1250     -2.5000       0.1021E-002
    -13.1250     -1.2500       0.9645E-003
    -13.1250      0.0000       0.8701E-003
    -13.1250      1.2500       0.7368E-003
    -13.1250      2.5000       0.5766E-003
    -13.1250      3.7500       0.4107E-003
    -13.1250      5.0000       0.2654E-003
    -13.1250      6.2500       0.1503E-003
    -13.1250      7.5000       0.6150E-004
    -13.1250      8.7500       0.1211E-004
    -13.1250     10.0000       0.2020E-004
    -13.1250     11.2500       0.6696E-004
    -13.1250     12.5000       0.9799E-004
    -13.1250     13.7500       0.8247E-004
    -13.1250     15.0000       0.3929E-004
    -13.1250     16.2500       0.6633E-005
    -13.1250     17.5000       0.8076E-007
    -13.1250     18.7500       0.1945E-010

    -12.1875    -20.0000       0.1547E-010
    -12.1875    -18.7500       0.4853E-011
    -12.1875    -17.5000       0.1490E-006
    -12.1875    -16.2500       0.1268E-004
    -12.1875    -15.0000       0.8370E-004
    -12.1875    -13.7500       0.2073E-003
    -12.1875    -12.5000       0.3268E-003
    -12.1875    -11.2500       0.3962E-003
    -12.1875    -10.0000       0.4126E-003
    -12.1875     -8.7500       0.4120E-003
    -12.1875     -7.5000       0.4446E-003
    -12.1875     -6.2500       0.5402E-003
    -12.1875     -5.0000       0.6978E-003
    -12.1875     -3.7500       0.8935E-003
    -12.1875     -2.5000       0.1083E-002
    -12.1875     -1.2500       0.1213E-002
    -12.1875      0.0000       0.1246E-002
    -12.1875      1.2500       0.1165E-002
    -12.1875      2.5000       0.9889E-003
    -12.1875      3.7500       0.7588E-003
    -12.1875      5.0000       0.5297E-003
    -12.1875      6.2500       0.3464E-003
    -12.1875      7.5000       0.2333E-003
    -12.1875      8.7500       0.1987E-003
    -12.1875     10.0000       0.2224E-003
    -12.1875     11.2500       0.2523E-003
    -12.1875     12.5000       0.2364E-003
    -12.1875     13.7500       0.1624E-003
    -12.1875     15.0000       0.6909E-004
    -12.1875     16.2500       0.1085E-004
    -12.1875     17.5000       0.1303E-006
    -12.1875     18.7500       0.8213E-011

    -11.2500    -20.0000       0.1582E-010
    -11.2500    -18.7500       0.1601E-010
    -11.2500    -17.5000       0.1008E-006
    -11.2500    -16.2500       0.8081E-005
    -11.2500    -15.0000       0.4877E-004
    -11.2500    -13.7500       0.1052E-003
    -11.2500    -12.5000       0.1317E-003
    -11.2500    -11.2500       0.1016E-003
    -11.2500    -10.0000       0.4276E-004
    -11.2500     -8.7500       0.1568E-004
    -11.2500     -7.5000       0.5789E-004
    -11.2500     -6.2500       0.1680E-003
    -11.2500     -5.0000       0.3317E-003
    -11.2500     -3.7500       0.5380E-003
    -11.2500     -2.5000       0.7572E-003
    -11.2500     -1.2500       0.9476E-003
    -11.2500      0.0000       0.1074E-002
    -11.2500      1.2500       0.1122E-002
    -11.2500      2.5000       0.1097E-002
    -11.2500      3.7500       0.1026E-002
    -11.2500      5.0000       0.9412E-003
    -11.2500      6.2500       0.8703E-003
    -11.2500      7.5000       0.8234E-003
    -11.2500      8.7500       0.7886E-003
    -11.2500     10.0000       0.7321E-003
    -11.2500     11.2500       0.6233E-003
    -11.2500     12.5000       0.4594E-003
    -11.2500     13.7500       0.2682E-003
    -11.2500     15.0000       0.1017E-003
    -11.2500     16.2500       0.1471E-004
    -11.2500     17.5000       0.1686E-006
    -11.2500     18.7500       0.3584E-011

    -10.3125    -20.0000       0.1536E-010
    -10.3125    -18.7500       0.2813E-010
    -10.3125    -17.5000       0.6816E-007
    -10.3125    -16.2500       0.5574E-005
    -10.3125    -15.0000       0.3476E-004
    -10.3125    -13.7500       0.7984E-004
    -10.3125    -12.5000       0.1145E-003
    -10.3125    -11.2500       0.1268E-003
    -10.3125    -10.0000       0.1407E-003
    -10.3125     -8.7500       0.1858E-003
    -10.3125     -7.5000       0.2462E-003
    -10.3125     -6.2500       0.2827E-003
    -10.3125     -5.0000       0.2891E-003
    -10.3125     -3.7500       0.2982E-003
    -10.3125     -2.5000       0.3332E-003
    -10.3125     -1.2500       0.4025E-003
    -10.3125      0.0000       0.5066E-003
    -10.3125      1.2500       0.6445E-003
    -10.3125      2.5000       0.8053E-003
    -10.3125      3.7500       0.9760E-003
    -10.3125      5.0000       0.1134E-002
    -10.3125      6.2500       0.1256E-002
    -10.3125      7.5000       0.1307E-002
    -10.3125      8.7500       0.1257E-002
    -10.3125     10.0000       0.1096E-002
    -10.3125     11.2500       0.8502E-003
    -10.3125     12.5000       0.5689E-003
    -10.3125     13.7500       0.3060E-003
    -10.3125     15.0000       0.1082E-003
    -10.3125     16.2500       0.1477E-004
    -10.3125     17.5000       0.1617E-006
    -10.3125     18.7500       0.6691E-011

     -9.3750    -20.0000       0.1435E-010
     -9.3750    -18.7500       0.3260E-010
     -9.3750    -17.5000       0.7998E-007
     -9.3750    -16.2500       0.7387E-005
     -9.3750    -15.0000       0.5414E-004
     -9.3750    -13.7500       0.1538E-003
     -9.3750    -12.5000       0.2905E-003
     -9.3750    -11.2500       0.4494E-003
     -9.3750    -10.0000       0.6191E-003
     -9.3750     -8.7500       0.7706E-003
     -9.3750     -7.5000       0.8415E-003
     -9.3750     -6.2500       0.7820E-003
     -9.3750     -5.0000       0.6082E-003
     -9.3750     -3.7500       0.3876E-003
     -9.3750     -2.5000       0.1878E-003
     -9.3750     -1.2500       0.6259E-004
     -9.3750      0.0000       0.4790E-004
     -9.3750      1.2500       0.1571E-003
     -9.3750      2.5000       0.3722E-003
     -9.3750      3.7500       0.6522E-003
     -9.3750      5.0000       0.9378E-003
     -9.3750      6.2500       0.1162E-002
     -9.3750      7.5000       0.1255E-002
     -9.3750      8.7500       0.1188E-002
     -9.3750     10.0000       0.9914E-003
     -9.3750     11.2500       0.7317E-003
     -9.3750     12.5000       0.4677E-003
     -9.3750     13.7500       0.2421E-003
     -9.3750     15.0000       0.8275E-004
     -9.3750     16.2500       0.1099E-004
     -9.3750     17.5000       0.1157E-006
     -9.3750     18.7500       0.1186E-010

     -8.4375    -20.0000       0.1324E-010
     -8.4375    -18.7500       0.2602E-010
     -8.4375    -17.5000       0.1258E-006
     -8.4375    -16.2500       0.1191E-004
     -8.4375    -15.0000       0.8966E-004
     -8.4375    -13.7500       0.2613E-003
     -8.4375    -12.5000       0.5032E-003
     -8.4375    -11.2500       0.7822E-003
     -8.4375    -10.0000       0.1052E-002
     -8.4375     -8.7500       0.1250E-002
     -8.4375     -7.5000       0.1314E-002
     -8.4375     -6.2500       0.1221E-002
     -8.4375     -5.0000       0.1005E-002
     -8.4375     -3.7500       0.7267E-003
     -8.4375     -2.5000       0.4507E-003
     -8.4375     -1.2500       0.2308E-003
     -8.4375      0.0000       0.1063E-003
     -8.4375      1.2500       0.9357E-004
     -8.4375      2.5000       0.1830E-003
     -8.4375      3.7500       0.3427E-003
     -8.4375      5.0000       0.5259E-003
     -8.4375      6.2500       0.6706E-003
     -8.4375      7.5000       0.7135E-003
     -8.4375      8.7500       0.6437E-003
     -8.4375     10.0000       0.5110E-003
     -8.4375     11.2500       0.3729E-003
     -8.4375     12.5000       0.2455E-003
     -8.4375     13.7500       0.1333E-003
     -8.4375     15.0000       0.4800E-004
     -8.4375     16.2500       0.6718E-005
     -8.4375     17.5000       0.7154E-007
     -8.4375     18.7500       0.1234E-010

     -7.5000    -20.0000       0.1238E-010
     -7.5000    -18.7500       0.1305E-010
     -7.5000    -17.5000       0.1649E-006
     -7.5000    -16.2500       0.1512E-004
     -7.5000    -15.0000       0.1098E-003
     -7.5000    -13.7500       0.3068E-003
     -7.5000    -12.5000       0.5635E-003
     -7.5000    -11.2500       0.8299E-003
     -7.5000    -10.0000       0.1056E-002
     -7.5000     -8.7500       0.1198E-002
     -7.5000     -7.5000       0.1245E-002
     -7.5000     -6.2500       0.1211E-002
     -7.5000     -5.0000       0.1126E-002
     -7.5000     -3.7500       0.1014E-002
     -7.5000     -2.5000       0.8876E-003
     -7.5000     -1.2500       0.7571E-003
     -7.5000      0.0000       0.6296E-003
     -7.5000      1.2500       0.5105E-003
     -7.5000      2.5000       0.4063E-003
     -7.5000      3.7500       0.3227E-003
     -7.5000      5.0000       0.2646E-003
     -7.5000      6.2500       0.2188E-003
     -7.5000      7.5000       0.1630E-003
     -7.5000      8.7500       0.1062E-003
     -7.5000     10.0000       0.8123E-004
     -7.5000     11.2500       0.9245E-004
     -7.5000     12.5000       0.9993E-004
     -7.5000     13.7500       0.7633E-004
     -7.5000     15.0000       0.3483E-004
     -7.5000     16.2500       0.5760E-005
     -7.5000     17.5000       0.6841E-007
     -7.5000     18.7500       0.6844E-011

     -6.5625    -20.0000       0.1184E-010
     -6.5625    -18.7500       0.2543E-011
     -6.5625    -17.5000       0.1625E-006
     -6.5625    -16.2500       0.1417E-004
     -6.5625    -15.0000       0.9658E-004
     -6.5625    -13.7500       0.2499E-003
     -6.5625    -12.5000       0.4180E-003
     -6.5625    -11.2500       0.5500E-003
     -6.5625    -10.0000       0.6265E-003
     -6.5625     -8.7500       0.6618E-003
     -6.5625     -7.5000       0.6953E-003
     -6.5625     -6.2500       0.7605E-003
     -6.5625     -5.0000       0.8656E-003
     -6.5625     -3.7500       0.9939E-003
     -6.5625     -2.5000       0.1110E-002
     -6.5625     -1.2500       0.1173E-002
     -6.5625      0.0000       0.1152E-002
     -6.5625      1.2500       0.1036E-002
     -6.5625      2.5000       0.8431E-003
     -6.5625      3.7500       0.6102E-003
     -6.5625      5.0000       0.3867E-003
     -6.5625      6.2500       0.2087E-003
     -6.5625      7.5000       0.9365E-004
     -6.5625      8.7500       0.5448E-004
     -6.5625     10.0000       0.8480E-004
     -6.5625     11.2500       0.1401E-003
     -6.5625     12.5000       0.1604E-003
     -6.5625     13.7500       0.1218E-003
     -6.5625     15.0000       0.5496E-004
     -6.5625     16.2500       0.8963E-005
     -6.5625     17.5000       0.1091E-006
     -6.5625     18.7500       0.8300E-012

     -5.6250    -20.0000       0.1154E-010
     -5.6250    -18.7500       0.3493E-012
     -5.6250    -17.5000       0.1207E-006
     -5.6250    -16.2500       0.9895E-005
     -5.6250    -15.0000       0.6183E-004
     -5.6250    -13.7500       0.1411E-003
     -5.6250    -12.5000       0.1958E-003
     -5.6250    -11.2500       0.1910E-003
     -5.6250    -10.0000       0.1454E-003
     -5.6250     -8.7500       0.1163E-003
     -5.6250     -7.5000       0.1528E-003
     -5.6250     -6.2500       0.2690E-003
     -5.6250     -5.0000       0.4535E-003
     -5.6250     -3.7500       0.6849E-003
     -5.6250     -2.5000       0.9212E-003
     -5.6250     -1.2500       0.1110E-002
     -5.6250      0.0000       0.1210E-002
     -5.6250      1.2500       0.1204E-002
     -5.6250      2.5000       0.1105E-002
     -5.6250      3.7500       0.9492E-003
     -5.6250      5.0000       0.7834E-003
     -5.6250      6.2500       0.6491E-003
     -5.6250      7.5000       0.5673E-003
     -5.6250      8.7500       0.5347E-003
     -5.6250     10.0000       0.5186E-003
     -5.6250     11.2500       0.4734E-003
     -5.6250     12.5000       0.3732E-003
     -5.6250     13.7500       0.2294E-003
     -5.6250     15.0000       0.9048E-004
     -5.6250     16.2500       0.1348E-004
     -5.6250     17.5000       0.1574E-006
     -5.6250     18.7500       0.1587E-011

     -4.6875    -20.0000       0.1142E-010
     -4.6875    -18.7500       0.4911E-011
     -4.6875    -17.5000       0.7682E-007
     -4.6875    -16.2500       0.6103E-005
     -4.6875    -15.0000       0.3639E-004
     -4.6875    -13.7500       0.7717E-004
     -4.6875    -12.5000       0.9445E-004
     -4.6875    -11.2500       0.7217E-004
     -4.6875    -10.0000       0.4060E-004
     -4.6875     -8.7500       0.4749E-004
     -4.6875     -7.5000       0.1006E-003
     -4.6875     -6.2500       0.1742E-003
     -4.6875     -5.0000       0.2565E-003
     -4.6875     -3.7500       0.3610E-003
     -4.6875     -2.5000       0.4881E-003
     -4.6875     -1.2500       0.6238E-003
     -4.6875      0.0000       0.7519E-003
     -4.6875      1.2500       0.8656E-003
     -4.6875      2.5000       0.9600E-003
     -4.6875      3.7500       0.1039E-002
     -4.6875      5.0000       0.1102E-002
     -4.6875      6.2500       0.1148E-002
     -4.6875      7.5000       0.1162E-002
     -4.6875      8.7500       0.1119E-002
     -4.6875     10.0000       0.9962E-003
     -4.6875     11.2500       0.7957E-003
     -4.6875     12.5000       0.5490E-003
     -4.6875     13.7500       0.3033E-003
     -4.6875     15.0000       0.1098E-003
     -4.6875     16.2500       0.1530E-004
     -4.6875     17.5000       0.1704E-006
     -4.6875     18.7500       0.1125E-010

     -3.7500    -20.0000       0.1161E-010
     -3.7500    -18.7500       0.9467E-011
     -3.7500    -17.5000       0.6978E-007
     -3.7500    -16.2500       0.6161E-005
     -3.7500    -15.0000       0.4289E-004
     -3.7500    -13.7500       0.1149E-003
     -3.7500    -12.5000       0.2042E-003
     -3.7500    -11.2500       0.2994E-003
     -3.7500    -10.0000       0.4055E-003
     -3.7500     -8.7500       0.5168E-003
     -3.7500     -7.5000       0.5853E-003
     -3.7500     -6.2500       0.5608E-003
     -3.7500     -5.0000       0.4501E-003
     -3.7500     -3.7500       0.3104E-003
     -3.7500     -2.5000       0.1957E-003
     -3.7500     -1.2500       0.1457E-003
     -3.7500      0.0000       0.1844E-003
     -3.7500      1.2500       0.3203E-003
     -3.7500      2.5000       0.5363E-003
     -3.7500      3.7500       0.7992E-003
     -3.7500      5.0000       0.1059E-002
     -3.7500      6.2500       0.1262E-002
     -3.7500      7.5000       0.1349E-002
     -3.7500      8.7500       0.1288E-002
     -3.7500     10.0000       0.1094E-002
     -3.7500     11.2500       0.8209E-003
     -3.7500     12.5000       0.5317E-003
     -3.7500     13.7500       0.2780E-003
     -3.7500     15.0000       0.9580E-004
     -3.7500     16.2500       0.1280E-004
     -3.7500     17.5000       0.1364E-006
     -3.7500     18.7500       0.2425E-010

     -2.8125    -20.0000       0.1227E-010
     -2.8125    -18.7500       0.8731E-011
     -2.8125    -17.5000       0.1059E-006
     -2.8125    -16.2500       0.1002E-004
     -2.8125    -15.0000       0.7554E-004
     -2.8125    -13.7500       0.2207E-003
     -2.8125    -12.5000       0.4273E-003
     -2.8125    -11.2500       0.6703E-003
     -2.8125    -10.0000       0.9149E-003
     -2.8125     -8.7500       0.1106E-002
     -2.8125     -7.5000       0.1175E-002
     -2.8125     -6.2500       0.1084E-002
     -2.8125     -5.0000       0.8619E-003
     -2.8125     -3.7500       0.5782E-003
     -2.8125     -2.5000       0.3045E-003
     -2.8125     -1.2500       0.1016E-003
     -2.8125      0.0000       0.1214E-004
     -2.8125      1.2500       0.5336E-004
     -2.8125      2.5000       0.2105E-003
     -2.8125      3.7500       0.4433E-003
     -2.8125      5.0000       0.6937E-003
     -2.8125      6.2500       0.8909E-003
     -2.8125      7.5000       0.9640E-003
     -2.8125      8.7500       0.8933E-003
     -2.8125     10.0000       0.7248E-003
     -2.8125     11.2500       0.5267E-003
     -2.8125     12.5000       0.3367E-003
     -2.8125     13.7500       0.1759E-003
     -2.8125     15.0000       0.6087E-004
     -2.8125     16.2500       0.8205E-005
     -2.8125     17.5000       0.8574E-007
     -2.8125     18.7500       0.3156E-010

     -1.8750    -20.0000       0.1339E-010
     -1.8750    -18.7500       0.3863E-011
     -1.8750    -17.5000       0.1531E-006
     -1.8750    -16.2500       0.1424E-004
     -1.8750    -15.0000       0.1053E-003
     -1.8750    -13.7500       0.3006E-003
     -1.8750    -12.5000       0.5655E-003
     -1.8750    -11.2500       0.8552E-003
     -1.8750    -10.0000       0.1116E-002
     -1.8750     -8.7500       0.1292E-002
     -1.8750     -7.5000       0.1346E-002
     -1.8750     -6.2500       0.1280E-002
     -1.8750     -5.0000       0.1126E-002
     -1.8750     -3.7500       0.9260E-003
     -1.8750     -2.5000       0.7175E-003
     -1.8750     -1.2500       0.5308E-003
     -1.8750      0.0000       0.3889E-003
     -1.8750      1.2500       0.3028E-003
     -1.8750      2.5000       0.2727E-003
     -1.8750      3.7500       0.2875E-003
     -1.8750      5.0000       0.3295E-003
     -1.8750      6.2500       0.3630E-003
     -1.8750      7.5000       0.3470E-003
     -1.8750      8.7500       0.2835E-003
     -1.8750     10.0000       0.2165E-003
     -1.8750     11.2500       0.1741E-003
     -1.8750     12.5000       0.1372E-003
     -1.8750     13.7500       0.8775E-004
     -1.8750     15.0000       0.3608E-004
     -1.8750     16.2500       0.5600E-005
     -1.8750     17.5000       0.6341E-007
     -1.8750     18.7500       0.2812E-010

     -0.9375    -20.0000       0.1467E-010
     -0.9375    -18.7500       0.1311E-011
     -0.9375    -17.5000       0.1695E-006
     -0.9375    -16.2500       0.1509E-004
     -0.9375    -15.0000       0.1058E-003
     -0.9375    -13.7500       0.2836E-003
     -0.9375    -12.5000       0.4961E-003
     -0.9375    -11.2500       0.6902E-003
     -0.9375    -10.0000       0.8315E-003
     -0.9375     -8.7500       0.9100E-003
     -0.9375     -7.5000       0.9471E-003
     -0.9375     -6.2500       0.9738E-003
     -0.9375     -5.0000       0.1008E-002
     -0.9375     -3.7500       0.1045E-002
     -0.9375     -2.5000       0.1067E-002
     -0.9375     -1.2500       0.1051E-002
     -0.9375      0.0000       0.9787E-003
     -0.9375      1.2500       0.8462E-003
     -0.9375      2.5000       0.6674E-003
     -0.9375      3.7500       0.4704E-003
     -0.9375      5.0000       0.2908E-003
     -0.9375      6.2500       0.1482E-003
     -0.9375      7.5000       0.4707E-004
     -0.9375      8.7500       0.1356E-005
     -0.9375     10.0000       0.2094E-004
     -0.9375     11.2500       0.7688E-004
     -0.9375     12.5000       0.1106E-003
     -0.9375     13.7500       0.9194E-004
     -0.9375     15.0000       0.4347E-004
     -0.9375     16.2500       0.7299E-005
     -0.9375     17.5000       0.8924E-007
     -0.9375     18.7500       0.1698E-010

      0.0000    -20.0000       0.1561E-010
      0.0000    -18.7500       0.6604E-011
      0.0000    -17.5000       0.1403E-006
      0.0000    -16.2500       0.1179E-004
      0.0000    -15.0000       0.7647E-004
      0.0000    -13.7500       0.1847E-003
      0.0000    -12.5000       0.2806E-003
      0.0000    -11.2500       0.3216E-003
      0.0000    -10.0000       0.3126E-003
      0.0000     -8.7500       0.2986E-003
      0.0000     -7.5000       0.3318E-003
      0.0000     -6.2500       0.4380E-003
      0.0000     -5.0000       0.6121E-003
      0.0000     -3.7500       0.8293E-003
      0.0000     -2.5000       0.1043E-002
      0.0000     -1.2500       0.1200E-002
      0.0000      0.0000       0.1258E-002
      0.0000      1.2500       0.1200E-002
      0.0000      2.5000       0.1043E-002
      0.0000      3.7500       0.8293E-003
      0.0000      5.0000       0.6121E-003
      0.0000      6.2500       0.4380E-003
      0.0000      7.5000       0.3318E-003
      0.0000      8.7500       0.2986E-003
      0.0000     10.0000       0.3126E-003
      0.0000     11.2500       0.3216E-003
      0.0000     12.5000       0.2806E-003
      0.0000     13.7500       0.1847E-003
      0.0000     15.0000       0.7647E-004
      0.0000     16.2500       0.1179E-004
      0.0000     17.5000       0.1403E-006
      0.0000     18.7500       0.6605E-011

      0.9375    -20.0000       0.1579E-010
      0.9375    -18.7500       0.1866E-010
      0.9375    -17.5000       0.9168E-007
      0.9375    -16.2500       0.7292E-005
      0.9375    -15.0000       0.4348E-004
      0.9375    -13.7500       0.9192E-004
      0.9375    -12.5000       0.1106E-003
      0.9375    -11.2500       0.7686E-004
      0.9375    -10.0000       0.2095E-004
      0.9375     -8.7500       0.1362E-005
      0.9375     -7.5000       0.4703E-004
      0.9375     -6.2500       0.1483E-003
      0.9375     -5.0000       0.2907E-003
      0.9375     -3.7500       0.4706E-003
      0.9375     -2.5000       0.6672E-003
      0.9375     -1.2500       0.8464E-003
      0.9375      0.0000       0.9784E-003
      0.9375      1.2500       0.1051E-002
      0.9375      2.5000       0.1067E-002
      0.9375      3.7500       0.1045E-002
      0.9375      5.0000       0.1007E-002
      0.9375      6.2500       0.9740E-003
      0.9375      7.5000       0.9470E-003
      0.9375      8.7500       0.9100E-003
      0.9375     10.0000       0.8314E-003
      0.9375     11.2500       0.6903E-003
      0.9375     12.5000       0.4960E-003
      0.9375     13.7500       0.2836E-003
      0.9375     15.0000       0.1057E-003
      0.9375     16.2500       0.1509E-004
      0.9375     17.5000       0.1714E-006
      0.9375     18.7500       0.3693E-011

      1.8750    -20.0000       0.1519E-010
      1.8750    -18.7500       0.2985E-010
      1.8750    -17.5000       0.6667E-007
      1.8750    -16.2500       0.5586E-005
      1.8750    -15.0000       0.3612E-004
      1.8750    -13.7500       0.8768E-004
      1.8750    -12.5000       0.1373E-003
      1.8750    -11.2500       0.1740E-003
      1.8750    -10.0000       0.2166E-003
      1.8750     -8.7500       0.2834E-003
      1.8750     -7.5000       0.3470E-003
      1.8750     -6.2500       0.3631E-003
      1.8750     -5.0000       0.3294E-003
      1.8750     -3.7500       0.2877E-003
      1.8750     -2.5000       0.2724E-003
      1.8750     -1.2500       0.3031E-003
      1.8750      0.0000       0.3886E-003
      1.8750      1.2500       0.5311E-003
      1.8750      2.5000       0.7172E-003
      1.8750      3.7500       0.9262E-003
      1.8750      5.0000       0.1125E-002
      1.8750      6.2500       0.1280E-002
      1.8750      7.5000       0.1346E-002
      1.8750      8.7500       0.1292E-002
      1.8750     10.0000       0.1116E-002
      1.8750     11.2500       0.8554E-003
      1.8750     12.5000       0.5653E-003
      1.8750     13.7500       0.3007E-003
      1.8750     15.0000       0.1053E-003
      1.8750     16.2500       0.1425E-004
      1.8750     17.5000       0.1547E-006
      1.8750     18.7500       0.7808E-011

      2.8125    -20.0000       0.1412E-010
      2.8125    -18.7500       0.3213E-010
      2.8125    -17.5000       0.8747E-007
      2.8125    -16.2500       0.8188E-005
      2.8125    -15.0000       0.6093E-004
      2.8125    -13.7500       0.1758E-003
      2.8125    -12.5000       0.3369E-003
      2.8125    -11.2500       0.5265E-003
      2.8125    -10.0000       0.7250E-003
      2.8125     -8.7500       0.8931E-003
      2.8125     -7.5000       0.9641E-003
      2.8125     -6.2500       0.8908E-003
      2.8125     -5.0000       0.6938E-003
      2.8125     -3.7500       0.4433E-003
      2.8125     -2.5000       0.2104E-003
      2.8125     -1.2500       0.5341E-004
      2.8125      0.0000       0.1207E-004
      2.8125      1.2500       0.1016E-003
      2.8125      2.5000       0.3044E-003
      2.8125      3.7500       0.5782E-003
      2.8125      5.0000       0.8618E-003
      2.8125      6.2500       0.1084E-002
      2.8125      7.5000       0.1175E-002
      2.8125      8.7500       0.1106E-002
      2.8125     10.0000       0.9147E-003
      2.8125     11.2500       0.6705E-003
      2.8125     12.5000       0.4271E-003
      2.8125     13.7500       0.2209E-003
      2.8125     15.0000       0.7548E-004
      2.8125     16.2500       0.1003E-004
      2.8125     17.5000       0.1052E-006
      2.8125     18.7500       0.1248E-010

      3.7500    -20.0000       0.1304E-010
      3.7500    -18.7500       0.2367E-010
      3.7500    -17.5000       0.1356E-006
      3.7500    -16.2500       0.1279E-004
      3.7500    -15.0000       0.9585E-004
      3.7500    -13.7500       0.2779E-003
      3.7500    -12.5000       0.5319E-003
      3.7500    -11.2500       0.8207E-003
      3.7500    -10.0000       0.1094E-002
      3.7500     -8.7500       0.1288E-002
      3.7500     -7.5000       0.1350E-002
      3.7500     -6.2500       0.1262E-002
      3.7500     -5.0000       0.1059E-002
      3.7500     -3.7500       0.7990E-003
      3.7500     -2.5000       0.5365E-003
      3.7500     -1.2500       0.3201E-003
      3.7500      0.0000       0.1846E-003
      3.7500      1.2500       0.1454E-003
      3.7500      2.5000       0.1959E-003
      3.7500      3.7500       0.3102E-003
      3.7500      5.0000       0.4502E-003
      3.7500      6.2500       0.5608E-003
      3.7500      7.5000       0.5852E-003
      3.7500      8.7500       0.5169E-003
      3.7500     10.0000       0.4053E-003
      3.7500     11.2500       0.2996E-003
      3.7500     12.5000       0.2041E-003
      3.7500     13.7500       0.1150E-003
      3.7500     15.0000       0.4284E-004
      3.7500     16.2500       0.6177E-005
      3.7500     17.5000       0.6688E-007
      3.7500     18.7500       0.1163E-010

      4.6875    -20.0000       0.1225E-010
      4.6875    -18.7500       0.1048E-010
      4.6875    -17.5000       0.1683E-006
      4.6875    -16.2500       0.1530E-004
      4.6875    -15.0000       0.1099E-003
      4.6875    -13.7500       0.3032E-003
      4.6875    -12.5000       0.5491E-003
      4.6875    -11.2500       0.7956E-003
      4.6875    -10.0000       0.9964E-003
      4.6875     -8.7500       0.1119E-002
      4.6875     -7.5000       0.1162E-002
      4.6875     -6.2500       0.1148E-002
      4.6875     -5.0000       0.1102E-002
      4.6875     -3.7500       0.1038E-002
      4.6875     -2.5000       0.9603E-003
      4.6875     -1.2500       0.8653E-003
      4.6875      0.0000       0.7523E-003
      4.6875      1.2500       0.6235E-003
      4.6875      2.5000       0.4884E-003
      4.6875      3.7500       0.3608E-003
      4.6875      5.0000       0.2566E-003
      4.6875      6.2500       0.1742E-003
      4.6875      7.5000       0.1007E-003
      4.6875      8.7500       0.4751E-004
      4.6875     10.0000       0.4056E-004
      4.6875     11.2500       0.7222E-004
      4.6875     12.5000       0.9440E-004
      4.6875     13.7500       0.7720E-004
      4.6875     15.0000       0.3637E-004
      4.6875     16.2500       0.6113E-005
      4.6875     17.5000       0.7376E-007
      4.6875     18.7500       0.5427E-011

      5.6250    -20.0000       0.1176E-010
      5.6250    -18.7500       0.1376E-011
      5.6250    -17.5000       0.1564E-006
      5.6250    -16.2500       0.1348E-004
      5.6250    -15.0000       0.9049E-004
      5.6250    -13.7500       0.2294E-003
      5.6250    -12.5000       0.3732E-003
      5.6250    -11.2500       0.4734E-003
      5.6250    -10.0000       0.5186E-003
      5.6250     -8.7500       0.5347E-003
      5.6250     -7.5000       0.5673E-003
      5.6250     -6.2500       0.6491E-003
      5.6250     -5.0000       0.7834E-003
      5.6250     -3.7500       0.9491E-003
      5.6250     -2.5000       0.1105E-002
      5.6250     -1.2500       0.1204E-002
      5.6250      0.0000       0.1210E-002
      5.6250      1.2500       0.1110E-002
      5.6250      2.5000       0.9213E-003
      5.6250      3.7500       0.6848E-003
      5.6250      5.0000       0.4535E-003
      5.6250      6.2500       0.2689E-003
      5.6250      7.5000       0.1529E-003
      5.6250      8.7500       0.1163E-003
      5.6250     10.0000       0.1455E-003
      5.6250     11.2500       0.1910E-003
      5.6250     12.5000       0.1958E-003
      5.6250     13.7500       0.1411E-003
      5.6250     15.0000       0.6182E-004
      5.6250     16.2500       0.9897E-005
      5.6250     17.5000       0.1197E-006
      5.6250     18.7500       0.2606E-012

      6.5625    -20.0000       0.1150E-010
      6.5625    -18.7500       0.8990E-012
      6.5625    -17.5000       0.1106E-006
      6.5625    -16.2500       0.8959E-005
      6.5625    -15.0000       0.5497E-004
      6.5625    -13.7500       0.1218E-003
      6.5625    -12.5000       0.1604E-003
      6.5625    -11.2500       0.1401E-003
      6.5625    -10.0000       0.8480E-004
      6.5625     -8.7500       0.5450E-004
      6.5625     -7.5000       0.9361E-004
      6.5625     -6.2500       0.2087E-003
      6.5625     -5.0000       0.3866E-003
      6.5625     -3.7500       0.6103E-003
      6.5625     -2.5000       0.8430E-003
      6.5625     -1.2500       0.1037E-002
      6.5625      0.0000       0.1152E-002
      6.5625      1.2500       0.1173E-002
      6.5625      2.5000       0.1110E-002
      6.5625      3.7500       0.9941E-003
      6.5625      5.0000       0.8655E-003
      6.5625      6.2500       0.7606E-003
      6.5625      7.5000       0.6952E-003
      6.5625      8.7500       0.6619E-003
      6.5625     10.0000       0.6265E-003
      6.5625     11.2500       0.5501E-003
      6.5625     12.5000       0.4180E-003
      6.5625     13.7500       0.2499E-003
      6.5625     15.0000       0.9657E-004
      6.5625     16.2500       0.1417E-004
      6.5625     17.5000       0.1638E-006
      6.5625     18.7500       0.2883E-011

      7.5000    -20.0000       0.1143E-010
      7.5000    -18.7500       0.6059E-011
      7.5000    -17.5000       0.7164E-007
      7.5000    -16.2500       0.5748E-005
      7.5000    -15.0000       0.3486E-004
      7.5000    -13.7500       0.7629E-004
      7.5000    -12.5000       0.1000E-003
      7.5000    -11.2500       0.9238E-004
      7.5000    -10.0000       0.8129E-004
      7.5000     -8.7500       0.1061E-003
      7.5000     -7.5000       0.1630E-003
      7.5000     -6.2500       0.2189E-003
      7.5000     -5.0000       0.2645E-003
      7.5000     -3.7500       0.3229E-003
      7.5000     -2.5000       0.4061E-003
      7.5000     -1.2500       0.5108E-003
      7.5000      0.0000       0.6293E-003
      7.5000      1.2500       0.7574E-003
      7.5000      2.5000       0.8873E-003
      7.5000      3.7500       0.1014E-002
      7.5000      5.0000       0.1126E-002
      7.5000      6.2500       0.1211E-002
      7.5000      7.5000       0.1245E-002
      7.5000      8.7500       0.1198E-002
      7.5000     10.0000       0.1055E-002
      7.5000     11.2500       0.8300E-003
      7.5000     12.5000       0.5634E-003
      7.5000     13.7500       0.3069E-003
      7.5000     15.0000       0.1097E-003
      7.5000     16.2500       0.1513E-004
      7.5000     17.5000       0.1669E-006
      7.5000     18.7500       0.1387E-010

      8.4375    -20.0000       0.1170E-010
      8.4375    -18.7500       0.9812E-011
      8.4375    -17.5000       0.7412E-007
      8.4375    -16.2500       0.6702E-005
      8.4375    -15.0000       0.4805E-004
      8.4375    -13.7500       0.1332E-003
      8.4375    -12.5000       0.2457E-003
      8.4375    -11.2500       0.3727E-003
      8.4375    -10.0000       0.5112E-003
      8.4375     -8.7500       0.6435E-003
      8.4375     -7.5000       0.7136E-003
      8.4375     -6.2500       0.6705E-003
      8.4375     -5.0000       0.5259E-003
      8.4375     -3.7500       0.3427E-003
      8.4375     -2.5000       0.1829E-003
      8.4375     -1.2500       0.9374E-004
      8.4375      0.0000       0.1061E-003
      8.4375      1.2500       0.2310E-003
      8.4375      2.5000       0.4505E-003
      8.4375      3.7500       0.7268E-003
      8.4375      5.0000       0.1004E-002
      8.4375      6.2500       0.1222E-002
      8.4375      7.5000       0.1314E-002
      8.4375      8.7500       0.1250E-002
      8.4375     10.0000       0.1052E-002
      8.4375     11.2500       0.7825E-003
      8.4375     12.5000       0.5030E-003
      8.4375     13.7500       0.2614E-003
      8.4375     15.0000       0.8961E-004
      8.4375     16.2500       0.1192E-004
      8.4375     17.5000       0.1261E-006
      8.4375     18.7500       0.2643E-010

      9.3750    -20.0000       0.1246E-010
      9.3750    -18.7500       0.7927E-011
      9.3750    -17.5000       0.1159E-006
      9.3750    -16.2500       0.1097E-004
      9.3750    -15.0000       0.8280E-004
      9.3750    -13.7500       0.2420E-003
      9.3750    -12.5000       0.4678E-003
      9.3750    -11.2500       0.7315E-003
      9.3750    -10.0000       0.9916E-003
      9.3750     -8.7500       0.1188E-002
      9.3750     -7.5000       0.1255E-002
      9.3750     -6.2500       0.1161E-002
      9.3750     -5.0000       0.9379E-003
      9.3750     -3.7500       0.6521E-003
      9.3750     -2.5000       0.3723E-003
      9.3750     -1.2500       0.1570E-003
      9.3750      0.0000       0.4803E-004
      9.3750      1.2500       0.6247E-004
      9.3750      2.5000       0.1879E-003
      9.3750      3.7500       0.3876E-003
      9.3750      5.0000       0.6081E-003
      9.3750      6.2500       0.7820E-003
      9.3750      7.5000       0.8414E-003
      9.3750      8.7500       0.7708E-003
      9.3750     10.0000       0.6189E-003
      9.3750     11.2500       0.4496E-003
      9.3750     12.5000       0.2903E-003
      9.3750     13.7500       0.1539E-003
      9.3750     15.0000       0.5408E-004
      9.3750     16.2500       0.7403E-005
      9.3750     17.5000       0.7779E-007
      9.3750     18.7500       0.3176E-010

     10.3125    -20.0000       0.1365E-010
     10.3125    -18.7500       0.2930E-011
     10.3125    -17.5000       0.1599E-006
     10.3125    -16.2500       0.1477E-004
     10.3125    -15.0000       0.1082E-003
     10.3125    -13.7500       0.3059E-003
     10.3125    -12.5000       0.5691E-003
     10.3125    -11.2500       0.8500E-003
     10.3125    -10.0000       0.1096E-002
     10.3125     -8.7500       0.1257E-002
     10.3125     -7.5000       0.1307E-002
     10.3125     -6.2500       0.1256E-002
     10.3125     -5.0000       0.1134E-002
     10.3125     -3.7500       0.9757E-003
     10.3125     -2.5000       0.8056E-003
     10.3125     -1.2500       0.6442E-003
     10.3125      0.0000       0.5069E-003
     10.3125      1.2500       0.4022E-003
     10.3125      2.5000       0.3335E-003
     10.3125      3.7500       0.2980E-003
     10.3125      5.0000       0.2893E-003
     10.3125      6.2500       0.2826E-003
     10.3125      7.5000       0.2462E-003
     10.3125      8.7500       0.1859E-003
     10.3125     10.0000       0.1406E-003
     10.3125     11.2500       0.1269E-003
     10.3125     12.5000       0.1144E-003
     10.3125     13.7500       0.7989E-004
     10.3125     15.0000       0.3473E-004
     10.3125     16.2500       0.5587E-005
     10.3125     17.5000       0.6486E-007
     10.3125     18.7500       0.2628E-010

     11.2500    -20.0000       0.1490E-010
     11.2500    -18.7500       0.1660E-011
     11.2500    -17.5000       0.1670E-006
     11.2500    -16.2500       0.1471E-004
     11.2500    -15.0000       0.1017E-003
     11.2500    -13.7500       0.2682E-003
     11.2500    -12.5000       0.4595E-003
     11.2500    -11.2500       0.6232E-003
     11.2500    -10.0000       0.7322E-003
     11.2500     -8.7500       0.7885E-003
     11.2500     -7.5000       0.8235E-003
     11.2500     -6.2500       0.8702E-003
     11.2500     -5.0000       0.9413E-003
     11.2500     -3.7500       0.1026E-002
     11.2500     -2.5000       0.1097E-002
     11.2500     -1.2500       0.1121E-002
     11.2500      0.0000       0.1074E-002
     11.2500      1.2500       0.9473E-003
     11.2500      2.5000       0.7574E-003
     11.2500      3.7500       0.5378E-003
     11.2500      5.0000       0.3318E-003
     11.2500      6.2500       0.1679E-003
     11.2500      7.5000       0.5792E-004
     11.2500      8.7500       0.1566E-004
     11.2500     10.0000       0.4276E-004
     11.2500     11.2500       0.1016E-003
     11.2500     12.5000       0.1317E-003
     11.2500     13.7500       0.1052E-003
     11.2500     15.0000       0.4877E-004
     11.2500     16.2500       0.8086E-005
     11.2500     17.5000       0.9880E-007
     11.2500     18.7500       0.1456E-010

     12.1875    -20.0000       0.1571E-010
     12.1875    -18.7500       0.8648E-011
     12.1875    -17.5000       0.1308E-006
     12.1875    -16.2500       0.1085E-004
     12.1875    -15.0000       0.6909E-004
     12.1875    -13.7500       0.1624E-003
     12.1875    -12.5000       0.2364E-003
     12.1875    -11.2500       0.2523E-003
     12.1875    -10.0000       0.2224E-003
     12.1875     -8.7500       0.1987E-003
     12.1875     -7.5000       0.2333E-003
     12.1875     -6.2500       0.3464E-003
     12.1875     -5.0000       0.5296E-003
     12.1875     -3.7500       0.7588E-003
     12.1875     -2.5000       0.9889E-003
     12.1875     -1.2500       0.1165E-002
     12.1875      0.0000       0.1245E-002
     12.1875      1.2500       0.1213E-002
     12.1875      2.5000       0.1083E-002
     12.1875      3.7500       0.8936E-003
     12.1875      5.0000       0.6978E-003
     12.1875      6.2500       0.5402E-003
     12.1875      7.5000       0.4445E-003
     12.1875      8.7500       0.4121E-003
     12.1875     10.0000       0.4126E-003
     12.1875     11.2500       0.3962E-003
     12.1875     12.5000       0.3268E-003
     12.1875     13.7500       0.2074E-003
     12.1875     15.0000       0.8370E-004
     12.1875     16.2500       0.1268E-004
     12.1875     17.5000       0.1495E-006
     12.1875     18.7500       0.5321E-011

     13.1250    -20.0000       0.1573E-010
     13.1250    -18.7500       0.2126E-010
     13.1250    -17.5000       0.8355E-007
     13.1250    -16.2500       0.6625E-005
     13.1250    -15.0000       0.3930E-004
     13.1250    -13.7500       0.8245E-004
     13.1250    -12.5000       0.9803E-004
     13.1250    -11.2500       0.6693E-004
     13.1250    -10.0000       0.2023E-004
     13.1250     -8.7500       0.1210E-004
     13.1250     -7.5000       0.6147E-004
     13.1250     -6.2500       0.1504E-003
     13.1250     -5.0000       0.2653E-003
     13.1250     -3.7500       0.4109E-003
     13.1250     -2.5000       0.5763E-003
     13.1250     -1.2500       0.7371E-003
     13.1250      0.0000       0.8698E-003
     13.1250      1.2500       0.9648E-003
     13.1250      2.5000       0.1021E-002
     13.1250      3.7500       0.1049E-002
     13.1250      5.0000       0.1062E-002
     13.1250      6.2500       0.1068E-002
     13.1250      7.5000       0.1061E-002
     13.1250      8.7500       0.1022E-002
     13.1250     10.0000       0.9206E-003
     13.1250     11.2500       0.7485E-003
     13.1250     12.5000       0.5262E-003
     13.1250     13.7500       0.2955E-003
     13.1250     15.0000       0.1085E-003
     13.1250     16.2500       0.1529E-004
     13.1250     17.5000       0.1720E-006
     13.1250     18.7500       0.4106E-011

     14.0625    -20.0000       0.1500E-010
     14.0625    -18.7500       0.3120E-010
     14.0625    -17.5000       0.6717E-007
     14.0625    -16.2500       0.5784E-005
     14.0625    -15.0000       0.3886E-004
     14.0625    -13.7500       0.9952E-004
     14.0625    -12.5000       0.1676E-003
     14.0625    -11.2500       0.2323E-003
     14.0625    -10.0000       0.3060E-003
     14.0625     -8.7500       0.3952E-003
     14.0625     -7.5000       0.4615E-003
     14.0625     -6.2500       0.4570E-003
     14.0625     -5.0000       0.3838E-003
     14.0625     -3.7500       0.2918E-003
     14.0625     -2.5000       0.2260E-003
     14.0625     -1.2500       0.2164E-003
     14.0625      0.0000       0.2798E-003
     14.0625      1.2500       0.4216E-003
     14.0625      2.5000       0.6264E-003
     14.0625      3.7500       0.8665E-003
     14.0625      5.0000       0.1100E-002
     14.0625      6.2500       0.1282E-002
     14.0625      7.5000       0.1360E-002
     14.0625      8.7500       0.1303E-002
     14.0625     10.0000       0.1115E-002
     14.0625     11.2500       0.8455E-003
     14.0625     12.5000       0.5528E-003
     14.0625     13.7500       0.2913E-003
     14.0625     15.0000       0.1011E-003
     14.0625     16.2500       0.1359E-004
     14.0625     17.5000       0.1462E-006
     14.0625     18.7500       0.8946E-011

     15.0000    -20.0000       0.1389E-010
     15.0000    -18.7500       0.3120E-010
     15.0000    -17.5000       0.9615E-007
     15.0000    -16.2500       0.9076E-005
     15.0000    -15.0000       0.6815E-004
     15.0000    -13.7500       0.1984E-003
     15.0000    -12.5000       0.3831E-003
     15.0000    -11.2500       0.6011E-003
     15.0000    -10.0000       0.8249E-003
     15.0000     -8.7500       0.1006E-002
     15.0000     -7.5000       0.1077E-002
     15.0000     -6.2500       0.9928E-003
     15.0000     -5.0000       0.7794E-003
     15.0000     -3.7500       0.5077E-003
     15.0000     -2.5000       0.2498E-003
     15.0000     -1.2500       0.6657E-004
     15.0000      0.0000       0.2695E-010
     15.0000      1.2500       0.6658E-004
     15.0000      2.5000       0.2498E-003
     15.0000      3.7500       0.5077E-003
     15.0000      5.0000       0.7794E-003
     15.0000      6.2500       0.9930E-003
     15.0000      7.5000       0.1077E-002
     15.0000      8.7500       0.1007E-002
     15.0000     10.0000       0.8247E-003
     15.0000     11.2500       0.6013E-003
     15.0000     12.5000       0.3829E-003
     15.0000     13.7500       0.1985E-003
     15.0000     15.0000       0.6810E-004
     15.0000     16.2500       0.9091E-005
     15.0000     17.5000       0.9511E-007
     15.0000     18.7500       0.1286E-010

     15.9375    -20.0000       0.1286E-010
     15.9375    -18.7500       0.2112E-010
     15.9375    -17.5000       0.1448E-006
     15.9375    -16.2500       0.1358E-004
     15.9375    -15.0000       0.1011E-003
     15.9375    -13.7500       0.2912E-003
     15.9375    -12.5000       0.5529E-003
     15.9375    -11.2500       0.8453E-003
     15.9375    -10.0000       0.1116E-002
     15.9375     -8.7500       0.1303E-002
     15.9375     -7.5000       0.1360E-002
     15.9375     -6.2500       0.1282E-002
     15.9375     -5.0000       0.1100E-002
     15.9375     -3.7500       0.8663E-003
     15.9375     -2.5000       0.6266E-003
     15.9375     -1.2500       0.4214E-003
     15.9375      0.0000       0.2801E-003
     15.9375      1.2500       0.2161E-003
     15.9375      2.5000       0.2262E-003
     15.9375      3.7500       0.2916E-003
     15.9375      5.0000       0.3839E-003
     15.9375      6.2500       0.4570E-003
     15.9375      7.5000       0.4615E-003
     15.9375      8.7500       0.3953E-003
     15.9375     10.0000       0.3059E-003
     15.9375     11.2500       0.2325E-003
     15.9375     12.5000       0.1675E-003
     15.9375     13.7500       0.9960E-004
     15.9375     15.0000       0.3882E-004
     15.9375     16.2500       0.5799E-005
     15.9375     17.5000       0.6417E-007
     15.9375     18.7500       0.1068E-010

     16.8750    -20.0000       0.1213E-010
     16.8750    -18.7500       0.8083E-011
     16.8750    -17.5000       0.1698E-006
     16.8750    -16.2500       0.1528E-004
     16.8750    -15.0000       0.1085E-003
     16.8750    -13.7500       0.2954E-003
     16.8750    -12.5000       0.5263E-003
     16.8750    -11.2500       0.7484E-003
     16.8750    -10.0000       0.9207E-003
     16.8750     -8.7500       0.1021E-002
     16.8750     -7.5000       0.1061E-002
     16.8750     -6.2500       0.1068E-002
     16.8750     -5.0000       0.1062E-002
     16.8750     -3.7500       0.1049E-002
     16.8750     -2.5000       0.1021E-002
     16.8750     -1.2500       0.9645E-003
     16.8750      0.0000       0.8701E-003
     16.8750      1.2500       0.7368E-003
     16.8750      2.5000       0.5766E-003
     16.8750      3.7500       0.4107E-003
     16.8750      5.0000       0.2654E-003
     16.8750      6.2500       0.1503E-003
     16.8750      7.5000       0.6150E-004
     16.8750      8.7500       0.1211E-004
     16.8750     10.0000       0.2020E-004
     16.8750     11.2500       0.6696E-004
     16.8750     12.5000       0.9799E-004
     16.8750     13.7500       0.8247E-004
     16.8750     15.0000       0.3929E-004
     16.8750     16.2500       0.6633E-005
     16.8750     17.5000       0.8080E-007
     16.8750     18.7500       0.4051E-011

     17.8125    -20.0000       0.1170E-010
     17.8125    -18.7500       0.5804E-012
     17.8125    -17.5000       0.1489E-006
     17.8125    -16.2500       0.1268E-004
     17.8125    -15.0000       0.8370E-004
     17.8125    -13.7500       0.2073E-003
     17.8125    -12.5000       0.3268E-003
     17.8125    -11.2500       0.3962E-003
     17.8125    -10.0000       0.4126E-003
     17.8125     -8.7500       0.4120E-003
     17.8125     -7.5000       0.4446E-003
     17.8125     -6.2500       0.5402E-003
     17.8125     -5.0000       0.6978E-003
     17.8125     -3.7500       0.8935E-003
     17.8125     -2.5000       0.1083E-002
     17.8125     -1.2500       0.1213E-002
     17.8125      0.0000       0.1246E-002
     17.8125      1.2500       0.1165E-002
     17.8125      2.5000       0.9889E-003
     17.8125      3.7500       0.7588E-003
     17.8125      5.0000       0.5297E-003
     17.8125      6.2500       0.3464E-003
     17.8125      7.5000       0.2333E-003
     17.8125      8.7500       0.1987E-003
     17.8125     10.0000       0.2224E-003
     17.8125     11.2500       0.2523E-003
     17.8125     12.5000       0.2364E-003
     17.8125     13.7500       0.1624E-003
     17.8125     15.0000       0.6909E-004
     17.8125     16.2500       0.1085E-004
     17.8125     17.5000       0.1302E-006
     17.8125     18.7500       0.2515E-013

     18.7500    -20.0000       0.1146E-010
     18.7500    -18.7500       0.1689E-011
     18.7500    -17.5000       0.1008E-006
     18.7500    -16.2500       0.8080E-005
     18.7500    -15.0000       0.4877E-004
     18.7500    -13.7500       0.1052E-003
     18.7500    -12.5000       0.1317E-003
     18.7500    -11.2500       0.1016E-003
     18.7500    -10.0000       0.4276E-004
     18.7500     -8.7500       0.1568E-004
     18.7500     -7.5000       0.5789E-004
     18.7500     -6.2500       0.1680E-003
     18.7500     -5.0000       0.3317E-003
     18.7500     -3.7500       0.5380E-003
     18.7500     -2.5000       0.7572E-003
     18.7500     -1.2500       0.9476E-003
     18.7500      0.0000       0.1074E-002
     18.7500      1.2500       0.1122E-002
     18.7500      2.5000       0.1097E-002
     18.7500      3.7500       0.1026E-002
     18.7500      5.0000       0.9412E-003
     18.7500      6.2500       0.8703E-003
     18.7500      7.5000       0.8234E-003
     18.7500      8.7500       0.7886E-003
     18.7500     10.0000       0.7321E-003
     18.7500     11.2500       0.6233E-003
     18.7500     12.5000       0.4594E-003
     18.7500     13.7500       0.2682E-003
     18.7500     15.0000       0.1017E-003
     18.7500     16.2500       0.1471E-004
     18.7500     17.5000       0.1685E-006
     18.7500     18.7500       0.4541E-011

     19.6875    -20.0000       0.1145E-010
     19.6875    -18.7500       0.7140E-011
     19.6875    -17.5000       0.6826E-007
     19.6875    -16.2500       0.5573E-005
     19.6875    -15.0000       0.3477E-004
     19.6875    -13.7500       0.7984E-004
     19.6875    -12.5000       0.1145E-003
     19.6875    -11.2500       0.1268E-003
     19.6875    -10.0000       0.1407E-003
     19.6875     -8.7500       0.1858E-003
     19.6875     -7.5000       0.2462E-003
     19.6875     -6.2500       0.2827E-003
     19.6875     -5.0000       0.2891E-003
     19.6875     -3.7500       0.2982E-003
     19.6875     -2.5000       0.3332E-003
     19.6875     -1.2500       0.4025E-003
     19.6875      0.0000       0.5066E-003
     19.6875      1.2500       0.6445E-003
     19.6875      2.5000       0.8053E-003
     19.6875      3.7500       0.9760E-003
     19.6875      5.0000       0.1134E-002
     19.6875      6.2500       0.1256E-002
     19.6875      7.5000       0.1307E-002
     19.6875      8.7500       0.1257E-002
     19.6875     10.0000       0.1096E-002
     19.6875     11.2500       0.8502E-003
     19.6875     12.5000       0.5689E-003
     19.6875     13.7500       0.3060E-003
     19.6875     15.0000       0.1082E-003
     19.6875     16.2500       0.1477E-004
     19.6875     17.5000       0.1615E-006
     19.6875     18.7500       0.1656E-010

     20.6250    -20.0000       0.1181E-010
     20.6250    -18.7500       0.9907E-011
     20.6250    -17.5000       0.8015E-007
     20.6250    -16.2500       0.7386E-005
     20.6250    -15.0000       0.5414E-004
     20.6250    -13.7500       0.1538E-003
     20.6250    -12.5000       0.2905E-003
     20.6250    -11.2500       0.4494E-003
     20.6250    -10.0000       0.6191E-003
     20.6250     -8.7500       0.7706E-003
     20.6250     -7.5000       0.8415E-003
     20.6250     -6.2500       0.7820E-003
     20.6250     -5.0000       0.6082E-003
     20.6250     -3.7500       0.3876E-003
     20.6250     -2.5000       0.1878E-003
     20.6250     -1.2500       0.6259E-004
     20.6250      0.0000       0.4790E-004
     20.6250      1.2500       0.1571E-003
     20.6250      2.5000       0.3722E-003
     20.6250      3.7500       0.6522E-003
     20.6250      5.0000       0.9378E-003
     20.6250      6.2500       0.1162E-002
     20.6250      7.5000       0.1255E-002
     20.6250      8.7500       0.1188E-002
     20.6250     10.0000       0.9914E-003
     20.6250     11.2500       0.7317E-003
     20.6250     12.5000       0.4677E-003
     20.6250     13.7500       0.2421E-003
     20.6250     15.0000       0.8275E-004
     20.6250     16.2500       0.1099E-004
     20.6250     17.5000       0.1155E-006
     20.6250     18.7500       0.2830E-010

     21.5625    -20.0000       0.1267E-010
     21.5625    -18.7500       0.6983E-011
     21.5625    -17.5000       0.1260E-006
     21.5625    -16.2500       0.1191E-004
     21.5625    -15.0000       0.8966E-004
     21.5625    -13.7500       0.2613E-003
     21.5625    -12.5000       0.5032E-003
     21.5625    -11.2500       0.7822E-003
     21.5625    -10.0000       0.1052E-002
     21.5625     -8.7500       0.1250E-002
     21.5625     -7.5000       0.1314E-002
     21.5625     -6.2500       0.1221E-002
     21.5625     -5.0000       0.1005E-002
     21.5625     -3.7500       0.7267E-003
     21.5625     -2.5000       0.4507E-003
     21.5625     -1.2500       0.2308E-003
     21.5625      0.0000       0.1063E-003
     21.5625      1.2500       0.9357E-004
     21.5625      2.5000       0.1830E-003
     21.5625      3.7500       0.3427E-003
     21.5625      5.0000       0.5259E-003
     21.5625      6.2500       0.6706E-003
     21.5625      7.5000       0.7135E-003
     21.5625      8.7500       0.6437E-003
     21.5625     10.0000       0.5110E-003
     21.5625     11.2500       0.3729E-003
     21.5625     12.5000       0.2455E-003
     21.5625     13.7500       0.1333E-003
     21.5625     15.0000       0.4800E-004
     21.5625     16.2500       0.6719E-005
     21.5625     17.5000       0.7137E-007
     21.5625     18.7500       0.3149E-010

     22.5000    -20.0000       0.1391E-010
     22.5000    -18.7500       0.2155E-011
     22.5000    -17.5000       0.1651E-006
     22.5000    -16.2500       0.1512E-004
     22.5000    -15.0000       0.1098E-003
     22.5000    -13.7500       0.3068E-003
     22.5000    -12.5000       0.5635E-003
     22.5000    -11.2500       0.8299E-003
     22.5000    -10.0000       0.1056E-002
     22.5000     -8.7500       0.1198E-002
     22.5000     -7.5000       0.1245E-002
     22.5000     -6.2500       0.1211E-002
     22.5000     -5.0000       0.1126E-002
     22.5000     -3.7500       0.1014E-002
     22.5000     -2.5000       0.8876E-003
     22.5000     -1.2500       0.7571E-003
     22.5000      0.0000       0.6296E-003
     22.5000      1.2500       0.5105E-003
     22.5000      2.5000       0.4063E-003
     22.5000      3.7500       0.3227E-003
     22.5000      5.0000       0.2646E-003
     22.5000      6.2500       0.2188E-003
     22.5000      7.5000       0.1630E-003
     22.5000      8.7500       0.1062E-003
     22.5000     10.0000       0.8123E-004
     22.5000     11.2500       0.9245E-004
     22.5000     12.5000       0.9993E-004
     22.5000     13.7500       0.7633E-004
     22.5000     15.0000       0.3483E-004
     22.5000     16.2500       0.5760E-005
     22.5000     17.5000       0.6833E-007
     22.5000     18.7500       0.2417E-010

     23.4375    -20.0000       0.1512E-010
     23.4375    -18.7500       0.2366E-011
     23.4375    -17.5000       0.1626E-006
     23.4375    -16.2500       0.1417E-004
     23.4375    -15.0000       0.9658E-004
     23.4375    -13.7500       0.2499E-003
     23.4375    -12.5000       0.4180E-003
     23.4375    -11.2500       0.5500E-003
     23.4375    -10.0000       0.6265E-003
     23.4375     -8.7500       0.6618E-003
     23.4375     -7.5000       0.6953E-003
     23.4375     -6.2500       0.7605E-003
     23.4375     -5.0000       0.8656E-003
     23.4375     -3.7500       0.9939E-003
     23.4375     -2.5000       0.1110E-002
     23.4375     -1.2500       0.1173E-002
     23.4375      0.0000       0.1152E-002
     23.4375      1.2500       0.1036E-002
     23.4375      2.5000       0.8431E-003
     23.4375      3.7500       0.6102E-003
     23.4375      5.0000       0.3867E-003
     23.4375      6.2500       0.2087E-003
     23.4375      7.5000       0.9365E-004
     23.4375      8.7500       0.5448E-004
     23.4375     10.0000       0.8481E-004
     23.4375     11.2500       0.1401E-003
     23.4375     12.5000       0.1604E-003
     23.4375     13.7500       0.1218E-003
     23.4375     15.0000       0.5496E-004
     23.4375     16.2500       0.8963E-005
     23.4375     17.5000       0.1091E-006
     23.4375     18.7500       0.1224E-010

     24.3750    -20.0000       0.1578E-010
     24.3750    -18.7500       0.1094E-010
     24.3750    -17.5000       0.1208E-006
     24.3750    -16.2500       0.9895E-005
     24.3750    -15.0000       0.6183E-004
     24.3750    -13.7500       0.1411E-003
     24.3750    -12.5000       0.1958E-003
     24.3750    -11.2500       0.1910E-003
     24.3750    -10.0000       0.1454E-003
     24.3750     -8.7500       0.1163E-003
     24.3750     -7.5000       0.1528E-003
     24.3750     -6.2500       0.2690E-003
     24.3750     -5.0000       0.4535E-003
     24.3750     -3.7500       0.6849E-003
     24.3750     -2.5000       0.9212E-003
     24.3750     -1.2500       0.1110E-002
     24.3750      0.0000       0.1210E-002
     24.3750      1.2500       0.1204E-002
     24.3750      2.5000       0.1105E-002
     24.3750      3.7500       0.9492E-003
     24.3750      5.0000       0.7834E-003
     24.3750      6.2500       0.6491E-003
     24.3750      7.5000       0.5673E-003
     24.3750      8.7500       0.5347E-003
     24.3750     10.0000       0.5186E-003
     24.3750     11.2500       0.4734E-003
     24.3750     12.5000       0.3732E-003
     24.3750     13.7500       0.2294E-003
     24.3750     15.0000       0.9048E-004
     24.3750     16.2500       0.1348E-004
     24.3750     17.5000       0.1575E-006
     24.3750     18.7500       0.4386E-011

     25.3125    -20.0000       0.1563E-010
     25.3125    -18.7500       0.2376E-010
     25.3125    -17.5000       0.7676E-007
     25.3125    -16.2500       0.6103E-005
     25.3125    -15.0000       0.3639E-004
     25.3125    -13.7500       0.7717E-004
     25.3125    -12.5000       0.9445E-004
     25.3125    -11.2500       0.7217E-004
     25.3125    -10.0000       0.4060E-004
     25.3125     -8.7500       0.4749E-004
     25.3125     -7.5000       0.1006E-003
     25.3125     -6.2500       0.1742E-003
     25.3125     -5.0000       0.2565E-003
     25.3125     -3.7500       0.3610E-003
     25.3125     -2.5000       0.4881E-003
     25.3125     -1.2500       0.6238E-003
     25.3125      0.0000       0.7519E-003
     25.3125      1.2500       0.8656E-003
     25.3125      2.5000       0.9600E-003
     25.3125      3.7500       0.1039E-002
     25.3125      5.0000       0.1102E-002
     25.3125      6.2500       0.1148E-002
     25.3125      7.5000       0.1162E-002
     25.3125      8.7500       0.1119E-002
     25.3125     10.0000       0.9962E-003
     25.3125     11.2500       0.7957E-003
     25.3125     12.5000       0.5490E-003
     25.3125     13.7500       0.3033E-003
     25.3125     15.0000       0.1098E-003
     25.3125     16.2500       0.1530E-004
     25.3125     17.5000       0.1706E-006
     25.3125     18.7500       0.4779E-011

     26.2500    -20.0000       0.1479E-010
     26.2500    -18.7500       0.3212E-010
     26.2500    -17.5000       0.6963E-007
     26.2500    -16.2500       0.6161E-005
     26.2500    -15.0000       0.4289E-004
     26.2500    -13.7500       0.1149E-003
     26.2500    -12.5000       0.2042E-003
     26.2500    -11.2500       0.2994E-003
     26.2500    -10.0000       0.4055E-003
     26.2500     -8.7500       0.5168E-003
     26.2500     -7.5000       0.5853E-003
     26.2500     -6.2500       0.5608E-003
     26.2500     -5.0000       0.4501E-003
     26.2500     -3.7500       0.3104E-003
     26.2500     -2.5000       0.1957E-003
     26.2500     -1.2500       0.1457E-003
     26.2500      0.0000       0.1844E-003
     26.2500      1.2500       0.3203E-003
     26.2500      2.5000       0.5363E-003
     26.2500      3.7500       0.7992E-003
     26.2500      5.0000       0.1059E-002
     26.2500      6.2500       0.1262E-002
     26.2500      7.5000       0.1349E-002
     26.2500      8.7500       0.1288E-002
     26.2500     10.0000       0.1094E-002
     26.2500     11.2500       0.8209E-003
     26.2500     12.5000       0.5317E-003
     26.2500     13.7500       0.2780E-003
     26.2500     15.0000       0.9580E-004
     26.2500     16.2500       0.1280E-004
     26.2500     17.5000       0.1366E-006
     26.2500     18.7500       0.1004E-010

     27.1875    -20.0000       0.1367E-010
     27.1875    -18.7500       0.2984E-010
     27.1875    -17.5000       0.1057E-006
     27.1875    -16.2500       0.1002E-004
     27.1875    -15.0000       0.7554E-004
     27.1875    -13.7500       0.2207E-003
     27.1875    -12.5000       0.4273E-003
     27.1875    -11.2500       0.6703E-003
     27.1875    -10.0000       0.9149E-003
     27.1875     -8.7500       0.1106E-002
     27.1875     -7.5000       0.1175E-002
     27.1875     -6.2500       0.1084E-002
     27.1875     -5.0000       0.8619E-003
     27.1875     -3.7500       0.5782E-003
     27.1875     -2.5000       0.3045E-003
     27.1875     -1.2500       0.1016E-003
     27.1875      0.0000       0.1214E-004
     27.1875      1.2500       0.5336E-004
     27.1875      2.5000       0.2105E-003
     27.1875      3.7500       0.4433E-003
     27.1875      5.0000       0.6937E-003
     27.1875      6.2500       0.8909E-003
     27.1875      7.5000       0.9640E-003
     27.1875      8.7500       0.8933E-003
     27.1875     10.0000       0.7248E-003
     27.1875     11.2500       0.5267E-003
     27.1875     12.5000       0.3367E-003
     27.1875     13.7500       0.1759E-003
     27.1875     15.0000       0.6087E-004
     27.1875     16.2500       0.8204E-005
     27.1875     17.5000       0.8593E-007
     27.1875     18.7500       0.1296E-010

     28.1250    -20.0000       0.1268E-010
     28.1250    -18.7500       0.1845E-010
     28.1250    -17.5000       0.1529E-006
     28.1250    -16.2500       0.1424E-004
     28.1250    -15.0000       0.1053E-003
     28.1250    -13.7500       0.3006E-003
     28.1250    -12.5000       0.5655E-003
     28.1250    -11.2500       0.8552E-003
     28.1250    -10.0000       0.1116E-002
     28.1250     -8.7500       0.1292E-002
     28.1250     -7.5000       0.1346E-002
     28.1250     -6.2500       0.1280E-002
     28.1250     -5.0000       0.1126E-002
     28.1250     -3.7500       0.9260E-003
     28.1250     -2.5000       0.7175E-003
     28.1250     -1.2500       0.5308E-003
     28.1250      0.0000       0.3889E-003
     28.1250      1.2500       0.3028E-003
     28.1250      2.5000       0.2727E-003
     28.1250      3.7500       0.2875E-003
     28.1250      5.0000       0.3295E-003
     28.1250      6.2500       0.3630E-003
     28.1250      7.5000       0.3470E-003
     28.1250      8.7500       0.2835E-003
     28.1250     10.0000       0.2165E-003
     28.1250     11.2500       0.1741E-003
     28.1250     12.5000       0.1372E-003
     28.1250     13.7500       0.8775E-004
     28.1250     15.0000       0.3608E-004
     28.1250     16.2500       0.5600E-005
     28.1250     17.5000       0.6353E-007
     28.1250     18.7500       0.9530E-011

     29.0625    -20.0000       0.1202E-010
     29.0625    -18.7500       0.5930E-011
     29.0625    -17.5000       0.1693E-006
     29.0625    -16.2500       0.1509E-004
     29.0625    -15.0000       0.1058E-003
     29.0625    -13.7500       0.2836E-003
     29.0625    -12.5000       0.4961E-003
     29.0625    -11.2500       0.6902E-003
     29.0625    -10.0000       0.8315E-003
     29.0625     -8.7500       0.9100E-003
     29.0625     -7.5000       0.9471E-003
     29.0625     -6.2500       0.9738E-003
     29.0625     -5.0000       0.1008E-002
     29.0625     -3.7500       0.1045E-002
     29.0625     -2.5000       0.1067E-002
     29.0625     -1.2500       0.1051E-002
     29.0625      0.0000       0.9787E-003
     29.0625      1.2500       0.8462E-003
     29.0625      2.5000       0.6674E-003
     29.0625      3.7500       0.4704E-003
     29.0625      5.0000       0.2908E-003
     29.0625      6.2500       0.1482E-003
     29.0625      7.5000       0.4707E-004
     29.0625      8.7500       0.1356E-005
     29.0625     10.0000       0.2094E-004
     29.0625     11.2500       0.7688E-004
     29.0625     12.5000       0.1106E-003
     29.0625     13.7500       0.9194E-004
     29.0625     15.0000       0.4347E-004
     29.0625     16.2500       0.7299E-005
     29.0625     17.5000       0.8926E-007
     29.0625     18.7500       0.2783E-011

