    -30.0000    -20.0000       0.9607E-011
    -30.0000    -18.7500       0.1319E-012
    -30.0000    -17.5000       0.2621E-006
    -30.0000    -16.2500       0.2260E-004
    -30.0000    -15.0000       0.1490E-003
    -30.0000    -13.7500       0.3546E-003
    -30.0000    -12.5000       0.5248E-003
    -30.0000    -11.2500       0.5935E-003
    -30.0000    -10.0000       0.5637E-003
    -30.0000     -8.7500       0.4891E-003
    -30.0000     -7.5000       0.4313E-003
    -30.0000     -6.2500       0.4263E-003
    -30.0000     -5.0000       0.4877E-003
    -30.0000     -3.7500       0.6076E-003
    -30.0000     -2.5000       0.7433E-003
    -30.0000     -1.2500       0.8397E-003
    -30.0000      0.0000       0.8719E-003
    -30.0000      1.2500       0.8397E-003
    -30.0000      2.5000       0.7433E-003
    -30.0000      3.7500       0.6076E-003
    -30.0000      5.0000       0.4877E-003
    -30.0000      6.2500       0.4263E-003
    -30.0000      7.5000       0.4313E-003
    -30.0000      8.7500       0.4891E-003
    -30.0000     10.0000       0.5637E-003
    -30.0000     11.2500       0.5935E-003
    -30.0000     12.5000       0.5248E-003
    -30.0000     13.7500       0.3546E-003
    -30.0000     15.0000       0.1490E-003
    -30.0000     16.2500       0.2260E-004
    -30.0000     17.5000       0.2621E-006
    -30.0000     18.7500       0.1317E-012

    -29.0625    -20.0000       0.5715E-011
    -29.0625    -18.7500       0.1508E-011
    -29.0625    -17.5000       0.2001E-006
    -29.0625    -16.2500       0.1738E-004
    -29.0625    -15.0000       0.1148E-003
    -29.0625    -13.7500       0.2753E-003
    -29.0625    -12.5000       0.4161E-003
    -29.0625    -11.2500       0.4951E-003
    -29.0625    -10.0000       0.5248E-003
    -29.0625     -8.7500       0.5485E-003
    -29.0625     -7.5000       0.6088E-003
    -29.0625     -6.2500       0.7103E-003
    -29.0625     -5.0000       0.8285E-003
    -29.0625     -3.7500       0.9165E-003
    -29.0625     -2.5000       0.9257E-003
    -29.0625     -1.2500       0.8361E-003
    -29.0625      0.0000       0.6784E-003
    -29.0625      1.2500       0.5007E-003
    -29.0625      2.5000       0.3418E-003
    -29.0625      3.7500       0.2470E-003
    -29.0625      5.0000       0.2571E-003
    -29.0625      6.2500       0.3642E-003
    -29.0625      7.5000       0.5151E-003
    -29.0625      8.7500       0.6551E-003
    -29.0625     10.0000       0.7341E-003
    -29.0625     11.2500       0.7128E-003
    -29.0625     12.5000       0.5783E-003
    -29.0625     13.7500       0.3653E-003
    -29.0625     15.0000       0.1464E-003
    -29.0625     16.2500       0.2158E-004
    -29.0625     17.5000       0.2431E-006
    -29.0625     18.7500       0.1153E-011

    -28.1250    -20.0000       0.1192E-011
    -28.1250    -18.7500       0.4971E-011
    -28.1250    -17.5000       0.1169E-006
    -28.1250    -16.2500       0.1056E-004
    -28.1250    -15.0000       0.7431E-004
    -28.1250    -13.7500       0.1977E-003
    -28.1250    -12.5000       0.3489E-003
    -28.1250    -11.2500       0.5052E-003
    -28.1250    -10.0000       0.6521E-003
    -28.1250     -8.7500       0.7804E-003
    -28.1250     -7.5000       0.8894E-003
    -28.1250     -6.2500       0.9636E-003
    -28.1250     -5.0000       0.9768E-003
    -28.1250     -3.7500       0.8998E-003
    -28.1250     -2.5000       0.7271E-003
    -28.1250     -1.2500       0.4932E-003
    -28.1250      0.0000       0.2694E-003
    -28.1250      1.2500       0.1200E-003
    -28.1250      2.5000       0.7779E-004
    -28.1250      3.7500       0.1557E-003
    -28.1250      5.0000       0.3421E-003
    -28.1250      6.2500       0.5793E-003
    -28.1250      7.5000       0.7855E-003
    -28.1250      8.7500       0.8989E-003
    -28.1250     10.0000       0.8845E-003
    -28.1250     11.2500       0.7471E-003
    -28.1250     12.5000       0.5291E-003
    -28.1250     13.7500       0.2977E-003
    -28.1250     15.0000       0.1094E-003
    -28.1250     16.2500       0.1523E-004
    -28.1250     17.5000       0.1622E-006
    -28.1250     18.7500       0.3331E-011

    -27.1875    -20.0000       0.1056E-010
    -27.1875    -18.7500       0.7314E-011
    -27.1875    -17.5000       0.8636E-007
    -27.1875    -16.2500       0.8185E-005
    -27.1875    -15.0000       0.6346E-004
    -27.1875    -13.7500       0.1909E-003
    -27.1875    -12.5000       0.3830E-003
    -27.1875    -11.2500       0.6147E-003
    -27.1875    -10.0000       0.8323E-003
    -27.1875     -8.7500       0.9787E-003
    -27.1875     -7.5000       0.1024E-002
    -27.1875     -6.2500       0.9614E-003
    -27.1875     -5.0000       0.8009E-003
    -27.1875     -3.7500       0.5722E-003
    -27.1875     -2.5000       0.3236E-003
    -27.1875     -1.2500       0.1153E-003
    -27.1875      0.0000       0.8401E-005
    -27.1875      1.2500       0.3643E-004
    -27.1875      2.5000       0.1864E-003
    -27.1875      3.7500       0.4150E-003
    -27.1875      5.0000       0.6669E-003
    -27.1875      6.2500       0.8803E-003
    -27.1875      7.5000       0.1002E-002
    -27.1875      8.7500       0.1004E-002
    -27.1875     10.0000       0.8812E-003
    -27.1875     11.2500       0.6660E-003
    -27.1875     12.5000       0.4209E-003
    -27.1875     13.7500       0.2121E-003
    -27.1875     15.0000       0.7082E-004
    -27.1875     16.2500       0.9189E-005
    -27.1875     17.5000       0.9149E-007
    -27.1875     18.7500       0.4704E-011

    -26.2500    -20.0000       0.4006E-010
    -26.2500    -18.7500       0.6727E-011
    -26.2500    -17.5000       0.1357E-006
    -26.2500    -16.2500       0.1237E-004
    -26.2500    -15.0000       0.9191E-004
    -26.2500    -13.7500       0.2608E-003
    -26.2500    -12.5000       0.4880E-003
    -26.2500    -11.2500       0.7263E-003
    -26.2500    -10.0000       0.9053E-003
    -26.2500     -8.7500       0.9672E-003
    -26.2500     -7.5000       0.8928E-003
    -26.2500     -6.2500       0.7055E-003
    -26.2500     -5.0000       0.4569E-003
    -26.2500     -3.7500       0.2245E-003
    -26.2500     -2.5000       0.7382E-004
    -26.2500     -1.2500       0.3871E-004
    -26.2500      0.0000       0.1278E-003
    -26.2500      1.2500       0.3244E-003
    -26.2500      2.5000       0.5709E-003
    -26.2500      3.7500       0.7941E-003
    -26.2500      5.0000       0.9426E-003
    -26.2500      6.2500       0.9997E-003
    -26.2500      7.5000       0.9722E-003
    -26.2500      8.7500       0.8767E-003
    -26.2500     10.0000       0.7272E-003
    -26.2500     11.2500       0.5414E-003
    -26.2500     12.5000       0.3498E-003
    -26.2500     13.7500       0.1844E-003
    -26.2500     15.0000       0.6500E-004
    -26.2500     16.2500       0.8833E-005
    -26.2500     17.5000       0.9371E-007
    -26.2500     18.7500       0.4370E-011

    -25.3125    -20.0000       0.7869E-010
    -25.3125    -18.7500       0.4336E-011
    -25.3125    -17.5000       0.2211E-006
    -25.3125    -16.2500       0.1940E-004
    -25.3125    -15.0000       0.1344E-003
    -25.3125    -13.7500       0.3454E-003
    -25.3125    -12.5000       0.5706E-003
    -25.3125    -11.2500       0.7409E-003
    -25.3125    -10.0000       0.8063E-003
    -25.3125     -8.7500       0.7562E-003
    -25.3125     -7.5000       0.6125E-003
    -25.3125     -6.2500       0.4233E-003
    -25.3125     -5.0000       0.2505E-003
    -25.3125     -3.7500       0.1662E-003
    -25.3125     -2.5000       0.2002E-003
    -25.3125     -1.2500       0.3316E-003
    -25.3125      0.0000       0.5212E-003
    -25.3125      1.2500       0.7274E-003
    -25.3125      2.5000       0.8892E-003
    -25.3125      3.7500       0.9560E-003
    -25.3125      5.0000       0.9244E-003
    -25.3125      6.2500       0.8315E-003
    -25.3125      7.5000       0.7229E-003
    -25.3125      8.7500       0.6305E-003
    -25.3125     10.0000       0.5593E-003
    -25.3125     11.2500       0.4842E-003
    -25.3125     12.5000       0.3791E-003
    -25.3125     13.7500       0.2394E-003
    -25.3125     15.0000       0.9710E-004
    -25.3125     16.2500       0.1447E-004
    -25.3125     17.5000       0.1670E-006
    -25.3125     18.7500       0.3211E-011

    -24.3750    -20.0000       0.1044E-009
    -24.3750    -18.7500       0.3061E-011
    -24.3750    -17.5000       0.2667E-006
    -24.3750    -16.2500       0.2302E-004
    -24.3750    -15.0000       0.1531E-003
    -24.3750    -13.7500       0.3695E-003
    -24.3750    -12.5000       0.5574E-003
    -24.3750    -11.2500       0.6454E-003
    -24.3750    -10.0000       0.6231E-003
    -24.3750     -8.7500       0.5330E-003
    -24.3750     -7.5000       0.4321E-003
    -24.3750     -6.2500       0.3657E-003
    -24.3750     -5.0000       0.3656E-003
    -24.3750     -3.7500       0.4491E-003
    -24.3750     -2.5000       0.5902E-003
    -24.3750     -1.2500       0.7333E-003
    -24.3750      0.0000       0.8387E-003
    -24.3750      1.2500       0.8875E-003
    -24.3750      2.5000       0.8588E-003
    -24.3750      3.7500       0.7573E-003
    -24.3750      5.0000       0.6286E-003
    -24.3750      6.2500       0.5250E-003
    -24.3750      7.5000       0.4752E-003
    -24.3750      8.7500       0.4839E-003
    -24.3750     10.0000       0.5267E-003
    -24.3750     11.2500       0.5452E-003
    -24.3750     12.5000       0.4827E-003
    -24.3750     13.7500       0.3281E-003
    -24.3750     15.0000       0.1386E-003
    -24.3750     16.2500       0.2110E-004
    -24.3750     17.5000       0.2461E-006
    -24.3750     18.7500       0.2969E-011

    -23.4375    -20.0000       0.1007E-009
    -23.4375    -18.7500       0.4836E-011
    -23.4375    -17.5000       0.2319E-006
    -23.4375    -16.2500       0.2002E-004
    -23.4375    -15.0000       0.1315E-003
    -23.4375    -13.7500       0.3116E-003
    -23.4375    -12.5000       0.4601E-003
    -23.4375    -11.2500       0.5248E-003
    -23.4375    -10.0000       0.5187E-003
    -23.4375     -8.7500       0.4962E-003
    -23.4375     -7.5000       0.5122E-003
    -23.4375     -6.2500       0.5840E-003
    -23.4375     -5.0000       0.6995E-003
    -23.4375     -3.7500       0.8214E-003
    -23.4375     -2.5000       0.8968E-003
    -23.4375     -1.2500       0.8867E-003
    -23.4375      0.0000       0.7985E-003
    -23.4375      1.2500       0.6627E-003
    -23.4375      2.5000       0.5068E-003
    -23.4375      3.7500       0.3741E-003
    -23.4375      5.0000       0.3177E-003
    -23.4375      6.2500       0.3527E-003
    -23.4375      7.5000       0.4496E-003
    -23.4375      8.7500       0.5675E-003
    -23.4375     10.0000       0.6586E-003
    -23.4375     11.2500       0.6702E-003
    -23.4375     12.5000       0.5685E-003
    -23.4375     13.7500       0.3717E-003
    -23.4375     15.0000       0.1526E-003
    -23.4375     16.2500       0.2281E-004
    -23.4375     17.5000       0.2609E-006
    -23.4375     18.7500       0.4535E-011

    -22.5000    -20.0000       0.6995E-010
    -22.5000    -18.7500       0.8695E-011
    -22.5000    -17.5000       0.1476E-006
    -22.5000    -16.2500       0.1306E-004
    -22.5000    -15.0000       0.8867E-004
    -22.5000    -13.7500       0.2232E-003
    -22.5000    -12.5000       0.3652E-003
    -22.5000    -11.2500       0.4862E-003
    -22.5000    -10.0000       0.5859E-003
    -22.5000     -8.7500       0.6785E-003
    -22.5000     -7.5000       0.7814E-003
    -22.5000     -6.2500       0.8840E-003
    -22.5000     -5.0000       0.9554E-003
    -22.5000     -3.7500       0.9524E-003
    -22.5000     -2.5000       0.8480E-003
    -22.5000     -1.2500       0.6560E-003
    -22.5000      0.0000       0.4363E-003
    -22.5000      1.2500       0.2524E-003
    -22.5000      2.5000       0.1455E-003
    -22.5000      3.7500       0.1471E-003
    -22.5000      5.0000       0.2683E-003
    -22.5000      6.2500       0.4679E-003
    -22.5000      7.5000       0.6688E-003
    -22.5000      8.7500       0.8068E-003
    -22.5000     10.0000       0.8375E-003
    -22.5000     11.2500       0.7480E-003
    -22.5000     12.5000       0.5603E-003
    -22.5000     13.7500       0.3314E-003
    -22.5000     15.0000       0.1266E-003
    -22.5000     16.2500       0.1810E-004
    -22.5000     17.5000       0.1982E-006
    -22.5000     18.7500       0.6990E-011

    -21.5625    -20.0000       0.3139E-010
    -21.5625    -18.7500       0.1149E-010
    -21.5625    -17.5000       0.8881E-007
    -21.5625    -16.2500       0.8329E-005
    -21.5625    -15.0000       0.6277E-004
    -21.5625    -13.7500       0.1829E-003
    -21.5625    -12.5000       0.3570E-003
    -21.5625    -11.2500       0.5640E-003
    -21.5625    -10.0000       0.7648E-003
    -21.5625     -8.7500       0.9177E-003
    -21.5625     -7.5000       0.1000E-002
    -21.5625     -6.2500       0.9990E-003
    -21.5625     -5.0000       0.9061E-003
    -21.5625     -3.7500       0.7259E-003
    -21.5625     -2.5000       0.4871E-003
    -21.5625     -1.2500       0.2457E-003
    -21.5625      0.0000       0.7360E-004
    -21.5625      1.2500       0.2121E-004
    -21.5625      2.5000       0.9653E-004
    -21.5625      3.7500       0.2784E-003
    -21.5625      5.0000       0.5245E-003
    -21.5625      6.2500       0.7681E-003
    -21.5625      7.5000       0.9378E-003
    -21.5625      8.7500       0.9890E-003
    -21.5625     10.0000       0.9045E-003
    -21.5625     11.2500       0.7096E-003
    -21.5625     12.5000       0.4653E-003
    -21.5625     13.7500       0.2431E-003
    -21.5625     15.0000       0.8383E-004
    -21.5625     16.2500       0.1115E-004
    -21.5625     17.5000       0.1137E-006
    -21.5625     18.7500       0.8318E-011

    -20.6250    -20.0000       0.5966E-011
    -20.6250    -18.7500       0.1063E-010
    -20.6250    -17.5000       0.1077E-006
    -20.6250    -16.2500       0.1004E-004
    -20.6250    -15.0000       0.7679E-004
    -20.6250    -13.7500       0.2265E-003
    -20.6250    -12.5000       0.4429E-003
    -20.6250    -11.2500       0.6890E-003
    -20.6250    -10.0000       0.8965E-003
    -20.6250     -8.7500       0.1001E-002
    -20.6250     -7.5000       0.9747E-003
    -20.6250     -6.2500       0.8271E-003
    -20.6250     -5.0000       0.5953E-003
    -20.6250     -3.7500       0.3428E-003
    -20.6250     -2.5000       0.1344E-003
    -20.6250     -1.2500       0.2055E-004
    -20.6250      0.0000       0.3320E-004
    -20.6250      1.2500       0.1752E-003
    -20.6250      2.5000       0.4035E-003
    -20.6250      3.7500       0.6510E-003
    -20.6250      5.0000       0.8582E-003
    -20.6250      6.2500       0.9863E-003
    -20.6250      7.5000       0.1018E-002
    -20.6250      8.7500       0.9524E-003
    -20.6250     10.0000       0.8001E-003
    -20.6250     11.2500       0.5890E-003
    -20.6250     12.5000       0.3681E-003
    -20.6250     13.7500       0.1852E-003
    -20.6250     15.0000       0.6220E-004
    -20.6250     16.2500       0.8130E-005
    -20.6250     17.5000       0.8249E-007
    -20.6250     18.7500       0.7152E-011

    -19.6875    -20.0000       0.8693E-012
    -19.6875    -18.7500       0.6382E-011
    -19.6875    -17.5000       0.1874E-006
    -19.6875    -16.2500       0.1666E-004
    -19.6875    -15.0000       0.1183E-003
    -19.6875    -13.7500       0.3152E-003
    -19.6875    -12.5000       0.5464E-003
    -19.6875    -11.2500       0.7501E-003
    -19.6875    -10.0000       0.8640E-003
    -19.6875     -8.7500       0.8550E-003
    -19.6875     -7.5000       0.7271E-003
    -19.6875     -6.2500       0.5208E-003
    -19.6875     -5.0000       0.2991E-003
    -19.6875     -3.7500       0.1437E-003
    -19.6875     -2.5000       0.1039E-003
    -19.6875     -1.2500       0.1811E-003
    -19.6875      0.0000       0.3511E-003
    -19.6875      1.2500       0.5771E-003
    -19.6875      2.5000       0.7931E-003
    -19.6875      3.7500       0.9336E-003
    -19.6875      5.0000       0.9729E-003
    -19.6875      6.2500       0.9288E-003
    -19.6875      7.5000       0.8374E-003
    -19.6875      8.7500       0.7294E-003
    -19.6875     10.0000       0.6170E-003
    -19.6875     11.2500       0.4934E-003
    -19.6875     12.5000       0.3549E-003
    -19.6875     13.7500       0.2092E-003
    -19.6875     15.0000       0.8097E-004
    -19.6875     16.2500       0.1174E-004
    -19.6875     17.5000       0.1324E-006
    -19.6875     18.7500       0.4038E-011

    -18.7500    -20.0000       0.6787E-011
    -18.7500    -18.7500       0.1793E-011
    -18.7500    -17.5000       0.2571E-006
    -18.7500    -16.2500       0.2231E-004
    -18.7500    -15.0000       0.1503E-003
    -18.7500    -13.7500       0.3702E-003
    -18.7500    -12.5000       0.5756E-003
    -18.7500    -11.2500       0.6930E-003
    -18.7500    -10.0000       0.6960E-003
    -18.7500     -8.7500       0.6088E-003
    -18.7500     -7.5000       0.4775E-003
    -18.7500     -6.2500       0.3523E-003
    -18.7500     -5.0000       0.2809E-003
    -18.7500     -3.7500       0.3060E-003
    -18.7500     -2.5000       0.4228E-003
    -18.7500     -1.2500       0.5843E-003
    -18.7500      0.0000       0.7443E-003
    -18.7500      1.2500       0.8695E-003
    -18.7500      2.5000       0.9193E-003
    -18.7500      3.7500       0.8753E-003
    -18.7500      5.0000       0.7669E-003
    -18.7500      6.2500       0.6467E-003
    -18.7500      7.5000       0.5572E-003
    -18.7500      8.7500       0.5181E-003
    -18.7500     10.0000       0.5180E-003
    -18.7500     11.2500       0.5079E-003
    -18.7500     12.5000       0.4376E-003
    -18.7500     13.7500       0.2937E-003
    -18.7500     15.0000       0.1235E-003
    -18.7500     16.2500       0.1876E-004
    -18.7500     17.5000       0.2189E-006
    -18.7500     18.7500       0.1062E-011

    -17.8125    -20.0000       0.9440E-011
    -17.8125    -18.7500       0.1157E-012
    -17.8125    -17.5000       0.2549E-006
    -17.8125    -16.2500       0.2197E-004
    -17.8125    -15.0000       0.1445E-003
    -17.8125    -13.7500       0.3426E-003
    -17.8125    -12.5000       0.5045E-003
    -17.8125    -11.2500       0.5684E-003
    -17.8125    -10.0000       0.5420E-003
    -17.8125     -8.7500       0.4815E-003
    -17.8125     -7.5000       0.4480E-003
    -17.8125     -6.2500       0.4717E-003
    -17.8125     -5.0000       0.5571E-003
    -17.8125     -3.7500       0.6850E-003
    -17.8125     -2.5000       0.8071E-003
    -17.8125     -1.2500       0.8716E-003
    -17.8125      0.0000       0.8635E-003
    -17.8125      1.2500       0.7930E-003
    -17.8125      2.5000       0.6701E-003
    -17.8125      3.7500       0.5279E-003
    -17.8125      5.0000       0.4230E-003
    -17.8125      6.2500       0.3905E-003
    -17.8125      7.5000       0.4260E-003
    -17.8125      8.7500       0.5065E-003
    -17.8125     10.0000       0.5911E-003
    -17.8125     11.2500       0.6195E-003
    -17.8125     12.5000       0.5426E-003
    -17.8125     13.7500       0.3637E-003
    -17.8125     15.0000       0.1519E-003
    -17.8125     16.2500       0.2295E-004
    -17.8125     17.5000       0.2651E-006
    -17.8125     18.7500       0.1588E-012

    -16.8750    -20.0000       0.4406E-011
    -16.8750    -18.7500       0.2133E-011
    -16.8750    -17.5000       0.1826E-006
    -16.8750    -16.2500       0.1594E-004
    -16.8750    -15.0000       0.1059E-003
    -16.8750    -13.7500       0.2569E-003
    -16.8750    -12.5000       0.3964E-003
    -16.8750    -11.2500       0.4871E-003
    -16.8750    -10.0000       0.5388E-003
    -16.8750     -8.7500       0.5864E-003
    -16.8750     -7.5000       0.6648E-003
    -16.8750     -6.2500       0.7727E-003
    -16.8750     -5.0000       0.8818E-003
    -16.8750     -3.7500       0.9438E-003
    -16.8750     -2.5000       0.9156E-003
    -16.8750     -1.2500       0.7881E-003
    -16.8750      0.0000       0.6031E-003
    -16.8750      1.2500       0.4154E-003
    -16.8750      2.5000       0.2667E-003
    -16.8750      3.7500       0.1998E-003
    -16.8750      5.0000       0.2469E-003
    -16.8750      6.2500       0.3881E-003
    -16.8750      7.5000       0.5607E-003
    -16.8750      8.7500       0.7049E-003
    -16.8750     10.0000       0.7713E-003
    -16.8750     11.2500       0.7290E-003
    -16.8750     12.5000       0.5766E-003
    -16.8750     13.7500       0.3569E-003
    -16.8750     15.0000       0.1410E-003
    -16.8750     16.2500       0.2060E-004
    -16.8750     17.5000       0.2300E-006
    -16.8750     18.7500       0.1561E-011

    -15.9375    -20.0000       0.1539E-011
    -15.9375    -18.7500       0.5624E-011
    -15.9375    -17.5000       0.1047E-006
    -15.9375    -16.2500       0.9576E-005
    -15.9375    -15.0000       0.6893E-004
    -15.9375    -13.7500       0.1893E-003
    -15.9375    -12.5000       0.3472E-003
    -15.9375    -11.2500       0.5214E-003
    -15.9375    -10.0000       0.6893E-003
    -15.9375     -8.7500       0.8302E-003
    -15.9375     -7.5000       0.9350E-003
    -15.9375     -6.2500       0.9876E-003
    -15.9375     -5.0000       0.9665E-003
    -15.9375     -3.7500       0.8527E-003
    -15.9375     -2.5000       0.6520E-003
    -15.9375     -1.2500       0.4078E-003
    -15.9375      0.0000       0.1940E-003
    -15.9375      1.2500       0.7197E-004
    -15.9375      2.5000       0.6761E-004
    -15.9375      3.7500       0.1830E-003
    -15.9375      5.0000       0.3954E-003
    -15.9375      6.2500       0.6418E-003
    -15.9375      7.5000       0.8414E-003
    -15.9375      8.7500       0.9368E-003
    -15.9375     10.0000       0.8984E-003
    -15.9375     11.2500       0.7392E-003
    -15.9375     12.5000       0.5094E-003
    -15.9375     13.7500       0.2794E-003
    -15.9375     15.0000       0.1005E-003
    -15.9375     16.2500       0.1378E-004
    -15.9375     17.5000       0.1447E-006
    -15.9375     18.7500       0.3723E-011

    -15.0000    -20.0000       0.1494E-010
    -15.0000    -18.7500       0.7439E-011
    -15.0000    -17.5000       0.9029E-007
    -15.0000    -16.2500       0.8540E-005
    -15.0000    -15.0000       0.6637E-004
    -15.0000    -13.7500       0.1999E-003
    -15.0000    -12.5000       0.4008E-003
    -15.0000    -11.2500       0.6407E-003
    -15.0000    -10.0000       0.8597E-003
    -15.0000     -8.7500       0.9960E-003
    -15.0000     -7.5000       0.1019E-002
    -15.0000     -6.2500       0.9256E-003
    -15.0000     -5.0000       0.7363E-003
    -15.0000     -3.7500       0.4925E-003
    -15.0000     -2.5000       0.2502E-003
    -15.0000     -1.2500       0.6847E-004
    -15.0000      0.0000       0.2930E-010
    -15.0000      1.2500       0.6845E-004
    -15.0000      2.5000       0.2503E-003
    -15.0000      3.7500       0.4925E-003
    -15.0000      5.0000       0.7362E-003
    -15.0000      6.2500       0.9257E-003
    -15.0000      7.5000       0.1018E-002
    -15.0000      8.7500       0.9962E-003
    -15.0000     10.0000       0.8595E-003
    -15.0000     11.2500       0.6409E-003
    -15.0000     12.5000       0.4007E-003
    -15.0000     13.7500       0.2000E-003
    -15.0000     15.0000       0.6632E-004
    -15.0000     16.2500       0.8562E-005
    -15.0000     17.5000       0.8503E-007
    -15.0000     18.7500       0.4770E-011

    -14.0625    -20.0000       0.4770E-010
    -14.0625    -18.7500       0.6310E-011
    -14.0625    -17.5000       0.1523E-006
    -14.0625    -16.2500       0.1375E-004
    -14.0625    -15.0000       0.1005E-003
    -14.0625    -13.7500       0.2793E-003
    -14.0625    -12.5000       0.5095E-003
    -14.0625    -11.2500       0.7390E-003
    -14.0625    -10.0000       0.8985E-003
    -14.0625     -8.7500       0.9368E-003
    -14.0625     -7.5000       0.8414E-003
    -14.0625     -6.2500       0.6418E-003
    -14.0625     -5.0000       0.3953E-003
    -14.0625     -3.7500       0.1831E-003
    -14.0625     -2.5000       0.6747E-004
    -14.0625     -1.2500       0.7210E-004
    -14.0625      0.0000       0.1939E-003
    -14.0625      1.2500       0.4079E-003
    -14.0625      2.5000       0.6519E-003
    -14.0625      3.7500       0.8528E-003
    -14.0625      5.0000       0.9664E-003
    -14.0625      6.2500       0.9877E-003
    -14.0625      7.5000       0.9348E-003
    -14.0625      8.7500       0.8303E-003
    -14.0625     10.0000       0.6891E-003
    -14.0625     11.2500       0.5215E-003
    -14.0625     12.5000       0.3471E-003
    -14.0625     13.7500       0.1894E-003
    -14.0625     15.0000       0.6890E-004
    -14.0625     16.2500       0.9582E-005
    -14.0625     17.5000       0.1041E-006
    -14.0625     18.7500       0.4151E-011

    -13.1250    -20.0000       0.8559E-010
    -13.1250    -18.7500       0.3898E-011
    -13.1250    -17.5000       0.2356E-006
    -13.1250    -16.2500       0.2058E-004
    -13.1250    -15.0000       0.1410E-003
    -13.1250    -13.7500       0.3569E-003
    -13.1250    -12.5000       0.5766E-003
    -13.1250    -11.2500       0.7290E-003
    -13.1250    -10.0000       0.7713E-003
    -13.1250     -8.7500       0.7049E-003
    -13.1250     -7.5000       0.5606E-003
    -13.1250     -6.2500       0.3883E-003
    -13.1250     -5.0000       0.2467E-003
    -13.1250     -3.7500       0.1999E-003
    -13.1250     -2.5000       0.2665E-003
    -13.1250     -1.2500       0.4155E-003
    -13.1250      0.0000       0.6030E-003
    -13.1250      1.2500       0.7882E-003
    -13.1250      2.5000       0.9154E-003
    -13.1250      3.7500       0.9439E-003
    -13.1250      5.0000       0.8816E-003
    -13.1250      6.2500       0.7728E-003
    -13.1250      7.5000       0.6646E-003
    -13.1250      8.7500       0.5865E-003
    -13.1250     10.0000       0.5387E-003
    -13.1250     11.2500       0.4872E-003
    -13.1250     12.5000       0.3963E-003
    -13.1250     13.7500       0.2569E-003
    -13.1250     15.0000       0.1059E-003
    -13.1250     16.2500       0.1593E-004
    -13.1250     17.5000       0.1850E-006
    -13.1250     18.7500       0.3038E-011

    -12.1875    -20.0000       0.1062E-009
    -12.1875    -18.7500       0.3157E-011
    -12.1875    -17.5000       0.2662E-006
    -12.1875    -16.2500       0.2295E-004
    -12.1875    -15.0000       0.1519E-003
    -12.1875    -13.7500       0.3637E-003
    -12.1875    -12.5000       0.5426E-003
    -12.1875    -11.2500       0.6195E-003
    -12.1875    -10.0000       0.5911E-003
    -12.1875     -8.7500       0.5065E-003
    -12.1875     -7.5000       0.4260E-003
    -12.1875     -6.2500       0.3905E-003
    -12.1875     -5.0000       0.4230E-003
    -12.1875     -3.7500       0.5279E-003
    -12.1875     -2.5000       0.6701E-003
    -12.1875     -1.2500       0.7930E-003
    -12.1875      0.0000       0.8635E-003
    -12.1875      1.2500       0.8716E-003
    -12.1875      2.5000       0.8070E-003
    -12.1875      3.7500       0.6850E-003
    -12.1875      5.0000       0.5571E-003
    -12.1875      6.2500       0.4718E-003
    -12.1875      7.5000       0.4480E-003
    -12.1875      8.7500       0.4815E-003
    -12.1875     10.0000       0.5419E-003
    -12.1875     11.2500       0.5684E-003
    -12.1875     12.5000       0.5045E-003
    -12.1875     13.7500       0.3426E-003
    -12.1875     15.0000       0.1445E-003
    -12.1875     16.2500       0.2197E-004
    -12.1875     17.5000       0.2558E-006
    -12.1875     18.7500       0.3141E-011

    -11.2500    -20.0000       0.9626E-010
    -11.2500    -18.7500       0.5524E-011
    -11.2500    -17.5000       0.2168E-006
    -11.2500    -16.2500       0.1876E-004
    -11.2500    -15.0000       0.1234E-003
    -11.2500    -13.7500       0.2938E-003
    -11.2500    -12.5000       0.4376E-003
    -11.2500    -11.2500       0.5078E-003
    -11.2500    -10.0000       0.5180E-003
    -11.2500     -8.7500       0.5180E-003
    -11.2500     -7.5000       0.5573E-003
    -11.2500     -6.2500       0.6466E-003
    -11.2500     -5.0000       0.7670E-003
    -11.2500     -3.7500       0.8752E-003
    -11.2500     -2.5000       0.9194E-003
    -11.2500     -1.2500       0.8694E-003
    -11.2500      0.0000       0.7444E-003
    -11.2500      1.2500       0.5842E-003
    -11.2500      2.5000       0.4229E-003
    -11.2500      3.7500       0.3059E-003
    -11.2500      5.0000       0.2810E-003
    -11.2500      6.2500       0.3522E-003
    -11.2500      7.5000       0.4776E-003
    -11.2500      8.7500       0.6087E-003
    -11.2500     10.0000       0.6961E-003
    -11.2500     11.2500       0.6930E-003
    -11.2500     12.5000       0.5756E-003
    -11.2500     13.7500       0.3703E-003
    -11.2500     15.0000       0.1503E-003
    -11.2500     16.2500       0.2232E-004
    -11.2500     17.5000       0.2536E-006
    -11.2500     18.7500       0.5013E-011

    -10.3125    -20.0000       0.6210E-010
    -10.3125    -18.7500       0.9450E-011
    -10.3125    -17.5000       0.1314E-006
    -10.3125    -16.2500       0.1173E-004
    -10.3125    -15.0000       0.8098E-004
    -10.3125    -13.7500       0.2091E-003
    -10.3125    -12.5000       0.3550E-003
    -10.3125    -11.2500       0.4933E-003
    -10.3125    -10.0000       0.6172E-003
    -10.3125     -8.7500       0.7292E-003
    -10.3125     -7.5000       0.8376E-003
    -10.3125     -6.2500       0.9287E-003
    -10.3125     -5.0000       0.9730E-003
    -10.3125     -3.7500       0.9335E-003
    -10.3125     -2.5000       0.7932E-003
    -10.3125     -1.2500       0.5770E-003
    -10.3125      0.0000       0.3513E-003
    -10.3125      1.2500       0.1809E-003
    -10.3125      2.5000       0.1041E-003
    -10.3125      3.7500       0.1436E-003
    -10.3125      5.0000       0.2992E-003
    -10.3125      6.2500       0.5206E-003
    -10.3125      7.5000       0.7272E-003
    -10.3125      8.7500       0.8550E-003
    -10.3125     10.0000       0.8639E-003
    -10.3125     11.2500       0.7502E-003
    -10.3125     12.5000       0.5463E-003
    -10.3125     13.7500       0.3153E-003
    -10.3125     15.0000       0.1182E-003
    -10.3125     16.2500       0.1668E-004
    -10.3125     17.5000       0.1804E-006
    -10.3125     18.7500       0.7411E-011

     -9.3750    -20.0000       0.2476E-010
     -9.3750    -18.7500       0.1165E-010
     -9.3750    -17.5000       0.8581E-007
     -9.3750    -16.2500       0.8114E-005
     -9.3750    -15.0000       0.6224E-004
     -9.3750    -13.7500       0.1851E-003
     -9.3750    -12.5000       0.3682E-003
     -9.3750    -11.2500       0.5888E-003
     -9.3750    -10.0000       0.8003E-003
     -9.3750     -8.7500       0.9522E-003
     -9.3750     -7.5000       0.1018E-002
     -9.3750     -6.2500       0.9862E-003
     -9.3750     -5.0000       0.8582E-003
     -9.3750     -3.7500       0.6510E-003
     -9.3750     -2.5000       0.4035E-003
     -9.3750     -1.2500       0.1751E-003
     -9.3750      0.0000       0.3325E-004
     -9.3750      1.2500       0.2048E-004
     -9.3750      2.5000       0.1345E-003
     -9.3750      3.7500       0.3427E-003
     -9.3750      5.0000       0.5954E-003
     -9.3750      6.2500       0.8271E-003
     -9.3750      7.5000       0.9746E-003
     -9.3750      8.7500       0.1001E-002
     -9.3750     10.0000       0.8964E-003
     -9.3750     11.2500       0.6892E-003
     -9.3750     12.5000       0.4427E-003
     -9.3750     13.7500       0.2266E-003
     -9.3750     15.0000       0.7673E-004
     -9.3750     16.2500       0.1006E-004
     -9.3750     17.5000       0.1012E-006
     -9.3750     18.7500       0.8297E-011

     -8.4375    -20.0000       0.3420E-011
     -8.4375    -18.7500       0.9978E-011
     -8.4375    -17.5000       0.1206E-006
     -8.4375    -16.2500       0.1112E-004
     -8.4375    -15.0000       0.8389E-004
     -8.4375    -13.7500       0.2430E-003
     -8.4375    -12.5000       0.4655E-003
     -8.4375    -11.2500       0.7094E-003
     -8.4375    -10.0000       0.9046E-003
     -8.4375     -8.7500       0.9890E-003
     -8.4375     -7.5000       0.9378E-003
     -8.4375     -6.2500       0.7681E-003
     -8.4375     -5.0000       0.5244E-003
     -8.4375     -3.7500       0.2784E-003
     -8.4375     -2.5000       0.9643E-004
     -8.4375     -1.2500       0.2131E-004
     -8.4375      0.0000       0.7352E-004
     -8.4375      1.2500       0.2458E-003
     -8.4375      2.5000       0.4870E-003
     -8.4375      3.7500       0.7259E-003
     -8.4375      5.0000       0.9060E-003
     -8.4375      6.2500       0.9992E-003
     -8.4375      7.5000       0.1000E-002
     -8.4375      8.7500       0.9179E-003
     -8.4375     10.0000       0.7647E-003
     -8.4375     11.2500       0.5642E-003
     -8.4375     12.5000       0.3569E-003
     -8.4375     13.7500       0.1830E-003
     -8.4375     15.0000       0.6274E-004
     -8.4375     16.2500       0.8343E-005
     -8.4375     17.5000       0.8644E-007
     -8.4375     18.7500       0.6633E-011

     -7.5000    -20.0000       0.1662E-011
     -7.5000    -18.7500       0.5370E-011
     -7.5000    -17.5000       0.2047E-006
     -7.5000    -16.2500       0.1808E-004
     -7.5000    -15.0000       0.1267E-003
     -7.5000    -13.7500       0.3314E-003
     -7.5000    -12.5000       0.5604E-003
     -7.5000    -11.2500       0.7480E-003
     -7.5000    -10.0000       0.8375E-003
     -7.5000     -8.7500       0.8068E-003
     -7.5000     -7.5000       0.6688E-003
     -7.5000     -6.2500       0.4680E-003
     -7.5000     -5.0000       0.2682E-003
     -7.5000     -3.7500       0.1472E-003
     -7.5000     -2.5000       0.1453E-003
     -7.5000     -1.2500       0.2525E-003
     -7.5000      0.0000       0.4362E-003
     -7.5000      1.2500       0.6561E-003
     -7.5000      2.5000       0.8479E-003
     -7.5000      3.7500       0.9525E-003
     -7.5000      5.0000       0.9552E-003
     -7.5000      6.2500       0.8842E-003
     -7.5000      7.5000       0.7812E-003
     -7.5000      8.7500       0.6787E-003
     -7.5000     10.0000       0.5857E-003
     -7.5000     11.2500       0.4863E-003
     -7.5000     12.5000       0.3651E-003
     -7.5000     13.7500       0.2232E-003
     -7.5000     15.0000       0.8867E-004
     -7.5000     16.2500       0.1306E-004
     -7.5000     17.5000       0.1492E-006
     -7.5000     18.7500       0.3355E-011

     -6.5625    -20.0000       0.7935E-011
     -6.5625    -18.7500       0.1151E-011
     -6.5625    -17.5000       0.2635E-006
     -6.5625    -16.2500       0.2281E-004
     -6.5625    -15.0000       0.1526E-003
     -6.5625    -13.7500       0.3717E-003
     -6.5625    -12.5000       0.5685E-003
     -6.5625    -11.2500       0.6702E-003
     -6.5625    -10.0000       0.6586E-003
     -6.5625     -8.7500       0.5675E-003
     -6.5625     -7.5000       0.4495E-003
     -6.5625     -6.2500       0.3528E-003
     -6.5625     -5.0000       0.3176E-003
     -6.5625     -3.7500       0.3742E-003
     -6.5625     -2.5000       0.5067E-003
     -6.5625     -1.2500       0.6628E-003
     -6.5625      0.0000       0.7985E-003
     -6.5625      1.2500       0.8868E-003
     -6.5625      2.5000       0.8967E-003
     -6.5625      3.7500       0.8215E-003
     -6.5625      5.0000       0.6994E-003
     -6.5625      6.2500       0.5841E-003
     -6.5625      7.5000       0.5121E-003
     -6.5625      8.7500       0.4963E-003
     -6.5625     10.0000       0.5186E-003
     -6.5625     11.2500       0.5248E-003
     -6.5625     12.5000       0.4601E-003
     -6.5625     13.7500       0.3116E-003
     -6.5625     15.0000       0.1315E-003
     -6.5625     16.2500       0.2001E-004
     -6.5625     17.5000       0.2336E-006
     -6.5625     18.7500       0.6773E-012

     -5.6250    -20.0000       0.8913E-011
     -5.6250    -18.7500       0.2583E-012
     -5.6250    -17.5000       0.2446E-006
     -5.6250    -16.2500       0.2110E-004
     -5.6250    -15.0000       0.1386E-003
     -5.6250    -13.7500       0.3281E-003
     -5.6250    -12.5000       0.4827E-003
     -5.6250    -11.2500       0.5452E-003
     -5.6250    -10.0000       0.5268E-003
     -5.6250     -8.7500       0.4839E-003
     -5.6250     -7.5000       0.4753E-003
     -5.6250     -6.2500       0.5250E-003
     -5.6250     -5.0000       0.6286E-003
     -5.6250     -3.7500       0.7572E-003
     -5.6250     -2.5000       0.8589E-003
     -5.6250     -1.2500       0.8875E-003
     -5.6250      0.0000       0.8388E-003
     -5.6250      1.2500       0.7332E-003
     -5.6250      2.5000       0.5902E-003
     -5.6250      3.7500       0.4491E-003
     -5.6250      5.0000       0.3656E-003
     -5.6250      6.2500       0.3656E-003
     -5.6250      7.5000       0.4322E-003
     -5.6250      8.7500       0.5329E-003
     -5.6250     10.0000       0.6231E-003
     -5.6250     11.2500       0.6454E-003
     -5.6250     12.5000       0.5574E-003
     -5.6250     13.7500       0.3695E-003
     -5.6250     15.0000       0.1531E-003
     -5.6250     16.2500       0.2303E-004
     -5.6250     17.5000       0.2647E-006
     -5.6250     18.7500       0.2844E-012

     -4.6875    -20.0000       0.3168E-011
     -4.6875    -18.7500       0.2820E-011
     -4.6875    -17.5000       0.1649E-006
     -4.6875    -16.2500       0.1448E-004
     -4.6875    -15.0000       0.9710E-004
     -4.6875    -13.7500       0.2393E-003
     -4.6875    -12.5000       0.3792E-003
     -4.6875    -11.2500       0.4841E-003
     -4.6875    -10.0000       0.5594E-003
     -4.6875     -8.7500       0.6303E-003
     -4.6875     -7.5000       0.7230E-003
     -4.6875     -6.2500       0.8313E-003
     -4.6875     -5.0000       0.9246E-003
     -4.6875     -3.7500       0.9559E-003
     -4.6875     -2.5000       0.8893E-003
     -4.6875     -1.2500       0.7273E-003
     -4.6875      0.0000       0.5213E-003
     -4.6875      1.2500       0.3315E-003
     -4.6875      2.5000       0.2004E-003
     -4.6875      3.7500       0.1660E-003
     -4.6875      5.0000       0.2506E-003
     -4.6875      6.2500       0.4232E-003
     -4.6875      7.5000       0.6126E-003
     -4.6875      8.7500       0.7561E-003
     -4.6875     10.0000       0.8063E-003
     -4.6875     11.2500       0.7409E-003
     -4.6875     12.5000       0.5705E-003
     -4.6875     13.7500       0.3455E-003
     -4.6875     15.0000       0.1343E-003
     -4.6875     16.2500       0.1942E-004
     -4.6875     17.5000       0.2148E-006
     -4.6875     18.7500       0.2000E-011

     -3.7500    -20.0000       0.2577E-011
     -3.7500    -18.7500       0.6203E-011
     -3.7500    -17.5000       0.9521E-007
     -3.7500    -16.2500       0.8823E-005
     -3.7500    -15.0000       0.6503E-004
     -3.7500    -13.7500       0.1843E-003
     -3.7500    -12.5000       0.3500E-003
     -3.7500    -11.2500       0.5412E-003
     -3.7500    -10.0000       0.7274E-003
     -3.7500     -8.7500       0.8765E-003
     -3.7500     -7.5000       0.9724E-003
     -3.7500     -6.2500       0.9995E-003
     -3.7500     -5.0000       0.9427E-003
     -3.7500     -3.7500       0.7940E-003
     -3.7500     -2.5000       0.5710E-003
     -3.7500     -1.2500       0.3243E-003
     -3.7500      0.0000       0.1279E-003
     -3.7500      1.2500       0.3860E-004
     -3.7500      2.5000       0.7394E-004
     -3.7500      3.7500       0.2244E-003
     -3.7500      5.0000       0.4570E-003
     -3.7500      6.2500       0.7055E-003
     -3.7500      7.5000       0.8928E-003
     -3.7500      8.7500       0.9672E-003
     -3.7500     10.0000       0.9052E-003
     -3.7500     11.2500       0.7265E-003
     -3.7500     12.5000       0.4878E-003
     -3.7500     13.7500       0.2609E-003
     -3.7500     15.0000       0.9185E-004
     -3.7500     16.2500       0.1240E-004
     -3.7500     17.5000       0.1282E-006
     -3.7500     18.7500       0.4067E-011

     -2.8125    -20.0000       0.2016E-010
     -2.8125    -18.7500       0.7434E-011
     -2.8125    -17.5000       0.9753E-007
     -2.8125    -16.2500       0.9165E-005
     -2.8125    -15.0000       0.7087E-004
     -2.8125    -13.7500       0.2120E-003
     -2.8125    -12.5000       0.4211E-003
     -2.8125    -11.2500       0.6658E-003
     -2.8125    -10.0000       0.8814E-003
     -2.8125     -8.7500       0.1004E-002
     -2.8125     -7.5000       0.1002E-002
     -2.8125     -6.2500       0.8803E-003
     -2.8125     -5.0000       0.6669E-003
     -2.8125     -3.7500       0.4151E-003
     -2.8125     -2.5000       0.1864E-003
     -2.8125     -1.2500       0.3648E-004
     -2.8125      0.0000       0.8375E-005
     -2.8125      1.2500       0.1153E-003
     -2.8125      2.5000       0.3236E-003
     -2.8125      3.7500       0.5722E-003
     -2.8125      5.0000       0.8008E-003
     -2.8125      6.2500       0.9615E-003
     -2.8125      7.5000       0.1024E-002
     -2.8125      8.7500       0.9788E-003
     -2.8125     10.0000       0.8321E-003
     -2.8125     11.2500       0.6149E-003
     -2.8125     12.5000       0.3828E-003
     -2.8125     13.7500       0.1909E-003
     -2.8125     15.0000       0.6341E-004
     -2.8125     16.2500       0.8205E-005
     -2.8125     17.5000       0.8197E-007
     -2.8125     18.7500       0.4764E-011

     -1.8750    -20.0000       0.5557E-010
     -1.8750    -18.7500       0.5837E-011
     -1.8750    -17.5000       0.1698E-006
     -1.8750    -16.2500       0.1520E-004
     -1.8750    -15.0000       0.1094E-003
     -1.8750    -13.7500       0.2977E-003
     -1.8750    -12.5000       0.5292E-003
     -1.8750    -11.2500       0.7471E-003
     -1.8750    -10.0000       0.8846E-003
     -1.8750     -8.7500       0.8989E-003
     -1.8750     -7.5000       0.7854E-003
     -1.8750     -6.2500       0.5794E-003
     -1.8750     -5.0000       0.3420E-003
     -1.8750     -3.7500       0.1559E-003
     -1.8750     -2.5000       0.7764E-004
     -1.8750     -1.2500       0.1202E-003
     -1.8750      0.0000       0.2693E-003
     -1.8750      1.2500       0.4933E-003
     -1.8750      2.5000       0.7269E-003
     -1.8750      3.7500       0.8999E-003
     -1.8750      5.0000       0.9766E-003
     -1.8750      6.2500       0.9638E-003
     -1.8750      7.5000       0.8892E-003
     -1.8750      8.7500       0.7806E-003
     -1.8750     10.0000       0.6519E-003
     -1.8750     11.2500       0.5053E-003
     -1.8750     12.5000       0.3488E-003
     -1.8750     13.7500       0.1978E-003
     -1.8750     15.0000       0.7430E-004
     -1.8750     16.2500       0.1056E-004
     -1.8750     17.5000       0.1172E-006
     -1.8750     18.7500       0.3909E-011

     -0.9375    -20.0000       0.9176E-010
     -0.9375    -18.7500       0.3531E-011
     -0.9375    -17.5000       0.2478E-006
     -0.9375    -16.2500       0.2156E-004
     -0.9375    -15.0000       0.1464E-003
     -0.9375    -13.7500       0.3652E-003
     -0.9375    -12.5000       0.5783E-003
     -0.9375    -11.2500       0.7128E-003
     -0.9375    -10.0000       0.7341E-003
     -0.9375     -8.7500       0.6552E-003
     -0.9375     -7.5000       0.5151E-003
     -0.9375     -6.2500       0.3643E-003
     -0.9375     -5.0000       0.2570E-003
     -0.9375     -3.7500       0.2471E-003
     -0.9375     -2.5000       0.3417E-003
     -0.9375     -1.2500       0.5008E-003
     -0.9375      0.0000       0.6783E-003
     -0.9375      1.2500       0.8362E-003
     -0.9375      2.5000       0.9256E-003
     -0.9375      3.7500       0.9167E-003
     -0.9375      5.0000       0.8284E-003
     -0.9375      6.2500       0.7104E-003
     -0.9375      7.5000       0.6086E-003
     -0.9375      8.7500       0.5486E-003
     -0.9375     10.0000       0.5247E-003
     -0.9375     11.2500       0.4952E-003
     -0.9375     12.5000       0.4161E-003
     -0.9375     13.7500       0.2753E-003
     -0.9375     15.0000       0.1148E-003
     -0.9375     16.2500       0.1738E-004
     -0.9375     17.5000       0.2025E-006
     -0.9375     18.7500       0.2918E-011

      0.0000    -20.0000       0.1068E-009
      0.0000    -18.7500       0.3389E-011
      0.0000    -17.5000       0.2622E-006
      0.0000    -16.2500       0.2259E-004
      0.0000    -15.0000       0.1490E-003
      0.0000    -13.7500       0.3546E-003
      0.0000    -12.5000       0.5248E-003
      0.0000    -11.2500       0.5935E-003
      0.0000    -10.0000       0.5637E-003
      0.0000     -8.7500       0.4891E-003
      0.0000     -7.5000       0.4313E-003
      0.0000     -6.2500       0.4263E-003
      0.0000     -5.0000       0.4877E-003
      0.0000     -3.7500       0.6076E-003
      0.0000     -2.5000       0.7433E-003
      0.0000     -1.2500       0.8397E-003
      0.0000      0.0000       0.8719E-003
      0.0000      1.2500       0.8397E-003
      0.0000      2.5000       0.7433E-003
      0.0000      3.7500       0.6076E-003
      0.0000      5.0000       0.4877E-003
      0.0000      6.2500       0.4263E-003
      0.0000      7.5000       0.4313E-003
      0.0000      8.7500       0.4891E-003
      0.0000     10.0000       0.5637E-003
      0.0000     11.2500       0.5935E-003
      0.0000     12.5000       0.5248E-003
      0.0000     13.7500       0.3546E-003
      0.0000     15.0000       0.1490E-003
      0.0000     16.2500       0.2259E-004
      0.0000     17.5000       0.2622E-006
      0.0000     18.7500       0.3389E-011

      0.9375    -20.0000       0.9082E-010
      0.9375    -18.7500       0.6281E-011
      0.9375    -17.5000       0.2002E-006
      0.9375    -16.2500       0.1738E-004
      0.9375    -15.0000       0.1148E-003
      0.9375    -13.7500       0.2753E-003
      0.9375    -12.5000       0.4161E-003
      0.9375    -11.2500       0.4951E-003
      0.9375    -10.0000       0.5248E-003
      0.9375     -8.7500       0.5485E-003
      0.9375     -7.5000       0.6088E-003
      0.9375     -6.2500       0.7103E-003
      0.9375     -5.0000       0.8285E-003
      0.9375     -3.7500       0.9165E-003
      0.9375     -2.5000       0.9257E-003
      0.9375     -1.2500       0.8361E-003
      0.9375      0.0000       0.6784E-003
      0.9375      1.2500       0.5007E-003
      0.9375      2.5000       0.3418E-003
      0.9375      3.7500       0.2470E-003
      0.9375      5.0000       0.2571E-003
      0.9375      6.2500       0.3642E-003
      0.9375      7.5000       0.5151E-003
      0.9375      8.7500       0.6551E-003
      0.9375     10.0000       0.7341E-003
      0.9375     11.2500       0.7128E-003
      0.9375     12.5000       0.5783E-003
      0.9375     13.7500       0.3653E-003
      0.9375     15.0000       0.1464E-003
      0.9375     16.2500       0.2157E-004
      0.9375     17.5000       0.2432E-006
      0.9375     18.7500       0.5516E-011

      1.8750    -20.0000       0.5413E-010
      1.8750    -18.7500       0.1013E-010
      1.8750    -17.5000       0.1169E-006
      1.8750    -16.2500       0.1056E-004
      1.8750    -15.0000       0.7431E-004
      1.8750    -13.7500       0.1977E-003
      1.8750    -12.5000       0.3489E-003
      1.8750    -11.2500       0.5052E-003
      1.8750    -10.0000       0.6521E-003
      1.8750     -8.7500       0.7804E-003
      1.8750     -7.5000       0.8894E-003
      1.8750     -6.2500       0.9636E-003
      1.8750     -5.0000       0.9768E-003
      1.8750     -3.7500       0.8998E-003
      1.8750     -2.5000       0.7271E-003
      1.8750     -1.2500       0.4932E-003
      1.8750      0.0000       0.2694E-003
      1.8750      1.2500       0.1200E-003
      1.8750      2.5000       0.7779E-004
      1.8750      3.7500       0.1557E-003
      1.8750      5.0000       0.3421E-003
      1.8750      6.2500       0.5793E-003
      1.8750      7.5000       0.7855E-003
      1.8750      8.7500       0.8989E-003
      1.8750     10.0000       0.8845E-003
      1.8750     11.2500       0.7471E-003
      1.8750     12.5000       0.5291E-003
      1.8750     13.7500       0.2977E-003
      1.8750     15.0000       0.1094E-003
      1.8750     16.2500       0.1522E-004
      1.8750     17.5000       0.1624E-006
      1.8750     18.7500       0.7767E-011

      2.8125    -20.0000       0.1883E-010
      2.8125    -18.7500       0.1165E-010
      2.8125    -17.5000       0.8627E-007
      2.8125    -16.2500       0.8185E-005
      2.8125    -15.0000       0.6346E-004
      2.8125    -13.7500       0.1909E-003
      2.8125    -12.5000       0.3830E-003
      2.8125    -11.2500       0.6147E-003
      2.8125    -10.0000       0.8323E-003
      2.8125     -8.7500       0.9787E-003
      2.8125     -7.5000       0.1024E-002
      2.8125     -6.2500       0.9614E-003
      2.8125     -5.0000       0.8009E-003
      2.8125     -3.7500       0.5722E-003
      2.8125     -2.5000       0.3236E-003
      2.8125     -1.2500       0.1153E-003
      2.8125      0.0000       0.8401E-005
      2.8125      1.2500       0.3643E-004
      2.8125      2.5000       0.1864E-003
      2.8125      3.7500       0.4150E-003
      2.8125      5.0000       0.6669E-003
      2.8125      6.2500       0.8803E-003
      2.8125      7.5000       0.1002E-002
      2.8125      8.7500       0.1004E-002
      2.8125     10.0000       0.8812E-003
      2.8125     11.2500       0.6660E-003
      2.8125     12.5000       0.4209E-003
      2.8125     13.7500       0.2121E-003
      2.8125     15.0000       0.7082E-004
      2.8125     16.2500       0.9189E-005
      2.8125     17.5000       0.9161E-007
      2.8125     18.7500       0.8168E-011

      3.7500    -20.0000       0.1712E-011
      3.7500    -18.7500       0.9205E-011
      3.7500    -17.5000       0.1356E-006
      3.7500    -16.2500       0.1237E-004
      3.7500    -15.0000       0.9191E-004
      3.7500    -13.7500       0.2608E-003
      3.7500    -12.5000       0.4880E-003
      3.7500    -11.2500       0.7263E-003
      3.7500    -10.0000       0.9053E-003
      3.7500     -8.7500       0.9672E-003
      3.7500     -7.5000       0.8928E-003
      3.7500     -6.2500       0.7055E-003
      3.7500     -5.0000       0.4569E-003
      3.7500     -3.7500       0.2245E-003
      3.7500     -2.5000       0.7382E-004
      3.7500     -1.2500       0.3871E-004
      3.7500      0.0000       0.1278E-003
      3.7500      1.2500       0.3244E-003
      3.7500      2.5000       0.5709E-003
      3.7500      3.7500       0.7941E-003
      3.7500      5.0000       0.9426E-003
      3.7500      6.2500       0.9997E-003
      3.7500      7.5000       0.9722E-003
      3.7500      8.7500       0.8767E-003
      3.7500     10.0000       0.7272E-003
      3.7500     11.2500       0.5414E-003
      3.7500     12.5000       0.3498E-003
      3.7500     13.7500       0.1844E-003
      3.7500     15.0000       0.6500E-004
      3.7500     16.2500       0.8833E-005
      3.7500     17.5000       0.9374E-007
      3.7500     18.7500       0.6044E-011

      4.6875    -20.0000       0.2782E-011
      4.6875    -18.7500       0.4375E-011
      4.6875    -17.5000       0.2209E-006
      4.6875    -16.2500       0.1940E-004
      4.6875    -15.0000       0.1344E-003
      4.6875    -13.7500       0.3454E-003
      4.6875    -12.5000       0.5706E-003
      4.6875    -11.2500       0.7409E-003
      4.6875    -10.0000       0.8063E-003
      4.6875     -8.7500       0.7562E-003
      4.6875     -7.5000       0.6125E-003
      4.6875     -6.2500       0.4233E-003
      4.6875     -5.0000       0.2505E-003
      4.6875     -3.7500       0.1662E-003
      4.6875     -2.5000       0.2002E-003
      4.6875     -1.2500       0.3316E-003
      4.6875      0.0000       0.5212E-003
      4.6875      1.2500       0.7274E-003
      4.6875      2.5000       0.8892E-003
      4.6875      3.7500       0.9560E-003
      4.6875      5.0000       0.9244E-003
      4.6875      6.2500       0.8315E-003
      4.6875      7.5000       0.7229E-003
      4.6875      8.7500       0.6305E-003
      4.6875     10.0000       0.5593E-003
      4.6875     11.2500       0.4842E-003
      4.6875     12.5000       0.3791E-003
      4.6875     13.7500       0.2394E-003
      4.6875     15.0000       0.9710E-004
      4.6875     16.2500       0.1447E-004
      4.6875     17.5000       0.1669E-006
      4.6875     18.7500       0.2698E-011

      5.6250    -20.0000       0.8828E-011
      5.6250    -18.7500       0.6537E-012
      5.6250    -17.5000       0.2665E-006
      5.6250    -16.2500       0.2302E-004
      5.6250    -15.0000       0.1531E-003
      5.6250    -13.7500       0.3695E-003
      5.6250    -12.5000       0.5574E-003
      5.6250    -11.2500       0.6454E-003
      5.6250    -10.0000       0.6231E-003
      5.6250     -8.7500       0.5330E-003
      5.6250     -7.5000       0.4321E-003
      5.6250     -6.2500       0.3657E-003
      5.6250     -5.0000       0.3656E-003
      5.6250     -3.7500       0.4491E-003
      5.6250     -2.5000       0.5902E-003
      5.6250     -1.2500       0.7333E-003
      5.6250      0.0000       0.8387E-003
      5.6250      1.2500       0.8875E-003
      5.6250      2.5000       0.8588E-003
      5.6250      3.7500       0.7573E-003
      5.6250      5.0000       0.6286E-003
      5.6250      6.2500       0.5250E-003
      5.6250      7.5000       0.4752E-003
      5.6250      8.7500       0.4839E-003
      5.6250     10.0000       0.5267E-003
      5.6250     11.2500       0.5452E-003
      5.6250     12.5000       0.4827E-003
      5.6250     13.7500       0.3281E-003
      5.6250     15.0000       0.1386E-003
      5.6250     16.2500       0.2110E-004
      5.6250     17.5000       0.2460E-006
      5.6250     18.7500       0.3911E-012

      6.5625    -20.0000       0.8067E-011
      6.5625    -18.7500       0.5490E-012
      6.5625    -17.5000       0.2317E-006
      6.5625    -16.2500       0.2002E-004
      6.5625    -15.0000       0.1315E-003
      6.5625    -13.7500       0.3116E-003
      6.5625    -12.5000       0.4601E-003
      6.5625    -11.2500       0.5248E-003
      6.5625    -10.0000       0.5187E-003
      6.5625     -8.7500       0.4962E-003
      6.5625     -7.5000       0.5122E-003
      6.5625     -6.2500       0.5840E-003
      6.5625     -5.0000       0.6995E-003
      6.5625     -3.7500       0.8214E-003
      6.5625     -2.5000       0.8968E-003
      6.5625     -1.2500       0.8867E-003
      6.5625      0.0000       0.7985E-003
      6.5625      1.2500       0.6627E-003
      6.5625      2.5000       0.5068E-003
      6.5625      3.7500       0.3741E-003
      6.5625      5.0000       0.3177E-003
      6.5625      6.2500       0.3527E-003
      6.5625      7.5000       0.4496E-003
      6.5625      8.7500       0.5675E-003
      6.5625     10.0000       0.6586E-003
      6.5625     11.2500       0.6702E-003
      6.5625     12.5000       0.5685E-003
      6.5625     13.7500       0.3717E-003
      6.5625     15.0000       0.1526E-003
      6.5625     16.2500       0.2281E-004
      6.5625     17.5000       0.2607E-006
      6.5625     18.7500       0.5002E-012

      7.5000    -20.0000       0.2131E-011
      7.5000    -18.7500       0.3541E-011
      7.5000    -17.5000       0.1476E-006
      7.5000    -16.2500       0.1306E-004
      7.5000    -15.0000       0.8867E-004
      7.5000    -13.7500       0.2232E-003
      7.5000    -12.5000       0.3652E-003
      7.5000    -11.2500       0.4862E-003
      7.5000    -10.0000       0.5859E-003
      7.5000     -8.7500       0.6785E-003
      7.5000     -7.5000       0.7814E-003
      7.5000     -6.2500       0.8840E-003
      7.5000     -5.0000       0.9554E-003
      7.5000     -3.7500       0.9524E-003
      7.5000     -2.5000       0.8480E-003
      7.5000     -1.2500       0.6560E-003
      7.5000      0.0000       0.4363E-003
      7.5000      1.2500       0.2524E-003
      7.5000      2.5000       0.1455E-003
      7.5000      3.7500       0.1471E-003
      7.5000      5.0000       0.2683E-003
      7.5000      6.2500       0.4679E-003
      7.5000      7.5000       0.6688E-003
      7.5000      8.7500       0.8068E-003
      7.5000     10.0000       0.8375E-003
      7.5000     11.2500       0.7480E-003
      7.5000     12.5000       0.5603E-003
      7.5000     13.7500       0.3314E-003
      7.5000     15.0000       0.1266E-003
      7.5000     16.2500       0.1810E-004
      7.5000     17.5000       0.1980E-006
      7.5000     18.7500       0.2453E-011

      8.4375    -20.0000       0.4390E-011
      8.4375    -18.7500       0.6688E-011
      8.4375    -17.5000       0.8886E-007
      8.4375    -16.2500       0.8329E-005
      8.4375    -15.0000       0.6277E-004
      8.4375    -13.7500       0.1829E-003
      8.4375    -12.5000       0.3570E-003
      8.4375    -11.2500       0.5640E-003
      8.4375    -10.0000       0.7648E-003
      8.4375     -8.7500       0.9177E-003
      8.4375     -7.5000       0.1000E-002
      8.4375     -6.2500       0.9990E-003
      8.4375     -5.0000       0.9061E-003
      8.4375     -3.7500       0.7259E-003
      8.4375     -2.5000       0.4871E-003
      8.4375     -1.2500       0.2457E-003
      8.4375      0.0000       0.7360E-004
      8.4375      1.2500       0.2121E-004
      8.4375      2.5000       0.9653E-004
      8.4375      3.7500       0.2784E-003
      8.4375      5.0000       0.5245E-003
      8.4375      6.2500       0.7681E-003
      8.4375      7.5000       0.9378E-003
      8.4375      8.7500       0.9891E-003
      8.4375     10.0000       0.9045E-003
      8.4375     11.2500       0.7096E-003
      8.4375     12.5000       0.4653E-003
      8.4375     13.7500       0.2431E-003
      8.4375     15.0000       0.8383E-004
      8.4375     16.2500       0.1115E-004
      8.4375     17.5000       0.1135E-006
      8.4375     18.7500       0.4349E-011

      9.3750    -20.0000       0.2616E-010
      9.3750    -18.7500       0.7307E-011
      9.3750    -17.5000       0.1078E-006
      9.3750    -16.2500       0.1004E-004
      9.3750    -15.0000       0.7679E-004
      9.3750    -13.7500       0.2265E-003
      9.3750    -12.5000       0.4429E-003
      9.3750    -11.2500       0.6890E-003
      9.3750    -10.0000       0.8965E-003
      9.3750     -8.7500       0.1001E-002
      9.3750     -7.5000       0.9747E-003
      9.3750     -6.2500       0.8271E-003
      9.3750     -5.0000       0.5953E-003
      9.3750     -3.7500       0.3428E-003
      9.3750     -2.5000       0.1344E-003
      9.3750     -1.2500       0.2055E-004
      9.3750      0.0000       0.3320E-004
      9.3750      1.2500       0.1752E-003
      9.3750      2.5000       0.4035E-003
      9.3750      3.7500       0.6510E-003
      9.3750      5.0000       0.8582E-003
      9.3750      6.2500       0.9863E-003
      9.3750      7.5000       0.1018E-002
      9.3750      8.7500       0.9524E-003
      9.3750     10.0000       0.8001E-003
      9.3750     11.2500       0.5890E-003
      9.3750     12.5000       0.3681E-003
      9.3750     13.7500       0.1852E-003
      9.3750     15.0000       0.6220E-004
      9.3750     16.2500       0.8131E-005
      9.3750     17.5000       0.8243E-007
      9.3750     18.7500       0.4689E-011

     10.3125    -20.0000       0.6349E-010
     10.3125    -18.7500       0.5332E-011
     10.3125    -17.5000       0.1876E-006
     10.3125    -16.2500       0.1666E-004
     10.3125    -15.0000       0.1183E-003
     10.3125    -13.7500       0.3152E-003
     10.3125    -12.5000       0.5464E-003
     10.3125    -11.2500       0.7501E-003
     10.3125    -10.0000       0.8640E-003
     10.3125     -8.7500       0.8550E-003
     10.3125     -7.5000       0.7271E-003
     10.3125     -6.2500       0.5208E-003
     10.3125     -5.0000       0.2991E-003
     10.3125     -3.7500       0.1437E-003
     10.3125     -2.5000       0.1039E-003
     10.3125     -1.2500       0.1811E-003
     10.3125      0.0000       0.3511E-003
     10.3125      1.2500       0.5771E-003
     10.3125      2.5000       0.7931E-003
     10.3125      3.7500       0.9336E-003
     10.3125      5.0000       0.9729E-003
     10.3125      6.2500       0.9288E-003
     10.3125      7.5000       0.8374E-003
     10.3125      8.7500       0.7294E-003
     10.3125     10.0000       0.6170E-003
     10.3125     11.2500       0.4934E-003
     10.3125     12.5000       0.3549E-003
     10.3125     13.7500       0.2092E-003
     10.3125     15.0000       0.8097E-004
     10.3125     16.2500       0.1174E-004
     10.3125     17.5000       0.1324E-006
     10.3125     18.7500       0.3661E-011

     11.2500    -20.0000       0.9704E-010
     11.2500    -18.7500       0.3259E-011
     11.2500    -17.5000       0.2573E-006
     11.2500    -16.2500       0.2231E-004
     11.2500    -15.0000       0.1503E-003
     11.2500    -13.7500       0.3702E-003
     11.2500    -12.5000       0.5756E-003
     11.2500    -11.2500       0.6930E-003
     11.2500    -10.0000       0.6960E-003
     11.2500     -8.7500       0.6088E-003
     11.2500     -7.5000       0.4775E-003
     11.2500     -6.2500       0.3523E-003
     11.2500     -5.0000       0.2809E-003
     11.2500     -3.7500       0.3060E-003
     11.2500     -2.5000       0.4228E-003
     11.2500     -1.2500       0.5843E-003
     11.2500      0.0000       0.7443E-003
     11.2500      1.2500       0.8695E-003
     11.2500      2.5000       0.9193E-003
     11.2500      3.7500       0.8753E-003
     11.2500      5.0000       0.7669E-003
     11.2500      6.2500       0.6467E-003
     11.2500      7.5000       0.5571E-003
     11.2500      8.7500       0.5181E-003
     11.2500     10.0000       0.5180E-003
     11.2500     11.2500       0.5079E-003
     11.2500     12.5000       0.4376E-003
     11.2500     13.7500       0.2937E-003
     11.2500     15.0000       0.1235E-003
     11.2500     16.2500       0.1876E-004
     11.2500     17.5000       0.2190E-006
     11.2500     18.7500       0.2861E-011

     12.1875    -20.0000       0.1060E-009
     12.1875    -18.7500       0.3752E-011
     12.1875    -17.5000       0.2550E-006
     12.1875    -16.2500       0.2197E-004
     12.1875    -15.0000       0.1445E-003
     12.1875    -13.7500       0.3426E-003
     12.1875    -12.5000       0.5045E-003
     12.1875    -11.2500       0.5684E-003
     12.1875    -10.0000       0.5420E-003
     12.1875     -8.7500       0.4815E-003
     12.1875     -7.5000       0.4480E-003
     12.1875     -6.2500       0.4717E-003
     12.1875     -5.0000       0.5571E-003
     12.1875     -3.7500       0.6850E-003
     12.1875     -2.5000       0.8071E-003
     12.1875     -1.2500       0.8716E-003
     12.1875      0.0000       0.8635E-003
     12.1875      1.2500       0.7930E-003
     12.1875      2.5000       0.6701E-003
     12.1875      3.7500       0.5279E-003
     12.1875      5.0000       0.4230E-003
     12.1875      6.2500       0.3905E-003
     12.1875      7.5000       0.4260E-003
     12.1875      8.7500       0.5065E-003
     12.1875     10.0000       0.5911E-003
     12.1875     11.2500       0.6195E-003
     12.1875     12.5000       0.5426E-003
     12.1875     13.7500       0.3637E-003
     12.1875     15.0000       0.1519E-003
     12.1875     16.2500       0.2295E-004
     12.1875     17.5000       0.2653E-006
     12.1875     18.7500       0.3710E-011

     13.1250    -20.0000       0.8450E-010
     13.1250    -18.7500       0.7081E-011
     13.1250    -17.5000       0.1827E-006
     13.1250    -16.2500       0.1594E-004
     13.1250    -15.0000       0.1059E-003
     13.1250    -13.7500       0.2569E-003
     13.1250    -12.5000       0.3964E-003
     13.1250    -11.2500       0.4871E-003
     13.1250    -10.0000       0.5388E-003
     13.1250     -8.7500       0.5864E-003
     13.1250     -7.5000       0.6648E-003
     13.1250     -6.2500       0.7727E-003
     13.1250     -5.0000       0.8818E-003
     13.1250     -3.7500       0.9438E-003
     13.1250     -2.5000       0.9156E-003
     13.1250     -1.2500       0.7881E-003
     13.1250      0.0000       0.6031E-003
     13.1250      1.2500       0.4154E-003
     13.1250      2.5000       0.2667E-003
     13.1250      3.7500       0.1998E-003
     13.1250      5.0000       0.2469E-003
     13.1250      6.2500       0.3881E-003
     13.1250      7.5000       0.5607E-003
     13.1250      8.7500       0.7049E-003
     13.1250     10.0000       0.7713E-003
     13.1250     11.2500       0.7290E-003
     13.1250     12.5000       0.5766E-003
     13.1250     13.7500       0.3569E-003
     13.1250     15.0000       0.1410E-003
     13.1250     16.2500       0.2059E-004
     13.1250     17.5000       0.2302E-006
     13.1250     18.7500       0.6025E-011

     14.0625    -20.0000       0.4624E-010
     14.0625    -18.7500       0.1071E-010
     14.0625    -17.5000       0.1047E-006
     14.0625    -16.2500       0.9576E-005
     14.0625    -15.0000       0.6893E-004
     14.0625    -13.7500       0.1893E-003
     14.0625    -12.5000       0.3472E-003
     14.0625    -11.2500       0.5214E-003
     14.0625    -10.0000       0.6893E-003
     14.0625     -8.7500       0.8302E-003
     14.0625     -7.5000       0.9350E-003
     14.0625     -6.2500       0.9876E-003
     14.0625     -5.0000       0.9665E-003
     14.0625     -3.7500       0.8527E-003
     14.0625     -2.5000       0.6520E-003
     14.0625     -1.2500       0.4078E-003
     14.0625      0.0000       0.1940E-003
     14.0625      1.2500       0.7197E-004
     14.0625      2.5000       0.6761E-004
     14.0625      3.7500       0.1830E-003
     14.0625      5.0000       0.3954E-003
     14.0625      6.2500       0.6418E-003
     14.0625      7.5000       0.8414E-003
     14.0625      8.7500       0.9368E-003
     14.0625     10.0000       0.8984E-003
     14.0625     11.2500       0.7392E-003
     14.0625     12.5000       0.5094E-003
     14.0625     13.7500       0.2794E-003
     14.0625     15.0000       0.1005E-003
     14.0625     16.2500       0.1378E-004
     14.0625     17.5000       0.1448E-006
     14.0625     18.7500       0.8045E-011

     15.0000    -20.0000       0.1368E-010
     15.0000    -18.7500       0.1147E-010
     15.0000    -17.5000       0.9019E-007
     15.0000    -16.2500       0.8540E-005
     15.0000    -15.0000       0.6637E-004
     15.0000    -13.7500       0.1999E-003
     15.0000    -12.5000       0.4008E-003
     15.0000    -11.2500       0.6407E-003
     15.0000    -10.0000       0.8597E-003
     15.0000     -8.7500       0.9960E-003
     15.0000     -7.5000       0.1019E-002
     15.0000     -6.2500       0.9256E-003
     15.0000     -5.0000       0.7363E-003
     15.0000     -3.7500       0.4925E-003
     15.0000     -2.5000       0.2502E-003
     15.0000     -1.2500       0.6847E-004
     15.0000      0.0000       0.2926E-010
     15.0000      1.2500       0.6845E-004
     15.0000      2.5000       0.2503E-003
     15.0000      3.7500       0.4925E-003
     15.0000      5.0000       0.7362E-003
     15.0000      6.2500       0.9257E-003
     15.0000      7.5000       0.1018E-002
     15.0000      8.7500       0.9962E-003
     15.0000     10.0000       0.8595E-003
     15.0000     11.2500       0.6409E-003
     15.0000     12.5000       0.4007E-003
     15.0000     13.7500       0.2000E-003
     15.0000     15.0000       0.6632E-004
     15.0000     16.2500       0.8562E-005
     15.0000     17.5000       0.8513E-007
     15.0000     18.7500       0.7930E-011

     15.9375    -20.0000       0.7794E-012
     15.9375    -18.7500       0.8330E-011
     15.9375    -17.5000       0.1521E-006
     15.9375    -16.2500       0.1375E-004
     15.9375    -15.0000       0.1005E-003
     15.9375    -13.7500       0.2793E-003
     15.9375    -12.5000       0.5095E-003
     15.9375    -11.2500       0.7390E-003
     15.9375    -10.0000       0.8985E-003
     15.9375     -8.7500       0.9368E-003
     15.9375     -7.5000       0.8414E-003
     15.9375     -6.2500       0.6418E-003
     15.9375     -5.0000       0.3953E-003
     15.9375     -3.7500       0.1831E-003
     15.9375     -2.5000       0.6747E-004
     15.9375     -1.2500       0.7210E-004
     15.9375      0.0000       0.1939E-003
     15.9375      1.2500       0.4079E-003
     15.9375      2.5000       0.6519E-003
     15.9375      3.7500       0.8528E-003
     15.9375      5.0000       0.9664E-003
     15.9375      6.2500       0.9877E-003
     15.9375      7.5000       0.9348E-003
     15.9375      8.7500       0.8303E-003
     15.9375     10.0000       0.6891E-003
     15.9375     11.2500       0.5215E-003
     15.9375     12.5000       0.3471E-003
     15.9375     13.7500       0.1894E-003
     15.9375     15.0000       0.6890E-004
     15.9375     16.2500       0.9582E-005
     15.9375     17.5000       0.1041E-006
     15.9375     18.7500       0.5402E-011

     16.8750    -20.0000       0.4096E-011
     16.8750    -18.7500       0.3429E-011
     16.8750    -17.5000       0.2354E-006
     16.8750    -16.2500       0.2058E-004
     16.8750    -15.0000       0.1410E-003
     16.8750    -13.7500       0.3569E-003
     16.8750    -12.5000       0.5766E-003
     16.8750    -11.2500       0.7290E-003
     16.8750    -10.0000       0.7713E-003
     16.8750     -8.7500       0.7049E-003
     16.8750     -7.5000       0.5606E-003
     16.8750     -6.2500       0.3883E-003
     16.8750     -5.0000       0.2467E-003
     16.8750     -3.7500       0.1999E-003
     16.8750     -2.5000       0.2665E-003
     16.8750     -1.2500       0.4155E-003
     16.8750      0.0000       0.6030E-003
     16.8750      1.2500       0.7882E-003
     16.8750      2.5000       0.9154E-003
     16.8750      3.7500       0.9439E-003
     16.8750      5.0000       0.8816E-003
     16.8750      6.2500       0.7728E-003
     16.8750      7.5000       0.6646E-003
     16.8750      8.7500       0.5865E-003
     16.8750     10.0000       0.5387E-003
     16.8750     11.2500       0.4872E-003
     16.8750     12.5000       0.3963E-003
     16.8750     13.7500       0.2569E-003
     16.8750     15.0000       0.1059E-003
     16.8750     16.2500       0.1593E-004
     16.8750     17.5000       0.1849E-006
     16.8750     18.7500       0.2086E-011

     17.8125    -20.0000       0.9398E-011
     17.8125    -18.7500       0.3115E-012
     17.8125    -17.5000       0.2660E-006
     17.8125    -16.2500       0.2295E-004
     17.8125    -15.0000       0.1519E-003
     17.8125    -13.7500       0.3637E-003
     17.8125    -12.5000       0.5426E-003
     17.8125    -11.2500       0.6195E-003
     17.8125    -10.0000       0.5911E-003
     17.8125     -8.7500       0.5065E-003
     17.8125     -7.5000       0.4260E-003
     17.8125     -6.2500       0.3905E-003
     17.8125     -5.0000       0.4230E-003
     17.8125     -3.7500       0.5279E-003
     17.8125     -2.5000       0.6701E-003
     17.8125     -1.2500       0.7930E-003
     17.8125      0.0000       0.8635E-003
     17.8125      1.2500       0.8716E-003
     17.8125      2.5000       0.8070E-003
     17.8125      3.7500       0.6850E-003
     17.8125      5.0000       0.5571E-003
     17.8125      6.2500       0.4718E-003
     17.8125      7.5000       0.4480E-003
     17.8125      8.7500       0.4815E-003
     17.8125     10.0000       0.5419E-003
     17.8125     11.2500       0.5684E-003
     17.8125     12.5000       0.5045E-003
     17.8125     13.7500       0.3426E-003
     17.8125     15.0000       0.1445E-003
     17.8125     16.2500       0.2197E-004
     17.8125     17.5000       0.2556E-006
     17.8125     18.7500       0.2086E-012

     18.7500    -20.0000       0.6972E-011
     18.7500    -18.7500       0.9724E-012
     18.7500    -17.5000       0.2167E-006
     18.7500    -16.2500       0.1876E-004
     18.7500    -15.0000       0.1234E-003
     18.7500    -13.7500       0.2938E-003
     18.7500    -12.5000       0.4376E-003
     18.7500    -11.2500       0.5078E-003
     18.7500    -10.0000       0.5180E-003
     18.7500     -8.7500       0.5180E-003
     18.7500     -7.5000       0.5573E-003
     18.7500     -6.2500       0.6466E-003
     18.7500     -5.0000       0.7670E-003
     18.7500     -3.7500       0.8752E-003
     18.7500     -2.5000       0.9194E-003
     18.7500     -1.2500       0.8694E-003
     18.7500      0.0000       0.7444E-003
     18.7500      1.2500       0.5842E-003
     18.7500      2.5000       0.4229E-003
     18.7500      3.7500       0.3059E-003
     18.7500      5.0000       0.2810E-003
     18.7500      6.2500       0.3522E-003
     18.7500      7.5000       0.4776E-003
     18.7500      8.7500       0.6087E-003
     18.7500     10.0000       0.6961E-003
     18.7500     11.2500       0.6930E-003
     18.7500     12.5000       0.5756E-003
     18.7500     13.7500       0.3703E-003
     18.7500     15.0000       0.1503E-003
     18.7500     16.2500       0.2232E-004
     18.7500     17.5000       0.2534E-006
     18.7500     18.7500       0.7944E-012

     19.6875    -20.0000       0.1429E-011
     19.6875    -18.7500       0.4267E-011
     19.6875    -17.5000       0.1314E-006
     19.6875    -16.2500       0.1173E-004
     19.6875    -15.0000       0.8098E-004
     19.6875    -13.7500       0.2091E-003
     19.6875    -12.5000       0.3550E-003
     19.6875    -11.2500       0.4933E-003
     19.6875    -10.0000       0.6172E-003
     19.6875     -8.7500       0.7292E-003
     19.6875     -7.5000       0.8376E-003
     19.6875     -6.2500       0.9287E-003
     19.6875     -5.0000       0.9730E-003
     19.6875     -3.7500       0.9335E-003
     19.6875     -2.5000       0.7932E-003
     19.6875     -1.2500       0.5770E-003
     19.6875      0.0000       0.3512E-003
     19.6875      1.2500       0.1809E-003
     19.6875      2.5000       0.1041E-003
     19.6875      3.7500       0.1436E-003
     19.6875      5.0000       0.2992E-003
     19.6875      6.2500       0.5206E-003
     19.6875      7.5000       0.7272E-003
     19.6875      8.7500       0.8550E-003
     19.6875     10.0000       0.8639E-003
     19.6875     11.2500       0.7502E-003
     19.6875     12.5000       0.5463E-003
     19.6875     13.7500       0.3153E-003
     19.6875     15.0000       0.1182E-003
     19.6875     16.2500       0.1669E-004
     19.6875     17.5000       0.1802E-006
     19.6875     18.7500       0.2902E-011

     20.6250    -20.0000       0.7039E-011
     20.6250    -18.7500       0.7062E-011
     20.6250    -17.5000       0.8587E-007
     20.6250    -16.2500       0.8114E-005
     20.6250    -15.0000       0.6224E-004
     20.6250    -13.7500       0.1851E-003
     20.6250    -12.5000       0.3682E-003
     20.6250    -11.2500       0.5888E-003
     20.6250    -10.0000       0.8003E-003
     20.6250     -8.7500       0.9522E-003
     20.6250     -7.5000       0.1018E-002
     20.6250     -6.2500       0.9862E-003
     20.6250     -5.0000       0.8582E-003
     20.6250     -3.7500       0.6510E-003
     20.6250     -2.5000       0.4035E-003
     20.6250     -1.2500       0.1751E-003
     20.6250      0.0000       0.3325E-004
     20.6250      1.2500       0.2048E-004
     20.6250      2.5000       0.1345E-003
     20.6250      3.7500       0.3427E-003
     20.6250      5.0000       0.5954E-003
     20.6250      6.2500       0.8271E-003
     20.6250      7.5000       0.9746E-003
     20.6250      8.7500       0.1001E-002
     20.6250     10.0000       0.8964E-003
     20.6250     11.2500       0.6892E-003
     20.6250     12.5000       0.4427E-003
     20.6250     13.7500       0.2266E-003
     20.6250     15.0000       0.7673E-004
     20.6250     16.2500       0.1006E-004
     20.6250     17.5000       0.1011E-006
     20.6250     18.7500       0.4563E-011

     21.5625    -20.0000       0.3283E-010
     21.5625    -18.7500       0.7066E-011
     21.5625    -17.5000       0.1207E-006
     21.5625    -16.2500       0.1112E-004
     21.5625    -15.0000       0.8389E-004
     21.5625    -13.7500       0.2430E-003
     21.5625    -12.5000       0.4655E-003
     21.5625    -11.2500       0.7094E-003
     21.5625    -10.0000       0.9046E-003
     21.5625     -8.7500       0.9890E-003
     21.5625     -7.5000       0.9378E-003
     21.5625     -6.2500       0.7681E-003
     21.5625     -5.0000       0.5244E-003
     21.5625     -3.7500       0.2784E-003
     21.5625     -2.5000       0.9643E-004
     21.5625     -1.2500       0.2131E-004
     21.5625      0.0000       0.7352E-004
     21.5625      1.2500       0.2458E-003
     21.5625      2.5000       0.4870E-003
     21.5625      3.7500       0.7259E-003
     21.5625      5.0000       0.9060E-003
     21.5625      6.2500       0.9992E-003
     21.5625      7.5000       0.1000E-002
     21.5625      8.7500       0.9179E-003
     21.5625     10.0000       0.7647E-003
     21.5625     11.2500       0.5642E-003
     21.5625     12.5000       0.3569E-003
     21.5625     13.7500       0.1830E-003
     21.5625     15.0000       0.6274E-004
     21.5625     16.2500       0.8343E-005
     21.5625     17.5000       0.8640E-007
     21.5625     18.7500       0.4554E-011

     22.5000    -20.0000       0.7126E-010
     22.5000    -18.7500       0.4823E-011
     22.5000    -17.5000       0.2049E-006
     22.5000    -16.2500       0.1808E-004
     22.5000    -15.0000       0.1267E-003
     22.5000    -13.7500       0.3314E-003
     22.5000    -12.5000       0.5604E-003
     22.5000    -11.2500       0.7480E-003
     22.5000    -10.0000       0.8375E-003
     22.5000     -8.7500       0.8068E-003
     22.5000     -7.5000       0.6688E-003
     22.5000     -6.2500       0.4680E-003
     22.5000     -5.0000       0.2682E-003
     22.5000     -3.7500       0.1472E-003
     22.5000     -2.5000       0.1453E-003
     22.5000     -1.2500       0.2525E-003
     22.5000      0.0000       0.4362E-003
     22.5000      1.2500       0.6561E-003
     22.5000      2.5000       0.8479E-003
     22.5000      3.7500       0.9525E-003
     22.5000      5.0000       0.9552E-003
     22.5000      6.2500       0.8842E-003
     22.5000      7.5000       0.7812E-003
     22.5000      8.7500       0.6787E-003
     22.5000     10.0000       0.5857E-003
     22.5000     11.2500       0.4863E-003
     22.5000     12.5000       0.3651E-003
     22.5000     13.7500       0.2232E-003
     22.5000     15.0000       0.8867E-004
     22.5000     16.2500       0.1306E-004
     22.5000     17.5000       0.1492E-006
     22.5000     18.7500       0.3423E-011

     23.4375    -20.0000       0.1013E-009
     23.4375    -18.7500       0.3098E-011
     23.4375    -17.5000       0.2637E-006
     23.4375    -16.2500       0.2281E-004
     23.4375    -15.0000       0.1526E-003
     23.4375    -13.7500       0.3717E-003
     23.4375    -12.5000       0.5685E-003
     23.4375    -11.2500       0.6702E-003
     23.4375    -10.0000       0.6586E-003
     23.4375     -8.7500       0.5675E-003
     23.4375     -7.5000       0.4495E-003
     23.4375     -6.2500       0.3528E-003
     23.4375     -5.0000       0.3176E-003
     23.4375     -3.7500       0.3742E-003
     23.4375     -2.5000       0.5067E-003
     23.4375     -1.2500       0.6628E-003
     23.4375      0.0000       0.7985E-003
     23.4375      1.2500       0.8868E-003
     23.4375      2.5000       0.8967E-003
     23.4375      3.7500       0.8215E-003
     23.4375      5.0000       0.6994E-003
     23.4375      6.2500       0.5841E-003
     23.4375      7.5000       0.5121E-003
     23.4375      8.7500       0.4963E-003
     23.4375     10.0000       0.5186E-003
     23.4375     11.2500       0.5248E-003
     23.4375     12.5000       0.4601E-003
     23.4375     13.7500       0.3116E-003
     23.4375     15.0000       0.1315E-003
     23.4375     16.2500       0.2001E-004
     23.4375     17.5000       0.2337E-006
     23.4375     18.7500       0.2877E-011

     24.3750    -20.0000       0.1040E-009
     24.3750    -18.7500       0.4239E-011
     24.3750    -17.5000       0.2447E-006
     24.3750    -16.2500       0.2110E-004
     24.3750    -15.0000       0.1386E-003
     24.3750    -13.7500       0.3281E-003
     24.3750    -12.5000       0.4827E-003
     24.3750    -11.2500       0.5452E-003
     24.3750    -10.0000       0.5268E-003
     24.3750     -8.7500       0.4839E-003
     24.3750     -7.5000       0.4753E-003
     24.3750     -6.2500       0.5250E-003
     24.3750     -5.0000       0.6286E-003
     24.3750     -3.7500       0.7572E-003
     24.3750     -2.5000       0.8589E-003
     24.3750     -1.2500       0.8875E-003
     24.3750      0.0000       0.8388E-003
     24.3750      1.2500       0.7332E-003
     24.3750      2.5000       0.5902E-003
     24.3750      3.7500       0.4491E-003
     24.3750      5.0000       0.3656E-003
     24.3750      6.2500       0.3656E-003
     24.3750      7.5000       0.4322E-003
     24.3750      8.7500       0.5329E-003
     24.3750     10.0000       0.6231E-003
     24.3750     11.2500       0.6454E-003
     24.3750     12.5000       0.5574E-003
     24.3750     13.7500       0.3695E-003
     24.3750     15.0000       0.1531E-003
     24.3750     16.2500       0.2303E-004
     24.3750     17.5000       0.2649E-006
     24.3750     18.7500       0.4096E-011

     25.3125    -20.0000       0.7749E-010
     25.3125    -18.7500       0.7895E-011
     25.3125    -17.5000       0.1650E-006
     25.3125    -16.2500       0.1448E-004
     25.3125    -15.0000       0.9710E-004
     25.3125    -13.7500       0.2393E-003
     25.3125    -12.5000       0.3792E-003
     25.3125    -11.2500       0.4841E-003
     25.3125    -10.0000       0.5594E-003
     25.3125     -8.7500       0.6303E-003
     25.3125     -7.5000       0.7230E-003
     25.3125     -6.2500       0.8313E-003
     25.3125     -5.0000       0.9246E-003
     25.3125     -3.7500       0.9559E-003
     25.3125     -2.5000       0.8893E-003
     25.3125     -1.2500       0.7273E-003
     25.3125      0.0000       0.5213E-003
     25.3125      1.2500       0.3315E-003
     25.3125      2.5000       0.2004E-003
     25.3125      3.7500       0.1660E-003
     25.3125      5.0000       0.2506E-003
     25.3125      6.2500       0.4232E-003
     25.3125      7.5000       0.6126E-003
     25.3125      8.7500       0.7561E-003
     25.3125     10.0000       0.8063E-003
     25.3125     11.2500       0.7409E-003
     25.3125     12.5000       0.5705E-003
     25.3125     13.7500       0.3455E-003
     25.3125     15.0000       0.1343E-003
     25.3125     16.2500       0.1942E-004
     25.3125     17.5000       0.2150E-006
     25.3125     18.7500       0.6522E-011

     26.2500    -20.0000       0.3860E-010
     26.2500    -18.7500       0.1117E-010
     26.2500    -17.5000       0.9518E-007
     26.2500    -16.2500       0.8823E-005
     26.2500    -15.0000       0.6503E-004
     26.2500    -13.7500       0.1843E-003
     26.2500    -12.5000       0.3500E-003
     26.2500    -11.2500       0.5412E-003
     26.2500    -10.0000       0.7274E-003
     26.2500     -8.7500       0.8765E-003
     26.2500     -7.5000       0.9724E-003
     26.2500     -6.2500       0.9995E-003
     26.2500     -5.0000       0.9427E-003
     26.2500     -3.7500       0.7940E-003
     26.2500     -2.5000       0.5710E-003
     26.2500     -1.2500       0.3243E-003
     26.2500      0.0000       0.1279E-003
     26.2500      1.2500       0.3860E-004
     26.2500      2.5000       0.7394E-004
     26.2500      3.7500       0.2244E-003
     26.2500      5.0000       0.4570E-003
     26.2500      6.2500       0.7055E-003
     26.2500      7.5000       0.8928E-003
     26.2500      8.7500       0.9672E-003
     26.2500     10.0000       0.9052E-003
     26.2500     11.2500       0.7265E-003
     26.2500     12.5000       0.4878E-003
     26.2500     13.7500       0.2609E-003
     26.2500     15.0000       0.9185E-004
     26.2500     16.2500       0.1240E-004
     26.2500     17.5000       0.1284E-006
     26.2500     18.7500       0.8232E-011

     27.1875    -20.0000       0.9385E-011
     27.1875    -18.7500       0.1113E-010
     27.1875    -17.5000       0.9742E-007
     27.1875    -16.2500       0.9165E-005
     27.1875    -15.0000       0.7087E-004
     27.1875    -13.7500       0.2120E-003
     27.1875    -12.5000       0.4211E-003
     27.1875    -11.2500       0.6658E-003
     27.1875    -10.0000       0.8814E-003
     27.1875     -8.7500       0.1004E-002
     27.1875     -7.5000       0.1002E-002
     27.1875     -6.2500       0.8803E-003
     27.1875     -5.0000       0.6669E-003
     27.1875     -3.7500       0.4151E-003
     27.1875     -2.5000       0.1864E-003
     27.1875     -1.2500       0.3648E-004
     27.1875      0.0000       0.8375E-005
     27.1875      1.2500       0.1153E-003
     27.1875      2.5000       0.3236E-003
     27.1875      3.7500       0.5722E-003
     27.1875      5.0000       0.8008E-003
     27.1875      6.2500       0.9615E-003
     27.1875      7.5000       0.1024E-002
     27.1875      8.7500       0.9788E-003
     27.1875     10.0000       0.8321E-003
     27.1875     11.2500       0.6149E-003
     27.1875     12.5000       0.3828E-003
     27.1875     13.7500       0.1909E-003
     27.1875     15.0000       0.6341E-004
     27.1875     16.2500       0.8204E-005
     27.1875     17.5000       0.8205E-007
     27.1875     18.7500       0.7589E-011

     28.1250    -20.0000       0.5343E-012
     28.1250    -18.7500       0.7379E-011
     28.1250    -17.5000       0.1696E-006
     28.1250    -16.2500       0.1520E-004
     28.1250    -15.0000       0.1094E-003
     28.1250    -13.7500       0.2977E-003
     28.1250    -12.5000       0.5292E-003
     28.1250    -11.2500       0.7471E-003
     28.1250    -10.0000       0.8846E-003
     28.1250     -8.7500       0.8989E-003
     28.1250     -7.5000       0.7854E-003
     28.1250     -6.2500       0.5794E-003
     28.1250     -5.0000       0.3420E-003
     28.1250     -3.7500       0.1559E-003
     28.1250     -2.5000       0.7764E-004
     28.1250     -1.2500       0.1202E-003
     28.1250      0.0000       0.2693E-003
     28.1250      1.2500       0.4933E-003
     28.1250      2.5000       0.7269E-003
     28.1250      3.7500       0.8999E-003
     28.1250      5.0000       0.9766E-003
     28.1250      6.2500       0.9638E-003
     28.1250      7.5000       0.8892E-003
     28.1250      8.7500       0.7806E-003
     28.1250     10.0000       0.6519E-003
     28.1250     11.2500       0.5053E-003
     28.1250     12.5000       0.3488E-003
     28.1250     13.7500       0.1978E-003
     28.1250     15.0000       0.7429E-004
     28.1250     16.2500       0.1056E-004
     28.1250     17.5000       0.1171E-006
     28.1250     18.7500       0.4727E-011

     29.0625    -20.0000       0.5471E-011
     29.0625    -18.7500       0.2559E-011
     29.0625    -17.5000       0.2477E-006
     29.0625    -16.2500       0.2156E-004
     29.0625    -15.0000       0.1464E-003
     29.0625    -13.7500       0.3652E-003
     29.0625    -12.5000       0.5783E-003
     29.0625    -11.2500       0.7128E-003
     29.0625    -10.0000       0.7341E-003
     29.0625     -8.7500       0.6552E-003
     29.0625     -7.5000       0.5151E-003
     29.0625     -6.2500       0.3643E-003
     29.0625     -5.0000       0.2570E-003
     29.0625     -3.7500       0.2471E-003
     29.0625     -2.5000       0.3417E-003
     29.0625     -1.2500       0.5008E-003
     29.0625      0.0000       0.6783E-003
     29.0625      1.2500       0.8362E-003
     29.0625      2.5000       0.9256E-003
     29.0625      3.7500       0.9167E-003
     29.0625      5.0000       0.8284E-003
     29.0625      6.2500       0.7104E-003
     29.0625      7.5000       0.6086E-003
     29.0625      8.7500       0.5486E-003
     29.0625     10.0000       0.5247E-003
     29.0625     11.2500       0.4952E-003
     29.0625     12.5000       0.4161E-003
     29.0625     13.7500       0.2753E-003
     29.0625     15.0000       0.1148E-003
     29.0625     16.2500       0.1738E-004
     29.0625     17.5000       0.2024E-006
     29.0625     18.7500       0.1535E-011

