    -30.0000    -20.0000       0.1052E-010
    -30.0000    -18.7500       0.1378E-010
    -30.0000    -17.5000       0.1976E-006
    -30.0000    -16.2500       0.1760E-004
    -30.0000    -15.0000       0.1253E-003
    -30.0000    -13.7500       0.3431E-003
    -30.0000    -12.5000       0.6137E-003
    -30.0000    -11.2500       0.8643E-003
    -30.0000    -10.0000       0.1029E-002
    -30.0000     -8.7500       0.1070E-002
    -30.0000     -7.5000       0.9762E-003
    -30.0000     -6.2500       0.7737E-003
    -30.0000     -5.0000       0.5125E-003
    -30.0000     -3.7500       0.2583E-003
    -30.0000     -2.5000       0.7526E-004
    -30.0000     -1.2500       0.6838E-005
    -30.0000      0.0000       0.6081E-006
    -30.0000      1.2500       0.6838E-005
    -30.0000      2.5000       0.7526E-004
    -30.0000      3.7500       0.2583E-003
    -30.0000      5.0000       0.5125E-003
    -30.0000      6.2500       0.7737E-003
    -30.0000      7.5000       0.9762E-003
    -30.0000      8.7500       0.1070E-002
    -30.0000     10.0000       0.1029E-002
    -30.0000     11.2500       0.8643E-003
    -30.0000     12.5000       0.6137E-003
    -30.0000     13.7500       0.3431E-003
    -30.0000     15.0000       0.1253E-003
    -30.0000     16.2500       0.1760E-004
    -30.0000     17.5000       0.1976E-006
    -30.0000     18.7500       0.1378E-010

    -29.0625    -20.0000       0.9249E-011
    -29.0625    -18.7500       0.3759E-010
    -29.0625    -17.5000       0.1976E-006
    -29.0625    -16.2500       0.1760E-004
    -29.0625    -15.0000       0.1253E-003
    -29.0625    -13.7500       0.3429E-003
    -29.0625    -12.5000       0.6136E-003
    -29.0625    -11.2500       0.8641E-003
    -29.0625    -10.0000       0.1029E-002
    -29.0625     -8.7500       0.1070E-002
    -29.0625     -7.5000       0.9766E-003
    -29.0625     -6.2500       0.7743E-003
    -29.0625     -5.0000       0.5133E-003
    -29.0625     -3.7500       0.2588E-003
    -29.0625     -2.5000       0.7551E-004
    -29.0625     -1.2500       0.6734E-005
    -29.0625      0.0000       0.4764E-006
    -29.0625      1.2500       0.6539E-005
    -29.0625      2.5000       0.7464E-004
    -29.0625      3.7500       0.2575E-003
    -29.0625      5.0000       0.5118E-003
    -29.0625      6.2500       0.7735E-003
    -29.0625      7.5000       0.9762E-003
    -29.0625      8.7500       0.1070E-002
    -29.0625     10.0000       0.1030E-002
    -29.0625     11.2500       0.8646E-003
    -29.0625     12.5000       0.6137E-003
    -29.0625     13.7500       0.3434E-003
    -29.0625     15.0000       0.1253E-003
    -29.0625     16.2500       0.1762E-004
    -29.0625     17.5000       0.1952E-006
    -29.0625     18.7500       0.4680E-011

    -28.1250    -20.0000       0.6209E-011
    -28.1250    -18.7500       0.6406E-010
    -28.1250    -17.5000       0.1993E-006
    -28.1250    -16.2500       0.1762E-004
    -28.1250    -15.0000       0.1253E-003
    -28.1250    -13.7500       0.3429E-003
    -28.1250    -12.5000       0.6136E-003
    -28.1250    -11.2500       0.8641E-003
    -28.1250    -10.0000       0.1029E-002
    -28.1250     -8.7500       0.1070E-002
    -28.1250     -7.5000       0.9770E-003
    -28.1250     -6.2500       0.7748E-003
    -28.1250     -5.0000       0.5134E-003
    -28.1250     -3.7500       0.2586E-003
    -28.1250     -2.5000       0.7510E-004
    -28.1250     -1.2500       0.6347E-005
    -28.1250      0.0000       0.1916E-006
    -28.1250      1.2500       0.6112E-005
    -28.1250      2.5000       0.7416E-004
    -28.1250      3.7500       0.2572E-003
    -28.1250      5.0000       0.5117E-003
    -28.1250      6.2500       0.7739E-003
    -28.1250      7.5000       0.9765E-003
    -28.1250      8.7500       0.1071E-002
    -28.1250     10.0000       0.1030E-002
    -28.1250     11.2500       0.8648E-003
    -28.1250     12.5000       0.6136E-003
    -28.1250     13.7500       0.3435E-003
    -28.1250     15.0000       0.1253E-003
    -28.1250     16.2500       0.1765E-004
    -28.1250     17.5000       0.1919E-006
    -28.1250     18.7500       0.2169E-011

    -27.1875    -20.0000       0.3499E-011
    -27.1875    -18.7500       0.7775E-010
    -27.1875    -17.5000       0.2010E-006
    -27.1875    -16.2500       0.1763E-004
    -27.1875    -15.0000       0.1253E-003
    -27.1875    -13.7500       0.3432E-003
    -27.1875    -12.5000       0.6135E-003
    -27.1875    -11.2500       0.8645E-003
    -27.1875    -10.0000       0.1029E-002
    -27.1875     -8.7500       0.1071E-002
    -27.1875     -7.5000       0.9770E-003
    -27.1875     -6.2500       0.7748E-003
    -27.1875     -5.0000       0.5126E-003
    -27.1875     -3.7500       0.2579E-003
    -27.1875     -2.5000       0.7439E-004
    -27.1875     -1.2500       0.6022E-005
    -27.1875      0.0000       0.6741E-008
    -27.1875      1.2500       0.5935E-005
    -27.1875      2.5000       0.7426E-004
    -27.1875      3.7500       0.2576E-003
    -27.1875      5.0000       0.5123E-003
    -27.1875      6.2500       0.7746E-003
    -27.1875      7.5000       0.9768E-003
    -27.1875      8.7500       0.1071E-002
    -27.1875     10.0000       0.1029E-002
    -27.1875     11.2500       0.8647E-003
    -27.1875     12.5000       0.6134E-003
    -27.1875     13.7500       0.3434E-003
    -27.1875     15.0000       0.1253E-003
    -27.1875     16.2500       0.1766E-004
    -27.1875     17.5000       0.1906E-006
    -27.1875     18.7500       0.4027E-011

    -26.2500    -20.0000       0.2605E-011
    -26.2500    -18.7500       0.7091E-010
    -26.2500    -17.5000       0.2012E-006
    -26.2500    -16.2500       0.1763E-004
    -26.2500    -15.0000       0.1253E-003
    -26.2500    -13.7500       0.3435E-003
    -26.2500    -12.5000       0.6135E-003
    -26.2500    -11.2500       0.8648E-003
    -26.2500    -10.0000       0.1030E-002
    -26.2500     -8.7500       0.1071E-002
    -26.2500     -7.5000       0.9766E-003
    -26.2500     -6.2500       0.7743E-003
    -26.2500     -5.0000       0.5117E-003
    -26.2500     -3.7500       0.2573E-003
    -26.2500     -2.5000       0.7402E-004
    -26.2500     -1.2500       0.6047E-005
    -26.2500      0.0000       0.8619E-007
    -26.2500      1.2500       0.6167E-005
    -26.2500      2.5000       0.7484E-004
    -26.2500      3.7500       0.2584E-003
    -26.2500      5.0000       0.5131E-003
    -26.2500      6.2500       0.7749E-003
    -26.2500      7.5000       0.9769E-003
    -26.2500      8.7500       0.1071E-002
    -26.2500     10.0000       0.1029E-002
    -26.2500     11.2500       0.8644E-003
    -26.2500     12.5000       0.6134E-003
    -26.2500     13.7500       0.3431E-003
    -26.2500     15.0000       0.1253E-003
    -26.2500     16.2500       0.1765E-004
    -26.2500     17.5000       0.1925E-006
    -26.2500     18.7500       0.7314E-011

    -25.3125    -20.0000       0.3303E-011
    -25.3125    -18.7500       0.4933E-010
    -25.3125    -17.5000       0.1996E-006
    -25.3125    -16.2500       0.1762E-004
    -25.3125    -15.0000       0.1253E-003
    -25.3125    -13.7500       0.3435E-003
    -25.3125    -12.5000       0.6136E-003
    -25.3125    -11.2500       0.8648E-003
    -25.3125    -10.0000       0.1030E-002
    -25.3125     -8.7500       0.1070E-002
    -25.3125     -7.5000       0.9761E-003
    -25.3125     -6.2500       0.7737E-003
    -25.3125     -5.0000       0.5115E-003
    -25.3125     -3.7500       0.2574E-003
    -25.3125     -2.5000       0.7432E-004
    -25.3125     -1.2500       0.6400E-005
    -25.3125      0.0000       0.3593E-006
    -25.3125      1.2500       0.6600E-005
    -25.3125      2.5000       0.7539E-004
    -25.3125      3.7500       0.2589E-003
    -25.3125      5.0000       0.5134E-003
    -25.3125      6.2500       0.7746E-003
    -25.3125      7.5000       0.9767E-003
    -25.3125      8.7500       0.1070E-002
    -25.3125     10.0000       0.1029E-002
    -25.3125     11.2500       0.8642E-003
    -25.3125     12.5000       0.6135E-003
    -25.3125     13.7500       0.3429E-003
    -25.3125     15.0000       0.1253E-003
    -25.3125     16.2500       0.1762E-004
    -25.3125     17.5000       0.1958E-006
    -25.3125     18.7500       0.1129E-010

    -24.3750    -20.0000       0.4095E-011
    -24.3750    -18.7500       0.2723E-010
    -24.3750    -17.5000       0.1977E-006
    -24.3750    -16.2500       0.1761E-004
    -24.3750    -15.0000       0.1253E-003
    -24.3750    -13.7500       0.3432E-003
    -24.3750    -12.5000       0.6137E-003
    -24.3750    -11.2500       0.8645E-003
    -24.3750    -10.0000       0.1030E-002
    -24.3750     -8.7500       0.1070E-002
    -24.3750     -7.5000       0.9761E-003
    -24.3750     -6.2500       0.7736E-003
    -24.3750     -5.0000       0.5121E-003
    -24.3750     -3.7500       0.2580E-003
    -24.3750     -2.5000       0.7501E-004
    -24.3750     -1.2500       0.6767E-005
    -24.3750      0.0000       0.5833E-006
    -24.3750      1.2500       0.6851E-005
    -24.3750      2.5000       0.7542E-004
    -24.3750      3.7500       0.2586E-003
    -24.3750      5.0000       0.5129E-003
    -24.3750      6.2500       0.7739E-003
    -24.3750      7.5000       0.9763E-003
    -24.3750      8.7500       0.1070E-002
    -24.3750     10.0000       0.1029E-002
    -24.3750     11.2500       0.8642E-003
    -24.3750     12.5000       0.6136E-003
    -24.3750     13.7500       0.3430E-003
    -24.3750     15.0000       0.1253E-003
    -24.3750     16.2500       0.1760E-004
    -24.3750     17.5000       0.1975E-006
    -24.3750     18.7500       0.1757E-010

    -23.4375    -20.0000       0.3751E-011
    -23.4375    -18.7500       0.1583E-010
    -23.4375    -17.5000       0.1972E-006
    -23.4375    -16.2500       0.1760E-004
    -23.4375    -15.0000       0.1253E-003
    -23.4375    -13.7500       0.3429E-003
    -23.4375    -12.5000       0.6137E-003
    -23.4375    -11.2500       0.8641E-003
    -23.4375    -10.0000       0.1029E-002
    -23.4375     -8.7500       0.1070E-002
    -23.4375     -7.5000       0.9764E-003
    -23.4375     -6.2500       0.7740E-003
    -23.4375     -5.0000       0.5131E-003
    -23.4375     -3.7500       0.2587E-003
    -23.4375     -2.5000       0.7549E-004
    -23.4375     -1.2500       0.6822E-005
    -23.4375      0.0000       0.5591E-006
    -23.4375      1.2500       0.6695E-005
    -23.4375      2.5000       0.7490E-004
    -23.4375      3.7500       0.2578E-003
    -23.4375      5.0000       0.5120E-003
    -23.4375      6.2500       0.7735E-003
    -23.4375      7.5000       0.9761E-003
    -23.4375      8.7500       0.1070E-002
    -23.4375     10.0000       0.1030E-002
    -23.4375     11.2500       0.8645E-003
    -23.4375     12.5000       0.6137E-003
    -23.4375     13.7500       0.3433E-003
    -23.4375     15.0000       0.1253E-003
    -23.4375     16.2500       0.1761E-004
    -23.4375     17.5000       0.1960E-006
    -23.4375     18.7500       0.2744E-010

    -22.5000    -20.0000       0.2526E-011
    -22.5000    -18.7500       0.1535E-010
    -22.5000    -17.5000       0.1987E-006
    -22.5000    -16.2500       0.1761E-004
    -22.5000    -15.0000       0.1253E-003
    -22.5000    -13.7500       0.3429E-003
    -22.5000    -12.5000       0.6136E-003
    -22.5000    -11.2500       0.8641E-003
    -22.5000    -10.0000       0.1029E-002
    -22.5000     -8.7500       0.1070E-002
    -22.5000     -7.5000       0.9769E-003
    -22.5000     -6.2500       0.7746E-003
    -22.5000     -5.0000       0.5135E-003
    -22.5000     -3.7500       0.2588E-003
    -22.5000     -2.5000       0.7533E-004
    -22.5000     -1.2500       0.6516E-005
    -22.5000      0.0000       0.3082E-006
    -22.5000      1.2500       0.6272E-005
    -22.5000      2.5000       0.7430E-004
    -22.5000      3.7500       0.2572E-003
    -22.5000      5.0000       0.5116E-003
    -22.5000      6.2500       0.7737E-003
    -22.5000      7.5000       0.9763E-003
    -22.5000      8.7500       0.1070E-002
    -22.5000     10.0000       0.1030E-002
    -22.5000     11.2500       0.8647E-003
    -22.5000     12.5000       0.6136E-003
    -22.5000     13.7500       0.3435E-003
    -22.5000     15.0000       0.1253E-003
    -22.5000     16.2500       0.1764E-004
    -22.5000     17.5000       0.1925E-006
    -22.5000     18.7500       0.3915E-010

    -21.5625    -20.0000       0.1942E-011
    -21.5625    -18.7500       0.1715E-010
    -21.5625    -17.5000       0.2009E-006
    -21.5625    -16.2500       0.1762E-004
    -21.5625    -15.0000       0.1253E-003
    -21.5625    -13.7500       0.3431E-003
    -21.5625    -12.5000       0.6135E-003
    -21.5625    -11.2500       0.8643E-003
    -21.5625    -10.0000       0.1029E-002
    -21.5625     -8.7500       0.1070E-002
    -21.5625     -7.5000       0.9771E-003
    -21.5625     -6.2500       0.7748E-003
    -21.5625     -5.0000       0.5130E-003
    -21.5625     -3.7500       0.2582E-003
    -21.5625     -2.5000       0.7467E-004
    -21.5625     -1.2500       0.6121E-005
    -21.5625      0.0000       0.5363E-007
    -21.5625      1.2500       0.5958E-005
    -21.5625      2.5000       0.7415E-004
    -21.5625      3.7500       0.2573E-003
    -21.5625      5.0000       0.5120E-003
    -21.5625      6.2500       0.7743E-003
    -21.5625      7.5000       0.9767E-003
    -21.5625      8.7500       0.1071E-002
    -21.5625     10.0000       0.1029E-002
    -21.5625     11.2500       0.8648E-003
    -21.5625     12.5000       0.6135E-003
    -21.5625     13.7500       0.3435E-003
    -21.5625     15.0000       0.1253E-003
    -21.5625     16.2500       0.1766E-004
    -21.5625     17.5000       0.1901E-006
    -21.5625     18.7500       0.4773E-010

    -20.6250    -20.0000       0.3339E-011
    -20.6250    -18.7500       0.1356E-010
    -20.6250    -17.5000       0.2019E-006
    -20.6250    -16.2500       0.1763E-004
    -20.6250    -15.0000       0.1253E-003
    -20.6250    -13.7500       0.3434E-003
    -20.6250    -12.5000       0.6135E-003
    -20.6250    -11.2500       0.8647E-003
    -20.6250    -10.0000       0.1029E-002
    -20.6250     -8.7500       0.1071E-002
    -20.6250     -7.5000       0.9768E-003
    -20.6250     -6.2500       0.7745E-003
    -20.6250     -5.0000       0.5121E-003
    -20.6250     -3.7500       0.2575E-003
    -20.6250     -2.5000       0.7410E-004
    -20.6250     -1.2500       0.5988E-005
    -20.6250      0.0000       0.2164E-007
    -20.6250      1.2500       0.6031E-005
    -20.6250      2.5000       0.7458E-004
    -20.6250      3.7500       0.2580E-003
    -20.6250      5.0000       0.5128E-003
    -20.6250      6.2500       0.7749E-003
    -20.6250      7.5000       0.9769E-003
    -20.6250      8.7500       0.1071E-002
    -20.6250     10.0000       0.1029E-002
    -20.6250     11.2500       0.8645E-003
    -20.6250     12.5000       0.6134E-003
    -20.6250     13.7500       0.3432E-003
    -20.6250     15.0000       0.1253E-003
    -20.6250     16.2500       0.1766E-004
    -20.6250     17.5000       0.1909E-006
    -20.6250     18.7500       0.4821E-010

    -19.6875    -20.0000       0.6483E-011
    -19.6875    -18.7500       0.6129E-011
    -19.6875    -17.5000       0.2010E-006
    -19.6875    -16.2500       0.1762E-004
    -19.6875    -15.0000       0.1253E-003
    -19.6875    -13.7500       0.3435E-003
    -19.6875    -12.5000       0.6136E-003
    -19.6875    -11.2500       0.8648E-003
    -19.6875    -10.0000       0.1030E-002
    -19.6875     -8.7500       0.1071E-002
    -19.6875     -7.5000       0.9763E-003
    -19.6875     -6.2500       0.7739E-003
    -19.6875     -5.0000       0.5115E-003
    -19.6875     -3.7500       0.2573E-003
    -19.6875     -2.5000       0.7412E-004
    -19.6875     -1.2500       0.6235E-005
    -19.6875      0.0000       0.2407E-006
    -19.6875      1.2500       0.6428E-005
    -19.6875      2.5000       0.7522E-004
    -19.6875      3.7500       0.2588E-003
    -19.6875      5.0000       0.5133E-003
    -19.6875      6.2500       0.7748E-003
    -19.6875      7.5000       0.9768E-003
    -19.6875      8.7500       0.1070E-002
    -19.6875     10.0000       0.1029E-002
    -19.6875     11.2500       0.8643E-003
    -19.6875     12.5000       0.6135E-003
    -19.6875     13.7500       0.3430E-003
    -19.6875     15.0000       0.1253E-003
    -19.6875     16.2500       0.1763E-004
    -19.6875     17.5000       0.1943E-006
    -19.6875     18.7500       0.3935E-010

    -18.7500    -20.0000       0.9543E-011
    -18.7500    -18.7500       0.4634E-011
    -18.7500    -17.5000       0.1989E-006
    -18.7500    -16.2500       0.1761E-004
    -18.7500    -15.0000       0.1253E-003
    -18.7500    -13.7500       0.3434E-003
    -18.7500    -12.5000       0.6136E-003
    -18.7500    -11.2500       0.8646E-003
    -18.7500    -10.0000       0.1030E-002
    -18.7500     -8.7500       0.1070E-002
    -18.7500     -7.5000       0.9760E-003
    -18.7500     -6.2500       0.7736E-003
    -18.7500     -5.0000       0.5118E-003
    -18.7500     -3.7500       0.2577E-003
    -18.7500     -2.5000       0.7472E-004
    -18.7500     -1.2500       0.6643E-005
    -18.7500      0.0000       0.5161E-006
    -18.7500      1.2500       0.6794E-005
    -18.7500      2.5000       0.7549E-004
    -18.7500      3.7500       0.2588E-003
    -18.7500      5.0000       0.5131E-003
    -18.7500      6.2500       0.7742E-003
    -18.7500      7.5000       0.9764E-003
    -18.7500      8.7500       0.1070E-002
    -18.7500     10.0000       0.1029E-002
    -18.7500     11.2500       0.8642E-003
    -18.7500     12.5000       0.6136E-003
    -18.7500     13.7500       0.3429E-003
    -18.7500     15.0000       0.1253E-003
    -18.7500     16.2500       0.1761E-004
    -18.7500     17.5000       0.1973E-006
    -18.7500     18.7500       0.2494E-010

    -17.8125    -20.0000       0.1048E-010
    -17.8125    -18.7500       0.1764E-010
    -17.8125    -17.5000       0.1974E-006
    -17.8125    -16.2500       0.1760E-004
    -17.8125    -15.0000       0.1253E-003
    -17.8125    -13.7500       0.3431E-003
    -17.8125    -12.5000       0.6137E-003
    -17.8125    -11.2500       0.8643E-003
    -17.8125    -10.0000       0.1029E-002
    -17.8125     -8.7500       0.1070E-002
    -17.8125     -7.5000       0.9763E-003
    -17.8125     -6.2500       0.7738E-003
    -17.8125     -5.0000       0.5127E-003
    -17.8125     -3.7500       0.2585E-003
    -17.8125     -2.5000       0.7536E-004
    -17.8125     -1.2500       0.6849E-005
    -17.8125      0.0000       0.6030E-006
    -17.8125      1.2500       0.6805E-005
    -17.8125      2.5000       0.7515E-004
    -17.8125      3.7500       0.2582E-003
    -17.8125      5.0000       0.5123E-003
    -17.8125      6.2500       0.7736E-003
    -17.8125      7.5000       0.9761E-003
    -17.8125      8.7500       0.1070E-002
    -17.8125     10.0000       0.1030E-002
    -17.8125     11.2500       0.8644E-003
    -17.8125     12.5000       0.6137E-003
    -17.8125     13.7500       0.3432E-003
    -17.8125     15.0000       0.1253E-003
    -17.8125     16.2500       0.1760E-004
    -17.8125     17.5000       0.1973E-006
    -17.8125     18.7500       0.1144E-010

    -16.8750    -20.0000       0.8721E-011
    -16.8750    -18.7500       0.4318E-010
    -16.8750    -17.5000       0.1979E-006
    -16.8750    -16.2500       0.1761E-004
    -16.8750    -15.0000       0.1253E-003
    -16.8750    -13.7500       0.3429E-003
    -16.8750    -12.5000       0.6136E-003
    -16.8750    -11.2500       0.8641E-003
    -16.8750    -10.0000       0.1029E-002
    -16.8750     -8.7500       0.1070E-002
    -16.8750     -7.5000       0.9767E-003
    -16.8750     -6.2500       0.7744E-003
    -16.8750     -5.0000       0.5134E-003
    -16.8750     -3.7500       0.2588E-003
    -16.8750     -2.5000       0.7547E-004
    -16.8750     -1.2500       0.6670E-005
    -16.8750      0.0000       0.4243E-006
    -16.8750      1.2500       0.6451E-005
    -16.8750      2.5000       0.7451E-004
    -16.8750      3.7500       0.2574E-003
    -16.8750      5.0000       0.5117E-003
    -16.8750      6.2500       0.7735E-003
    -16.8750      7.5000       0.9762E-003
    -16.8750      8.7500       0.1070E-002
    -16.8750     10.0000       0.1030E-002
    -16.8750     11.2500       0.8647E-003
    -16.8750     12.5000       0.6137E-003
    -16.8750     13.7500       0.3434E-003
    -16.8750     15.0000       0.1253E-003
    -16.8750     16.2500       0.1762E-004
    -16.8750     17.5000       0.1945E-006
    -16.8750     18.7500       0.3681E-011

    -15.9375    -20.0000       0.5574E-011
    -15.9375    -18.7500       0.6824E-010
    -15.9375    -17.5000       0.1997E-006
    -15.9375    -16.2500       0.1762E-004
    -15.9375    -15.0000       0.1253E-003
    -15.9375    -13.7500       0.3429E-003
    -15.9375    -12.5000       0.6136E-003
    -15.9375    -11.2500       0.8642E-003
    -15.9375    -10.0000       0.1029E-002
    -15.9375     -8.7500       0.1070E-002
    -15.9375     -7.5000       0.9771E-003
    -15.9375     -6.2500       0.7748E-003
    -15.9375     -5.0000       0.5133E-003
    -15.9375     -3.7500       0.2585E-003
    -15.9375     -2.5000       0.7496E-004
    -15.9375     -1.2500       0.6265E-005
    -15.9375      0.0000       0.1386E-006
    -15.9375      1.2500       0.6046E-005
    -15.9375      2.5000       0.7413E-004
    -15.9375      3.7500       0.2572E-003
    -15.9375      5.0000       0.5117E-003
    -15.9375      6.2500       0.7740E-003
    -15.9375      7.5000       0.9766E-003
    -15.9375      8.7500       0.1071E-002
    -15.9375     10.0000       0.1030E-002
    -15.9375     11.2500       0.8648E-003
    -15.9375     12.5000       0.6135E-003
    -15.9375     13.7500       0.3435E-003
    -15.9375     15.0000       0.1253E-003
    -15.9375     16.2500       0.1765E-004
    -15.9375     17.5000       0.1914E-006
    -15.9375     18.7500       0.2298E-011

    -15.0000    -20.0000       0.3155E-011
    -15.0000    -18.7500       0.7803E-010
    -15.0000    -17.5000       0.2012E-006
    -15.0000    -16.2500       0.1763E-004
    -15.0000    -15.0000       0.1253E-003
    -15.0000    -13.7500       0.3432E-003
    -15.0000    -12.5000       0.6135E-003
    -15.0000    -11.2500       0.8646E-003
    -15.0000    -10.0000       0.1029E-002
    -15.0000     -8.7500       0.1071E-002
    -15.0000     -7.5000       0.9770E-003
    -15.0000     -6.2500       0.7747E-003
    -15.0000     -5.0000       0.5124E-003
    -15.0000     -3.7500       0.2578E-003
    -15.0000     -2.5000       0.7427E-004
    -15.0000     -1.2500       0.5994E-005
    -15.0000      0.0000       0.8878E-010
    -15.0000      1.2500       0.5951E-005
    -15.0000      2.5000       0.7435E-004
    -15.0000      3.7500       0.2577E-003
    -15.0000      5.0000       0.5125E-003
    -15.0000      6.2500       0.7747E-003
    -15.0000      7.5000       0.9769E-003
    -15.0000      8.7500       0.1071E-002
    -15.0000     10.0000       0.1029E-002
    -15.0000     11.2500       0.8647E-003
    -15.0000     12.5000       0.6134E-003
    -15.0000     13.7500       0.3433E-003
    -15.0000     15.0000       0.1253E-003
    -15.0000     16.2500       0.1766E-004
    -15.0000     17.5000       0.1907E-006
    -15.0000     18.7500       0.4636E-011

    -14.0625    -20.0000       0.2655E-011
    -14.0625    -18.7500       0.6738E-010
    -14.0625    -17.5000       0.2010E-006
    -14.0625    -16.2500       0.1763E-004
    -14.0625    -15.0000       0.1253E-003
    -14.0625    -13.7500       0.3435E-003
    -14.0625    -12.5000       0.6135E-003
    -14.0625    -11.2500       0.8648E-003
    -14.0625    -10.0000       0.1030E-002
    -14.0625     -8.7500       0.1071E-002
    -14.0625     -7.5000       0.9765E-003
    -14.0625     -6.2500       0.7741E-003
    -14.0625     -5.0000       0.5116E-003
    -14.0625     -3.7500       0.2573E-003
    -14.0625     -2.5000       0.7403E-004
    -14.0625     -1.2500       0.6098E-005
    -14.0625      0.0000       0.1317E-006
    -14.0625      1.2500       0.6249E-005
    -14.0625      2.5000       0.7498E-004
    -14.0625      3.7500       0.2585E-003
    -14.0625      5.0000       0.5132E-003
    -14.0625      6.2500       0.7749E-003
    -14.0625      7.5000       0.9769E-003
    -14.0625      8.7500       0.1070E-002
    -14.0625     10.0000       0.1029E-002
    -14.0625     11.2500       0.8644E-003
    -14.0625     12.5000       0.6134E-003
    -14.0625     13.7500       0.3430E-003
    -14.0625     15.0000       0.1253E-003
    -14.0625     16.2500       0.1764E-004
    -14.0625     17.5000       0.1931E-006
    -14.0625     18.7500       0.8026E-011

    -13.1250    -20.0000       0.3508E-011
    -13.1250    -18.7500       0.4447E-010
    -13.1250    -17.5000       0.1992E-006
    -13.1250    -16.2500       0.1762E-004
    -13.1250    -15.0000       0.1253E-003
    -13.1250    -13.7500       0.3435E-003
    -13.1250    -12.5000       0.6136E-003
    -13.1250    -11.2500       0.8647E-003
    -13.1250    -10.0000       0.1030E-002
    -13.1250     -8.7500       0.1070E-002
    -13.1250     -7.5000       0.9761E-003
    -13.1250     -6.2500       0.7736E-003
    -13.1250     -5.0000       0.5116E-003
    -13.1250     -3.7500       0.2575E-003
    -13.1250     -2.5000       0.7444E-004
    -13.1250     -1.2500       0.6485E-005
    -13.1250      0.0000       0.4166E-006
    -13.1250      1.2500       0.6677E-005
    -13.1250      2.5000       0.7545E-004
    -13.1250      3.7500       0.2589E-003
    -13.1250      5.0000       0.5133E-003
    -13.1250      6.2500       0.7745E-003
    -13.1250      7.5000       0.9766E-003
    -13.1250      8.7500       0.1070E-002
    -13.1250     10.0000       0.1029E-002
    -13.1250     11.2500       0.8642E-003
    -13.1250     12.5000       0.6135E-003
    -13.1250     13.7500       0.3429E-003
    -13.1250     15.0000       0.1253E-003
    -13.1250     16.2500       0.1762E-004
    -13.1250     17.5000       0.1964E-006
    -13.1250     18.7500       0.1230E-010

    -12.1875    -20.0000       0.4134E-011
    -12.1875    -18.7500       0.2391E-010
    -12.1875    -17.5000       0.1975E-006
    -12.1875    -16.2500       0.1760E-004
    -12.1875    -15.0000       0.1253E-003
    -12.1875    -13.7500       0.3432E-003
    -12.1875    -12.5000       0.6137E-003
    -12.1875    -11.2500       0.8644E-003
    -12.1875    -10.0000       0.1030E-002
    -12.1875     -8.7500       0.1070E-002
    -12.1875     -7.5000       0.9761E-003
    -12.1875     -6.2500       0.7736E-003
    -12.1875     -5.0000       0.5123E-003
    -12.1875     -3.7500       0.2582E-003
    -12.1875     -2.5000       0.7514E-004
    -12.1875     -1.2500       0.6810E-005
    -12.1875      0.0000       0.6014E-006
    -12.1875      1.2500       0.6853E-005
    -12.1875      2.5000       0.7535E-004
    -12.1875      3.7500       0.2585E-003
    -12.1875      5.0000       0.5127E-003
    -12.1875      6.2500       0.7738E-003
    -12.1875      7.5000       0.9762E-003
    -12.1875      8.7500       0.1070E-002
    -12.1875     10.0000       0.1029E-002
    -12.1875     11.2500       0.8643E-003
    -12.1875     12.5000       0.6137E-003
    -12.1875     13.7500       0.3431E-003
    -12.1875     15.0000       0.1253E-003
    -12.1875     16.2500       0.1760E-004
    -12.1875     17.5000       0.1975E-006
    -12.1875     18.7500       0.1926E-010

    -11.2500    -20.0000       0.3539E-011
    -11.2500    -18.7500       0.1506E-010
    -11.2500    -17.5000       0.1974E-006
    -11.2500    -16.2500       0.1760E-004
    -11.2500    -15.0000       0.1253E-003
    -11.2500    -13.7500       0.3429E-003
    -11.2500    -12.5000       0.6137E-003
    -11.2500    -11.2500       0.8641E-003
    -11.2500    -10.0000       0.1029E-002
    -11.2500     -8.7500       0.1070E-002
    -11.2500     -7.5000       0.9765E-003
    -11.2500     -6.2500       0.7741E-003
    -11.2500     -5.0000       0.5132E-003
    -11.2500     -3.7500       0.2588E-003
    -11.2500     -2.5000       0.7551E-004
    -11.2500     -1.2500       0.6785E-005
    -11.2500      0.0000       0.5220E-006
    -11.2500      1.2500       0.6622E-005
    -11.2500      2.5000       0.7477E-004
    -11.2500      3.7500       0.2577E-003
    -11.2500      5.0000       0.5119E-003
    -11.2500      6.2500       0.7735E-003
    -11.2500      7.5000       0.9761E-003
    -11.2500      8.7500       0.1070E-002
    -11.2500     10.0000       0.1030E-002
    -11.2500     11.2500       0.8646E-003
    -11.2500     12.5000       0.6137E-003
    -11.2500     13.7500       0.3433E-003
    -11.2500     15.0000       0.1253E-003
    -11.2500     16.2500       0.1762E-004
    -11.2500     17.5000       0.1954E-006
    -11.2500     18.7500       0.2976E-010

    -10.3125    -20.0000       0.2301E-011
    -10.3125    -18.7500       0.1586E-010
    -10.3125    -17.5000       0.1991E-006
    -10.3125    -16.2500       0.1761E-004
    -10.3125    -15.0000       0.1253E-003
    -10.3125    -13.7500       0.3429E-003
    -10.3125    -12.5000       0.6136E-003
    -10.3125    -11.2500       0.8641E-003
    -10.3125    -10.0000       0.1029E-002
    -10.3125     -8.7500       0.1070E-002
    -10.3125     -7.5000       0.9770E-003
    -10.3125     -6.2500       0.7747E-003
    -10.3125     -5.0000       0.5134E-003
    -10.3125     -3.7500       0.2587E-003
    -10.3125     -2.5000       0.7522E-004
    -10.3125     -1.2500       0.6432E-005
    -10.3125      0.0000       0.2488E-006
    -10.3125      1.2500       0.6188E-005
    -10.3125      2.5000       0.7422E-004
    -10.3125      3.7500       0.2572E-003
    -10.3125      5.0000       0.5116E-003
    -10.3125      6.2500       0.7738E-003
    -10.3125      7.5000       0.9764E-003
    -10.3125      8.7500       0.1070E-002
    -10.3125     10.0000       0.1030E-002
    -10.3125     11.2500       0.8648E-003
    -10.3125     12.5000       0.6136E-003
    -10.3125     13.7500       0.3435E-003
    -10.3125     15.0000       0.1253E-003
    -10.3125     16.2500       0.1764E-004
    -10.3125     17.5000       0.1919E-006
    -10.3125     18.7500       0.4130E-010

     -9.3750    -20.0000       0.2043E-011
     -9.3750    -18.7500       0.1697E-010
     -9.3750    -17.5000       0.2012E-006
     -9.3750    -16.2500       0.1763E-004
     -9.3750    -15.0000       0.1253E-003
     -9.3750    -13.7500       0.3431E-003
     -9.3750    -12.5000       0.6135E-003
     -9.3750    -11.2500       0.8644E-003
     -9.3750    -10.0000       0.1029E-002
     -9.3750     -8.7500       0.1071E-002
     -9.3750     -7.5000       0.9771E-003
     -9.3750     -6.2500       0.7748E-003
     -9.3750     -5.0000       0.5128E-003
     -9.3750     -3.7500       0.2581E-003
     -9.3750     -2.5000       0.7453E-004
     -9.3750     -1.2500       0.6065E-005
     -9.3750      0.0000       0.2482E-007
     -9.3750      1.2500       0.5938E-005
     -9.3750      2.5000       0.7419E-004
     -9.3750      3.7500       0.2574E-003
     -9.3750      5.0000       0.5121E-003
     -9.3750      6.2500       0.7745E-003
     -9.3750      7.5000       0.9768E-003
     -9.3750      8.7500       0.1071E-002
     -9.3750     10.0000       0.1029E-002
     -9.3750     11.2500       0.8647E-003
     -9.3750     12.5000       0.6135E-003
     -9.3750     13.7500       0.3434E-003
     -9.3750     15.0000       0.1253E-003
     -9.3750     16.2500       0.1766E-004
     -9.3750     17.5000       0.1900E-006
     -9.3750     18.7500       0.4859E-010

     -8.4375    -20.0000       0.3869E-011
     -8.4375    -18.7500       0.1214E-010
     -8.4375    -17.5000       0.2019E-006
     -8.4375    -16.2500       0.1763E-004
     -8.4375    -15.0000       0.1253E-003
     -8.4375    -13.7500       0.3434E-003
     -8.4375    -12.5000       0.6135E-003
     -8.4375    -11.2500       0.8647E-003
     -8.4375    -10.0000       0.1030E-002
     -8.4375     -8.7500       0.1071E-002
     -8.4375     -7.5000       0.9767E-003
     -8.4375     -6.2500       0.7744E-003
     -8.4375     -5.0000       0.5119E-003
     -8.4375     -3.7500       0.2574E-003
     -8.4375     -2.5000       0.7405E-004
     -8.4375     -1.2500       0.6009E-005
     -8.4375      0.0000       0.4901E-007
     -8.4375      1.2500       0.6093E-005
     -8.4375      2.5000       0.7471E-004
     -8.4375      3.7500       0.2582E-003
     -8.4375      5.0000       0.5130E-003
     -8.4375      6.2500       0.7749E-003
     -8.4375      7.5000       0.9770E-003
     -8.4375      8.7500       0.1071E-002
     -8.4375     10.0000       0.1029E-002
     -8.4375     11.2500       0.8645E-003
     -8.4375     12.5000       0.6134E-003
     -8.4375     13.7500       0.3431E-003
     -8.4375     15.0000       0.1253E-003
     -8.4375     16.2500       0.1766E-004
     -8.4375     17.5000       0.1915E-006
     -8.4375     18.7500       0.4713E-010

     -7.5000    -20.0000       0.7176E-011
     -7.5000    -18.7500       0.4989E-011
     -7.5000    -17.5000       0.2006E-006
     -7.5000    -16.2500       0.1762E-004
     -7.5000    -15.0000       0.1253E-003
     -7.5000    -13.7500       0.3435E-003
     -7.5000    -12.5000       0.6136E-003
     -7.5000    -11.2500       0.8648E-003
     -7.5000    -10.0000       0.1030E-002
     -7.5000     -8.7500       0.1070E-002
     -7.5000     -7.5000       0.9762E-003
     -7.5000     -6.2500       0.7738E-003
     -7.5000     -5.0000       0.5115E-003
     -7.5000     -3.7500       0.2573E-003
     -7.5000     -2.5000       0.7421E-004
     -7.5000     -1.2500       0.6316E-005
     -7.5000      0.0000       0.2999E-006
     -7.5000      1.2500       0.6516E-005
     -7.5000      2.5000       0.7532E-004
     -7.5000      3.7500       0.2588E-003
     -7.5000      5.0000       0.5134E-003
     -7.5000      6.2500       0.7747E-003
     -7.5000      7.5000       0.9768E-003
     -7.5000      8.7500       0.1070E-002
     -7.5000     10.0000       0.1029E-002
     -7.5000     11.2500       0.8642E-003
     -7.5000     12.5000       0.6135E-003
     -7.5000     13.7500       0.3429E-003
     -7.5000     15.0000       0.1253E-003
     -7.5000     16.2500       0.1763E-004
     -7.5000     17.5000       0.1950E-006
     -7.5000     18.7500       0.3672E-010

     -6.5625    -20.0000       0.9948E-011
     -6.5625    -18.7500       0.5949E-011
     -6.5625    -17.5000       0.1985E-006
     -6.5625    -16.2500       0.1761E-004
     -6.5625    -15.0000       0.1253E-003
     -6.5625    -13.7500       0.3433E-003
     -6.5625    -12.5000       0.6137E-003
     -6.5625    -11.2500       0.8645E-003
     -6.5625    -10.0000       0.1030E-002
     -6.5625     -8.7500       0.1070E-002
     -6.5625     -7.5000       0.9761E-003
     -6.5625     -6.2500       0.7736E-003
     -6.5625     -5.0000       0.5120E-003
     -6.5625     -3.7500       0.2579E-003
     -6.5625     -2.5000       0.7487E-004
     -6.5625     -1.2500       0.6711E-005
     -6.5625      0.0000       0.5545E-006
     -6.5625      1.2500       0.6831E-005
     -6.5625      2.5000       0.7547E-004
     -6.5625      3.7500       0.2587E-003
     -6.5625      5.0000       0.5130E-003
     -6.5625      6.2500       0.7741E-003
     -6.5625      7.5000       0.9764E-003
     -6.5625      8.7500       0.1070E-002
     -6.5625     10.0000       0.1029E-002
     -6.5625     11.2500       0.8642E-003
     -6.5625     12.5000       0.6136E-003
     -6.5625     13.7500       0.3430E-003
     -6.5625     15.0000       0.1253E-003
     -6.5625     16.2500       0.1761E-004
     -6.5625     17.5000       0.1976E-006
     -6.5625     18.7500       0.2197E-010

     -5.6250    -20.0000       0.1033E-010
     -5.6250    -18.7500       0.2204E-010
     -5.6250    -17.5000       0.1974E-006
     -5.6250    -16.2500       0.1760E-004
     -5.6250    -15.0000       0.1253E-003
     -5.6250    -13.7500       0.3430E-003
     -5.6250    -12.5000       0.6137E-003
     -5.6250    -11.2500       0.8642E-003
     -5.6250    -10.0000       0.1029E-002
     -5.6250     -8.7500       0.1070E-002
     -5.6250     -7.5000       0.9763E-003
     -5.6250     -6.2500       0.7739E-003
     -5.6250     -5.0000       0.5129E-003
     -5.6250     -3.7500       0.2586E-003
     -5.6250     -2.5000       0.7544E-004
     -5.6250     -1.2500       0.6844E-005
     -5.6250      0.0000       0.5865E-006
     -5.6250      1.2500       0.6757E-005
     -5.6250      2.5000       0.7503E-004
     -5.6250      3.7500       0.2580E-003
     -5.6250      5.0000       0.5122E-003
     -5.6250      6.2500       0.7735E-003
     -5.6250      7.5000       0.9761E-003
     -5.6250      8.7500       0.1070E-002
     -5.6250     10.0000       0.1030E-002
     -5.6250     11.2500       0.8644E-003
     -5.6250     12.5000       0.6137E-003
     -5.6250     13.7500       0.3432E-003
     -5.6250     15.0000       0.1253E-003
     -5.6250     16.2500       0.1761E-004
     -5.6250     17.5000       0.1969E-006
     -5.6250     18.7500       0.9344E-011

     -4.6875    -20.0000       0.8135E-011
     -4.6875    -18.7500       0.4876E-010
     -4.6875    -17.5000       0.1982E-006
     -4.6875    -16.2500       0.1761E-004
     -4.6875    -15.0000       0.1253E-003
     -4.6875    -13.7500       0.3429E-003
     -4.6875    -12.5000       0.6136E-003
     -4.6875    -11.2500       0.8641E-003
     -4.6875    -10.0000       0.1029E-002
     -4.6875     -8.7500       0.1070E-002
     -4.6875     -7.5000       0.9768E-003
     -4.6875     -6.2500       0.7745E-003
     -4.6875     -5.0000       0.5134E-003
     -4.6875     -3.7500       0.2588E-003
     -4.6875     -2.5000       0.7541E-004
     -4.6875     -1.2500       0.6597E-005
     -4.6875      0.0000       0.3675E-006
     -4.6875      1.2500       0.6361E-005
     -4.6875      2.5000       0.7440E-004
     -4.6875      3.7500       0.2573E-003
     -4.6875      5.0000       0.5116E-003
     -4.6875      6.2500       0.7736E-003
     -4.6875      7.5000       0.9763E-003
     -4.6875      8.7500       0.1070E-002
     -4.6875     10.0000       0.1030E-002
     -4.6875     11.2500       0.8647E-003
     -4.6875     12.5000       0.6136E-003
     -4.6875     13.7500       0.3435E-003
     -4.6875     15.0000       0.1253E-003
     -4.6875     16.2500       0.1763E-004
     -4.6875     17.5000       0.1938E-006
     -4.6875     18.7500       0.2949E-011

     -3.7500    -20.0000       0.4971E-011
     -3.7500    -18.7500       0.7178E-010
     -3.7500    -17.5000       0.2001E-006
     -3.7500    -16.2500       0.1762E-004
     -3.7500    -15.0000       0.1253E-003
     -3.7500    -13.7500       0.3430E-003
     -3.7500    -12.5000       0.6135E-003
     -3.7500    -11.2500       0.8643E-003
     -3.7500    -10.0000       0.1029E-002
     -3.7500     -8.7500       0.1070E-002
     -3.7500     -7.5000       0.9771E-003
     -3.7500     -6.2500       0.7748E-003
     -3.7500     -5.0000       0.5131E-003
     -3.7500     -3.7500       0.2584E-003
     -3.7500     -2.5000       0.7481E-004
     -3.7500     -1.2500       0.6189E-005
     -3.7500      0.0000       0.9206E-007
     -3.7500      1.2500       0.5994E-005
     -3.7500      2.5000       0.7413E-004
     -3.7500      3.7500       0.2572E-003
     -3.7500      5.0000       0.5118E-003
     -3.7500      6.2500       0.7742E-003
     -3.7500      7.5000       0.9766E-003
     -3.7500      8.7500       0.1071E-002
     -3.7500     10.0000       0.1030E-002
     -3.7500     11.2500       0.8648E-003
     -3.7500     12.5000       0.6135E-003
     -3.7500     13.7500       0.3435E-003
     -3.7500     15.0000       0.1253E-003
     -3.7500     16.2500       0.1766E-004
     -3.7500     17.5000       0.1910E-006
     -3.7500     18.7500       0.2576E-011

     -2.8125    -20.0000       0.2895E-011
     -2.8125    -18.7500       0.7745E-010
     -2.8125    -17.5000       0.2013E-006
     -2.8125    -16.2500       0.1763E-004
     -2.8125    -15.0000       0.1253E-003
     -2.8125    -13.7500       0.3433E-003
     -2.8125    -12.5000       0.6135E-003
     -2.8125    -11.2500       0.8646E-003
     -2.8125    -10.0000       0.1029E-002
     -2.8125     -8.7500       0.1071E-002
     -2.8125     -7.5000       0.9769E-003
     -2.8125     -6.2500       0.7746E-003
     -2.8125     -5.0000       0.5122E-003
     -2.8125     -3.7500       0.2576E-003
     -2.8125     -2.5000       0.7417E-004
     -2.8125     -1.2500       0.5983E-005
     -2.8125      0.0000       0.5119E-008
     -2.8125      1.2500       0.5983E-005
     -2.8125      2.5000       0.7446E-004
     -2.8125      3.7500       0.2579E-003
     -2.8125      5.0000       0.5126E-003
     -2.8125      6.2500       0.7748E-003
     -2.8125      7.5000       0.9769E-003
     -2.8125      8.7500       0.1071E-002
     -2.8125     10.0000       0.1029E-002
     -2.8125     11.2500       0.8646E-003
     -2.8125     12.5000       0.6134E-003
     -2.8125     13.7500       0.3433E-003
     -2.8125     15.0000       0.1253E-003
     -2.8125     16.2500       0.1766E-004
     -2.8125     17.5000       0.1910E-006
     -2.8125     18.7500       0.5279E-011

     -1.8750    -20.0000       0.2763E-011
     -1.8750    -18.7500       0.6333E-010
     -1.8750    -17.5000       0.2007E-006
     -1.8750    -16.2500       0.1763E-004
     -1.8750    -15.0000       0.1253E-003
     -1.8750    -13.7500       0.3435E-003
     -1.8750    -12.5000       0.6135E-003
     -1.8750    -11.2500       0.8648E-003
     -1.8750    -10.0000       0.1030E-002
     -1.8750     -8.7500       0.1071E-002
     -1.8750     -7.5000       0.9764E-003
     -1.8750     -6.2500       0.7740E-003
     -1.8750     -5.0000       0.5115E-003
     -1.8750     -3.7500       0.2573E-003
     -1.8750     -2.5000       0.7406E-004
     -1.8750     -1.2500       0.6162E-005
     -1.8750      0.0000       0.1839E-006
     -1.8750      1.2500       0.6337E-005
     -1.8750      2.5000       0.7510E-004
     -1.8750      3.7500       0.2587E-003
     -1.8750      5.0000       0.5133E-003
     -1.8750      6.2500       0.7749E-003
     -1.8750      7.5000       0.9769E-003
     -1.8750      8.7500       0.1070E-002
     -1.8750     10.0000       0.1029E-002
     -1.8750     11.2500       0.8643E-003
     -1.8750     12.5000       0.6134E-003
     -1.8750     13.7500       0.3430E-003
     -1.8750     15.0000       0.1253E-003
     -1.8750     16.2500       0.1764E-004
     -1.8750     17.5000       0.1938E-006
     -1.8750     18.7500       0.8765E-011

     -0.9375    -20.0000       0.3701E-011
     -0.9375    -18.7500       0.3973E-010
     -0.9375    -17.5000       0.1988E-006
     -0.9375    -16.2500       0.1761E-004
     -0.9375    -15.0000       0.1253E-003
     -0.9375    -13.7500       0.3434E-003
     -0.9375    -12.5000       0.6136E-003
     -0.9375    -11.2500       0.8647E-003
     -0.9375    -10.0000       0.1030E-002
     -0.9375     -8.7500       0.1070E-002
     -0.9375     -7.5000       0.9761E-003
     -0.9375     -6.2500       0.7736E-003
     -0.9375     -5.0000       0.5117E-003
     -0.9375     -3.7500       0.2576E-003
     -0.9375     -2.5000       0.7458E-004
     -0.9375     -1.2500       0.6567E-005
     -0.9375      0.0000       0.4695E-006
     -0.9375      1.2500       0.6742E-005
     -0.9375      2.5000       0.7548E-004
     -0.9375      3.7500       0.2589E-003
     -0.9375      5.0000       0.5132E-003
     -0.9375      6.2500       0.7744E-003
     -0.9375      7.5000       0.9765E-003
     -0.9375      8.7500       0.1070E-002
     -0.9375     10.0000       0.1029E-002
     -0.9375     11.2500       0.8642E-003
     -0.9375     12.5000       0.6136E-003
     -0.9375     13.7500       0.3429E-003
     -0.9375     15.0000       0.1253E-003
     -0.9375     16.2500       0.1761E-004
     -0.9375     17.5000       0.1968E-006
     -0.9375     18.7500       0.1341E-010

      0.0000    -20.0000       0.4118E-011
      0.0000    -18.7500       0.2110E-010
      0.0000    -17.5000       0.1973E-006
      0.0000    -16.2500       0.1760E-004
      0.0000    -15.0000       0.1253E-003
      0.0000    -13.7500       0.3431E-003
      0.0000    -12.5000       0.6137E-003
      0.0000    -11.2500       0.8643E-003
      0.0000    -10.0000       0.1029E-002
      0.0000     -8.7500       0.1070E-002
      0.0000     -7.5000       0.9762E-003
      0.0000     -6.2500       0.7737E-003
      0.0000     -5.0000       0.5125E-003
      0.0000     -3.7500       0.2583E-003
      0.0000     -2.5000       0.7526E-004
      0.0000     -1.2500       0.6838E-005
      0.0000      0.0000       0.6081E-006
      0.0000      1.2500       0.6838E-005
      0.0000      2.5000       0.7526E-004
      0.0000      3.7500       0.2583E-003
      0.0000      5.0000       0.5125E-003
      0.0000      6.2500       0.7737E-003
      0.0000      7.5000       0.9762E-003
      0.0000      8.7500       0.1070E-002
      0.0000     10.0000       0.1029E-002
      0.0000     11.2500       0.8643E-003
      0.0000     12.5000       0.6137E-003
      0.0000     13.7500       0.3431E-003
      0.0000     15.0000       0.1253E-003
      0.0000     16.2500       0.1760E-004
      0.0000     17.5000       0.1973E-006
      0.0000     18.7500       0.2110E-010

      0.9375    -20.0000       0.3298E-011
      0.9375    -18.7500       0.1470E-010
      0.9375    -17.5000       0.1976E-006
      0.9375    -16.2500       0.1760E-004
      0.9375    -15.0000       0.1253E-003
      0.9375    -13.7500       0.3429E-003
      0.9375    -12.5000       0.6136E-003
      0.9375    -11.2500       0.8641E-003
      0.9375    -10.0000       0.1029E-002
      0.9375     -8.7500       0.1070E-002
      0.9375     -7.5000       0.9766E-003
      0.9375     -6.2500       0.7743E-003
      0.9375     -5.0000       0.5133E-003
      0.9375     -3.7500       0.2588E-003
      0.9375     -2.5000       0.7551E-004
      0.9375     -1.2500       0.6734E-005
      0.9375      0.0000       0.4764E-006
      0.9375      1.2500       0.6539E-005
      0.9375      2.5000       0.7464E-004
      0.9375      3.7500       0.2575E-003
      0.9375      5.0000       0.5118E-003
      0.9375      6.2500       0.7735E-003
      0.9375      7.5000       0.9762E-003
      0.9375      8.7500       0.1070E-002
      0.9375     10.0000       0.1030E-002
      0.9375     11.2500       0.8646E-003
      0.9375     12.5000       0.6137E-003
      0.9375     13.7500       0.3434E-003
      0.9375     15.0000       0.1253E-003
      0.9375     16.2500       0.1762E-004
      0.9375     17.5000       0.1947E-006
      0.9375     18.7500       0.3213E-010

      1.8750    -20.0000       0.2117E-011
      1.8750    -18.7500       0.1637E-010
      1.8750    -17.5000       0.1996E-006
      1.8750    -16.2500       0.1762E-004
      1.8750    -15.0000       0.1253E-003
      1.8750    -13.7500       0.3429E-003
      1.8750    -12.5000       0.6136E-003
      1.8750    -11.2500       0.8641E-003
      1.8750    -10.0000       0.1029E-002
      1.8750     -8.7500       0.1070E-002
      1.8750     -7.5000       0.9770E-003
      1.8750     -6.2500       0.7748E-003
      1.8750     -5.0000       0.5134E-003
      1.8750     -3.7500       0.2586E-003
      1.8750     -2.5000       0.7510E-004
      1.8750     -1.2500       0.6347E-005
      1.8750      0.0000       0.1916E-006
      1.8750      1.2500       0.6112E-005
      1.8750      2.5000       0.7416E-004
      1.8750      3.7500       0.2572E-003
      1.8750      5.0000       0.5117E-003
      1.8750      6.2500       0.7739E-003
      1.8750      7.5000       0.9765E-003
      1.8750      8.7500       0.1071E-002
      1.8750     10.0000       0.1030E-002
      1.8750     11.2500       0.8648E-003
      1.8750     12.5000       0.6136E-003
      1.8750     13.7500       0.3435E-003
      1.8750     15.0000       0.1253E-003
      1.8750     16.2500       0.1765E-004
      1.8750     17.5000       0.1913E-006
      1.8750     18.7500       0.4328E-010

      2.8125    -20.0000       0.2233E-011
      2.8125    -18.7500       0.1652E-010
      2.8125    -17.5000       0.2015E-006
      2.8125    -16.2500       0.1763E-004
      2.8125    -15.0000       0.1253E-003
      2.8125    -13.7500       0.3432E-003
      2.8125    -12.5000       0.6135E-003
      2.8125    -11.2500       0.8645E-003
      2.8125    -10.0000       0.1029E-002
      2.8125     -8.7500       0.1071E-002
      2.8125     -7.5000       0.9770E-003
      2.8125     -6.2500       0.7748E-003
      2.8125     -5.0000       0.5126E-003
      2.8125     -3.7500       0.2579E-003
      2.8125     -2.5000       0.7439E-004
      2.8125     -1.2500       0.6022E-005
      2.8125      0.0000       0.6740E-008
      2.8125      1.2500       0.5936E-005
      2.8125      2.5000       0.7426E-004
      2.8125      3.7500       0.2576E-003
      2.8125      5.0000       0.5123E-003
      2.8125      6.2500       0.7746E-003
      2.8125      7.5000       0.9768E-003
      2.8125      8.7500       0.1071E-002
      2.8125     10.0000       0.1029E-002
      2.8125     11.2500       0.8647E-003
      2.8125     12.5000       0.6134E-003
      2.8125     13.7500       0.3434E-003
      2.8125     15.0000       0.1253E-003
      2.8125     16.2500       0.1766E-004
      2.8125     17.5000       0.1900E-006
      2.8125     18.7500       0.4908E-010

      3.7500    -20.0000       0.4464E-011
      3.7500    -18.7500       0.1061E-010
      3.7500    -17.5000       0.2018E-006
      3.7500    -16.2500       0.1763E-004
      3.7500    -15.0000       0.1253E-003
      3.7500    -13.7500       0.3435E-003
      3.7500    -12.5000       0.6135E-003
      3.7500    -11.2500       0.8648E-003
      3.7500    -10.0000       0.1030E-002
      3.7500     -8.7500       0.1071E-002
      3.7500     -7.5000       0.9766E-003
      3.7500     -6.2500       0.7743E-003
      3.7500     -5.0000       0.5117E-003
      3.7500     -3.7500       0.2573E-003
      3.7500     -2.5000       0.7402E-004
      3.7500     -1.2500       0.6047E-005
      3.7500      0.0000       0.8619E-007
      3.7500      1.2500       0.6167E-005
      3.7500      2.5000       0.7484E-004
      3.7500      3.7500       0.2584E-003
      3.7500      5.0000       0.5131E-003
      3.7500      6.2500       0.7749E-003
      3.7500      7.5000       0.9769E-003
      3.7500      8.7500       0.1071E-002
      3.7500     10.0000       0.1029E-002
      3.7500     11.2500       0.8644E-003
      3.7500     12.5000       0.6134E-003
      3.7500     13.7500       0.3431E-003
      3.7500     15.0000       0.1253E-003
      3.7500     16.2500       0.1765E-004
      3.7500     17.5000       0.1921E-006
      3.7500     18.7500       0.4568E-010

      4.6875    -20.0000       0.7847E-011
      4.6875    -18.7500       0.4186E-011
      4.6875    -17.5000       0.2002E-006
      4.6875    -16.2500       0.1762E-004
      4.6875    -15.0000       0.1253E-003
      4.6875    -13.7500       0.3435E-003
      4.6875    -12.5000       0.6136E-003
      4.6875    -11.2500       0.8648E-003
      4.6875    -10.0000       0.1030E-002
      4.6875     -8.7500       0.1070E-002
      4.6875     -7.5000       0.9762E-003
      4.6875     -6.2500       0.7737E-003
      4.6875     -5.0000       0.5115E-003
      4.6875     -3.7500       0.2574E-003
      4.6875     -2.5000       0.7432E-004
      4.6875     -1.2500       0.6400E-005
      4.6875      0.0000       0.3593E-006
      4.6875      1.2500       0.6601E-005
      4.6875      2.5000       0.7539E-004
      4.6875      3.7500       0.2589E-003
      4.6875      5.0000       0.5134E-003
      4.6875      6.2500       0.7746E-003
      4.6875      7.5000       0.9767E-003
      4.6875      8.7500       0.1070E-002
      4.6875     10.0000       0.1029E-002
      4.6875     11.2500       0.8642E-003
      4.6875     12.5000       0.6135E-003
      4.6875     13.7500       0.3429E-003
      4.6875     15.0000       0.1253E-003
      4.6875     16.2500       0.1762E-004
      4.6875     17.5000       0.1957E-006
      4.6875     18.7500       0.3390E-010

      5.6250    -20.0000       0.1025E-010
      5.6250    -18.7500       0.7912E-011
      5.6250    -17.5000       0.1981E-006
      5.6250    -16.2500       0.1761E-004
      5.6250    -15.0000       0.1253E-003
      5.6250    -13.7500       0.3432E-003
      5.6250    -12.5000       0.6137E-003
      5.6250    -11.2500       0.8645E-003
      5.6250    -10.0000       0.1030E-002
      5.6250     -8.7500       0.1070E-002
      5.6250     -7.5000       0.9761E-003
      5.6250     -6.2500       0.7736E-003
      5.6250     -5.0000       0.5121E-003
      5.6250     -3.7500       0.2580E-003
      5.6250     -2.5000       0.7501E-004
      5.6250     -1.2500       0.6767E-005
      5.6250      0.0000       0.5833E-006
      5.6250      1.2500       0.6851E-005
      5.6250      2.5000       0.7542E-004
      5.6250      3.7500       0.2586E-003
      5.6250      5.0000       0.5129E-003
      5.6250      6.2500       0.7739E-003
      5.6250      7.5000       0.9763E-003
      5.6250      8.7500       0.1070E-002
      5.6250     10.0000       0.1029E-002
      5.6250     11.2500       0.8642E-003
      5.6250     12.5000       0.6136E-003
      5.6250     13.7500       0.3430E-003
      5.6250     15.0000       0.1253E-003
      5.6250     16.2500       0.1760E-004
      5.6250     17.5000       0.1977E-006
      5.6250     18.7500       0.1909E-010

      6.5625    -20.0000       0.1007E-010
      6.5625    -18.7500       0.2690E-010
      6.5625    -17.5000       0.1974E-006
      6.5625    -16.2500       0.1760E-004
      6.5625    -15.0000       0.1253E-003
      6.5625    -13.7500       0.3429E-003
      6.5625    -12.5000       0.6137E-003
      6.5625    -11.2500       0.8641E-003
      6.5625    -10.0000       0.1029E-002
      6.5625     -8.7500       0.1070E-002
      6.5625     -7.5000       0.9764E-003
      6.5625     -6.2500       0.7740E-003
      6.5625     -5.0000       0.5131E-003
      6.5625     -3.7500       0.2587E-003
      6.5625     -2.5000       0.7549E-004
      6.5625     -1.2500       0.6823E-005
      6.5625      0.0000       0.5592E-006
      6.5625      1.2500       0.6695E-005
      6.5625      2.5000       0.7490E-004
      6.5625      3.7500       0.2578E-003
      6.5625      5.0000       0.5120E-003
      6.5625      6.2500       0.7735E-003
      6.5625      7.5000       0.9761E-003
      6.5625      8.7500       0.1070E-002
      6.5625     10.0000       0.1030E-002
      6.5625     11.2500       0.8645E-003
      6.5625     12.5000       0.6137E-003
      6.5625     13.7500       0.3433E-003
      6.5625     15.0000       0.1253E-003
      6.5625     16.2500       0.1761E-004
      6.5625     17.5000       0.1965E-006
      6.5625     18.7500       0.7511E-011

      7.5000    -20.0000       0.7509E-011
      7.5000    -18.7500       0.5419E-010
      7.5000    -17.5000       0.1985E-006
      7.5000    -16.2500       0.1761E-004
      7.5000    -15.0000       0.1253E-003
      7.5000    -13.7500       0.3429E-003
      7.5000    -12.5000       0.6136E-003
      7.5000    -11.2500       0.8641E-003
      7.5000    -10.0000       0.1029E-002
      7.5000     -8.7500       0.1070E-002
      7.5000     -7.5000       0.9769E-003
      7.5000     -6.2500       0.7746E-003
      7.5000     -5.0000       0.5135E-003
      7.5000     -3.7500       0.2588E-003
      7.5000     -2.5000       0.7533E-004
      7.5000     -1.2500       0.6516E-005
      7.5000      0.0000       0.3082E-006
      7.5000      1.2500       0.6272E-005
      7.5000      2.5000       0.7430E-004
      7.5000      3.7500       0.2572E-003
      7.5000      5.0000       0.5116E-003
      7.5000      6.2500       0.7737E-003
      7.5000      7.5000       0.9763E-003
      7.5000      8.7500       0.1070E-002
      7.5000     10.0000       0.1030E-002
      7.5000     11.2500       0.8647E-003
      7.5000     12.5000       0.6136E-003
      7.5000     13.7500       0.3435E-003
      7.5000     15.0000       0.1253E-003
      7.5000     16.2500       0.1764E-004
      7.5000     17.5000       0.1931E-006
      7.5000     18.7500       0.2468E-011

      8.4375    -20.0000       0.4416E-011
      8.4375    -18.7500       0.7459E-010
      8.4375    -17.5000       0.2004E-006
      8.4375    -16.2500       0.1762E-004
      8.4375    -15.0000       0.1253E-003
      8.4375    -13.7500       0.3431E-003
      8.4375    -12.5000       0.6135E-003
      8.4375    -11.2500       0.8643E-003
      8.4375    -10.0000       0.1029E-002
      8.4375     -8.7500       0.1070E-002
      8.4375     -7.5000       0.9771E-003
      8.4375     -6.2500       0.7748E-003
      8.4375     -5.0000       0.5130E-003
      8.4375     -3.7500       0.2582E-003
      8.4375     -2.5000       0.7467E-004
      8.4375     -1.2500       0.6121E-005
      8.4375      0.0000       0.5363E-007
      8.4375      1.2500       0.5958E-005
      8.4375      2.5000       0.7415E-004
      8.4375      3.7500       0.2573E-003
      8.4375      5.0000       0.5120E-003
      8.4375      6.2500       0.7743E-003
      8.4375      7.5000       0.9767E-003
      8.4375      8.7500       0.1071E-002
      8.4375     10.0000       0.1029E-002
      8.4375     11.2500       0.8648E-003
      8.4375     12.5000       0.6135E-003
      8.4375     13.7500       0.3434E-003
      8.4375     15.0000       0.1253E-003
      8.4375     16.2500       0.1766E-004
      8.4375     17.5000       0.1907E-006
      8.4375     18.7500       0.2974E-011

      9.3750    -20.0000       0.2718E-011
      9.3750    -18.7500       0.7603E-010
      9.3750    -17.5000       0.2014E-006
      9.3750    -16.2500       0.1763E-004
      9.3750    -15.0000       0.1253E-003
      9.3750    -13.7500       0.3434E-003
      9.3750    -12.5000       0.6135E-003
      9.3750    -11.2500       0.8647E-003
      9.3750    -10.0000       0.1029E-002
      9.3750     -8.7500       0.1071E-002
      9.3750     -7.5000       0.9768E-003
      9.3750     -6.2500       0.7745E-003
      9.3750     -5.0000       0.5121E-003
      9.3750     -3.7500       0.2575E-003
      9.3750     -2.5000       0.7410E-004
      9.3750     -1.2500       0.5988E-005
      9.3750      0.0000       0.2164E-007
      9.3750      1.2500       0.6031E-005
      9.3750      2.5000       0.7458E-004
      9.3750      3.7500       0.2580E-003
      9.3750      5.0000       0.5128E-003
      9.3750      6.2500       0.7749E-003
      9.3750      7.5000       0.9769E-003
      9.3750      8.7500       0.1071E-002
      9.3750     10.0000       0.1029E-002
      9.3750     11.2500       0.8645E-003
      9.3750     12.5000       0.6134E-003
      9.3750     13.7500       0.3432E-003
      9.3750     15.0000       0.1253E-003
      9.3750     16.2500       0.1766E-004
      9.3750     17.5000       0.1914E-006
      9.3750     18.7500       0.5942E-011

     10.3125    -20.0000       0.2916E-011
     10.3125    -18.7500       0.5888E-010
     10.3125    -17.5000       0.2004E-006
     10.3125    -16.2500       0.1763E-004
     10.3125    -15.0000       0.1253E-003
     10.3125    -13.7500       0.3435E-003
     10.3125    -12.5000       0.6136E-003
     10.3125    -11.2500       0.8648E-003
     10.3125    -10.0000       0.1030E-002
     10.3125     -8.7500       0.1071E-002
     10.3125     -7.5000       0.9763E-003
     10.3125     -6.2500       0.7739E-003
     10.3125     -5.0000       0.5115E-003
     10.3125     -3.7500       0.2573E-003
     10.3125     -2.5000       0.7412E-004
     10.3125     -1.2500       0.6235E-005
     10.3125      0.0000       0.2407E-006
     10.3125      1.2500       0.6427E-005
     10.3125      2.5000       0.7522E-004
     10.3125      3.7500       0.2588E-003
     10.3125      5.0000       0.5133E-003
     10.3125      6.2500       0.7748E-003
     10.3125      7.5000       0.9768E-003
     10.3125      8.7500       0.1070E-002
     10.3125     10.0000       0.1029E-002
     10.3125     11.2500       0.8643E-003
     10.3125     12.5000       0.6135E-003
     10.3125     13.7500       0.3430E-003
     10.3125     15.0000       0.1253E-003
     10.3125     16.2500       0.1763E-004
     10.3125     17.5000       0.1945E-006
     10.3125     18.7500       0.9545E-011

     11.2500    -20.0000       0.3871E-011
     11.2500    -18.7500       0.3521E-010
     11.2500    -17.5000       0.1984E-006
     11.2500    -16.2500       0.1761E-004
     11.2500    -15.0000       0.1253E-003
     11.2500    -13.7500       0.3434E-003
     11.2500    -12.5000       0.6136E-003
     11.2500    -11.2500       0.8646E-003
     11.2500    -10.0000       0.1030E-002
     11.2500     -8.7500       0.1070E-002
     11.2500     -7.5000       0.9760E-003
     11.2500     -6.2500       0.7736E-003
     11.2500     -5.0000       0.5118E-003
     11.2500     -3.7500       0.2577E-003
     11.2500     -2.5000       0.7472E-004
     11.2500     -1.2500       0.6643E-005
     11.2500      0.0000       0.5161E-006
     11.2500      1.2500       0.6794E-005
     11.2500      2.5000       0.7549E-004
     11.2500      3.7500       0.2588E-003
     11.2500      5.0000       0.5131E-003
     11.2500      6.2500       0.7742E-003
     11.2500      7.5000       0.9764E-003
     11.2500      8.7500       0.1070E-002
     11.2500     10.0000       0.1029E-002
     11.2500     11.2500       0.8642E-003
     11.2500     12.5000       0.6136E-003
     11.2500     13.7500       0.3429E-003
     11.2500     15.0000       0.1253E-003
     11.2500     16.2500       0.1761E-004
     11.2500     17.5000       0.1972E-006
     11.2500     18.7500       0.1465E-010

     12.1875    -20.0000       0.4047E-011
     12.1875    -18.7500       0.1882E-010
     12.1875    -17.5000       0.1972E-006
     12.1875    -16.2500       0.1760E-004
     12.1875    -15.0000       0.1253E-003
     12.1875    -13.7500       0.3431E-003
     12.1875    -12.5000       0.6137E-003
     12.1875    -11.2500       0.8643E-003
     12.1875    -10.0000       0.1029E-002
     12.1875     -8.7500       0.1070E-002
     12.1875     -7.5000       0.9763E-003
     12.1875     -6.2500       0.7738E-003
     12.1875     -5.0000       0.5127E-003
     12.1875     -3.7500       0.2585E-003
     12.1875     -2.5000       0.7536E-004
     12.1875     -1.2500       0.6849E-005
     12.1875      0.0000       0.6030E-006
     12.1875      1.2500       0.6805E-005
     12.1875      2.5000       0.7515E-004
     12.1875      3.7500       0.2582E-003
     12.1875      5.0000       0.5123E-003
     12.1875      6.2500       0.7736E-003
     12.1875      7.5000       0.9761E-003
     12.1875      8.7500       0.1070E-002
     12.1875     10.0000       0.1030E-002
     12.1875     11.2500       0.8644E-003
     12.1875     12.5000       0.6137E-003
     12.1875     13.7500       0.3432E-003
     12.1875     15.0000       0.1253E-003
     12.1875     16.2500       0.1760E-004
     12.1875     17.5000       0.1970E-006
     12.1875     18.7500       0.2309E-010

     13.1250    -20.0000       0.3039E-011
     13.1250    -18.7500       0.1469E-010
     13.1250    -17.5000       0.1979E-006
     13.1250    -16.2500       0.1761E-004
     13.1250    -15.0000       0.1253E-003
     13.1250    -13.7500       0.3429E-003
     13.1250    -12.5000       0.6136E-003
     13.1250    -11.2500       0.8641E-003
     13.1250    -10.0000       0.1029E-002
     13.1250     -8.7500       0.1070E-002
     13.1250     -7.5000       0.9767E-003
     13.1250     -6.2500       0.7744E-003
     13.1250     -5.0000       0.5134E-003
     13.1250     -3.7500       0.2588E-003
     13.1250     -2.5000       0.7548E-004
     13.1250     -1.2500       0.6670E-005
     13.1250      0.0000       0.4243E-006
     13.1250      1.2500       0.6451E-005
     13.1250      2.5000       0.7451E-004
     13.1250      3.7500       0.2574E-003
     13.1250      5.0000       0.5117E-003
     13.1250      6.2500       0.7735E-003
     13.1250      7.5000       0.9762E-003
     13.1250      8.7500       0.1070E-002
     13.1250     10.0000       0.1030E-002
     13.1250     11.2500       0.8647E-003
     13.1250     12.5000       0.6137E-003
     13.1250     13.7500       0.3434E-003
     13.1250     15.0000       0.1253E-003
     13.1250     16.2500       0.1763E-004
     13.1250     17.5000       0.1940E-006
     13.1250     18.7500       0.3452E-010

     14.0625    -20.0000       0.1988E-011
     14.0625    -18.7500       0.1680E-010
     14.0625    -17.5000       0.2000E-006
     14.0625    -16.2500       0.1762E-004
     14.0625    -15.0000       0.1253E-003
     14.0625    -13.7500       0.3429E-003
     14.0625    -12.5000       0.6136E-003
     14.0625    -11.2500       0.8642E-003
     14.0625    -10.0000       0.1029E-002
     14.0625     -8.7500       0.1070E-002
     14.0625     -7.5000       0.9771E-003
     14.0625     -6.2500       0.7748E-003
     14.0625     -5.0000       0.5133E-003
     14.0625     -3.7500       0.2585E-003
     14.0625     -2.5000       0.7496E-004
     14.0625     -1.2500       0.6265E-005
     14.0625      0.0000       0.1386E-006
     14.0625      1.2500       0.6047E-005
     14.0625      2.5000       0.7413E-004
     14.0625      3.7500       0.2572E-003
     14.0625      5.0000       0.5117E-003
     14.0625      6.2500       0.7740E-003
     14.0625      7.5000       0.9766E-003
     14.0625      8.7500       0.1071E-002
     14.0625     10.0000       0.1030E-002
     14.0625     11.2500       0.8648E-003
     14.0625     12.5000       0.6135E-003
     14.0625     13.7500       0.3435E-003
     14.0625     15.0000       0.1253E-003
     14.0625     16.2500       0.1765E-004
     14.0625     17.5000       0.1908E-006
     14.0625     18.7500       0.4504E-010

     15.0000    -20.0000       0.2514E-011
     15.0000    -18.7500       0.1579E-010
     15.0000    -17.5000       0.2017E-006
     15.0000    -16.2500       0.1763E-004
     15.0000    -15.0000       0.1253E-003
     15.0000    -13.7500       0.3432E-003
     15.0000    -12.5000       0.6135E-003
     15.0000    -11.2500       0.8646E-003
     15.0000    -10.0000       0.1029E-002
     15.0000     -8.7500       0.1071E-002
     15.0000     -7.5000       0.9770E-003
     15.0000     -6.2500       0.7747E-003
     15.0000     -5.0000       0.5124E-003
     15.0000     -3.7500       0.2578E-003
     15.0000     -2.5000       0.7427E-004
     15.0000     -1.2500       0.5994E-005
     15.0000      0.0000       0.8796E-010
     15.0000      1.2500       0.5951E-005
     15.0000      2.5000       0.7435E-004
     15.0000      3.7500       0.2577E-003
     15.0000      5.0000       0.5125E-003
     15.0000      6.2500       0.7747E-003
     15.0000      7.5000       0.9769E-003
     15.0000      8.7500       0.1071E-002
     15.0000     10.0000       0.1029E-002
     15.0000     11.2500       0.8647E-003
     15.0000     12.5000       0.6134E-003
     15.0000     13.7500       0.3433E-003
     15.0000     15.0000       0.1253E-003
     15.0000     16.2500       0.1766E-004
     15.0000     17.5000       0.1902E-006
     15.0000     18.7500       0.4919E-010

     15.9375    -20.0000       0.5109E-011
     15.9375    -18.7500       0.9034E-011
     15.9375    -17.5000       0.2016E-006
     15.9375    -16.2500       0.1763E-004
     15.9375    -15.0000       0.1253E-003
     15.9375    -13.7500       0.3435E-003
     15.9375    -12.5000       0.6135E-003
     15.9375    -11.2500       0.8648E-003
     15.9375    -10.0000       0.1030E-002
     15.9375     -8.7500       0.1071E-002
     15.9375     -7.5000       0.9765E-003
     15.9375     -6.2500       0.7741E-003
     15.9375     -5.0000       0.5116E-003
     15.9375     -3.7500       0.2573E-003
     15.9375     -2.5000       0.7403E-004
     15.9375     -1.2500       0.6098E-005
     15.9375      0.0000       0.1317E-006
     15.9375      1.2500       0.6249E-005
     15.9375      2.5000       0.7498E-004
     15.9375      3.7500       0.2585E-003
     15.9375      5.0000       0.5132E-003
     15.9375      6.2500       0.7749E-003
     15.9375      7.5000       0.9769E-003
     15.9375      8.7500       0.1070E-002
     15.9375     10.0000       0.1029E-002
     15.9375     11.2500       0.8644E-003
     15.9375     12.5000       0.6134E-003
     15.9375     13.7500       0.3430E-003
     15.9375     15.0000       0.1253E-003
     15.9375     16.2500       0.1765E-004
     15.9375     17.5000       0.1928E-006
     15.9375     18.7500       0.4387E-010

     16.8750    -20.0000       0.8477E-011
     16.8750    -18.7500       0.3809E-011
     16.8750    -17.5000       0.1998E-006
     16.8750    -16.2500       0.1762E-004
     16.8750    -15.0000       0.1253E-003
     16.8750    -13.7500       0.3435E-003
     16.8750    -12.5000       0.6136E-003
     16.8750    -11.2500       0.8647E-003
     16.8750    -10.0000       0.1030E-002
     16.8750     -8.7500       0.1070E-002
     16.8750     -7.5000       0.9761E-003
     16.8750     -6.2500       0.7736E-003
     16.8750     -5.0000       0.5116E-003
     16.8750     -3.7500       0.2575E-003
     16.8750     -2.5000       0.7444E-004
     16.8750     -1.2500       0.6485E-005
     16.8750      0.0000       0.4166E-006
     16.8750      1.2500       0.6677E-005
     16.8750      2.5000       0.7545E-004
     16.8750      3.7500       0.2589E-003
     16.8750      5.0000       0.5133E-003
     16.8750      6.2500       0.7745E-003
     16.8750      7.5000       0.9766E-003
     16.8750      8.7500       0.1070E-002
     16.8750     10.0000       0.1029E-002
     16.8750     11.2500       0.8642E-003
     16.8750     12.5000       0.6135E-003
     16.8750     13.7500       0.3429E-003
     16.8750     15.0000       0.1253E-003
     16.8750     16.2500       0.1762E-004
     16.8750     17.5000       0.1963E-006
     16.8750     18.7500       0.3097E-010

     17.8125    -20.0000       0.1045E-010
     17.8125    -18.7500       0.1053E-010
     17.8125    -17.5000       0.1978E-006
     17.8125    -16.2500       0.1760E-004
     17.8125    -15.0000       0.1253E-003
     17.8125    -13.7500       0.3432E-003
     17.8125    -12.5000       0.6137E-003
     17.8125    -11.2500       0.8644E-003
     17.8125    -10.0000       0.1030E-002
     17.8125     -8.7500       0.1070E-002
     17.8125     -7.5000       0.9761E-003
     17.8125     -6.2500       0.7736E-003
     17.8125     -5.0000       0.5123E-003
     17.8125     -3.7500       0.2582E-003
     17.8125     -2.5000       0.7514E-004
     17.8125     -1.2500       0.6810E-005
     17.8125      0.0000       0.6014E-006
     17.8125      1.2500       0.6853E-005
     17.8125      2.5000       0.7535E-004
     17.8125      3.7500       0.2585E-003
     17.8125      5.0000       0.5127E-003
     17.8125      6.2500       0.7738E-003
     17.8125      7.5000       0.9762E-003
     17.8125      8.7500       0.1070E-002
     17.8125     10.0000       0.1029E-002
     17.8125     11.2500       0.8643E-003
     17.8125     12.5000       0.6137E-003
     17.8125     13.7500       0.3431E-003
     17.8125     15.0000       0.1253E-003
     17.8125     16.2500       0.1760E-004
     17.8125     17.5000       0.1977E-006
     17.8125     18.7500       0.1634E-010

     18.7500    -20.0000       0.9703E-011
     18.7500    -18.7500       0.3212E-010
     18.7500    -17.5000       0.1975E-006
     18.7500    -16.2500       0.1760E-004
     18.7500    -15.0000       0.1253E-003
     18.7500    -13.7500       0.3429E-003
     18.7500    -12.5000       0.6137E-003
     18.7500    -11.2500       0.8641E-003
     18.7500    -10.0000       0.1029E-002
     18.7500     -8.7500       0.1070E-002
     18.7500     -7.5000       0.9765E-003
     18.7500     -6.2500       0.7741E-003
     18.7500     -5.0000       0.5132E-003
     18.7500     -3.7500       0.2588E-003
     18.7500     -2.5000       0.7551E-004
     18.7500     -1.2500       0.6785E-005
     18.7500      0.0000       0.5220E-006
     18.7500      1.2500       0.6622E-005
     18.7500      2.5000       0.7477E-004
     18.7500      3.7500       0.2577E-003
     18.7500      5.0000       0.5119E-003
     18.7500      6.2500       0.7735E-003
     18.7500      7.5000       0.9761E-003
     18.7500      8.7500       0.1070E-002
     18.7500     10.0000       0.1030E-002
     18.7500     11.2500       0.8646E-003
     18.7500     12.5000       0.6137E-003
     18.7500     13.7500       0.3433E-003
     18.7500     15.0000       0.1253E-003
     18.7500     16.2500       0.1761E-004
     18.7500     17.5000       0.1959E-006
     18.7500     18.7500       0.5955E-011

     19.6875    -20.0000       0.6860E-011
     19.6875    -18.7500       0.5933E-010
     19.6875    -17.5000       0.1989E-006
     19.6875    -16.2500       0.1761E-004
     19.6875    -15.0000       0.1253E-003
     19.6875    -13.7500       0.3429E-003
     19.6875    -12.5000       0.6136E-003
     19.6875    -11.2500       0.8641E-003
     19.6875    -10.0000       0.1029E-002
     19.6875     -8.7500       0.1070E-002
     19.6875     -7.5000       0.9770E-003
     19.6875     -6.2500       0.7747E-003
     19.6875     -5.0000       0.5134E-003
     19.6875     -3.7500       0.2587E-003
     19.6875     -2.5000       0.7522E-004
     19.6875     -1.2500       0.6432E-005
     19.6875      0.0000       0.2489E-006
     19.6875      1.2500       0.6188E-005
     19.6875      2.5000       0.7422E-004
     19.6875      3.7500       0.2572E-003
     19.6875      5.0000       0.5116E-003
     19.6875      6.2500       0.7738E-003
     19.6875      7.5000       0.9764E-003
     19.6875      8.7500       0.1070E-002
     19.6875     10.0000       0.1030E-002
     19.6875     11.2500       0.8648E-003
     19.6875     12.5000       0.6136E-003
     19.6875     13.7500       0.3435E-003
     19.6875     15.0000       0.1253E-003
     19.6875     16.2500       0.1764E-004
     19.6875     17.5000       0.1925E-006
     19.6875     18.7500       0.2216E-011

     20.6250    -20.0000       0.3922E-011
     20.6250    -18.7500       0.7659E-010
     20.6250    -17.5000       0.2007E-006
     20.6250    -16.2500       0.1763E-004
     20.6250    -15.0000       0.1253E-003
     20.6250    -13.7500       0.3431E-003
     20.6250    -12.5000       0.6135E-003
     20.6250    -11.2500       0.8644E-003
     20.6250    -10.0000       0.1029E-002
     20.6250     -8.7500       0.1071E-002
     20.6250     -7.5000       0.9771E-003
     20.6250     -6.2500       0.7748E-003
     20.6250     -5.0000       0.5128E-003
     20.6250     -3.7500       0.2581E-003
     20.6250     -2.5000       0.7453E-004
     20.6250     -1.2500       0.6065E-005
     20.6250      0.0000       0.2482E-007
     20.6250      1.2500       0.5938E-005
     20.6250      2.5000       0.7419E-004
     20.6250      3.7500       0.2574E-003
     20.6250      5.0000       0.5121E-003
     20.6250      6.2500       0.7745E-003
     20.6250      7.5000       0.9768E-003
     20.6250      8.7500       0.1071E-002
     20.6250     10.0000       0.1029E-002
     20.6250     11.2500       0.8647E-003
     20.6250     12.5000       0.6135E-003
     20.6250     13.7500       0.3434E-003
     20.6250     15.0000       0.1253E-003
     20.6250     16.2500       0.1766E-004
     20.6250     17.5000       0.1906E-006
     20.6250     18.7500       0.3466E-011

     21.5625    -20.0000       0.2624E-011
     21.5625    -18.7500       0.7383E-010
     21.5625    -17.5000       0.2013E-006
     21.5625    -16.2500       0.1763E-004
     21.5625    -15.0000       0.1253E-003
     21.5625    -13.7500       0.3434E-003
     21.5625    -12.5000       0.6135E-003
     21.5625    -11.2500       0.8647E-003
     21.5625    -10.0000       0.1030E-002
     21.5625     -8.7500       0.1071E-002
     21.5625     -7.5000       0.9767E-003
     21.5625     -6.2500       0.7744E-003
     21.5625     -5.0000       0.5119E-003
     21.5625     -3.7500       0.2574E-003
     21.5625     -2.5000       0.7405E-004
     21.5625     -1.2500       0.6010E-005
     21.5625      0.0000       0.4901E-007
     21.5625      1.2500       0.6093E-005
     21.5625      2.5000       0.7471E-004
     21.5625      3.7500       0.2582E-003
     21.5625      5.0000       0.5130E-003
     21.5625      6.2500       0.7749E-003
     21.5625      7.5000       0.9770E-003
     21.5625      8.7500       0.1071E-002
     21.5625     10.0000       0.1029E-002
     21.5625     11.2500       0.8645E-003
     21.5625     12.5000       0.6134E-003
     21.5625     13.7500       0.3431E-003
     21.5625     15.0000       0.1253E-003
     21.5625     16.2500       0.1765E-004
     21.5625     17.5000       0.1919E-006
     21.5625     18.7500       0.6621E-011

     22.5000    -20.0000       0.3101E-011
     22.5000    -18.7500       0.5417E-010
     22.5000    -17.5000       0.2000E-006
     22.5000    -16.2500       0.1762E-004
     22.5000    -15.0000       0.1253E-003
     22.5000    -13.7500       0.3435E-003
     22.5000    -12.5000       0.6136E-003
     22.5000    -11.2500       0.8648E-003
     22.5000    -10.0000       0.1030E-002
     22.5000     -8.7500       0.1070E-002
     22.5000     -7.5000       0.9762E-003
     22.5000     -6.2500       0.7738E-003
     22.5000     -5.0000       0.5115E-003
     22.5000     -3.7500       0.2573E-003
     22.5000     -2.5000       0.7421E-004
     22.5000     -1.2500       0.6316E-005
     22.5000      0.0000       0.2999E-006
     22.5000      1.2500       0.6516E-005
     22.5000      2.5000       0.7532E-004
     22.5000      3.7500       0.2588E-003
     22.5000      5.0000       0.5134E-003
     22.5000      6.2500       0.7747E-003
     22.5000      7.5000       0.9768E-003
     22.5000      8.7500       0.1070E-002
     22.5000     10.0000       0.1029E-002
     22.5000     11.2500       0.8642E-003
     22.5000     12.5000       0.6135E-003
     22.5000     13.7500       0.3429E-003
     22.5000     15.0000       0.1253E-003
     22.5000     16.2500       0.1763E-004
     22.5000     17.5000       0.1952E-006
     22.5000     18.7500       0.1038E-010

     23.4375    -20.0000       0.4005E-011
     23.4375    -18.7500       0.3102E-010
     23.4375    -17.5000       0.1980E-006
     23.4375    -16.2500       0.1761E-004
     23.4375    -15.0000       0.1253E-003
     23.4375    -13.7500       0.3433E-003
     23.4375    -12.5000       0.6137E-003
     23.4375    -11.2500       0.8645E-003
     23.4375    -10.0000       0.1030E-002
     23.4375     -8.7500       0.1070E-002
     23.4375     -7.5000       0.9761E-003
     23.4375     -6.2500       0.7736E-003
     23.4375     -5.0000       0.5120E-003
     23.4375     -3.7500       0.2579E-003
     23.4375     -2.5000       0.7487E-004
     23.4375     -1.2500       0.6711E-005
     23.4375      0.0000       0.5545E-006
     23.4375      1.2500       0.6831E-005
     23.4375      2.5000       0.7547E-004
     23.4375      3.7500       0.2587E-003
     23.4375      5.0000       0.5130E-003
     23.4375      6.2500       0.7741E-003
     23.4375      7.5000       0.9764E-003
     23.4375      8.7500       0.1070E-002
     23.4375     10.0000       0.1029E-002
     23.4375     11.2500       0.8642E-003
     23.4375     12.5000       0.6136E-003
     23.4375     13.7500       0.3430E-003
     23.4375     15.0000       0.1253E-003
     23.4375     16.2500       0.1761E-004
     23.4375     17.5000       0.1974E-006
     23.4375     18.7500       0.1603E-010

     24.3750    -20.0000       0.3923E-011
     24.3750    -18.7500       0.1707E-010
     24.3750    -17.5000       0.1972E-006
     24.3750    -16.2500       0.1760E-004
     24.3750    -15.0000       0.1253E-003
     24.3750    -13.7500       0.3430E-003
     24.3750    -12.5000       0.6137E-003
     24.3750    -11.2500       0.8642E-003
     24.3750    -10.0000       0.1029E-002
     24.3750     -8.7500       0.1070E-002
     24.3750     -7.5000       0.9763E-003
     24.3750     -6.2500       0.7739E-003
     24.3750     -5.0000       0.5129E-003
     24.3750     -3.7500       0.2586E-003
     24.3750     -2.5000       0.7544E-004
     24.3750     -1.2500       0.6844E-005
     24.3750      0.0000       0.5865E-006
     24.3750      1.2500       0.6757E-005
     24.3750      2.5000       0.7503E-004
     24.3750      3.7500       0.2580E-003
     24.3750      5.0000       0.5122E-003
     24.3750      6.2500       0.7735E-003
     24.3750      7.5000       0.9761E-003
     24.3750      8.7500       0.1070E-002
     24.3750     10.0000       0.1030E-002
     24.3750     11.2500       0.8644E-003
     24.3750     12.5000       0.6137E-003
     24.3750     13.7500       0.3432E-003
     24.3750     15.0000       0.1253E-003
     24.3750     16.2500       0.1761E-004
     24.3750     17.5000       0.1965E-006
     24.3750     18.7500       0.2521E-010

     25.3125    -20.0000       0.2777E-011
     25.3125    -18.7500       0.1493E-010
     25.3125    -17.5000       0.1983E-006
     25.3125    -16.2500       0.1761E-004
     25.3125    -15.0000       0.1253E-003
     25.3125    -13.7500       0.3428E-003
     25.3125    -12.5000       0.6136E-003
     25.3125    -11.2500       0.8641E-003
     25.3125    -10.0000       0.1029E-002
     25.3125     -8.7500       0.1070E-002
     25.3125     -7.5000       0.9768E-003
     25.3125     -6.2500       0.7745E-003
     25.3125     -5.0000       0.5134E-003
     25.3125     -3.7500       0.2588E-003
     25.3125     -2.5000       0.7541E-004
     25.3125     -1.2500       0.6597E-005
     25.3125      0.0000       0.3675E-006
     25.3125      1.2500       0.6361E-005
     25.3125      2.5000       0.7440E-004
     25.3125      3.7500       0.2573E-003
     25.3125      5.0000       0.5116E-003
     25.3125      6.2500       0.7736E-003
     25.3125      7.5000       0.9763E-003
     25.3125      8.7500       0.1070E-002
     25.3125     10.0000       0.1030E-002
     25.3125     11.2500       0.8647E-003
     25.3125     12.5000       0.6136E-003
     25.3125     13.7500       0.3435E-003
     25.3125     15.0000       0.1253E-003
     25.3125     16.2500       0.1763E-004
     25.3125     17.5000       0.1932E-006
     25.3125     18.7500       0.3687E-010

     26.2500    -20.0000       0.1927E-011
     26.2500    -18.7500       0.1708E-010
     26.2500    -17.5000       0.2005E-006
     26.2500    -16.2500       0.1762E-004
     26.2500    -15.0000       0.1253E-003
     26.2500    -13.7500       0.3430E-003
     26.2500    -12.5000       0.6135E-003
     26.2500    -11.2500       0.8643E-003
     26.2500    -10.0000       0.1029E-002
     26.2500     -8.7500       0.1070E-002
     26.2500     -7.5000       0.9771E-003
     26.2500     -6.2500       0.7748E-003
     26.2500     -5.0000       0.5131E-003
     26.2500     -3.7500       0.2584E-003
     26.2500     -2.5000       0.7481E-004
     26.2500     -1.2500       0.6189E-005
     26.2500      0.0000       0.9206E-007
     26.2500      1.2500       0.5995E-005
     26.2500      2.5000       0.7413E-004
     26.2500      3.7500       0.2572E-003
     26.2500      5.0000       0.5118E-003
     26.2500      6.2500       0.7742E-003
     26.2500      7.5000       0.9766E-003
     26.2500      8.7500       0.1071E-002
     26.2500     10.0000       0.1030E-002
     26.2500     11.2500       0.8648E-003
     26.2500     12.5000       0.6135E-003
     26.2500     13.7500       0.3435E-003
     26.2500     15.0000       0.1253E-003
     26.2500     16.2500       0.1766E-004
     26.2500     17.5000       0.1904E-006
     26.2500     18.7500       0.4654E-010

     27.1875    -20.0000       0.2884E-011
     27.1875    -18.7500       0.1479E-010
     27.1875    -17.5000       0.2019E-006
     27.1875    -16.2500       0.1763E-004
     27.1875    -15.0000       0.1253E-003
     27.1875    -13.7500       0.3433E-003
     27.1875    -12.5000       0.6135E-003
     27.1875    -11.2500       0.8646E-003
     27.1875    -10.0000       0.1029E-002
     27.1875     -8.7500       0.1071E-002
     27.1875     -7.5000       0.9769E-003
     27.1875     -6.2500       0.7746E-003
     27.1875     -5.0000       0.5122E-003
     27.1875     -3.7500       0.2576E-003
     27.1875     -2.5000       0.7417E-004
     27.1875     -1.2500       0.5983E-005
     27.1875      0.0000       0.5119E-008
     27.1875      1.2500       0.5983E-005
     27.1875      2.5000       0.7446E-004
     27.1875      3.7500       0.2579E-003
     27.1875      5.0000       0.5126E-003
     27.1875      6.2500       0.7748E-003
     27.1875      7.5000       0.9769E-003
     27.1875      8.7500       0.1071E-002
     27.1875     10.0000       0.1029E-002
     27.1875     11.2500       0.8646E-003
     27.1875     12.5000       0.6134E-003
     27.1875     13.7500       0.3433E-003
     27.1875     15.0000       0.1253E-003
     27.1875     16.2500       0.1766E-004
     27.1875     17.5000       0.1905E-006
     27.1875     18.7500       0.4890E-010

     28.1250    -20.0000       0.5788E-011
     28.1250    -18.7500       0.7509E-011
     28.1250    -17.5000       0.2013E-006
     28.1250    -16.2500       0.1763E-004
     28.1250    -15.0000       0.1253E-003
     28.1250    -13.7500       0.3435E-003
     28.1250    -12.5000       0.6135E-003
     28.1250    -11.2500       0.8648E-003
     28.1250    -10.0000       0.1030E-002
     28.1250     -8.7500       0.1071E-002
     28.1250     -7.5000       0.9764E-003
     28.1250     -6.2500       0.7740E-003
     28.1250     -5.0000       0.5115E-003
     28.1250     -3.7500       0.2573E-003
     28.1250     -2.5000       0.7406E-004
     28.1250     -1.2500       0.6162E-005
     28.1250      0.0000       0.1839E-006
     28.1250      1.2500       0.6337E-005
     28.1250      2.5000       0.7510E-004
     28.1250      3.7500       0.2587E-003
     28.1250      5.0000       0.5133E-003
     28.1250      6.2500       0.7749E-003
     28.1250      7.5000       0.9769E-003
     28.1250      8.7500       0.1070E-002
     28.1250     10.0000       0.1029E-002
     28.1250     11.2500       0.8643E-003
     28.1250     12.5000       0.6134E-003
     28.1250     13.7500       0.3430E-003
     28.1250     15.0000       0.1253E-003
     28.1250     16.2500       0.1764E-004
     28.1250     17.5000       0.1935E-006
     28.1250     18.7500       0.4175E-010

     29.0625    -20.0000       0.9048E-011
     29.0625    -18.7500       0.3937E-011
     29.0625    -17.5000       0.1993E-006
     29.0625    -16.2500       0.1761E-004
     29.0625    -15.0000       0.1253E-003
     29.0625    -13.7500       0.3434E-003
     29.0625    -12.5000       0.6136E-003
     29.0625    -11.2500       0.8647E-003
     29.0625    -10.0000       0.1030E-002
     29.0625     -8.7500       0.1070E-002
     29.0625     -7.5000       0.9761E-003
     29.0625     -6.2500       0.7736E-003
     29.0625     -5.0000       0.5117E-003
     29.0625     -3.7500       0.2576E-003
     29.0625     -2.5000       0.7458E-004
     29.0625     -1.2500       0.6567E-005
     29.0625      0.0000       0.4695E-006
     29.0625      1.2500       0.6742E-005
     29.0625      2.5000       0.7548E-004
     29.0625      3.7500       0.2589E-003
     29.0625      5.0000       0.5132E-003
     29.0625      6.2500       0.7744E-003
     29.0625      7.5000       0.9765E-003
     29.0625      8.7500       0.1070E-002
     29.0625     10.0000       0.1029E-002
     29.0625     11.2500       0.8642E-003
     29.0625     12.5000       0.6136E-003
     29.0625     13.7500       0.3429E-003
     29.0625     15.0000       0.1253E-003
     29.0625     16.2500       0.1761E-004
     29.0625     17.5000       0.1969E-006
     29.0625     18.7500       0.2796E-010

