    -30.0000    -20.0000       0.6900E-011
    -30.0000    -18.7500       0.3266E-011
    -30.0000    -17.5000       0.1554E-006
    -30.0000    -16.2500       0.1425E-004
    -30.0000    -15.0000       0.1062E-003
    -30.0000    -13.7500       0.3025E-003
    -30.0000    -12.5000       0.5485E-003
    -30.0000    -11.2500       0.7633E-003
    -30.0000    -10.0000       0.8975E-003
    -30.0000     -8.7500       0.9404E-003
    -30.0000     -7.5000       0.8867E-003
    -30.0000     -6.2500       0.7370E-003
    -30.0000     -5.0000       0.5329E-003
    -30.0000     -3.7500       0.3489E-003
    -30.0000     -2.5000       0.2329E-003
    -30.0000     -1.2500       0.1849E-003
    -30.0000      0.0000       0.1754E-003
    -30.0000      1.2500       0.1849E-003
    -30.0000      2.5000       0.2329E-003
    -30.0000      3.7500       0.3489E-003
    -30.0000      5.0000       0.5329E-003
    -30.0000      6.2500       0.7370E-003
    -30.0000      7.5000       0.8867E-003
    -30.0000      8.7500       0.9404E-003
    -30.0000     10.0000       0.8975E-003
    -30.0000     11.2500       0.7633E-003
    -30.0000     12.5000       0.5485E-003
    -30.0000     13.7500       0.3025E-003
    -30.0000     15.0000       0.1062E-003
    -30.0000     16.2500       0.1425E-004
    -30.0000     17.5000       0.1554E-006
    -30.0000     18.7500       0.3265E-011

    -29.0625    -20.0000       0.5104E-011
    -29.0625    -18.7500       0.6046E-011
    -29.0625    -17.5000       0.2538E-007
    -29.0625    -16.2500       0.2254E-005
    -29.0625    -15.0000       0.1712E-004
    -29.0625    -13.7500       0.5002E-004
    -29.0625    -12.5000       0.9172E-004
    -29.0625    -11.2500       0.1253E-003
    -29.0625    -10.0000       0.1431E-003
    -29.0625     -8.7500       0.1456E-003
    -29.0625     -7.5000       0.1334E-003
    -29.0625     -6.2500       0.1065E-003
    -29.0625     -5.0000       0.7590E-004
    -29.0625     -3.7500       0.5940E-004
    -29.0625     -2.5000       0.6738E-004
    -29.0625     -1.2500       0.9466E-004
    -29.0625      0.0000       0.1365E-003
    -29.0625      1.2500       0.2133E-003
    -29.0625      2.5000       0.3736E-003
    -29.0625      3.7500       0.6508E-003
    -29.0625      5.0000       0.1026E-002
    -29.0625      6.2500       0.1409E-002
    -29.0625      7.5000       0.1678E-002
    -29.0625      8.7500       0.1765E-002
    -29.0625     10.0000       0.1670E-002
    -29.0625     11.2500       0.1409E-002
    -29.0625     12.5000       0.1007E-002
    -29.0625     13.7500       0.5574E-003
    -29.0625     15.0000       0.1972E-003
    -29.0625     16.2500       0.2660E-004
    -29.0625     17.5000       0.2908E-006
    -29.0625     18.7500       0.4641E-011

    -28.1250    -20.0000       0.2497E-011
    -28.1250    -18.7500       0.1295E-010
    -28.1250    -17.5000       0.1307E-007
    -28.1250    -16.2500       0.1286E-005
    -28.1250    -15.0000       0.9151E-005
    -28.1250    -13.7500       0.2462E-004
    -28.1250    -12.5000       0.4351E-004
    -28.1250    -11.2500       0.6327E-004
    -28.1250    -10.0000       0.7967E-004
    -28.1250     -8.7500       0.8975E-004
    -28.1250     -7.5000       0.8989E-004
    -28.1250     -6.2500       0.8030E-004
    -28.1250     -5.0000       0.6179E-004
    -28.1250     -3.7500       0.4022E-004
    -28.1250     -2.5000       0.2413E-004
    -28.1250     -1.2500       0.2292E-004
    -28.1250      0.0000       0.5418E-004
    -28.1250      1.2500       0.1547E-003
    -28.1250      2.5000       0.3646E-003
    -28.1250      3.7500       0.6972E-003
    -28.1250      5.0000       0.1117E-002
    -28.1250      6.2500       0.1528E-002
    -28.1250      7.5000       0.1806E-002
    -28.1250      8.7500       0.1889E-002
    -28.1250     10.0000       0.1777E-002
    -28.1250     11.2500       0.1489E-002
    -28.1250     12.5000       0.1061E-002
    -28.1250     13.7500       0.5883E-003
    -28.1250     15.0000       0.2093E-003
    -28.1250     16.2500       0.2833E-004
    -28.1250     17.5000       0.3104E-006
    -28.1250     18.7500       0.5054E-011

    -27.1875    -20.0000       0.2032E-011
    -27.1875    -18.7500       0.2343E-010
    -27.1875    -17.5000       0.1294E-006
    -27.1875    -16.2500       0.1221E-004
    -27.1875    -15.0000       0.8939E-004
    -27.1875    -13.7500       0.2489E-003
    -27.1875    -12.5000       0.4469E-003
    -27.1875    -11.2500       0.6326E-003
    -27.1875    -10.0000       0.7639E-003
    -27.1875     -8.7500       0.8229E-003
    -27.1875     -7.5000       0.7949E-003
    -27.1875     -6.2500       0.6817E-003
    -27.1875     -5.0000       0.5032E-003
    -27.1875     -3.7500       0.3084E-003
    -27.1875     -2.5000       0.1416E-003
    -27.1875     -1.2500       0.3344E-004
    -27.1875      0.0000       0.1691E-005
    -27.1875      1.2500       0.6114E-004
    -27.1875      2.5000       0.2138E-003
    -27.1875      3.7500       0.4468E-003
    -27.1875      5.0000       0.7264E-003
    -27.1875      6.2500       0.9869E-003
    -27.1875      7.5000       0.1158E-002
    -27.1875      8.7500       0.1203E-002
    -27.1875     10.0000       0.1122E-002
    -27.1875     11.2500       0.9335E-003
    -27.1875     12.5000       0.6617E-003
    -27.1875     13.7500       0.3679E-003
    -27.1875     15.0000       0.1317E-003
    -27.1875     16.2500       0.1790E-004
    -27.1875     17.5000       0.1967E-006
    -27.1875     18.7500       0.2144E-011

    -26.2500    -20.0000       0.5091E-011
    -26.2500    -18.7500       0.3320E-010
    -26.2500    -17.5000       0.2710E-006
    -26.2500    -16.2500       0.2531E-004
    -26.2500    -15.0000       0.1864E-003
    -26.2500    -13.7500       0.5233E-003
    -26.2500    -12.5000       0.9424E-003
    -26.2500    -11.2500       0.1326E-002
    -26.2500    -10.0000       0.1585E-002
    -26.2500     -8.7500       0.1691E-002
    -26.2500     -7.5000       0.1620E-002
    -26.2500     -6.2500       0.1375E-002
    -26.2500     -5.0000       0.1007E-002
    -26.2500     -3.7500       0.6253E-003
    -26.2500     -2.5000       0.3153E-003
    -26.2500     -1.2500       0.1169E-003
    -26.2500      0.0000       0.2567E-004
    -26.2500      1.2500       0.1580E-004
    -26.2500      2.5000       0.5514E-004
    -26.2500      3.7500       0.1220E-003
    -26.2500      5.0000       0.1994E-003
    -26.2500      6.2500       0.2663E-003
    -26.2500      7.5000       0.3066E-003
    -26.2500      8.7500       0.3132E-003
    -26.2500     10.0000       0.2869E-003
    -26.2500     11.2500       0.2341E-003
    -26.2500     12.5000       0.1640E-003
    -26.2500     13.7500       0.9177E-004
    -26.2500     15.0000       0.3336E-004
    -26.2500     16.2500       0.4584E-005
    -26.2500     17.5000       0.5087E-007
    -26.2500     18.7500       0.6113E-013

    -25.3125    -20.0000       0.1003E-010
    -25.3125    -18.7500       0.3681E-010
    -25.3125    -17.5000       0.3119E-006
    -25.3125    -16.2500       0.2895E-004
    -25.3125    -15.0000       0.2141E-003
    -25.3125    -13.7500       0.6040E-003
    -25.3125    -12.5000       0.1090E-002
    -25.3125    -11.2500       0.1527E-002
    -25.3125    -10.0000       0.1815E-002
    -25.3125     -8.7500       0.1924E-002
    -25.3125     -7.5000       0.1832E-002
    -25.3125     -6.2500       0.1544E-002
    -25.3125     -5.0000       0.1126E-002
    -25.3125     -3.7500       0.7094E-003
    -25.3125     -2.5000       0.3909E-003
    -25.3125     -1.2500       0.1990E-003
    -25.3125      0.0000       0.1048E-003
    -25.3125      1.2500       0.5898E-004
    -25.3125      2.5000       0.2980E-004
    -25.3125      3.7500       0.1150E-004
    -25.3125      5.0000       0.5325E-005
    -25.3125      6.2500       0.7073E-005
    -25.3125      7.5000       0.1067E-004
    -25.3125      8.7500       0.1294E-004
    -25.3125     10.0000       0.1391E-004
    -25.3125     11.2500       0.1342E-004
    -25.3125     12.5000       0.1043E-004
    -25.3125     13.7500       0.5501E-005
    -25.3125     15.0000       0.1723E-005
    -25.3125     16.2500       0.2154E-006
    -25.3125     17.5000       0.2427E-008
    -25.3125     18.7500       0.5403E-011

    -24.3750    -20.0000       0.1338E-010
    -24.3750    -18.7500       0.3176E-010
    -24.3750    -17.5000       0.2158E-006
    -24.3750    -16.2500       0.1989E-004
    -24.3750    -15.0000       0.1478E-003
    -24.3750    -13.7500       0.4195E-003
    -24.3750    -12.5000       0.7592E-003
    -24.3750    -11.2500       0.1059E-002
    -24.3750    -10.0000       0.1251E-002
    -24.3750     -8.7500       0.1316E-002
    -24.3750     -7.5000       0.1245E-002
    -24.3750     -6.2500       0.1040E-002
    -24.3750     -5.0000       0.7545E-003
    -24.3750     -3.7500       0.4861E-003
    -24.3750     -2.5000       0.3012E-003
    -24.3750     -1.2500       0.2069E-003
    -24.3750      0.0000       0.1687E-003
    -24.3750      1.2500       0.1523E-003
    -24.3750      2.5000       0.1603E-003
    -24.3750      3.7500       0.2139E-003
    -24.3750      5.0000       0.3173E-003
    -24.3750      6.2500       0.4407E-003
    -24.3750      7.5000       0.5344E-003
    -24.3750      8.7500       0.5702E-003
    -24.3750     10.0000       0.5476E-003
    -24.3750     11.2500       0.4685E-003
    -24.3750     12.5000       0.3380E-003
    -24.3750     13.7500       0.1860E-003
    -24.3750     15.0000       0.6491E-004
    -24.3750     16.2500       0.8680E-005
    -24.3750     17.5000       0.9446E-007
    -24.3750     18.7500       0.2024E-010

    -23.4375    -20.0000       0.1272E-010
    -23.4375    -18.7500       0.2057E-010
    -23.4375    -17.5000       0.6817E-007
    -23.4375    -16.2500       0.6182E-005
    -23.4375    -15.0000       0.4640E-004
    -23.4375    -13.7500       0.1334E-003
    -23.4375    -12.5000       0.2430E-003
    -23.4375    -11.2500       0.3359E-003
    -23.4375    -10.0000       0.3907E-003
    -23.4375     -8.7500       0.4049E-003
    -23.4375     -7.5000       0.3778E-003
    -23.4375     -6.2500       0.3096E-003
    -23.4375     -5.0000       0.2223E-003
    -23.4375     -3.7500       0.1536E-003
    -23.4375     -2.5000       0.1259E-003
    -23.4375     -1.2500       0.1335E-003
    -23.4375      0.0000       0.1607E-003
    -23.4375      1.2500       0.2128E-003
    -23.4375      2.5000       0.3305E-003
    -23.4375      3.7500       0.5488E-003
    -23.4375      5.0000       0.8571E-003
    -23.4375      6.2500       0.1180E-002
    -23.4375      7.5000       0.1410E-002
    -23.4375      8.7500       0.1487E-002
    -23.4375     10.0000       0.1411E-002
    -23.4375     11.2500       0.1193E-002
    -23.4375     12.5000       0.8546E-003
    -23.4375     13.7500       0.4724E-003
    -23.4375     15.0000       0.1667E-003
    -23.4375     16.2500       0.2245E-004
    -23.4375     17.5000       0.2451E-006
    -23.4375     18.7500       0.3865E-010

    -22.5000    -20.0000       0.8696E-011
    -22.5000    -18.7500       0.8959E-011
    -22.5000    -17.5000       0.1568E-009
    -22.5000    -16.2500       0.1281E-007
    -22.5000    -15.0000       0.6971E-007
    -22.5000    -13.7500       0.2143E-006
    -22.5000    -12.5000       0.4077E-006
    -22.5000    -11.2500       0.5088E-006
    -22.5000    -10.0000       0.7237E-006
    -22.5000     -8.7500       0.1307E-005
    -22.5000     -7.5000       0.1629E-005
    -22.5000     -6.2500       0.1590E-005
    -22.5000     -5.0000       0.2412E-005
    -22.5000     -3.7500       0.7500E-005
    -22.5000     -2.5000       0.2081E-004
    -22.5000     -1.2500       0.4405E-004
    -22.5000      0.0000       0.8775E-004
    -22.5000      1.2500       0.1867E-003
    -22.5000      2.5000       0.3892E-003
    -22.5000      3.7500       0.7187E-003
    -22.5000      5.0000       0.1145E-002
    -22.5000      6.2500       0.1568E-002
    -22.5000      7.5000       0.1859E-002
    -22.5000      8.7500       0.1949E-002
    -22.5000     10.0000       0.1838E-002
    -22.5000     11.2500       0.1544E-002
    -22.5000     12.5000       0.1101E-002
    -22.5000     13.7500       0.6104E-003
    -22.5000     15.0000       0.2166E-003
    -22.5000     16.2500       0.2929E-004
    -22.5000     17.5000       0.3204E-006
    -22.5000     18.7500       0.5028E-010

    -21.5625    -20.0000       0.4430E-011
    -21.5625    -18.7500       0.1794E-011
    -21.5625    -17.5000       0.7231E-007
    -21.5625    -16.2500       0.6867E-005
    -21.5625    -15.0000       0.5003E-004
    -21.5625    -13.7500       0.1385E-003
    -21.5625    -12.5000       0.2479E-003
    -21.5625    -11.2500       0.3526E-003
    -21.5625    -10.0000       0.4290E-003
    -21.5625     -8.7500       0.4659E-003
    -21.5625     -7.5000       0.4531E-003
    -21.5625     -6.2500       0.3916E-003
    -21.5625     -5.0000       0.2910E-003
    -21.5625     -3.7500       0.1780E-003
    -21.5625     -2.5000       0.7943E-004
    -21.5625     -1.2500       0.1807E-004
    -21.5625      0.0000       0.1480E-004
    -21.5625      1.2500       0.9723E-004
    -21.5625      2.5000       0.2843E-003
    -21.5625      3.7500       0.5728E-003
    -21.5625      5.0000       0.9260E-003
    -21.5625      6.2500       0.1262E-002
    -21.5625      7.5000       0.1485E-002
    -21.5625      8.7500       0.1548E-002
    -21.5625     10.0000       0.1450E-002
    -21.5625     11.2500       0.1210E-002
    -21.5625     12.5000       0.8595E-003
    -21.5625     13.7500       0.4774E-003
    -21.5625     15.0000       0.1704E-003
    -21.5625     16.2500       0.2312E-004
    -21.5625     17.5000       0.2535E-006
    -21.5625     18.7500       0.4811E-010

    -20.6250    -20.0000       0.2853E-011
    -20.6250    -18.7500       0.4308E-013
    -20.6250    -17.5000       0.2205E-006
    -20.6250    -16.2500       0.2065E-004
    -20.6250    -15.0000       0.1518E-003
    -20.6250    -13.7500       0.4250E-003
    -20.6250    -12.5000       0.7646E-003
    -20.6250    -11.2500       0.1078E-002
    -20.6250    -10.0000       0.1293E-002
    -20.6250     -8.7500       0.1383E-002
    -20.6250     -7.5000       0.1329E-002
    -20.6250     -6.2500       0.1131E-002
    -20.6250     -5.0000       0.8307E-003
    -20.6250     -3.7500       0.5131E-003
    -20.6250     -2.5000       0.2496E-003
    -20.6250     -1.2500       0.7865E-004
    -20.6250      0.0000       0.6668E-005
    -20.6250      1.2500       0.2388E-004
    -20.6250      2.5000       0.1089E-003
    -20.6250      3.7500       0.2406E-003
    -20.6250      5.0000       0.3940E-003
    -20.6250      6.2500       0.5315E-003
    -20.6250      7.5000       0.6183E-003
    -20.6250      8.7500       0.6377E-003
    -20.6250     10.0000       0.5903E-003
    -20.6250     11.2500       0.4870E-003
    -20.6250     12.5000       0.3434E-003
    -20.6250     13.7500       0.1915E-003
    -20.6250     15.0000       0.6898E-004
    -20.6250     16.2500       0.9422E-005
    -20.6250     17.5000       0.1038E-006
    -20.6250     18.7500       0.3395E-010

    -19.6875    -20.0000       0.4306E-011
    -19.6875    -18.7500       0.1190E-011
    -19.6875    -17.5000       0.3130E-006
    -19.6875    -16.2500       0.2911E-004
    -19.6875    -15.0000       0.2149E-003
    -19.6875    -13.7500       0.6052E-003
    -19.6875    -12.5000       0.1091E-002
    -19.6875    -11.2500       0.1531E-002
    -19.6875    -10.0000       0.1824E-002
    -19.6875     -8.7500       0.1938E-002
    -19.6875     -7.5000       0.1850E-002
    -19.6875     -6.2500       0.1563E-002
    -19.6875     -5.0000       0.1142E-002
    -19.6875     -3.7500       0.7150E-003
    -19.6875     -2.5000       0.3800E-003
    -19.6875     -1.2500       0.1719E-003
    -19.6875      0.0000       0.7058E-004
    -19.6875      1.2500       0.3187E-004
    -19.6875      2.5000       0.1894E-004
    -19.6875      3.7500       0.1714E-004
    -19.6875      5.0000       0.2153E-004
    -19.6875      6.2500       0.2627E-004
    -19.6875      7.5000       0.2842E-004
    -19.6875      8.7500       0.2721E-004
    -19.6875     10.0000       0.2295E-004
    -19.6875     11.2500       0.1733E-004
    -19.6875     12.5000       0.1159E-004
    -19.6875     13.7500       0.6664E-005
    -19.6875     15.0000       0.2583E-005
    -19.6875     16.2500       0.3719E-006
    -19.6875     17.5000       0.4385E-008
    -19.6875     18.7500       0.1680E-010

    -18.7500    -20.0000       0.6484E-011
    -18.7500    -18.7500       0.2429E-011
    -18.7500    -17.5000       0.2676E-006
    -18.7500    -16.2500       0.2473E-004
    -18.7500    -15.0000       0.1834E-003
    -18.7500    -13.7500       0.5190E-003
    -18.7500    -12.5000       0.9382E-003
    -18.7500    -11.2500       0.1311E-002
    -18.7500    -10.0000       0.1553E-002
    -18.7500     -8.7500       0.1639E-002
    -18.7500     -7.5000       0.1556E-002
    -18.7500     -6.2500       0.1305E-002
    -18.7500     -5.0000       0.9486E-003
    -18.7500     -3.7500       0.6046E-003
    -18.7500     -2.5000       0.3548E-003
    -18.7500     -1.2500       0.2150E-003
    -18.7500      0.0000       0.1497E-003
    -18.7500      1.2500       0.1141E-003
    -18.7500      2.5000       0.9448E-004
    -18.7500      3.7500       0.1015E-003
    -18.7500      5.0000       0.1407E-003
    -18.7500      6.2500       0.1968E-003
    -18.7500      7.5000       0.2423E-003
    -18.7500      8.7500       0.2615E-003
    -18.7500     10.0000       0.2541E-003
    -18.7500     11.2500       0.2200E-003
    -18.7500     12.5000       0.1598E-003
    -18.7500     13.7500       0.8756E-004
    -18.7500     15.0000       0.3025E-004
    -18.7500     16.2500       0.4017E-005
    -18.7500     17.5000       0.4367E-007
    -18.7500     18.7500       0.5749E-011

    -17.8125    -20.0000       0.6727E-011
    -17.8125    -18.7500       0.3588E-011
    -17.8125    -17.5000       0.1247E-006
    -17.8125    -16.2500       0.1140E-004
    -17.8125    -15.0000       0.8511E-004
    -17.8125    -13.7500       0.2430E-003
    -17.8125    -12.5000       0.4411E-003
    -17.8125    -11.2500       0.6128E-003
    -17.8125    -10.0000       0.7188E-003
    -17.8125     -8.7500       0.7510E-003
    -17.8125     -7.5000       0.7063E-003
    -17.8125     -6.2500       0.5850E-003
    -17.8125     -5.0000       0.4222E-003
    -17.8125     -3.7500       0.2798E-003
    -17.8125     -2.5000       0.1965E-003
    -17.8125     -1.2500       0.1696E-003
    -17.8125      0.0000       0.1737E-003
    -17.8125      1.2500       0.1974E-003
    -17.8125      2.5000       0.2683E-003
    -17.8125      3.7500       0.4185E-003
    -17.8125      5.0000       0.6451E-003
    -17.8125      6.2500       0.8907E-003
    -17.8125      7.5000       0.1069E-002
    -17.8125      8.7500       0.1131E-002
    -17.8125     10.0000       0.1077E-002
    -17.8125     11.2500       0.9140E-003
    -17.8125     12.5000       0.6559E-003
    -17.8125     13.7500       0.3621E-003
    -17.8125     15.0000       0.1274E-003
    -17.8125     16.2500       0.1711E-004
    -17.8125     17.5000       0.1867E-006
    -17.8125     18.7500       0.3319E-011

    -16.8750    -20.0000       0.4553E-011
    -16.8750    -18.7500       0.7056E-011
    -16.8750    -17.5000       0.1123E-007
    -16.8750    -16.2500       0.9707E-006
    -16.8750    -15.0000       0.7481E-005
    -16.8750    -13.7500       0.2232E-004
    -16.8750    -12.5000       0.4127E-004
    -16.8750    -11.2500       0.5555E-004
    -16.8750    -10.0000       0.6202E-004
    -16.8750     -8.7500       0.6164E-004
    -16.8750     -7.5000       0.5520E-004
    -16.8750     -6.2500       0.4249E-004
    -16.8750     -5.0000       0.3016E-004
    -16.8750     -3.7500       0.2902E-004
    -16.8750     -2.5000       0.4553E-004
    -16.8750     -1.2500       0.7606E-004
    -16.8750      0.0000       0.1213E-003
    -16.8750      1.2500       0.2078E-003
    -16.8750      2.5000       0.3858E-003
    -16.8750      3.7500       0.6861E-003
    -16.8750      5.0000       0.1086E-002
    -16.8750      6.2500       0.1490E-002
    -16.8750      7.5000       0.1772E-002
    -16.8750      8.7500       0.1861E-002
    -16.8750     10.0000       0.1759E-002
    -16.8750     11.2500       0.1481E-002
    -16.8750     12.5000       0.1058E-002
    -16.8750     13.7500       0.5860E-003
    -16.8750     15.0000       0.2076E-003
    -16.8750     16.2500       0.2802E-004
    -16.8750     17.5000       0.3065E-006
    -16.8750     18.7500       0.4969E-011

    -15.9375    -20.0000       0.2150E-011
    -15.9375    -18.7500       0.1485E-010
    -15.9375    -17.5000       0.2805E-007
    -15.9375    -16.2500       0.2711E-005
    -15.9375    -15.0000       0.1954E-004
    -15.9375    -13.7500       0.5337E-004
    -15.9375    -12.5000       0.9497E-004
    -15.9375    -11.2500       0.1365E-003
    -15.9375    -10.0000       0.1688E-003
    -15.9375     -8.7500       0.1864E-003
    -15.9375     -7.5000       0.1838E-003
    -15.9375     -6.2500       0.1614E-003
    -15.9375     -5.0000       0.1218E-003
    -15.9375     -3.7500       0.7567E-004
    -15.9375     -2.5000       0.3632E-004
    -15.9375     -1.2500       0.1752E-004
    -15.9375      0.0000       0.3901E-004
    -15.9375      1.2500       0.1361E-003
    -15.9375      2.5000       0.3427E-003
    -15.9375      3.7500       0.6668E-003
    -15.9375      5.0000       0.1072E-002
    -15.9375      6.2500       0.1464E-002
    -15.9375      7.5000       0.1728E-002
    -15.9375      8.7500       0.1806E-002
    -15.9375     10.0000       0.1696E-002
    -15.9375     11.2500       0.1420E-002
    -15.9375     12.5000       0.1010E-002
    -15.9375     13.7500       0.5607E-003
    -15.9375     15.0000       0.1996E-003
    -15.9375     16.2500       0.2704E-004
    -15.9375     17.5000       0.2965E-006
    -15.9375     18.7500       0.4691E-011

    -15.0000    -20.0000       0.2371E-011
    -15.0000    -18.7500       0.2562E-010
    -15.0000    -17.5000       0.1602E-006
    -15.0000    -16.2500       0.1508E-004
    -15.0000    -15.0000       0.1106E-003
    -15.0000    -13.7500       0.3085E-003
    -15.0000    -12.5000       0.5543E-003
    -15.0000    -11.2500       0.7834E-003
    -15.0000    -10.0000       0.9435E-003
    -15.0000     -8.7500       0.1014E-002
    -15.0000     -7.5000       0.9770E-003
    -15.0000     -6.2500       0.8355E-003
    -15.0000     -5.0000       0.6154E-003
    -15.0000     -3.7500       0.3781E-003
    -15.0000     -2.5000       0.1770E-003
    -15.0000     -1.2500       0.4604E-004
    -15.0000      0.0000       0.3636E-010
    -15.0000      1.2500       0.4589E-004
    -15.0000      2.5000       0.1773E-003
    -15.0000      3.7500       0.3778E-003
    -15.0000      5.0000       0.6158E-003
    -15.0000      6.2500       0.8351E-003
    -15.0000      7.5000       0.9774E-003
    -15.0000      8.7500       0.1013E-002
    -15.0000     10.0000       0.9437E-003
    -15.0000     11.2500       0.7832E-003
    -15.0000     12.5000       0.5544E-003
    -15.0000     13.7500       0.3085E-003
    -15.0000     15.0000       0.1106E-003
    -15.0000     16.2500       0.1505E-004
    -15.0000     17.5000       0.1656E-006
    -15.0000     18.7500       0.1441E-011

    -14.0625    -20.0000       0.6029E-011
    -14.0625    -18.7500       0.3456E-010
    -14.0625    -17.5000       0.2902E-006
    -14.0625    -16.2500       0.2707E-004
    -14.0625    -15.0000       0.1996E-003
    -14.0625    -13.7500       0.5607E-003
    -14.0625    -12.5000       0.1010E-002
    -14.0625    -11.2500       0.1420E-002
    -14.0625    -10.0000       0.1696E-002
    -14.0625     -8.7500       0.1806E-002
    -14.0625     -7.5000       0.1728E-002
    -14.0625     -6.2500       0.1464E-002
    -14.0625     -5.0000       0.1071E-002
    -14.0625     -3.7500       0.6673E-003
    -14.0625     -2.5000       0.3424E-003
    -14.0625     -1.2500       0.1362E-003
    -14.0625      0.0000       0.3896E-004
    -14.0625      1.2500       0.1746E-004
    -14.0625      2.5000       0.3644E-004
    -14.0625      3.7500       0.7552E-004
    -14.0625      5.0000       0.1220E-003
    -14.0625      6.2500       0.1613E-003
    -14.0625      7.5000       0.1839E-003
    -14.0625      8.7500       0.1863E-003
    -14.0625     10.0000       0.1688E-003
    -14.0625     11.2500       0.1364E-003
    -14.0625     12.5000       0.9501E-004
    -14.0625     13.7500       0.5334E-004
    -14.0625     15.0000       0.1956E-004
    -14.0625     16.2500       0.2703E-005
    -14.0625     17.5000       0.3018E-007
    -14.0625     18.7500       0.3637E-012

    -13.1250    -20.0000       0.1094E-010
    -13.1250    -18.7500       0.3648E-010
    -13.1250    -17.5000       0.3024E-006
    -13.1250    -16.2500       0.2804E-004
    -13.1250    -15.0000       0.2075E-003
    -13.1250    -13.7500       0.5861E-003
    -13.1250    -12.5000       0.1058E-002
    -13.1250    -11.2500       0.1482E-002
    -13.1250    -10.0000       0.1759E-002
    -13.1250     -8.7500       0.1862E-002
    -13.1250     -7.5000       0.1771E-002
    -13.1250     -6.2500       0.1490E-002
    -13.1250     -5.0000       0.1086E-002
    -13.1250     -3.7500       0.6864E-003
    -13.1250     -2.5000       0.3856E-003
    -13.1250     -1.2500       0.2079E-003
    -13.1250      0.0000       0.1213E-003
    -13.1250      1.2500       0.7608E-004
    -13.1250      2.5000       0.4550E-004
    -13.1250      3.7500       0.2905E-004
    -13.1250      5.0000       0.3011E-004
    -13.1250      6.2500       0.4254E-004
    -13.1250      7.5000       0.5516E-004
    -13.1250      8.7500       0.6168E-004
    -13.1250     10.0000       0.6199E-004
    -13.1250     11.2500       0.5557E-004
    -13.1250     12.5000       0.4126E-004
    -13.1250     13.7500       0.2232E-004
    -13.1250     15.0000       0.7476E-005
    -13.1250     16.2500       0.9734E-006
    -13.1250     17.5000       0.1058E-007
    -13.1250     18.7500       0.7687E-011

    -12.1875    -20.0000       0.1359E-010
    -12.1875    -18.7500       0.2985E-010
    -12.1875    -17.5000       0.1861E-006
    -12.1875    -16.2500       0.1712E-004
    -12.1875    -15.0000       0.1274E-003
    -12.1875    -13.7500       0.3621E-003
    -12.1875    -12.5000       0.6559E-003
    -12.1875    -11.2500       0.9140E-003
    -12.1875    -10.0000       0.1077E-002
    -12.1875     -8.7500       0.1131E-002
    -12.1875     -7.5000       0.1069E-002
    -12.1875     -6.2500       0.8908E-003
    -12.1875     -5.0000       0.6451E-003
    -12.1875     -3.7500       0.4186E-003
    -12.1875     -2.5000       0.2683E-003
    -12.1875     -1.2500       0.1974E-003
    -12.1875      0.0000       0.1737E-003
    -12.1875      1.2500       0.1696E-003
    -12.1875      2.5000       0.1964E-003
    -12.1875      3.7500       0.2798E-003
    -12.1875      5.0000       0.4222E-003
    -12.1875      6.2500       0.5850E-003
    -12.1875      7.5000       0.7063E-003
    -12.1875      8.7500       0.7510E-003
    -12.1875     10.0000       0.7187E-003
    -12.1875     11.2500       0.6129E-003
    -12.1875     12.5000       0.4411E-003
    -12.1875     13.7500       0.2430E-003
    -12.1875     15.0000       0.8511E-004
    -12.1875     16.2500       0.1140E-004
    -12.1875     17.5000       0.1242E-006
    -12.1875     18.7500       0.2395E-010

    -11.2500    -20.0000       0.1211E-010
    -11.2500    -18.7500       0.1808E-010
    -11.2500    -17.5000       0.4458E-007
    -11.2500    -16.2500       0.4013E-005
    -11.2500    -15.0000       0.3026E-004
    -11.2500    -13.7500       0.8755E-004
    -11.2500    -12.5000       0.1598E-003
    -11.2500    -11.2500       0.2200E-003
    -11.2500    -10.0000       0.2541E-003
    -11.2500     -8.7500       0.2615E-003
    -11.2500     -7.5000       0.2424E-003
    -11.2500     -6.2500       0.1967E-003
    -11.2500     -5.0000       0.1408E-003
    -11.2500     -3.7500       0.1015E-003
    -11.2500     -2.5000       0.9453E-004
    -11.2500     -1.2500       0.1141E-003
    -11.2500      0.0000       0.1498E-003
    -11.2500      1.2500       0.2149E-003
    -11.2500      2.5000       0.3550E-003
    -11.2500      3.7500       0.6045E-003
    -11.2500      5.0000       0.9487E-003
    -11.2500      6.2500       0.1305E-002
    -11.2500      7.5000       0.1556E-002
    -11.2500      8.7500       0.1639E-002
    -11.2500     10.0000       0.1553E-002
    -11.2500     11.2500       0.1311E-002
    -11.2500     12.5000       0.9383E-003
    -11.2500     13.7500       0.5190E-003
    -11.2500     15.0000       0.1834E-003
    -11.2500     16.2500       0.2472E-004
    -11.2500     17.5000       0.2700E-006
    -11.2500     18.7500       0.4185E-010

    -10.3125    -20.0000       0.7746E-011
    -10.3125    -18.7500       0.7074E-011
    -10.3125    -17.5000       0.3670E-008
    -10.3125    -16.2500       0.3746E-006
    -10.3125    -15.0000       0.2577E-005
    -10.3125    -13.7500       0.6672E-005
    -10.3125    -12.5000       0.1158E-004
    -10.3125    -11.2500       0.1735E-004
    -10.3125    -10.0000       0.2293E-004
    -10.3125     -8.7500       0.2725E-004
    -10.3125     -7.5000       0.2837E-004
    -10.3125     -6.2500       0.2633E-004
    -10.3125     -5.0000       0.2147E-004
    -10.3125     -3.7500       0.1720E-004
    -10.3125     -2.5000       0.1889E-004
    -10.3125     -1.2500       0.3188E-004
    -10.3125      0.0000       0.7063E-004
    -10.3125      1.2500       0.1718E-003
    -10.3125      2.5000       0.3803E-003
    -10.3125      3.7500       0.7147E-003
    -10.3125      5.0000       0.1142E-002
    -10.3125      6.2500       0.1563E-002
    -10.3125      7.5000       0.1850E-002
    -10.3125      8.7500       0.1938E-002
    -10.3125     10.0000       0.1824E-002
    -10.3125     11.2500       0.1531E-002
    -10.3125     12.5000       0.1091E-002
    -10.3125     13.7500       0.6051E-003
    -10.3125     15.0000       0.2150E-003
    -10.3125     16.2500       0.2909E-004
    -10.3125     17.5000       0.3184E-006
    -10.3125     18.7500       0.5103E-010

     -9.3750    -20.0000       0.3842E-011
     -9.3750    -18.7500       0.1056E-011
     -9.3750    -17.5000       0.9981E-007
     -9.3750    -16.2500       0.9438E-005
     -9.3750    -15.0000       0.6895E-004
     -9.3750    -13.7500       0.1915E-003
     -9.3750    -12.5000       0.3434E-003
     -9.3750    -11.2500       0.4871E-003
     -9.3750    -10.0000       0.5902E-003
     -9.3750     -8.7500       0.6379E-003
     -9.3750     -7.5000       0.6180E-003
     -9.3750     -6.2500       0.5318E-003
     -9.3750     -5.0000       0.3936E-003
     -9.3750     -3.7500       0.2409E-003
     -9.3750     -2.5000       0.1087E-003
     -9.3750     -1.2500       0.2400E-004
     -9.3750      0.0000       0.6688E-005
     -9.3750      1.2500       0.7848E-004
     -9.3750      2.5000       0.2499E-003
     -9.3750      3.7500       0.5127E-003
     -9.3750      5.0000       0.8312E-003
     -9.3750      6.2500       0.1131E-002
     -9.3750      7.5000       0.1329E-002
     -9.3750      8.7500       0.1383E-002
     -9.3750     10.0000       0.1293E-002
     -9.3750     11.2500       0.1078E-002
     -9.3750     12.5000       0.7647E-003
     -9.3750     13.7500       0.4250E-003
     -9.3750     15.0000       0.1519E-003
     -9.3750     16.2500       0.2063E-004
     -9.3750     17.5000       0.2263E-006
     -9.3750     18.7500       0.4602E-010

     -8.4375    -20.0000       0.2946E-011
     -8.4375    -18.7500       0.1506E-012
     -8.4375    -17.5000       0.2475E-006
     -8.4375    -16.2500       0.2314E-004
     -8.4375    -15.0000       0.1703E-003
     -8.4375    -13.7500       0.4775E-003
     -8.4375    -12.5000       0.8594E-003
     -8.4375    -11.2500       0.1210E-002
     -8.4375    -10.0000       0.1449E-002
     -8.4375     -8.7500       0.1548E-002
     -8.4375     -7.5000       0.1485E-002
     -8.4375     -6.2500       0.1262E-002
     -8.4375     -5.0000       0.9255E-003
     -8.4375     -3.7500       0.5732E-003
     -8.4375     -2.5000       0.2840E-003
     -8.4375     -1.2500       0.9740E-004
     -8.4375      0.0000       0.1477E-004
     -8.4375      1.2500       0.1797E-004
     -8.4375      2.5000       0.7961E-004
     -8.4375      3.7500       0.1777E-003
     -8.4375      5.0000       0.2913E-003
     -8.4375      6.2500       0.3914E-003
     -8.4375      7.5000       0.4533E-003
     -8.4375      8.7500       0.4657E-003
     -8.4375     10.0000       0.4292E-003
     -8.4375     11.2500       0.3525E-003
     -8.4375     12.5000       0.2479E-003
     -8.4375     13.7500       0.1384E-003
     -8.4375     15.0000       0.5005E-004
     -8.4375     16.2500       0.6853E-005
     -8.4375     17.5000       0.7568E-007
     -8.4375     18.7500       0.3041E-010

     -7.5000    -20.0000       0.4782E-011
     -7.5000    -18.7500       0.1485E-011
     -7.5000    -17.5000       0.3155E-006
     -7.5000    -16.2500       0.2931E-004
     -7.5000    -15.0000       0.2166E-003
     -7.5000    -13.7500       0.6104E-003
     -7.5000    -12.5000       0.1101E-002
     -7.5000    -11.2500       0.1544E-002
     -7.5000    -10.0000       0.1837E-002
     -7.5000     -8.7500       0.1949E-002
     -7.5000     -7.5000       0.1859E-002
     -7.5000     -6.2500       0.1569E-002
     -7.5000     -5.0000       0.1145E-002
     -7.5000     -3.7500       0.7190E-003
     -7.5000     -2.5000       0.3890E-003
     -7.5000     -1.2500       0.1868E-003
     -7.5000      0.0000       0.8769E-004
     -7.5000      1.2500       0.4405E-004
     -7.5000      2.5000       0.2083E-004
     -7.5000      3.7500       0.7479E-005
     -7.5000      5.0000       0.2429E-005
     -7.5000      6.2500       0.1578E-005
     -7.5000      7.5000       0.1638E-005
     -7.5000      8.7500       0.1300E-005
     -7.5000     10.0000       0.7276E-006
     -7.5000     11.2500       0.5067E-006
     -7.5000     12.5000       0.4092E-006
     -7.5000     13.7500       0.2129E-006
     -7.5000     15.0000       0.7075E-007
     -7.5000     16.2500       0.1225E-007
     -7.5000     17.5000       0.3250E-009
     -7.5000     18.7500       0.1390E-010

     -6.5625    -20.0000       0.6746E-011
     -6.5625    -18.7500       0.2614E-011
     -6.5625    -17.5000       0.2434E-006
     -6.5625    -16.2500       0.2246E-004
     -6.5625    -15.0000       0.1667E-003
     -6.5625    -13.7500       0.4725E-003
     -6.5625    -12.5000       0.8546E-003
     -6.5625    -11.2500       0.1193E-002
     -6.5625    -10.0000       0.1411E-002
     -6.5625     -8.7500       0.1487E-002
     -6.5625     -7.5000       0.1410E-002
     -6.5625     -6.2500       0.1180E-002
     -6.5625     -5.0000       0.8570E-003
     -6.5625     -3.7500       0.5489E-003
     -6.5625     -2.5000       0.3304E-003
     -6.5625     -1.2500       0.2128E-003
     -6.5625      0.0000       0.1606E-003
     -6.5625      1.2500       0.1335E-003
     -6.5625      2.5000       0.1259E-003
     -6.5625      3.7500       0.1537E-003
     -6.5625      5.0000       0.2223E-003
     -6.5625      6.2500       0.3096E-003
     -6.5625      7.5000       0.3777E-003
     -6.5625      8.7500       0.4049E-003
     -6.5625     10.0000       0.3907E-003
     -6.5625     11.2500       0.3359E-003
     -6.5625     12.5000       0.2430E-003
     -6.5625     13.7500       0.1335E-003
     -6.5625     15.0000       0.4639E-004
     -6.5625     16.2500       0.6186E-005
     -6.5625     17.5000       0.6731E-007
     -6.5625     18.7500       0.4638E-011

     -5.6250    -20.0000       0.6448E-011
     -5.6250    -18.7500       0.4003E-011
     -5.6250    -17.5000       0.9526E-007
     -5.6250    -16.2500       0.8677E-005
     -5.6250    -15.0000       0.6492E-004
     -5.6250    -13.7500       0.1860E-003
     -5.6250    -12.5000       0.3380E-003
     -5.6250    -11.2500       0.4685E-003
     -5.6250    -10.0000       0.5476E-003
     -5.6250     -8.7500       0.5702E-003
     -5.6250     -7.5000       0.5344E-003
     -5.6250     -6.2500       0.4407E-003
     -5.6250     -5.0000       0.3174E-003
     -5.6250     -3.7500       0.2138E-003
     -5.6250     -2.5000       0.1603E-003
     -5.6250     -1.2500       0.1523E-003
     -5.6250      0.0000       0.1688E-003
     -5.6250      1.2500       0.2068E-003
     -5.6250      2.5000       0.3013E-003
     -5.6250      3.7500       0.4861E-003
     -5.6250      5.0000       0.7546E-003
     -5.6250      6.2500       0.1040E-002
     -5.6250      7.5000       0.1245E-002
     -5.6250      8.7500       0.1316E-002
     -5.6250     10.0000       0.1251E-002
     -5.6250     11.2500       0.1059E-002
     -5.6250     12.5000       0.7593E-003
     -5.6250     13.7500       0.4195E-003
     -5.6250     15.0000       0.1478E-003
     -5.6250     16.2500       0.1988E-004
     -5.6250     17.5000       0.2171E-006
     -5.6250     18.7500       0.3542E-011

     -4.6875    -20.0000       0.3990E-011
     -4.6875    -18.7500       0.8251E-011
     -4.6875    -17.5000       0.2703E-008
     -4.6875    -16.2500       0.2141E-006
     -4.6875    -15.0000       0.1726E-005
     -4.6875    -13.7500       0.5497E-005
     -4.6875    -12.5000       0.1044E-004
     -4.6875    -11.2500       0.1341E-004
     -4.6875    -10.0000       0.1393E-004
     -4.6875     -8.7500       0.1292E-004
     -4.6875     -7.5000       0.1069E-004
     -4.6875     -6.2500       0.7049E-005
     -4.6875     -5.0000       0.5346E-005
     -4.6875     -3.7500       0.1149E-004
     -4.6875     -2.5000       0.2980E-004
     -4.6875     -1.2500       0.5897E-004
     -4.6875      0.0000       0.1049E-003
     -4.6875      1.2500       0.1989E-003
     -4.6875      2.5000       0.3911E-003
     -4.6875      3.7500       0.7090E-003
     -4.6875      5.0000       0.1126E-002
     -4.6875      6.2500       0.1544E-002
     -4.6875      7.5000       0.1833E-002
     -4.6875      8.7500       0.1923E-002
     -4.6875     10.0000       0.1815E-002
     -4.6875     11.2500       0.1527E-002
     -4.6875     12.5000       0.1090E-002
     -4.6875     13.7500       0.6039E-003
     -4.6875     15.0000       0.2141E-003
     -4.6875     16.2500       0.2893E-004
     -4.6875     17.5000       0.3165E-006
     -4.6875     18.7500       0.5201E-011

     -3.7500    -20.0000       0.1915E-011
     -3.7500    -18.7500       0.1688E-010
     -3.7500    -17.5000       0.4803E-007
     -3.7500    -16.2500       0.4596E-005
     -3.7500    -15.0000       0.3334E-004
     -3.7500    -13.7500       0.9181E-004
     -3.7500    -12.5000       0.1640E-003
     -3.7500    -11.2500       0.2342E-003
     -3.7500    -10.0000       0.2867E-003
     -3.7500     -8.7500       0.3134E-003
     -3.7500     -7.5000       0.3064E-003
     -3.7500     -6.2500       0.2666E-003
     -3.7500     -5.0000       0.1992E-003
     -3.7500     -3.7500       0.1222E-003
     -3.7500     -2.5000       0.5499E-004
     -3.7500     -1.2500       0.1588E-004
     -3.7500      0.0000       0.2571E-004
     -3.7500      1.2500       0.1167E-003
     -3.7500      2.5000       0.3156E-003
     -3.7500      3.7500       0.6248E-003
     -3.7500      5.0000       0.1007E-002
     -3.7500      6.2500       0.1374E-002
     -3.7500      7.5000       0.1620E-002
     -3.7500      8.7500       0.1690E-002
     -3.7500     10.0000       0.1586E-002
     -3.7500     11.2500       0.1325E-002
     -3.7500     12.5000       0.9425E-003
     -3.7500     13.7500       0.5232E-003
     -3.7500     15.0000       0.1865E-003
     -3.7500     16.2500       0.2529E-004
     -3.7500     17.5000       0.2773E-006
     -3.7500     18.7500       0.4186E-011

     -2.8125    -20.0000       0.2858E-011
     -2.8125    -18.7500       0.2774E-010
     -2.8125    -17.5000       0.1909E-006
     -2.8125    -16.2500       0.1793E-004
     -2.8125    -15.0000       0.1316E-003
     -2.8125    -13.7500       0.3680E-003
     -2.8125    -12.5000       0.6616E-003
     -2.8125    -11.2500       0.9337E-003
     -2.8125    -10.0000       0.1122E-002
     -2.8125     -8.7500       0.1203E-002
     -2.8125     -7.5000       0.1157E-002
     -2.8125     -6.2500       0.9874E-003
     -2.8125     -5.0000       0.7260E-003
     -2.8125     -3.7500       0.4472E-003
     -2.8125     -2.5000       0.2135E-003
     -2.8125     -1.2500       0.6130E-004
     -2.8125      0.0000       0.1680E-005
     -2.8125      1.2500       0.3331E-004
     -2.8125      2.5000       0.1419E-003
     -2.8125      3.7500       0.3081E-003
     -2.8125      5.0000       0.5036E-003
     -2.8125      6.2500       0.6813E-003
     -2.8125      7.5000       0.7953E-003
     -2.8125      8.7500       0.8226E-003
     -2.8125     10.0000       0.7641E-003
     -2.8125     11.2500       0.6325E-003
     -2.8125     12.5000       0.4469E-003
     -2.8125     13.7500       0.2489E-003
     -2.8125     15.0000       0.8943E-004
     -2.8125     16.2500       0.1219E-004
     -2.8125     17.5000       0.1343E-006
     -2.8125     18.7500       0.8207E-012

     -1.8750    -20.0000       0.7022E-011
     -1.8750    -18.7500       0.3562E-010
     -1.8750    -17.5000       0.3043E-006
     -1.8750    -16.2500       0.2835E-004
     -1.8750    -15.0000       0.2092E-003
     -1.8750    -13.7500       0.5884E-003
     -1.8750    -12.5000       0.1061E-002
     -1.8750    -11.2500       0.1489E-002
     -1.8750    -10.0000       0.1776E-002
     -1.8750     -8.7500       0.1889E-002
     -1.8750     -7.5000       0.1806E-002
     -1.8750     -6.2500       0.1528E-002
     -1.8750     -5.0000       0.1117E-002
     -1.8750     -3.7500       0.6976E-003
     -1.8750     -2.5000       0.3643E-003
     -1.8750     -1.2500       0.1548E-003
     -1.8750      0.0000       0.5413E-004
     -1.8750      1.2500       0.2289E-004
     -1.8750      2.5000       0.2421E-004
     -1.8750      3.7500       0.4012E-004
     -1.8750      5.0000       0.6190E-004
     -1.8750      6.2500       0.8020E-004
     -1.8750      7.5000       0.8998E-004
     -1.8750      8.7500       0.8968E-004
     -1.8750     10.0000       0.7973E-004
     -1.8750     11.2500       0.6323E-004
     -1.8750     12.5000       0.4353E-004
     -1.8750     13.7500       0.2460E-004
     -1.8750     15.0000       0.9162E-005
     -1.8750     16.2500       0.1280E-005
     -1.8750     17.5000       0.1450E-007
     -1.8750     18.7500       0.1023E-011

     -0.9375    -20.0000       0.1175E-010
     -0.9375    -18.7500       0.3580E-010
     -0.9375    -17.5000       0.2875E-006
     -0.9375    -16.2500       0.2661E-004
     -0.9375    -15.0000       0.1972E-003
     -0.9375    -13.7500       0.5574E-003
     -0.9375    -12.5000       0.1007E-002
     -0.9375    -11.2500       0.1409E-002
     -0.9375    -10.0000       0.1670E-002
     -0.9375     -8.7500       0.1765E-002
     -0.9375     -7.5000       0.1678E-002
     -0.9375     -6.2500       0.1410E-002
     -0.9375     -5.0000       0.1026E-002
     -0.9375     -3.7500       0.6510E-003
     -0.9375     -2.5000       0.3735E-003
     -0.9375     -1.2500       0.2134E-003
     -0.9375      0.0000       0.1364E-003
     -0.9375      1.2500       0.9468E-004
     -0.9375      2.5000       0.6735E-004
     -0.9375      3.7500       0.5946E-004
     -0.9375      5.0000       0.7583E-004
     -0.9375      6.2500       0.1066E-003
     -0.9375      7.5000       0.1334E-003
     -0.9375      8.7500       0.1456E-003
     -0.9375     10.0000       0.1431E-003
     -0.9375     11.2500       0.1253E-003
     -0.9375     12.5000       0.9171E-004
     -0.9375     13.7500       0.5003E-004
     -0.9375     15.0000       0.1711E-004
     -0.9375     16.2500       0.2257E-005
     -0.9375     17.5000       0.2449E-007
     -0.9375     18.7500       0.1036E-010

      0.0000    -20.0000       0.1363E-010
      0.0000    -18.7500       0.2773E-010
      0.0000    -17.5000       0.1553E-006
      0.0000    -16.2500       0.1425E-004
      0.0000    -15.0000       0.1062E-003
      0.0000    -13.7500       0.3025E-003
      0.0000    -12.5000       0.5485E-003
      0.0000    -11.2500       0.7633E-003
      0.0000    -10.0000       0.8975E-003
      0.0000     -8.7500       0.9404E-003
      0.0000     -7.5000       0.8867E-003
      0.0000     -6.2500       0.7370E-003
      0.0000     -5.0000       0.5329E-003
      0.0000     -3.7500       0.3489E-003
      0.0000     -2.5000       0.2329E-003
      0.0000     -1.2500       0.1849E-003
      0.0000      0.0000       0.1754E-003
      0.0000      1.2500       0.1849E-003
      0.0000      2.5000       0.2329E-003
      0.0000      3.7500       0.3489E-003
      0.0000      5.0000       0.5329E-003
      0.0000      6.2500       0.7370E-003
      0.0000      7.5000       0.8867E-003
      0.0000      8.7500       0.9404E-003
      0.0000     10.0000       0.8975E-003
      0.0000     11.2500       0.7633E-003
      0.0000     12.5000       0.5485E-003
      0.0000     13.7500       0.3025E-003
      0.0000     15.0000       0.1062E-003
      0.0000     16.2500       0.1425E-004
      0.0000     17.5000       0.1553E-006
      0.0000     18.7500       0.2773E-010

      0.9375    -20.0000       0.1137E-010
      0.9375    -18.7500       0.1564E-010
      0.9375    -17.5000       0.2535E-007
      0.9375    -16.2500       0.2254E-005
      0.9375    -15.0000       0.1712E-004
      0.9375    -13.7500       0.5002E-004
      0.9375    -12.5000       0.9172E-004
      0.9375    -11.2500       0.1253E-003
      0.9375    -10.0000       0.1431E-003
      0.9375     -8.7500       0.1456E-003
      0.9375     -7.5000       0.1334E-003
      0.9375     -6.2500       0.1065E-003
      0.9375     -5.0000       0.7590E-004
      0.9375     -3.7500       0.5940E-004
      0.9375     -2.5000       0.6738E-004
      0.9375     -1.2500       0.9466E-004
      0.9375      0.0000       0.1365E-003
      0.9375      1.2500       0.2133E-003
      0.9375      2.5000       0.3736E-003
      0.9375      3.7500       0.6508E-003
      0.9375      5.0000       0.1026E-002
      0.9375      6.2500       0.1409E-002
      0.9375      7.5000       0.1678E-002
      0.9375      8.7500       0.1765E-002
      0.9375     10.0000       0.1670E-002
      0.9375     11.2500       0.1409E-002
      0.9375     12.5000       0.1007E-002
      0.9375     13.7500       0.5574E-003
      0.9375     15.0000       0.1972E-003
      0.9375     16.2500       0.2660E-004
      0.9375     17.5000       0.2906E-006
      0.9375     18.7500       0.4467E-010

      1.8750    -20.0000       0.6817E-011
      1.8750    -18.7500       0.5405E-011
      1.8750    -17.5000       0.1311E-007
      1.8750    -16.2500       0.1286E-005
      1.8750    -15.0000       0.9151E-005
      1.8750    -13.7500       0.2462E-004
      1.8750    -12.5000       0.4351E-004
      1.8750    -11.2500       0.6327E-004
      1.8750    -10.0000       0.7967E-004
      1.8750     -8.7500       0.8975E-004
      1.8750     -7.5000       0.8989E-004
      1.8750     -6.2500       0.8030E-004
      1.8750     -5.0000       0.6179E-004
      1.8750     -3.7500       0.4022E-004
      1.8750     -2.5000       0.2413E-004
      1.8750     -1.2500       0.2292E-004
      1.8750      0.0000       0.5418E-004
      1.8750      1.2500       0.1547E-003
      1.8750      2.5000       0.3646E-003
      1.8750      3.7500       0.6972E-003
      1.8750      5.0000       0.1117E-002
      1.8750      6.2500       0.1528E-002
      1.8750      7.5000       0.1806E-002
      1.8750      8.7500       0.1889E-002
      1.8750     10.0000       0.1777E-002
      1.8750     11.2500       0.1489E-002
      1.8750     12.5000       0.1061E-002
      1.8750     13.7500       0.5883E-003
      1.8750     15.0000       0.2092E-003
      1.8750     16.2500       0.2833E-004
      1.8750     17.5000       0.3102E-006
      1.8750     18.7500       0.5118E-010

      2.8125    -20.0000       0.3385E-011
      2.8125    -18.7500       0.5336E-012
      2.8125    -17.5000       0.1295E-006
      2.8125    -16.2500       0.1221E-004
      2.8125    -15.0000       0.8939E-004
      2.8125    -13.7500       0.2489E-003
      2.8125    -12.5000       0.4469E-003
      2.8125    -11.2500       0.6326E-003
      2.8125    -10.0000       0.7639E-003
      2.8125     -8.7500       0.8229E-003
      2.8125     -7.5000       0.7950E-003
      2.8125     -6.2500       0.6817E-003
      2.8125     -5.0000       0.5032E-003
      2.8125     -3.7500       0.3084E-003
      2.8125     -2.5000       0.1416E-003
      2.8125     -1.2500       0.3344E-004
      2.8125      0.0000       0.1691E-005
      2.8125      1.2500       0.6114E-004
      2.8125      2.5000       0.2138E-003
      2.8125      3.7500       0.4469E-003
      2.8125      5.0000       0.7264E-003
      2.8125      6.2500       0.9870E-003
      2.8125      7.5000       0.1158E-002
      2.8125      8.7500       0.1203E-002
      2.8125     10.0000       0.1122E-002
      2.8125     11.2500       0.9335E-003
      2.8125     12.5000       0.6617E-003
      2.8125     13.7500       0.3679E-003
      2.8125     15.0000       0.1317E-003
      2.8125     16.2500       0.1790E-004
      2.8125     17.5000       0.1966E-006
      2.8125     18.7500       0.4348E-010

      3.7500    -20.0000       0.3157E-011
      3.7500    -18.7500       0.3459E-012
      3.7500    -17.5000       0.2711E-006
      3.7500    -16.2500       0.2531E-004
      3.7500    -15.0000       0.1864E-003
      3.7500    -13.7500       0.5233E-003
      3.7500    -12.5000       0.9424E-003
      3.7500    -11.2500       0.1326E-002
      3.7500    -10.0000       0.1585E-002
      3.7500     -8.7500       0.1691E-002
      3.7500     -7.5000       0.1620E-002
      3.7500     -6.2500       0.1375E-002
      3.7500     -5.0000       0.1007E-002
      3.7500     -3.7500       0.6253E-003
      3.7500     -2.5000       0.3153E-003
      3.7500     -1.2500       0.1169E-003
      3.7500      0.0000       0.2568E-004
      3.7500      1.2500       0.1580E-004
      3.7500      2.5000       0.5514E-004
      3.7500      3.7500       0.1220E-003
      3.7500      5.0000       0.1994E-003
      3.7500      6.2500       0.2663E-003
      3.7500      7.5000       0.3066E-003
      3.7500      8.7500       0.3132E-003
      3.7500     10.0000       0.2869E-003
      3.7500     11.2500       0.2341E-003
      3.7500     12.5000       0.1640E-003
      3.7500     13.7500       0.9177E-004
      3.7500     15.0000       0.3336E-004
      3.7500     16.2500       0.4585E-005
      3.7500     17.5000       0.5079E-007
      3.7500     18.7500       0.2685E-010

      4.6875    -20.0000       0.5263E-011
      4.6875    -18.7500       0.1760E-011
      4.6875    -17.5000       0.3120E-006
      4.6875    -16.2500       0.2895E-004
      4.6875    -15.0000       0.2141E-003
      4.6875    -13.7500       0.6040E-003
      4.6875    -12.5000       0.1090E-002
      4.6875    -11.2500       0.1527E-002
      4.6875    -10.0000       0.1815E-002
      4.6875     -8.7500       0.1924E-002
      4.6875     -7.5000       0.1832E-002
      4.6875     -6.2500       0.1544E-002
      4.6875     -5.0000       0.1126E-002
      4.6875     -3.7500       0.7094E-003
      4.6875     -2.5000       0.3909E-003
      4.6875     -1.2500       0.1990E-003
      4.6875      0.0000       0.1048E-003
      4.6875      1.2500       0.5898E-004
      4.6875      2.5000       0.2980E-004
      4.6875      3.7500       0.1150E-004
      4.6875      5.0000       0.5325E-005
      4.6875      6.2500       0.7073E-005
      4.6875      7.5000       0.1067E-004
      4.6875      8.7500       0.1294E-004
      4.6875     10.0000       0.1391E-004
      4.6875     11.2500       0.1342E-004
      4.6875     12.5000       0.1043E-004
      4.6875     13.7500       0.5501E-005
      4.6875     15.0000       0.1723E-005
      4.6875     16.2500       0.2153E-006
      4.6875     17.5000       0.2420E-008
      4.6875     18.7500       0.1132E-010

      5.6250    -20.0000       0.6908E-011
      5.6250    -18.7500       0.2802E-011
      5.6250    -17.5000       0.2159E-006
      5.6250    -16.2500       0.1989E-004
      5.6250    -15.0000       0.1478E-003
      5.6250    -13.7500       0.4195E-003
      5.6250    -12.5000       0.7592E-003
      5.6250    -11.2500       0.1059E-002
      5.6250    -10.0000       0.1251E-002
      5.6250     -8.7500       0.1316E-002
      5.6250     -7.5000       0.1245E-002
      5.6250     -6.2500       0.1040E-002
      5.6250     -5.0000       0.7545E-003
      5.6250     -3.7500       0.4861E-003
      5.6250     -2.5000       0.3012E-003
      5.6250     -1.2500       0.2069E-003
      5.6250      0.0000       0.1687E-003
      5.6250      1.2500       0.1523E-003
      5.6250      2.5000       0.1603E-003
      5.6250      3.7500       0.2139E-003
      5.6250      5.0000       0.3173E-003
      5.6250      6.2500       0.4407E-003
      5.6250      7.5000       0.5344E-003
      5.6250      8.7500       0.5702E-003
      5.6250     10.0000       0.5476E-003
      5.6250     11.2500       0.4685E-003
      5.6250     12.5000       0.3380E-003
      5.6250     13.7500       0.1860E-003
      5.6250     15.0000       0.6491E-004
      5.6250     16.2500       0.8680E-005
      5.6250     17.5000       0.9453E-007
      5.6250     18.7500       0.3878E-011

      6.5625    -20.0000       0.6073E-011
      6.5625    -18.7500       0.4537E-011
      6.5625    -17.5000       0.6822E-007
      6.5625    -16.2500       0.6182E-005
      6.5625    -15.0000       0.4640E-004
      6.5625    -13.7500       0.1334E-003
      6.5625    -12.5000       0.2430E-003
      6.5625    -11.2500       0.3359E-003
      6.5625    -10.0000       0.3907E-003
      6.5625     -8.7500       0.4049E-003
      6.5625     -7.5000       0.3778E-003
      6.5625     -6.2500       0.3096E-003
      6.5625     -5.0000       0.2223E-003
      6.5625     -3.7500       0.1536E-003
      6.5625     -2.5000       0.1259E-003
      6.5625     -1.2500       0.1335E-003
      6.5625      0.0000       0.1607E-003
      6.5625      1.2500       0.2128E-003
      6.5625      2.5000       0.3305E-003
      6.5625      3.7500       0.5488E-003
      6.5625      5.0000       0.8571E-003
      6.5625      6.2500       0.1180E-002
      6.5625      7.5000       0.1410E-002
      6.5625      8.7500       0.1487E-002
      6.5625     10.0000       0.1411E-002
      6.5625     11.2500       0.1193E-002
      6.5625     12.5000       0.8546E-003
      6.5625     13.7500       0.4724E-003
      6.5625     15.0000       0.1667E-003
      6.5625     16.2500       0.2245E-004
      6.5625     17.5000       0.2452E-006
      6.5625     18.7500       0.3875E-011

      7.5000    -20.0000       0.3442E-011
      7.5000    -18.7500       0.9634E-011
      7.5000    -17.5000       0.1412E-009
      7.5000    -16.2500       0.1286E-007
      7.5000    -15.0000       0.6965E-007
      7.5000    -13.7500       0.2144E-006
      7.5000    -12.5000       0.4076E-006
      7.5000    -11.2500       0.5089E-006
      7.5000    -10.0000       0.7237E-006
      7.5000     -8.7500       0.1307E-005
      7.5000     -7.5000       0.1629E-005
      7.5000     -6.2500       0.1590E-005
      7.5000     -5.0000       0.2412E-005
      7.5000     -3.7500       0.7500E-005
      7.5000     -2.5000       0.2081E-004
      7.5000     -1.2500       0.4405E-004
      7.5000      0.0000       0.8775E-004
      7.5000      1.2500       0.1867E-003
      7.5000      2.5000       0.3892E-003
      7.5000      3.7500       0.7187E-003
      7.5000      5.0000       0.1145E-002
      7.5000      6.2500       0.1568E-002
      7.5000      7.5000       0.1859E-002
      7.5000      8.7500       0.1949E-002
      7.5000     10.0000       0.1838E-002
      7.5000     11.2500       0.1544E-002
      7.5000     12.5000       0.1101E-002
      7.5000     13.7500       0.6104E-003
      7.5000     15.0000       0.2166E-003
      7.5000     16.2500       0.2929E-004
      7.5000     17.5000       0.3206E-006
      7.5000     18.7500       0.5306E-011

      8.4375    -20.0000       0.1809E-011
      8.4375    -18.7500       0.1901E-010
      8.4375    -17.5000       0.7223E-007
      8.4375    -16.2500       0.6867E-005
      8.4375    -15.0000       0.5002E-004
      8.4375    -13.7500       0.1385E-003
      8.4375    -12.5000       0.2479E-003
      8.4375    -11.2500       0.3526E-003
      8.4375    -10.0000       0.4290E-003
      8.4375     -8.7500       0.4659E-003
      8.4375     -7.5000       0.4531E-003
      8.4375     -6.2500       0.3916E-003
      8.4375     -5.0000       0.2910E-003
      8.4375     -3.7500       0.1780E-003
      8.4375     -2.5000       0.7943E-004
      8.4375     -1.2500       0.1807E-004
      8.4375      0.0000       0.1480E-004
      8.4375      1.2500       0.9723E-004
      8.4375      2.5000       0.2843E-003
      8.4375      3.7500       0.5728E-003
      8.4375      5.0000       0.9260E-003
      8.4375      6.2500       0.1262E-002
      8.4375      7.5000       0.1485E-002
      8.4375      8.7500       0.1548E-002
      8.4375     10.0000       0.1450E-002
      8.4375     11.2500       0.1210E-002
      8.4375     12.5000       0.8595E-003
      8.4375     13.7500       0.4774E-003
      8.4375     15.0000       0.1704E-003
      8.4375     16.2500       0.2312E-004
      8.4375     17.5000       0.2537E-006
      8.4375     18.7500       0.3567E-011

      9.3750    -20.0000       0.3484E-011
      9.3750    -18.7500       0.2975E-010
      9.3750    -17.5000       0.2204E-006
      9.3750    -16.2500       0.2065E-004
      9.3750    -15.0000       0.1518E-003
      9.3750    -13.7500       0.4250E-003
      9.3750    -12.5000       0.7646E-003
      9.3750    -11.2500       0.1078E-002
      9.3750    -10.0000       0.1293E-002
      9.3750     -8.7500       0.1383E-002
      9.3750     -7.5000       0.1329E-002
      9.3750     -6.2500       0.1131E-002
      9.3750     -5.0000       0.8307E-003
      9.3750     -3.7500       0.5131E-003
      9.3750     -2.5000       0.2496E-003
      9.3750     -1.2500       0.7865E-004
      9.3750      0.0000       0.6667E-005
      9.3750      1.2500       0.2388E-004
      9.3750      2.5000       0.1089E-003
      9.3750      3.7500       0.2406E-003
      9.3750      5.0000       0.3940E-003
      9.3750      6.2500       0.5315E-003
      9.3750      7.5000       0.6183E-003
      9.3750      8.7500       0.6377E-003
      9.3750     10.0000       0.5903E-003
      9.3750     11.2500       0.4870E-003
      9.3750     12.5000       0.3434E-003
      9.3750     13.7500       0.1915E-003
      9.3750     15.0000       0.6898E-004
      9.3750     16.2500       0.9421E-005
      9.3750     17.5000       0.1039E-006
      9.3750     18.7500       0.3441E-012

     10.3125    -20.0000       0.8040E-011
     10.3125    -18.7500       0.3637E-010
     10.3125    -17.5000       0.3128E-006
     10.3125    -16.2500       0.2911E-004
     10.3125    -15.0000       0.2149E-003
     10.3125    -13.7500       0.6052E-003
     10.3125    -12.5000       0.1091E-002
     10.3125    -11.2500       0.1531E-002
     10.3125    -10.0000       0.1824E-002
     10.3125     -8.7500       0.1938E-002
     10.3125     -7.5000       0.1850E-002
     10.3125     -6.2500       0.1563E-002
     10.3125     -5.0000       0.1142E-002
     10.3125     -3.7500       0.7150E-003
     10.3125     -2.5000       0.3800E-003
     10.3125     -1.2500       0.1719E-003
     10.3125      0.0000       0.7058E-004
     10.3125      1.2500       0.3187E-004
     10.3125      2.5000       0.1894E-004
     10.3125      3.7500       0.1714E-004
     10.3125      5.0000       0.2153E-004
     10.3125      6.2500       0.2627E-004
     10.3125      7.5000       0.2842E-004
     10.3125      8.7500       0.2721E-004
     10.3125     10.0000       0.2295E-004
     10.3125     11.2500       0.1733E-004
     10.3125     12.5000       0.1159E-004
     10.3125     13.7500       0.6664E-005
     10.3125     15.0000       0.2583E-005
     10.3125     16.2500       0.3718E-006
     10.3125     17.5000       0.4423E-008
     10.3125     18.7500       0.2071E-011

     11.2500    -20.0000       0.1244E-010
     11.2500    -18.7500       0.3477E-010
     11.2500    -17.5000       0.2675E-006
     11.2500    -16.2500       0.2473E-004
     11.2500    -15.0000       0.1834E-003
     11.2500    -13.7500       0.5190E-003
     11.2500    -12.5000       0.9382E-003
     11.2500    -11.2500       0.1311E-002
     11.2500    -10.0000       0.1553E-002
     11.2500     -8.7500       0.1639E-002
     11.2500     -7.5000       0.1556E-002
     11.2500     -6.2500       0.1305E-002
     11.2500     -5.0000       0.9486E-003
     11.2500     -3.7500       0.6046E-003
     11.2500     -2.5000       0.3548E-003
     11.2500     -1.2500       0.2150E-003
     11.2500      0.0000       0.1497E-003
     11.2500      1.2500       0.1141E-003
     11.2500      2.5000       0.9448E-004
     11.2500      3.7500       0.1015E-003
     11.2500      5.0000       0.1407E-003
     11.2500      6.2500       0.1968E-003
     11.2500      7.5000       0.2423E-003
     11.2500      8.7500       0.2615E-003
     11.2500     10.0000       0.2541E-003
     11.2500     11.2500       0.2200E-003
     11.2500     12.5000       0.1598E-003
     11.2500     13.7500       0.8756E-004
     11.2500     15.0000       0.3025E-004
     11.2500     16.2500       0.4017E-005
     11.2500     17.5000       0.4363E-007
     11.2500     18.7500       0.1337E-010

     12.1875    -20.0000       0.1350E-010
     12.1875    -18.7500       0.2544E-010
     12.1875    -17.5000       0.1246E-006
     12.1875    -16.2500       0.1140E-004
     12.1875    -15.0000       0.8511E-004
     12.1875    -13.7500       0.2430E-003
     12.1875    -12.5000       0.4411E-003
     12.1875    -11.2500       0.6128E-003
     12.1875    -10.0000       0.7188E-003
     12.1875     -8.7500       0.7510E-003
     12.1875     -7.5000       0.7063E-003
     12.1875     -6.2500       0.5850E-003
     12.1875     -5.0000       0.4222E-003
     12.1875     -3.7500       0.2798E-003
     12.1875     -2.5000       0.1965E-003
     12.1875     -1.2500       0.1696E-003
     12.1875      0.0000       0.1737E-003
     12.1875      1.2500       0.1974E-003
     12.1875      2.5000       0.2683E-003
     12.1875      3.7500       0.4185E-003
     12.1875      5.0000       0.6451E-003
     12.1875      6.2500       0.8907E-003
     12.1875      7.5000       0.1069E-002
     12.1875      8.7500       0.1131E-002
     12.1875     10.0000       0.1077E-002
     12.1875     11.2500       0.9140E-003
     12.1875     12.5000       0.6559E-003
     12.1875     13.7500       0.3621E-003
     12.1875     15.0000       0.1274E-003
     12.1875     16.2500       0.1711E-004
     12.1875     17.5000       0.1866E-006
     12.1875     18.7500       0.3151E-010

     13.1250    -20.0000       0.1054E-010
     13.1250    -18.7500       0.1327E-010
     13.1250    -17.5000       0.1121E-007
     13.1250    -16.2500       0.9707E-006
     13.1250    -15.0000       0.7481E-005
     13.1250    -13.7500       0.2232E-004
     13.1250    -12.5000       0.4127E-004
     13.1250    -11.2500       0.5555E-004
     13.1250    -10.0000       0.6202E-004
     13.1250     -8.7500       0.6164E-004
     13.1250     -7.5000       0.5520E-004
     13.1250     -6.2500       0.4249E-004
     13.1250     -5.0000       0.3016E-004
     13.1250     -3.7500       0.2902E-004
     13.1250     -2.5000       0.4553E-004
     13.1250     -1.2500       0.7606E-004
     13.1250      0.0000       0.1213E-003
     13.1250      1.2500       0.2078E-003
     13.1250      2.5000       0.3858E-003
     13.1250      3.7500       0.6861E-003
     13.1250      5.0000       0.1086E-002
     13.1250      6.2500       0.1490E-002
     13.1250      7.5000       0.1772E-002
     13.1250      8.7500       0.1861E-002
     13.1250     10.0000       0.1759E-002
     13.1250     11.2500       0.1481E-002
     13.1250     12.5000       0.1058E-002
     13.1250     13.7500       0.5860E-003
     13.1250     15.0000       0.2076E-003
     13.1250     16.2500       0.2802E-004
     13.1250     17.5000       0.3063E-006
     13.1250     18.7500       0.4706E-010

     14.0625    -20.0000       0.5938E-011
     14.0625    -18.7500       0.3964E-011
     14.0625    -17.5000       0.2811E-007
     14.0625    -16.2500       0.2711E-005
     14.0625    -15.0000       0.1954E-004
     14.0625    -13.7500       0.5337E-004
     14.0625    -12.5000       0.9497E-004
     14.0625    -11.2500       0.1365E-003
     14.0625    -10.0000       0.1688E-003
     14.0625     -8.7500       0.1864E-003
     14.0625     -7.5000       0.1838E-003
     14.0625     -6.2500       0.1614E-003
     14.0625     -5.0000       0.1218E-003
     14.0625     -3.7500       0.7567E-004
     14.0625     -2.5000       0.3632E-004
     14.0625     -1.2500       0.1752E-004
     14.0625      0.0000       0.3901E-004
     14.0625      1.2500       0.1361E-003
     14.0625      2.5000       0.3427E-003
     14.0625      3.7500       0.6668E-003
     14.0625      5.0000       0.1072E-002
     14.0625      6.2500       0.1464E-002
     14.0625      7.5000       0.1728E-002
     14.0625      8.7500       0.1806E-002
     14.0625     10.0000       0.1696E-002
     14.0625     11.2500       0.1420E-002
     14.0625     12.5000       0.1010E-002
     14.0625     13.7500       0.5607E-003
     14.0625     15.0000       0.1996E-003
     14.0625     16.2500       0.2705E-004
     14.0625     17.5000       0.2963E-006
     14.0625     18.7500       0.5073E-010

     15.0000    -20.0000       0.3067E-011
     15.0000    -18.7500       0.2068E-012
     15.0000    -17.5000       0.1604E-006
     15.0000    -16.2500       0.1508E-004
     15.0000    -15.0000       0.1106E-003
     15.0000    -13.7500       0.3085E-003
     15.0000    -12.5000       0.5543E-003
     15.0000    -11.2500       0.7834E-003
     15.0000    -10.0000       0.9435E-003
     15.0000     -8.7500       0.1014E-002
     15.0000     -7.5000       0.9770E-003
     15.0000     -6.2500       0.8355E-003
     15.0000     -5.0000       0.6154E-003
     15.0000     -3.7500       0.3781E-003
     15.0000     -2.5000       0.1770E-003
     15.0000     -1.2500       0.4604E-004
     15.0000      0.0000       0.3638E-010
     15.0000      1.2500       0.4589E-004
     15.0000      2.5000       0.1773E-003
     15.0000      3.7500       0.3778E-003
     15.0000      5.0000       0.6158E-003
     15.0000      6.2500       0.8351E-003
     15.0000      7.5000       0.9774E-003
     15.0000      8.7500       0.1013E-002
     15.0000     10.0000       0.9437E-003
     15.0000     11.2500       0.7832E-003
     15.0000     12.5000       0.5544E-003
     15.0000     13.7500       0.3085E-003
     15.0000     15.0000       0.1106E-003
     15.0000     16.2500       0.1505E-004
     15.0000     17.5000       0.1655E-006
     15.0000     18.7500       0.4057E-010

     15.9375    -20.0000       0.3469E-011
     15.9375    -18.7500       0.6009E-012
     15.9375    -17.5000       0.2904E-006
     15.9375    -16.2500       0.2707E-004
     15.9375    -15.0000       0.1996E-003
     15.9375    -13.7500       0.5607E-003
     15.9375    -12.5000       0.1010E-002
     15.9375    -11.2500       0.1420E-002
     15.9375    -10.0000       0.1696E-002
     15.9375     -8.7500       0.1806E-002
     15.9375     -7.5000       0.1728E-002
     15.9375     -6.2500       0.1464E-002
     15.9375     -5.0000       0.1071E-002
     15.9375     -3.7500       0.6673E-003
     15.9375     -2.5000       0.3424E-003
     15.9375     -1.2500       0.1362E-003
     15.9375      0.0000       0.3896E-004
     15.9375      1.2500       0.1746E-004
     15.9375      2.5000       0.3644E-004
     15.9375      3.7500       0.7552E-004
     15.9375      5.0000       0.1220E-003
     15.9375      6.2500       0.1613E-003
     15.9375      7.5000       0.1839E-003
     15.9375      8.7500       0.1863E-003
     15.9375     10.0000       0.1688E-003
     15.9375     11.2500       0.1364E-003
     15.9375     12.5000       0.9500E-004
     15.9375     13.7500       0.5334E-004
     15.9375     15.0000       0.1956E-004
     15.9375     16.2500       0.2703E-005
     15.9375     17.5000       0.3011E-007
     15.9375     18.7500       0.2334E-010

     16.8750    -20.0000       0.5723E-011
     16.8750    -18.7500       0.2009E-011
     16.8750    -17.5000       0.3026E-006
     16.8750    -16.2500       0.2804E-004
     16.8750    -15.0000       0.2075E-003
     16.8750    -13.7500       0.5861E-003
     16.8750    -12.5000       0.1058E-002
     16.8750    -11.2500       0.1482E-002
     16.8750    -10.0000       0.1759E-002
     16.8750     -8.7500       0.1862E-002
     16.8750     -7.5000       0.1771E-002
     16.8750     -6.2500       0.1490E-002
     16.8750     -5.0000       0.1086E-002
     16.8750     -3.7500       0.6864E-003
     16.8750     -2.5000       0.3856E-003
     16.8750     -1.2500       0.2079E-003
     16.8750      0.0000       0.1213E-003
     16.8750      1.2500       0.7608E-004
     16.8750      2.5000       0.4550E-004
     16.8750      3.7500       0.2905E-004
     16.8750      5.0000       0.3011E-004
     16.8750      6.2500       0.4254E-004
     16.8750      7.5000       0.5516E-004
     16.8750      8.7500       0.6168E-004
     16.8750     10.0000       0.6199E-004
     16.8750     11.2500       0.5557E-004
     16.8750     12.5000       0.4126E-004
     16.8750     13.7500       0.2232E-004
     16.8750     15.0000       0.7476E-005
     16.8750     16.2500       0.9733E-006
     16.8750     17.5000       0.1059E-007
     16.8750     18.7500       0.9089E-011

     17.8125    -20.0000       0.6961E-011
     17.8125    -18.7500       0.3012E-011
     17.8125    -17.5000       0.1862E-006
     17.8125    -16.2500       0.1712E-004
     17.8125    -15.0000       0.1274E-003
     17.8125    -13.7500       0.3621E-003
     17.8125    -12.5000       0.6559E-003
     17.8125    -11.2500       0.9140E-003
     17.8125    -10.0000       0.1077E-002
     17.8125     -8.7500       0.1131E-002
     17.8125     -7.5000       0.1069E-002
     17.8125     -6.2500       0.8908E-003
     17.8125     -5.0000       0.6451E-003
     17.8125     -3.7500       0.4186E-003
     17.8125     -2.5000       0.2683E-003
     17.8125     -1.2500       0.1974E-003
     17.8125      0.0000       0.1737E-003
     17.8125      1.2500       0.1696E-003
     17.8125      2.5000       0.1964E-003
     17.8125      3.7500       0.2798E-003
     17.8125      5.0000       0.4222E-003
     17.8125      6.2500       0.5850E-003
     17.8125      7.5000       0.7063E-003
     17.8125      8.7500       0.7510E-003
     17.8125     10.0000       0.7187E-003
     17.8125     11.2500       0.6129E-003
     17.8125     12.5000       0.4411E-003
     17.8125     13.7500       0.2430E-003
     17.8125     15.0000       0.8511E-004
     17.8125     16.2500       0.1140E-004
     17.8125     17.5000       0.1243E-006
     17.8125     18.7500       0.3434E-011

     18.7500    -20.0000       0.5618E-011
     18.7500    -18.7500       0.5212E-011
     18.7500    -17.5000       0.4463E-007
     18.7500    -16.2500       0.4013E-005
     18.7500    -15.0000       0.3026E-004
     18.7500    -13.7500       0.8755E-004
     18.7500    -12.5000       0.1598E-003
     18.7500    -11.2500       0.2200E-003
     18.7500    -10.0000       0.2541E-003
     18.7500     -8.7500       0.2615E-003
     18.7500     -7.5000       0.2424E-003
     18.7500     -6.2500       0.1967E-003
     18.7500     -5.0000       0.1408E-003
     18.7500     -3.7500       0.1015E-003
     18.7500     -2.5000       0.9453E-004
     18.7500     -1.2500       0.1141E-003
     18.7500      0.0000       0.1498E-003
     18.7500      1.2500       0.2149E-003
     18.7500      2.5000       0.3550E-003
     18.7500      3.7500       0.6045E-003
     18.7500      5.0000       0.9488E-003
     18.7500      6.2500       0.1305E-002
     18.7500      7.5000       0.1556E-002
     18.7500      8.7500       0.1639E-002
     18.7500     10.0000       0.1553E-002
     18.7500     11.2500       0.1311E-002
     18.7500     12.5000       0.9383E-003
     18.7500     13.7500       0.5190E-003
     18.7500     15.0000       0.1834E-003
     18.7500     16.2500       0.2472E-004
     18.7500     17.5000       0.2701E-006
     18.7500     18.7500       0.4260E-011

     19.6875    -20.0000       0.2936E-011
     19.6875    -18.7500       0.1120E-010
     19.6875    -17.5000       0.3640E-008
     19.6875    -16.2500       0.3747E-006
     19.6875    -15.0000       0.2577E-005
     19.6875    -13.7500       0.6672E-005
     19.6875    -12.5000       0.1158E-004
     19.6875    -11.2500       0.1735E-004
     19.6875    -10.0000       0.2293E-004
     19.6875     -8.7500       0.2725E-004
     19.6875     -7.5000       0.2837E-004
     19.6875     -6.2500       0.2633E-004
     19.6875     -5.0000       0.2147E-004
     19.6875     -3.7500       0.1720E-004
     19.6875     -2.5000       0.1889E-004
     19.6875     -1.2500       0.3188E-004
     19.6875      0.0000       0.7063E-004
     19.6875      1.2500       0.1718E-003
     19.6875      2.5000       0.3803E-003
     19.6875      3.7500       0.7147E-003
     19.6875      5.0000       0.1142E-002
     19.6875      6.2500       0.1563E-002
     19.6875      7.5000       0.1850E-002
     19.6875      8.7500       0.1938E-002
     19.6875     10.0000       0.1824E-002
     19.6875     11.2500       0.1531E-002
     19.6875     12.5000       0.1091E-002
     19.6875     13.7500       0.6051E-003
     19.6875     15.0000       0.2150E-003
     19.6875     16.2500       0.2908E-004
     19.6875     17.5000       0.3185E-006
     19.6875     18.7500       0.5260E-011

     20.6250    -20.0000       0.1846E-011
     20.6250    -18.7500       0.2121E-010
     20.6250    -17.5000       0.9971E-007
     20.6250    -16.2500       0.9438E-005
     20.6250    -15.0000       0.6895E-004
     20.6250    -13.7500       0.1915E-003
     20.6250    -12.5000       0.3434E-003
     20.6250    -11.2500       0.4871E-003
     20.6250    -10.0000       0.5902E-003
     20.6250     -8.7500       0.6379E-003
     20.6250     -7.5000       0.6180E-003
     20.6250     -6.2500       0.5318E-003
     20.6250     -5.0000       0.3936E-003
     20.6250     -3.7500       0.2409E-003
     20.6250     -2.5000       0.1087E-003
     20.6250     -1.2500       0.2400E-004
     20.6250      0.0000       0.6688E-005
     20.6250      1.2500       0.7848E-004
     20.6250      2.5000       0.2499E-003
     20.6250      3.7500       0.5127E-003
     20.6250      5.0000       0.8312E-003
     20.6250      6.2500       0.1131E-002
     20.6250      7.5000       0.1329E-002
     20.6250      8.7500       0.1383E-002
     20.6250     10.0000       0.1293E-002
     20.6250     11.2500       0.1078E-002
     20.6250     12.5000       0.7647E-003
     20.6250     13.7500       0.4250E-003
     20.6250     15.0000       0.1519E-003
     20.6250     16.2500       0.2062E-004
     20.6250     17.5000       0.2265E-006
     20.6250     18.7500       0.2870E-011

     21.5625    -20.0000       0.4235E-011
     21.5625    -18.7500       0.3158E-010
     21.5625    -17.5000       0.2474E-006
     21.5625    -16.2500       0.2314E-004
     21.5625    -15.0000       0.1703E-003
     21.5625    -13.7500       0.4775E-003
     21.5625    -12.5000       0.8594E-003
     21.5625    -11.2500       0.1210E-002
     21.5625    -10.0000       0.1449E-002
     21.5625     -8.7500       0.1548E-002
     21.5625     -7.5000       0.1485E-002
     21.5625     -6.2500       0.1262E-002
     21.5625     -5.0000       0.9255E-003
     21.5625     -3.7500       0.5732E-003
     21.5625     -2.5000       0.2840E-003
     21.5625     -1.2500       0.9740E-004
     21.5625      0.0000       0.1477E-004
     21.5625      1.2500       0.1797E-004
     21.5625      2.5000       0.7961E-004
     21.5625      3.7500       0.1777E-003
     21.5625      5.0000       0.2913E-003
     21.5625      6.2500       0.3914E-003
     21.5625      7.5000       0.4533E-003
     21.5625      8.7500       0.4657E-003
     21.5625     10.0000       0.4292E-003
     21.5625     11.2500       0.3525E-003
     21.5625     12.5000       0.2479E-003
     21.5625     13.7500       0.1384E-003
     21.5625     15.0000       0.5005E-004
     21.5625     16.2500       0.6853E-005
     21.5625     17.5000       0.7578E-007
     21.5625     18.7500       0.7179E-013

     22.5000    -20.0000       0.9052E-011
     22.5000    -18.7500       0.3677E-010
     22.5000    -17.5000       0.3154E-006
     22.5000    -16.2500       0.2931E-004
     22.5000    -15.0000       0.2166E-003
     22.5000    -13.7500       0.6104E-003
     22.5000    -12.5000       0.1101E-002
     22.5000    -11.2500       0.1544E-002
     22.5000    -10.0000       0.1837E-002
     22.5000     -8.7500       0.1949E-002
     22.5000     -7.5000       0.1859E-002
     22.5000     -6.2500       0.1569E-002
     22.5000     -5.0000       0.1145E-002
     22.5000     -3.7500       0.7190E-003
     22.5000     -2.5000       0.3890E-003
     22.5000     -1.2500       0.1868E-003
     22.5000      0.0000       0.8769E-004
     22.5000      1.2500       0.4405E-004
     22.5000      2.5000       0.2083E-004
     22.5000      3.7500       0.7479E-005
     22.5000      5.0000       0.2429E-005
     22.5000      6.2500       0.1578E-005
     22.5000      7.5000       0.1638E-005
     22.5000      8.7500       0.1300E-005
     22.5000     10.0000       0.7277E-006
     22.5000     11.2500       0.5066E-006
     22.5000     12.5000       0.4093E-006
     22.5000     13.7500       0.2128E-006
     22.5000     15.0000       0.7081E-007
     22.5000     16.2500       0.1221E-007
     22.5000     17.5000       0.3477E-009
     22.5000     18.7500       0.3529E-011

     23.4375    -20.0000       0.1299E-010
     23.4375    -18.7500       0.3341E-010
     23.4375    -17.5000       0.2433E-006
     23.4375    -16.2500       0.2246E-004
     23.4375    -15.0000       0.1667E-003
     23.4375    -13.7500       0.4725E-003
     23.4375    -12.5000       0.8546E-003
     23.4375    -11.2500       0.1193E-002
     23.4375    -10.0000       0.1411E-002
     23.4375     -8.7500       0.1487E-002
     23.4375     -7.5000       0.1410E-002
     23.4375     -6.2500       0.1180E-002
     23.4375     -5.0000       0.8570E-003
     23.4375     -3.7500       0.5489E-003
     23.4375     -2.5000       0.3304E-003
     23.4375     -1.2500       0.2128E-003
     23.4375      0.0000       0.1606E-003
     23.4375      1.2500       0.1335E-003
     23.4375      2.5000       0.1259E-003
     23.4375      3.7500       0.1537E-003
     23.4375      5.0000       0.2223E-003
     23.4375      6.2500       0.3096E-003
     23.4375      7.5000       0.3777E-003
     23.4375      8.7500       0.4049E-003
     23.4375     10.0000       0.3907E-003
     23.4375     11.2500       0.3359E-003
     23.4375     12.5000       0.2430E-003
     23.4375     13.7500       0.1335E-003
     23.4375     15.0000       0.4639E-004
     23.4375     16.2500       0.6186E-005
     23.4375     17.5000       0.6725E-007
     23.4375     18.7500       0.1669E-010

     24.3750    -20.0000       0.1319E-010
     24.3750    -18.7500       0.2304E-010
     24.3750    -17.5000       0.9519E-007
     24.3750    -16.2500       0.8677E-005
     24.3750    -15.0000       0.6492E-004
     24.3750    -13.7500       0.1860E-003
     24.3750    -12.5000       0.3380E-003
     24.3750    -11.2500       0.4685E-003
     24.3750    -10.0000       0.5476E-003
     24.3750     -8.7500       0.5702E-003
     24.3750     -7.5000       0.5344E-003
     24.3750     -6.2500       0.4407E-003
     24.3750     -5.0000       0.3174E-003
     24.3750     -3.7500       0.2138E-003
     24.3750     -2.5000       0.1603E-003
     24.3750     -1.2500       0.1523E-003
     24.3750      0.0000       0.1688E-003
     24.3750      1.2500       0.2068E-003
     24.3750      2.5000       0.3013E-003
     24.3750      3.7500       0.4861E-003
     24.3750      5.0000       0.7546E-003
     24.3750      6.2500       0.1040E-002
     24.3750      7.5000       0.1245E-002
     24.3750      8.7500       0.1316E-002
     24.3750     10.0000       0.1251E-002
     24.3750     11.2500       0.1059E-002
     24.3750     12.5000       0.7593E-003
     24.3750     13.7500       0.4195E-003
     24.3750     15.0000       0.1478E-003
     24.3750     16.2500       0.1988E-004
     24.3750     17.5000       0.2169E-006
     24.3750     18.7500       0.3518E-010

     25.3125    -20.0000       0.9637E-011
     25.3125    -18.7500       0.1103E-010
     25.3125    -17.5000       0.2703E-008
     25.3125    -16.2500       0.2141E-006
     25.3125    -15.0000       0.1726E-005
     25.3125    -13.7500       0.5497E-005
     25.3125    -12.5000       0.1044E-004
     25.3125    -11.2500       0.1341E-004
     25.3125    -10.0000       0.1393E-004
     25.3125     -8.7500       0.1292E-004
     25.3125     -7.5000       0.1069E-004
     25.3125     -6.2500       0.7050E-005
     25.3125     -5.0000       0.5346E-005
     25.3125     -3.7500       0.1149E-004
     25.3125     -2.5000       0.2980E-004
     25.3125     -1.2500       0.5897E-004
     25.3125      0.0000       0.1049E-003
     25.3125      1.2500       0.1989E-003
     25.3125      2.5000       0.3911E-003
     25.3125      3.7500       0.7090E-003
     25.3125      5.0000       0.1126E-002
     25.3125      6.2500       0.1544E-002
     25.3125      7.5000       0.1833E-002
     25.3125      8.7500       0.1923E-002
     25.3125     10.0000       0.1815E-002
     25.3125     11.2500       0.1527E-002
     25.3125     12.5000       0.1090E-002
     25.3125     13.7500       0.6039E-003
     25.3125     15.0000       0.2141E-003
     25.3125     16.2500       0.2893E-004
     25.3125     17.5000       0.3164E-006
     25.3125     18.7500       0.4894E-010

     26.2500    -20.0000       0.5135E-011
     26.2500    -18.7500       0.2761E-011
     26.2500    -17.5000       0.4810E-007
     26.2500    -16.2500       0.4595E-005
     26.2500    -15.0000       0.3334E-004
     26.2500    -13.7500       0.9181E-004
     26.2500    -12.5000       0.1640E-003
     26.2500    -11.2500       0.2342E-003
     26.2500    -10.0000       0.2867E-003
     26.2500     -8.7500       0.3134E-003
     26.2500     -7.5000       0.3064E-003
     26.2500     -6.2500       0.2666E-003
     26.2500     -5.0000       0.1992E-003
     26.2500     -3.7500       0.1222E-003
     26.2500     -2.5000       0.5499E-004
     26.2500     -1.2500       0.1588E-004
     26.2500      0.0000       0.2571E-004
     26.2500      1.2500       0.1167E-003
     26.2500      2.5000       0.3156E-003
     26.2500      3.7500       0.6248E-003
     26.2500      5.0000       0.1007E-002
     26.2500      6.2500       0.1374E-002
     26.2500      7.5000       0.1620E-002
     26.2500      8.7500       0.1690E-002
     26.2500     10.0000       0.1586E-002
     26.2500     11.2500       0.1325E-002
     26.2500     12.5000       0.9425E-003
     26.2500     13.7500       0.5232E-003
     26.2500     15.0000       0.1865E-003
     26.2500     16.2500       0.2529E-004
     26.2500     17.5000       0.2772E-006
     26.2500     18.7500       0.4970E-010

     27.1875    -20.0000       0.2891E-011
     27.1875    -18.7500       0.5229E-013
     27.1875    -17.5000       0.1911E-006
     27.1875    -16.2500       0.1792E-004
     27.1875    -15.0000       0.1316E-003
     27.1875    -13.7500       0.3680E-003
     27.1875    -12.5000       0.6616E-003
     27.1875    -11.2500       0.9337E-003
     27.1875    -10.0000       0.1122E-002
     27.1875     -8.7500       0.1203E-002
     27.1875     -7.5000       0.1157E-002
     27.1875     -6.2500       0.9874E-003
     27.1875     -5.0000       0.7260E-003
     27.1875     -3.7500       0.4472E-003
     27.1875     -2.5000       0.2135E-003
     27.1875     -1.2500       0.6130E-004
     27.1875      0.0000       0.1680E-005
     27.1875      1.2500       0.3331E-004
     27.1875      2.5000       0.1419E-003
     27.1875      3.7500       0.3081E-003
     27.1875      5.0000       0.5036E-003
     27.1875      6.2500       0.6813E-003
     27.1875      7.5000       0.7953E-003
     27.1875      8.7500       0.8226E-003
     27.1875     10.0000       0.7641E-003
     27.1875     11.2500       0.6325E-003
     27.1875     12.5000       0.4469E-003
     27.1875     13.7500       0.2489E-003
     27.1875     15.0000       0.8943E-004
     27.1875     16.2500       0.1219E-004
     27.1875     17.5000       0.1342E-006
     27.1875     18.7500       0.3736E-010

     28.1250    -20.0000       0.3859E-011
     28.1250    -18.7500       0.8898E-012
     28.1250    -17.5000       0.3045E-006
     28.1250    -16.2500       0.2835E-004
     28.1250    -15.0000       0.2092E-003
     28.1250    -13.7500       0.5884E-003
     28.1250    -12.5000       0.1061E-002
     28.1250    -11.2500       0.1489E-002
     28.1250    -10.0000       0.1776E-002
     28.1250     -8.7500       0.1889E-002
     28.1250     -7.5000       0.1806E-002
     28.1250     -6.2500       0.1528E-002
     28.1250     -5.0000       0.1117E-002
     28.1250     -3.7500       0.6976E-003
     28.1250     -2.5000       0.3643E-003
     28.1250     -1.2500       0.1548E-003
     28.1250      0.0000       0.5413E-004
     28.1250      1.2500       0.2289E-004
     28.1250      2.5000       0.2421E-004
     28.1250      3.7500       0.4012E-004
     28.1250      5.0000       0.6190E-004
     28.1250      6.2500       0.8020E-004
     28.1250      7.5000       0.8998E-004
     28.1250      8.7500       0.8968E-004
     28.1250     10.0000       0.7973E-004
     28.1250     11.2500       0.6323E-004
     28.1250     12.5000       0.4353E-004
     28.1250     13.7500       0.2460E-004
     28.1250     15.0000       0.9162E-005
     28.1250     16.2500       0.1280E-005
     28.1250     17.5000       0.1444E-007
     28.1250     18.7500       0.1997E-010

     29.0625    -20.0000       0.6137E-011
     29.0625    -18.7500       0.2230E-011
     29.0625    -17.5000       0.2876E-006
     29.0625    -16.2500       0.2661E-004
     29.0625    -15.0000       0.1972E-003
     29.0625    -13.7500       0.5574E-003
     29.0625    -12.5000       0.1007E-002
     29.0625    -11.2500       0.1409E-002
     29.0625    -10.0000       0.1670E-002
     29.0625     -8.7500       0.1765E-002
     29.0625     -7.5000       0.1678E-002
     29.0625     -6.2500       0.1410E-002
     29.0625     -5.0000       0.1026E-002
     29.0625     -3.7500       0.6510E-003
     29.0625     -2.5000       0.3735E-003
     29.0625     -1.2500       0.2133E-003
     29.0625      0.0000       0.1364E-003
     29.0625      1.2500       0.9468E-004
     29.0625      2.5000       0.6735E-004
     29.0625      3.7500       0.5946E-004
     29.0625      5.0000       0.7583E-004
     29.0625      6.2500       0.1066E-003
     29.0625      7.5000       0.1334E-003
     29.0625      8.7500       0.1456E-003
     29.0625     10.0000       0.1431E-003
     29.0625     11.2500       0.1253E-003
     29.0625     12.5000       0.9171E-004
     29.0625     13.7500       0.5003E-004
     29.0625     15.0000       0.1711E-004
     29.0625     16.2500       0.2257E-005
     29.0625     17.5000       0.2452E-007
     29.0625     18.7500       0.7230E-011

