    -30.0000    -20.0000       0.2503E-010
    -30.0000    -18.7500       0.4218E-012
    -30.0000    -17.5000       0.1798E-006
    -30.0000    -16.2500       0.1566E-004
    -30.0000    -15.0000       0.1057E-003
    -30.0000    -13.7500       0.2562E-003
    -30.0000    -12.5000       0.3715E-003
    -30.0000    -11.2500       0.3990E-003
    -30.0000    -10.0000       0.3660E-003
    -30.0000     -8.7500       0.3289E-003
    -30.0000     -7.5000       0.3352E-003
    -30.0000     -6.2500       0.4159E-003
    -30.0000     -5.0000       0.5701E-003
    -30.0000     -3.7500       0.7668E-003
    -30.0000     -2.5000       0.9624E-003
    -30.0000     -1.2500       0.1104E-002
    -30.0000      0.0000       0.1153E-002
    -30.0000      1.2500       0.1104E-002
    -30.0000      2.5000       0.9624E-003
    -30.0000      3.7500       0.7668E-003
    -30.0000      5.0000       0.5701E-003
    -30.0000      6.2500       0.4159E-003
    -30.0000      7.5000       0.3352E-003
    -30.0000      8.7500       0.3289E-003
    -30.0000     10.0000       0.3660E-003
    -30.0000     11.2500       0.3990E-003
    -30.0000     12.5000       0.3715E-003
    -30.0000     13.7500       0.2562E-003
    -30.0000     15.0000       0.1057E-003
    -30.0000     16.2500       0.1566E-004
    -30.0000     17.5000       0.1798E-006
    -30.0000     18.7500       0.4224E-012

    -29.0625    -20.0000       0.1744E-010
    -29.0625    -18.7500       0.1906E-011
    -29.0625    -17.5000       0.9864E-007
    -29.0625    -16.2500       0.8080E-005
    -29.0625    -15.0000       0.4932E-004
    -29.0625    -13.7500       0.1012E-003
    -29.0625    -12.5000       0.1101E-003
    -29.0625    -11.2500       0.7032E-004
    -29.0625    -10.0000       0.2203E-004
    -29.0625     -8.7500       0.7850E-006
    -29.0625     -7.5000       0.2379E-004
    -29.0625     -6.2500       0.1022E-003
    -29.0625     -5.0000       0.2366E-003
    -29.0625     -3.7500       0.4103E-003
    -29.0625     -2.5000       0.5986E-003
    -29.0625     -1.2500       0.7691E-003
    -29.0625      0.0000       0.8975E-003
    -29.0625      1.2500       0.9783E-003
    -29.0625      2.5000       0.1011E-002
    -29.0625      3.7500       0.1008E-002
    -29.0625      5.0000       0.9918E-003
    -29.0625      6.2500       0.9778E-003
    -29.0625      7.5000       0.9719E-003
    -29.0625      8.7500       0.9667E-003
    -29.0625     10.0000       0.9295E-003
    -29.0625     11.2500       0.8243E-003
    -29.0625     12.5000       0.6313E-003
    -29.0625     13.7500       0.3766E-003
    -29.0625     15.0000       0.1417E-003
    -29.0625     16.2500       0.1994E-004
    -29.0625     17.5000       0.2267E-006
    -29.0625     18.7500       0.2134E-013

    -28.1250    -20.0000       0.5625E-011
    -28.1250    -18.7500       0.2867E-011
    -28.1250    -17.5000       0.4964E-007
    -28.1250    -16.2500       0.3947E-005
    -28.1250    -15.0000       0.2260E-004
    -28.1250    -13.7500       0.4926E-004
    -28.1250    -12.5000       0.7984E-004
    -28.1250    -11.2500       0.1309E-003
    -28.1250    -10.0000       0.2043E-003
    -28.1250     -8.7500       0.2751E-003
    -28.1250     -7.5000       0.3154E-003
    -28.1250     -6.2500       0.3166E-003
    -28.1250     -5.0000       0.2883E-003
    -28.1250     -3.7500       0.2555E-003
    -28.1250     -2.5000       0.2424E-003
    -28.1250     -1.2500       0.2709E-003
    -28.1250      0.0000       0.3566E-003
    -28.1250      1.2500       0.5038E-003
    -28.1250      2.5000       0.7012E-003
    -28.1250      3.7500       0.9195E-003
    -28.1250      5.0000       0.1127E-002
    -28.1250      6.2500       0.1289E-002
    -28.1250      7.5000       0.1368E-002
    -28.1250      8.7500       0.1347E-002
    -28.1250     10.0000       0.1212E-002
    -28.1250     11.2500       0.9684E-003
    -28.1250     12.5000       0.6588E-003
    -28.1250     13.7500       0.3553E-003
    -28.1250     15.0000       0.1252E-003
    -28.1250     16.2500       0.1713E-004
    -28.1250     17.5000       0.1954E-006
    -28.1250     18.7500       0.9638E-012

    -27.1875    -20.0000       0.7874E-011
    -27.1875    -18.7500       0.2366E-011
    -27.1875    -17.5000       0.7640E-007
    -27.1875    -16.2500       0.6936E-005
    -27.1875    -15.0000       0.4933E-004
    -27.1875    -13.7500       0.1467E-003
    -27.1875    -12.5000       0.3076E-003
    -27.1875    -11.2500       0.5267E-003
    -27.1875    -10.0000       0.7503E-003
    -27.1875     -8.7500       0.9071E-003
    -27.1875     -7.5000       0.9499E-003
    -27.1875     -6.2500       0.8678E-003
    -27.1875     -5.0000       0.6790E-003
    -27.1875     -3.7500       0.4402E-003
    -27.1875     -2.5000       0.2108E-003
    -27.1875     -1.2500       0.5250E-004
    -27.1875      0.0000       0.1113E-004
    -27.1875      1.2500       0.1017E-003
    -27.1875      2.5000       0.3078E-003
    -27.1875      3.7500       0.5803E-003
    -27.1875      5.0000       0.8562E-003
    -27.1875      6.2500       0.1073E-002
    -27.1875      7.5000       0.1172E-002
    -27.1875      8.7500       0.1133E-002
    -27.1875     10.0000       0.9628E-003
    -27.1875     11.2500       0.7035E-003
    -27.1875     12.5000       0.4298E-003
    -27.1875     13.7500       0.2113E-003
    -27.1875     15.0000       0.7100E-004
    -27.1875     16.2500       0.9708E-005
    -27.1875     17.5000       0.1138E-006
    -27.1875     18.7500       0.3418E-011

    -26.2500    -20.0000       0.3319E-010
    -26.2500    -18.7500       0.1863E-011
    -26.2500    -17.5000       0.1551E-006
    -26.2500    -16.2500       0.1439E-004
    -26.2500    -15.0000       0.1057E-003
    -26.2500    -13.7500       0.3067E-003
    -26.2500    -12.5000       0.5906E-003
    -26.2500    -11.2500       0.9054E-003
    -26.2500    -10.0000       0.1174E-002
    -26.2500     -8.7500       0.1335E-002
    -26.2500     -7.5000       0.1363E-002
    -26.2500     -6.2500       0.1266E-002
    -26.2500     -5.0000       0.1061E-002
    -26.2500     -3.7500       0.8000E-003
    -26.2500     -2.5000       0.5319E-003
    -26.2500     -1.2500       0.3085E-003
    -26.2500      0.0000       0.1691E-003
    -26.2500      1.2500       0.1301E-003
    -26.2500      2.5000       0.1808E-003
    -26.2500      3.7500       0.2915E-003
    -26.2500      5.0000       0.4192E-003
    -26.2500      6.2500       0.5218E-003
    -26.2500      7.5000       0.5580E-003
    -26.2500      8.7500       0.5144E-003
    -26.2500     10.0000       0.4031E-003
    -26.2500     11.2500       0.2647E-003
    -26.2500     12.5000       0.1474E-003
    -26.2500     13.7500       0.7251E-004
    -26.2500     15.0000       0.2719E-004
    -26.2500     16.2500       0.4284E-005
    -26.2500     17.5000       0.5427E-007
    -26.2500     18.7500       0.6711E-011

    -25.3125    -20.0000       0.7066E-010
    -25.3125    -18.7500       0.3684E-011
    -25.3125    -17.5000       0.2157E-006
    -25.3125    -16.2500       0.1968E-004
    -25.3125    -15.0000       0.1417E-003
    -25.3125    -13.7500       0.3872E-003
    -25.3125    -12.5000       0.6776E-003
    -25.3125    -11.2500       0.9311E-003
    -25.3125    -10.0000       0.1100E-002
    -25.3125     -8.7500       0.1179E-002
    -25.3125     -7.5000       0.1189E-002
    -25.3125     -6.2500       0.1157E-002
    -25.3125     -5.0000       0.1095E-002
    -25.3125     -3.7500       0.1015E-002
    -25.3125     -2.5000       0.9200E-003
    -25.3125     -1.2500       0.8108E-003
    -25.3125      0.0000       0.6895E-003
    -25.3125      1.2500       0.5637E-003
    -25.3125      2.5000       0.4333E-003
    -25.3125      3.7500       0.3100E-003
    -25.3125      5.0000       0.2046E-003
    -25.3125      6.2500       0.1247E-003
    -25.3125      7.5000       0.7086E-004
    -25.3125      8.7500       0.4001E-004
    -25.3125     10.0000       0.2990E-004
    -25.3125     11.2500       0.4188E-004
    -25.3125     12.5000       0.6283E-004
    -25.3125     13.7500       0.6234E-004
    -25.3125     15.0000       0.3275E-004
    -25.3125     16.2500       0.5677E-005
    -25.3125     17.5000       0.6987E-007
    -25.3125     18.7500       0.9578E-011

    -24.3750    -20.0000       0.9643E-010
    -24.3750    -18.7500       0.8504E-011
    -24.3750    -17.5000       0.2044E-006
    -24.3750    -16.2500       0.1811E-004
    -24.3750    -15.0000       0.1252E-003
    -24.3750    -13.7500       0.3166E-003
    -24.3750    -12.5000       0.4913E-003
    -24.3750    -11.2500       0.5808E-003
    -24.3750    -10.0000       0.5937E-003
    -24.3750     -8.7500       0.5778E-003
    -24.3750     -7.5000       0.5813E-003
    -24.3750     -6.2500       0.6388E-003
    -24.3750     -5.0000       0.7514E-003
    -24.3750     -3.7500       0.8944E-003
    -24.3750     -2.5000       0.1030E-002
    -24.3750     -1.2500       0.1113E-002
    -24.3750      0.0000       0.1109E-002
    -24.3750      1.2500       0.1016E-002
    -24.3750      2.5000       0.8405E-003
    -24.3750      3.7500       0.6195E-003
    -24.3750      5.0000       0.4038E-003
    -24.3750      6.2500       0.2356E-003
    -24.3750      7.5000       0.1448E-003
    -24.3750      8.7500       0.1330E-003
    -24.3750     10.0000       0.1759E-003
    -24.3750     11.2500       0.2337E-003
    -24.3750     12.5000       0.2514E-003
    -24.3750     13.7500       0.1899E-003
    -24.3750     15.0000       0.8273E-004
    -24.3750     16.2500       0.1265E-004
    -24.3750     17.5000       0.1466E-006
    -24.3750     18.7500       0.1089E-010

    -23.4375    -20.0000       0.9269E-010
    -23.4375    -18.7500       0.1420E-010
    -23.4375    -17.5000       0.1313E-006
    -23.4375    -16.2500       0.1107E-004
    -23.4375    -15.0000       0.7100E-004
    -23.4375    -13.7500       0.1576E-003
    -23.4375    -12.5000       0.1971E-003
    -23.4375    -11.2500       0.1654E-003
    -23.4375    -10.0000       0.1044E-003
    -23.4375     -8.7500       0.6479E-004
    -23.4375     -7.5000       0.8002E-004
    -23.4375     -6.2500       0.1703E-003
    -23.4375     -5.0000       0.3345E-003
    -23.4375     -3.7500       0.5453E-003
    -23.4375     -2.5000       0.7649E-003
    -23.4375     -1.2500       0.9467E-003
    -23.4375      0.0000       0.1056E-002
    -23.4375      1.2500       0.1086E-002
    -23.4375      2.5000       0.1040E-002
    -23.4375      3.7500       0.9444E-003
    -23.4375      5.0000       0.8391E-003
    -23.4375      6.2500       0.7556E-003
    -23.4375      7.5000       0.7137E-003
    -23.4375      8.7500       0.7104E-003
    -23.4375     10.0000       0.7109E-003
    -23.4375     11.2500       0.6693E-003
    -23.4375     12.5000       0.5453E-003
    -23.4375     13.7500       0.3416E-003
    -23.4375     15.0000       0.1327E-003
    -23.4375     16.2500       0.1900E-004
    -23.4375     17.5000       0.2162E-006
    -23.4375     18.7500       0.1032E-010

    -22.5000    -20.0000       0.6227E-010
    -22.5000    -18.7500       0.1725E-010
    -22.5000    -17.5000       0.6129E-007
    -22.5000    -16.2500       0.4820E-005
    -22.5000    -15.0000       0.2717E-004
    -22.5000    -13.7500       0.5158E-004
    -22.5000    -12.5000       0.5649E-004
    -22.5000    -11.2500       0.5450E-004
    -22.5000    -10.0000       0.6780E-004
    -22.5000     -8.7500       0.9706E-004
    -22.5000     -7.5000       0.1315E-003
    -22.5000     -6.2500       0.1692E-003
    -22.5000     -5.0000       0.2155E-003
    -22.5000     -3.7500       0.2777E-003
    -22.5000     -2.5000       0.3595E-003
    -22.5000     -1.2500       0.4598E-003
    -22.5000      0.0000       0.5773E-003
    -22.5000      1.2500       0.7118E-003
    -22.5000      2.5000       0.8559E-003
    -22.5000      3.7500       0.9963E-003
    -22.5000      5.0000       0.1124E-002
    -22.5000      6.2500       0.1222E-002
    -22.5000      7.5000       0.1271E-002
    -22.5000      8.7500       0.1258E-002
    -22.5000     10.0000       0.1159E-002
    -22.5000     11.2500       0.9611E-003
    -22.5000     12.5000       0.6832E-003
    -22.5000     13.7500       0.3828E-003
    -22.5000     15.0000       0.1382E-003
    -22.5000     16.2500       0.1909E-004
    -22.5000     17.5000       0.2168E-006
    -22.5000     18.7500       0.8442E-011

    -21.5625    -20.0000       0.2627E-010
    -21.5625    -18.7500       0.1547E-010
    -21.5625    -17.5000       0.5674E-007
    -21.5625    -16.2500       0.4915E-005
    -21.5625    -15.0000       0.3274E-004
    -21.5625    -13.7500       0.9277E-004
    -21.5625    -12.5000       0.1948E-003
    -21.5625    -11.2500       0.3469E-003
    -21.5625    -10.0000       0.5167E-003
    -21.5625     -8.7500       0.6458E-003
    -21.5625     -7.5000       0.6899E-003
    -21.5625     -6.2500       0.6364E-003
    -21.5625     -5.0000       0.5004E-003
    -21.5625     -3.7500       0.3299E-003
    -21.5625     -2.5000       0.1743E-003
    -21.5625     -1.2500       0.8448E-004
    -21.5625      0.0000       0.9744E-004
    -21.5625      1.2500       0.2246E-003
    -21.5625      2.5000       0.4504E-003
    -21.5625      3.7500       0.7291E-003
    -21.5625      5.0000       0.1005E-002
    -21.5625      6.2500       0.1221E-002
    -21.5625      7.5000       0.1322E-002
    -21.5625      8.7500       0.1290E-002
    -21.5625     10.0000       0.1122E-002
    -21.5625     11.2500       0.8505E-003
    -21.5625     12.5000       0.5429E-003
    -21.5625     13.7500       0.2768E-003
    -21.5625     15.0000       0.9445E-004
    -21.5625     16.2500       0.1283E-004
    -21.5625     17.5000       0.1479E-006
    -21.5625     18.7500       0.6198E-011

    -20.6250    -20.0000       0.6685E-011
    -20.6250    -18.7500       0.9846E-011
    -20.6250    -17.5000       0.1217E-006
    -20.6250    -16.2500       0.1127E-004
    -20.6250    -15.0000       0.8274E-004
    -20.6250    -13.7500       0.2445E-003
    -20.6250    -12.5000       0.4887E-003
    -20.6250    -11.2500       0.7822E-003
    -20.6250    -10.0000       0.1051E-002
    -20.6250     -8.7500       0.1222E-002
    -20.6250     -7.5000       0.1258E-002
    -20.6250     -6.2500       0.1156E-002
    -20.6250     -5.0000       0.9354E-003
    -20.6250     -3.7500       0.6553E-003
    -20.6250     -2.5000       0.3744E-003
    -20.6250     -1.2500       0.1550E-003
    -20.6250      0.0000       0.4391E-004
    -20.6250      1.2500       0.5839E-004
    -20.6250      2.5000       0.1844E-003
    -20.6250      3.7500       0.3800E-003
    -20.6250      5.0000       0.5882E-003
    -20.6250      6.2500       0.7532E-003
    -20.6250      7.5000       0.8223E-003
    -20.6250      8.7500       0.7784E-003
    -20.6250     10.0000       0.6338E-003
    -20.6250     11.2500       0.4355E-003
    -20.6250     12.5000       0.2488E-003
    -20.6250     13.7500       0.1178E-003
    -20.6250     15.0000       0.4022E-004
    -20.6250     16.2500       0.5796E-005
    -20.6250     17.5000       0.7059E-007
    -20.6250     18.7500       0.4235E-011

    -19.6875    -20.0000       0.9243E-011
    -19.6875    -18.7500       0.3808E-011
    -19.6875    -17.5000       0.1985E-006
    -19.6875    -16.2500       0.1824E-004
    -19.6875    -15.0000       0.1327E-003
    -19.6875    -13.7500       0.3719E-003
    -19.6875    -12.5000       0.6770E-003
    -19.6875    -11.2500       0.9735E-003
    -19.6875    -10.0000       0.1197E-002
    -19.6875     -8.7500       0.1315E-002
    -19.6875     -7.5000       0.1331E-002
    -19.6875     -6.2500       0.1266E-002
    -19.6875     -5.0000       0.1134E-002
    -19.6875     -3.7500       0.9645E-003
    -19.6875     -2.5000       0.7815E-003
    -19.6875     -1.2500       0.6086E-003
    -19.6875      0.0000       0.4645E-003
    -19.6875      1.2500       0.3613E-003
    -19.6875      2.5000       0.2947E-003
    -19.6875      3.7500       0.2594E-003
    -19.6875      5.0000       0.2436E-003
    -19.6875      6.2500       0.2341E-003
    -19.6875      7.5000       0.2141E-003
    -19.6875      8.7500       0.1765E-003
    -19.6875     10.0000       0.1267E-003
    -19.6875     11.2500       0.8452E-004
    -19.6875     12.5000       0.6228E-004
    -19.6875     13.7500       0.4712E-004
    -19.6875     15.0000       0.2377E-004
    -19.6875     16.2500       0.4230E-005
    -19.6875     17.5000       0.5377E-007
    -19.6875     18.7500       0.2649E-011

    -18.7500    -20.0000       0.2104E-010
    -18.7500    -18.7500       0.5336E-012
    -18.7500    -17.5000       0.2187E-006
    -18.7500    -16.2500       0.1962E-004
    -18.7500    -15.0000       0.1383E-003
    -18.7500    -13.7500       0.3618E-003
    -18.7500    -12.5000       0.5926E-003
    -18.7500    -11.2500       0.7514E-003
    -18.7500    -10.0000       0.8243E-003
    -18.7500     -8.7500       0.8417E-003
    -18.7500     -7.5000       0.8456E-003
    -18.7500     -6.2500       0.8701E-003
    -18.7500     -5.0000       0.9202E-003
    -18.7500     -3.7500       0.9829E-003
    -18.7500     -2.5000       0.1034E-002
    -18.7500     -1.2500       0.1041E-002
    -18.7500      0.0000       0.9845E-003
    -18.7500      1.2500       0.8634E-003
    -18.7500      2.5000       0.6831E-003
    -18.7500      3.7500       0.4748E-003
    -18.7500      5.0000       0.2779E-003
    -18.7500      6.2500       0.1254E-003
    -18.7500      7.5000       0.3914E-004
    -18.7500      8.7500       0.2013E-004
    -18.7500     10.0000       0.5242E-004
    -18.7500     11.2500       0.1102E-003
    -18.7500     12.5000       0.1494E-003
    -18.7500     13.7500       0.1277E-003
    -18.7500     15.0000       0.5973E-004
    -18.7500     16.2500       0.9528E-005
    -18.7500     17.5000       0.1124E-006
    -18.7500     18.7500       0.1292E-011

    -17.8125    -20.0000       0.2455E-010
    -17.8125    -18.7500       0.6454E-012
    -17.8125    -17.5000       0.1646E-006
    -17.8125    -16.2500       0.1420E-004
    -17.8125    -15.0000       0.9446E-004
    -17.8125    -13.7500       0.2232E-003
    -17.8125    -12.5000       0.3103E-003
    -17.8125    -11.2500       0.3127E-003
    -17.8125    -10.0000       0.2642E-003
    -17.8125     -8.7500       0.2222E-003
    -17.8125     -7.5000       0.2310E-003
    -17.8125     -6.2500       0.3185E-003
    -17.8125     -5.0000       0.4834E-003
    -17.8125     -3.7500       0.6942E-003
    -17.8125     -2.5000       0.9072E-003
    -17.8125     -1.2500       0.1069E-002
    -17.8125      0.0000       0.1142E-002
    -17.8125      1.2500       0.1118E-002
    -17.8125      2.5000       0.1004E-002
    -17.8125      3.7500       0.8343E-003
    -17.8125      5.0000       0.6606E-003
    -17.8125      6.2500       0.5240E-003
    -17.8125      7.5000       0.4536E-003
    -17.8125      8.7500       0.4490E-003
    -17.8125     10.0000       0.4772E-003
    -17.8125     11.2500       0.4896E-003
    -17.8125     12.5000       0.4326E-003
    -17.8125     13.7500       0.2878E-003
    -17.8125     15.0000       0.1161E-003
    -17.8125     16.2500       0.1698E-004
    -17.8125     17.5000       0.1943E-006
    -17.8125     18.7500       0.2634E-012

    -16.8750    -20.0000       0.1485E-010
    -16.8750    -18.7500       0.2205E-011
    -16.8750    -17.5000       0.8406E-007
    -16.8750    -16.2500       0.6780E-005
    -16.8750    -15.0000       0.4021E-004
    -16.8750    -13.7500       0.7913E-004
    -16.8750    -12.5000       0.8090E-004
    -16.8750    -11.2500       0.4725E-004
    -16.8750    -10.0000       0.1443E-004
    -16.8750     -8.7500       0.7496E-005
    -16.8750     -7.5000       0.3450E-004
    -16.8750     -6.2500       0.1020E-003
    -16.8750     -5.0000       0.2119E-003
    -16.8750     -3.7500       0.3547E-003
    -16.8750     -2.5000       0.5143E-003
    -16.8750     -1.2500       0.6678E-003
    -16.8750      0.0000       0.7979E-003
    -16.8750      1.2500       0.9004E-003
    -16.8750      2.5000       0.9727E-003
    -16.8750      3.7500       0.1018E-002
    -16.8750      5.0000       0.1051E-002
    -16.8750      6.2500       0.1075E-002
    -16.8750      7.5000       0.1088E-002
    -16.8750      8.7500       0.1081E-002
    -16.8750     10.0000       0.1023E-002
    -16.8750     11.2500       0.8850E-003
    -16.8750     12.5000       0.6599E-003
    -16.8750     13.7500       0.3851E-003
    -16.8750     15.0000       0.1428E-003
    -16.8750     16.2500       0.1996E-004
    -16.8750     17.5000       0.2269E-006
    -16.8750     18.7500       0.8640E-013

    -15.9375    -20.0000       0.4416E-011
    -15.9375    -18.7500       0.2869E-011
    -15.9375    -17.5000       0.4867E-007
    -15.9375    -16.2500       0.3967E-005
    -15.9375    -15.0000       0.2375E-004
    -15.9375    -13.7500       0.5783E-004
    -15.9375    -12.5000       0.1086E-003
    -15.9375    -11.2500       0.1917E-003
    -15.9375    -10.0000       0.2977E-003
    -15.9375     -8.7500       0.3892E-003
    -15.9375     -7.5000       0.4315E-003
    -15.9375     -6.2500       0.4138E-003
    -15.9375     -5.0000       0.3475E-003
    -15.9375     -3.7500       0.2663E-003
    -15.9375     -2.5000       0.2039E-003
    -15.9375     -1.2500       0.1929E-003
    -15.9375      0.0000       0.2568E-003
    -15.9375      1.2500       0.4025E-003
    -15.9375      2.5000       0.6169E-003
    -15.9375      3.7500       0.8639E-003
    -15.9375      5.0000       0.1102E-002
    -15.9375      6.2500       0.1288E-002
    -15.9375      7.5000       0.1378E-002
    -15.9375      8.7500       0.1354E-002
    -15.9375     10.0000       0.1204E-002
    -15.9375     11.2500       0.9454E-003
    -15.9375     12.5000       0.6296E-003
    -15.9375     13.7500       0.3333E-003
    -15.9375     15.0000       0.1161E-003
    -15.9375     16.2500       0.1583E-004
    -15.9375     17.5000       0.1811E-006
    -15.9375     18.7500       0.1343E-011

    -15.0000    -20.0000       0.1114E-010
    -15.0000    -18.7500       0.2187E-011
    -15.0000    -17.5000       0.8989E-007
    -15.0000    -16.2500       0.8258E-005
    -15.0000    -15.0000       0.5973E-004
    -15.0000    -13.7500       0.1782E-003
    -15.0000    -12.5000       0.3687E-003
    -15.0000    -11.2500       0.6172E-003
    -15.0000    -10.0000       0.8614E-003
    -15.0000     -8.7500       0.1027E-002
    -15.0000     -7.5000       0.1068E-002
    -15.0000     -6.2500       0.9758E-003
    -15.0000     -5.0000       0.7694E-003
    -15.0000     -3.7500       0.5079E-003
    -15.0000     -2.5000       0.2524E-003
    -15.0000     -1.2500       0.6717E-004
    -15.0000      0.0000       0.2399E-010
    -15.0000      1.2500       0.6710E-004
    -15.0000      2.5000       0.2525E-003
    -15.0000      3.7500       0.5077E-003
    -15.0000      5.0000       0.7696E-003
    -15.0000      6.2500       0.9757E-003
    -15.0000      7.5000       0.1068E-002
    -15.0000      8.7500       0.1027E-002
    -15.0000     10.0000       0.8613E-003
    -15.0000     11.2500       0.6172E-003
    -15.0000     12.5000       0.3686E-003
    -15.0000     13.7500       0.1783E-003
    -15.0000     15.0000       0.5972E-004
    -15.0000     16.2500       0.8245E-005
    -15.0000     17.5000       0.9767E-007
    -15.0000     18.7500       0.4045E-011

    -14.0625    -20.0000       0.4039E-010
    -14.0625    -18.7500       0.1981E-011
    -14.0625    -17.5000       0.1710E-006
    -14.0625    -16.2500       0.1584E-004
    -14.0625    -15.0000       0.1161E-003
    -14.0625    -13.7500       0.3332E-003
    -14.0625    -12.5000       0.6298E-003
    -14.0625    -11.2500       0.9452E-003
    -14.0625    -10.0000       0.1204E-002
    -14.0625     -8.7500       0.1354E-002
    -14.0625     -7.5000       0.1378E-002
    -14.0625     -6.2500       0.1289E-002
    -14.0625     -5.0000       0.1102E-002
    -14.0625     -3.7500       0.8642E-003
    -14.0625     -2.5000       0.6166E-003
    -14.0625     -1.2500       0.4028E-003
    -14.0625      0.0000       0.2565E-003
    -14.0625      1.2500       0.1931E-003
    -14.0625      2.5000       0.2038E-003
    -14.0625      3.7500       0.2664E-003
    -14.0625      5.0000       0.3475E-003
    -14.0625      6.2500       0.4138E-003
    -14.0625      7.5000       0.4315E-003
    -14.0625      8.7500       0.3892E-003
    -14.0625     10.0000       0.2977E-003
    -14.0625     11.2500       0.1917E-003
    -14.0625     12.5000       0.1086E-003
    -14.0625     13.7500       0.5781E-004
    -14.0625     15.0000       0.2377E-004
    -14.0625     16.2500       0.3959E-005
    -14.0625     17.5000       0.5074E-007
    -14.0625     18.7500       0.7361E-011

    -13.1250    -20.0000       0.7753E-010
    -13.1250    -18.7500       0.4437E-011
    -13.1250    -17.5000       0.2199E-006
    -13.1250    -16.2500       0.1997E-004
    -13.1250    -15.0000       0.1428E-003
    -13.1250    -13.7500       0.3850E-003
    -13.1250    -12.5000       0.6600E-003
    -13.1250    -11.2500       0.8849E-003
    -13.1250    -10.0000       0.1023E-002
    -13.1250     -8.7500       0.1081E-002
    -13.1250     -7.5000       0.1088E-002
    -13.1250     -6.2500       0.1075E-002
    -13.1250     -5.0000       0.1051E-002
    -13.1250     -3.7500       0.1019E-002
    -13.1250     -2.5000       0.9724E-003
    -13.1250     -1.2500       0.9007E-003
    -13.1250      0.0000       0.7976E-003
    -13.1250      1.2500       0.6681E-003
    -13.1250      2.5000       0.5141E-003
    -13.1250      3.7500       0.3548E-003
    -13.1250      5.0000       0.2118E-003
    -13.1250      6.2500       0.1021E-003
    -13.1250      7.5000       0.3447E-004
    -13.1250      8.7500       0.7499E-005
    -13.1250     10.0000       0.1445E-004
    -13.1250     11.2500       0.4721E-004
    -13.1250     12.5000       0.8095E-004
    -13.1250     13.7500       0.7909E-004
    -13.1250     15.0000       0.4023E-004
    -13.1250     16.2500       0.6779E-005
    -13.1250     17.5000       0.8203E-007
    -13.1250     18.7500       0.9991E-011

    -12.1875    -20.0000       0.9829E-010
    -12.1875    -18.7500       0.9683E-011
    -12.1875    -17.5000       0.1931E-006
    -12.1875    -16.2500       0.1698E-004
    -12.1875    -15.0000       0.1161E-003
    -12.1875    -13.7500       0.2878E-003
    -12.1875    -12.5000       0.4326E-003
    -12.1875    -11.2500       0.4896E-003
    -12.1875    -10.0000       0.4773E-003
    -12.1875     -8.7500       0.4490E-003
    -12.1875     -7.5000       0.4535E-003
    -12.1875     -6.2500       0.5241E-003
    -12.1875     -5.0000       0.6606E-003
    -12.1875     -3.7500       0.8344E-003
    -12.1875     -2.5000       0.1004E-002
    -12.1875     -1.2500       0.1119E-002
    -12.1875      0.0000       0.1142E-002
    -12.1875      1.2500       0.1069E-002
    -12.1875      2.5000       0.9072E-003
    -12.1875      3.7500       0.6942E-003
    -12.1875      5.0000       0.4833E-003
    -12.1875      6.2500       0.3185E-003
    -12.1875      7.5000       0.2310E-003
    -12.1875      8.7500       0.2222E-003
    -12.1875     10.0000       0.2643E-003
    -12.1875     11.2500       0.3127E-003
    -12.1875     12.5000       0.3103E-003
    -12.1875     13.7500       0.2232E-003
    -12.1875     15.0000       0.9446E-004
    -12.1875     16.2500       0.1420E-004
    -12.1875     17.5000       0.1636E-006
    -12.1875     18.7500       0.1092E-010

    -11.2500    -20.0000       0.8824E-010
    -11.2500    -18.7500       0.1513E-010
    -11.2500    -17.5000       0.1145E-006
    -11.2500    -16.2500       0.9529E-005
    -11.2500    -15.0000       0.5972E-004
    -11.2500    -13.7500       0.1277E-003
    -11.2500    -12.5000       0.1494E-003
    -11.2500    -11.2500       0.1102E-003
    -11.2500    -10.0000       0.5240E-004
    -11.2500     -8.7500       0.2013E-004
    -11.2500     -7.5000       0.3916E-004
    -11.2500     -6.2500       0.1253E-003
    -11.2500     -5.0000       0.2780E-003
    -11.2500     -3.7500       0.4747E-003
    -11.2500     -2.5000       0.6832E-003
    -11.2500     -1.2500       0.8632E-003
    -11.2500      0.0000       0.9847E-003
    -11.2500      1.2500       0.1041E-002
    -11.2500      2.5000       0.1034E-002
    -11.2500      3.7500       0.9827E-003
    -11.2500      5.0000       0.9203E-003
    -11.2500      6.2500       0.8701E-003
    -11.2500      7.5000       0.8456E-003
    -11.2500      8.7500       0.8417E-003
    -11.2500     10.0000       0.8242E-003
    -11.2500     11.2500       0.7515E-003
    -11.2500     12.5000       0.5925E-003
    -11.2500     13.7500       0.3619E-003
    -11.2500     15.0000       0.1383E-003
    -11.2500     16.2500       0.1962E-004
    -11.2500     17.5000       0.2229E-006
    -11.2500     18.7500       0.1002E-010

    -10.3125    -20.0000       0.5469E-010
    -10.3125    -18.7500       0.1730E-010
    -10.3125    -17.5000       0.5396E-007
    -10.3125    -16.2500       0.4235E-005
    -10.3125    -15.0000       0.2375E-004
    -10.3125    -13.7500       0.4715E-004
    -10.3125    -12.5000       0.6225E-004
    -10.3125    -11.2500       0.8454E-004
    -10.3125    -10.0000       0.1267E-003
    -10.3125     -8.7500       0.1764E-003
    -10.3125     -7.5000       0.2141E-003
    -10.3125     -6.2500       0.2340E-003
    -10.3125     -5.0000       0.2437E-003
    -10.3125     -3.7500       0.2593E-003
    -10.3125     -2.5000       0.2949E-003
    -10.3125     -1.2500       0.3611E-003
    -10.3125      0.0000       0.4648E-003
    -10.3125      1.2500       0.6082E-003
    -10.3125      2.5000       0.7819E-003
    -10.3125      3.7500       0.9642E-003
    -10.3125      5.0000       0.1134E-002
    -10.3125      6.2500       0.1266E-002
    -10.3125      7.5000       0.1331E-002
    -10.3125      8.7500       0.1315E-002
    -10.3125     10.0000       0.1196E-002
    -10.3125     11.2500       0.9737E-003
    -10.3125     12.5000       0.6769E-003
    -10.3125     13.7500       0.3720E-003
    -10.3125     15.0000       0.1327E-003
    -10.3125     16.2500       0.1823E-004
    -10.3125     17.5000       0.2073E-006
    -10.3125     18.7500       0.7993E-011

     -9.3750    -20.0000       0.2055E-010
     -9.3750    -18.7500       0.1456E-010
     -9.3750    -17.5000       0.6534E-007
     -9.3750    -16.2500       0.5807E-005
     -9.3750    -15.0000       0.4022E-004
     -9.3750    -13.7500       0.1178E-003
     -9.3750    -12.5000       0.2488E-003
     -9.3750    -11.2500       0.4354E-003
     -9.3750    -10.0000       0.6339E-003
     -9.3750     -8.7500       0.7784E-003
     -9.3750     -7.5000       0.8223E-003
     -9.3750     -6.2500       0.7532E-003
     -9.3750     -5.0000       0.5881E-003
     -9.3750     -3.7500       0.3801E-003
     -9.3750     -2.5000       0.1844E-003
     -9.3750     -1.2500       0.5834E-004
     -9.3750      0.0000       0.4404E-004
     -9.3750      1.2500       0.1549E-003
     -9.3750      2.5000       0.3747E-003
     -9.3750      3.7500       0.6551E-003
     -9.3750      5.0000       0.9356E-003
     -9.3750      6.2500       0.1156E-002
     -9.3750      7.5000       0.1258E-002
     -9.3750      8.7500       0.1222E-002
     -9.3750     10.0000       0.1051E-002
     -9.3750     11.2500       0.7823E-003
     -9.3750     12.5000       0.4886E-003
     -9.3750     13.7500       0.2446E-003
     -9.3750     15.0000       0.8272E-004
     -9.3750     16.2500       0.1126E-004
     -9.3750     17.5000       0.1305E-006
     -9.3750     18.7500       0.5772E-011

     -8.4375    -20.0000       0.5621E-011
     -8.4375    -18.7500       0.8547E-011
     -8.4375    -17.5000       0.1386E-006
     -8.4375    -16.2500       0.1285E-004
     -8.4375    -15.0000       0.9446E-004
     -8.4375    -13.7500       0.2768E-003
     -8.4375    -12.5000       0.5430E-003
     -8.4375    -11.2500       0.8504E-003
     -8.4375    -10.0000       0.1122E-002
     -8.4375     -8.7500       0.1290E-002
     -8.4375     -7.5000       0.1322E-002
     -8.4375     -6.2500       0.1221E-002
     -8.4375     -5.0000       0.1005E-002
     -8.4375     -3.7500       0.7294E-003
     -8.4375     -2.5000       0.4502E-003
     -8.4375     -1.2500       0.2249E-003
     -8.4375      0.0000       0.9726E-004
     -8.4375      1.2500       0.8459E-004
     -8.4375      2.5000       0.1743E-003
     -8.4375      3.7500       0.3299E-003
     -8.4375      5.0000       0.5005E-003
     -8.4375      6.2500       0.6364E-003
     -8.4375      7.5000       0.6899E-003
     -8.4375      8.7500       0.6458E-003
     -8.4375     10.0000       0.5166E-003
     -8.4375     11.2500       0.3470E-003
     -8.4375     12.5000       0.1947E-003
     -8.4375     13.7500       0.9278E-004
     -8.4375     15.0000       0.3274E-004
     -8.4375     16.2500       0.4905E-005
     -8.4375     17.5000       0.6086E-007
     -8.4375     18.7500       0.3892E-011

     -7.5000    -20.0000       0.1148E-010
     -7.5000    -18.7500       0.2867E-011
     -7.5000    -17.5000       0.2086E-006
     -7.5000    -16.2500       0.1910E-004
     -7.5000    -15.0000       0.1383E-003
     -7.5000    -13.7500       0.3827E-003
     -7.5000    -12.5000       0.6833E-003
     -7.5000    -11.2500       0.9610E-003
     -7.5000    -10.0000       0.1159E-002
     -7.5000     -8.7500       0.1258E-002
     -7.5000     -7.5000       0.1271E-002
     -7.5000     -6.2500       0.1222E-002
     -7.5000     -5.0000       0.1123E-002
     -7.5000     -3.7500       0.9966E-003
     -7.5000     -2.5000       0.8555E-003
     -7.5000     -1.2500       0.7121E-003
     -7.5000      0.0000       0.5770E-003
     -7.5000      1.2500       0.4601E-003
     -7.5000      2.5000       0.3593E-003
     -7.5000      3.7500       0.2778E-003
     -7.5000      5.0000       0.2154E-003
     -7.5000      6.2500       0.1693E-003
     -7.5000      7.5000       0.1315E-003
     -7.5000      8.7500       0.9707E-004
     -7.5000     10.0000       0.6781E-004
     -7.5000     11.2500       0.5448E-004
     -7.5000     12.5000       0.5653E-004
     -7.5000     13.7500       0.5155E-004
     -7.5000     15.0000       0.2719E-004
     -7.5000     16.2500       0.4817E-005
     -7.5000     17.5000       0.6030E-007
     -7.5000     18.7500       0.2362E-011

     -6.5625    -20.0000       0.2283E-010
     -6.5625    -18.7500       0.3194E-012
     -6.5625    -17.5000       0.2132E-006
     -6.5625    -16.2500       0.1900E-004
     -6.5625    -15.0000       0.1327E-003
     -6.5625    -13.7500       0.3416E-003
     -6.5625    -12.5000       0.5453E-003
     -6.5625    -11.2500       0.6692E-003
     -6.5625    -10.0000       0.7109E-003
     -6.5625     -8.7500       0.7104E-003
     -6.5625     -7.5000       0.7137E-003
     -6.5625     -6.2500       0.7556E-003
     -6.5625     -5.0000       0.8390E-003
     -6.5625     -3.7500       0.9445E-003
     -6.5625     -2.5000       0.1040E-002
     -6.5625     -1.2500       0.1087E-002
     -6.5625      0.0000       0.1056E-002
     -6.5625      1.2500       0.9469E-003
     -6.5625      2.5000       0.7648E-003
     -6.5625      3.7500       0.5454E-003
     -6.5625      5.0000       0.3344E-003
     -6.5625      6.2500       0.1704E-003
     -6.5625      7.5000       0.8001E-004
     -6.5625      8.7500       0.6479E-004
     -6.5625     10.0000       0.1044E-003
     -6.5625     11.2500       0.1654E-003
     -6.5625     12.5000       0.1971E-003
     -6.5625     13.7500       0.1576E-003
     -6.5625     15.0000       0.7101E-004
     -6.5625     16.2500       0.1107E-004
     -6.5625     17.5000       0.1294E-006
     -6.5625     18.7500       0.1048E-011

     -5.6250    -20.0000       0.2349E-010
     -5.6250    -18.7500       0.9282E-012
     -5.6250    -17.5000       0.1482E-006
     -5.6250    -16.2500       0.1265E-004
     -5.6250    -15.0000       0.8273E-004
     -5.6250    -13.7500       0.1899E-003
     -5.6250    -12.5000       0.2514E-003
     -5.6250    -11.2500       0.2338E-003
     -5.6250    -10.0000       0.1759E-003
     -5.6250     -8.7500       0.1330E-003
     -5.6250     -7.5000       0.1448E-003
     -5.6250     -6.2500       0.2356E-003
     -5.6250     -5.0000       0.4038E-003
     -5.6250     -3.7500       0.6194E-003
     -5.6250     -2.5000       0.8406E-003
     -5.6250     -1.2500       0.1016E-002
     -5.6250      0.0000       0.1109E-002
     -5.6250      1.2500       0.1113E-002
     -5.6250      2.5000       0.1030E-002
     -5.6250      3.7500       0.8943E-003
     -5.6250      5.0000       0.7514E-003
     -5.6250      6.2500       0.6387E-003
     -5.6250      7.5000       0.5814E-003
     -5.6250      8.7500       0.5778E-003
     -5.6250     10.0000       0.5937E-003
     -5.6250     11.2500       0.5809E-003
     -5.6250     12.5000       0.4913E-003
     -5.6250     13.7500       0.3166E-003
     -5.6250     15.0000       0.1252E-003
     -5.6250     16.2500       0.1811E-004
     -5.6250     17.5000       0.2067E-006
     -5.6250     18.7500       0.1382E-012

     -4.6875    -20.0000       0.1221E-010
     -4.6875    -18.7500       0.2461E-011
     -4.6875    -17.5000       0.7144E-007
     -4.6875    -16.2500       0.5680E-005
     -4.6875    -15.0000       0.3273E-004
     -4.6875    -13.7500       0.6238E-004
     -4.6875    -12.5000       0.6279E-004
     -4.6875    -11.2500       0.4191E-004
     -4.6875    -10.0000       0.2988E-004
     -4.6875     -8.7500       0.4001E-004
     -4.6875     -7.5000       0.7089E-004
     -4.6875     -6.2500       0.1246E-003
     -4.6875     -5.0000       0.2047E-003
     -4.6875     -3.7500       0.3099E-003
     -4.6875     -2.5000       0.4336E-003
     -4.6875     -1.2500       0.5634E-003
     -4.6875      0.0000       0.6898E-003
     -4.6875      1.2500       0.8104E-003
     -4.6875      2.5000       0.9203E-003
     -4.6875      3.7500       0.1015E-002
     -4.6875      5.0000       0.1095E-002
     -4.6875      6.2500       0.1157E-002
     -4.6875      7.5000       0.1189E-002
     -4.6875      8.7500       0.1179E-002
     -4.6875     10.0000       0.1100E-002
     -4.6875     11.2500       0.9312E-003
     -4.6875     12.5000       0.6775E-003
     -4.6875     13.7500       0.3872E-003
     -4.6875     15.0000       0.1417E-003
     -4.6875     16.2500       0.1967E-004
     -4.6875     17.5000       0.2236E-006
     -4.6875     18.7500       0.2108E-012

     -3.7500    -20.0000       0.3939E-011
     -3.7500    -18.7500       0.2808E-011
     -3.7500    -17.5000       0.5101E-007
     -3.7500    -16.2500       0.4294E-005
     -3.7500    -15.0000       0.2718E-004
     -3.7500    -13.7500       0.7252E-004
     -3.7500    -12.5000       0.1474E-003
     -3.7500    -11.2500       0.2646E-003
     -3.7500    -10.0000       0.4031E-003
     -3.7500     -8.7500       0.5144E-003
     -3.7500     -7.5000       0.5580E-003
     -3.7500     -6.2500       0.5218E-003
     -3.7500     -5.0000       0.4192E-003
     -3.7500     -3.7500       0.2915E-003
     -3.7500     -2.5000       0.1809E-003
     -3.7500     -1.2500       0.1299E-003
     -3.7500      0.0000       0.1693E-003
     -3.7500      1.2500       0.3082E-003
     -3.7500      2.5000       0.5322E-003
     -3.7500      3.7500       0.7997E-003
     -3.7500      5.0000       0.1061E-002
     -3.7500      6.2500       0.1265E-002
     -3.7500      7.5000       0.1363E-002
     -3.7500      8.7500       0.1335E-002
     -3.7500     10.0000       0.1174E-002
     -3.7500     11.2500       0.9056E-003
     -3.7500     12.5000       0.5905E-003
     -3.7500     13.7500       0.3068E-003
     -3.7500     15.0000       0.1057E-003
     -3.7500     16.2500       0.1438E-004
     -3.7500     17.5000       0.1651E-006
     -3.7500     18.7500       0.1783E-011

     -2.8125    -20.0000       0.1539E-010
     -2.8125    -18.7500       0.2026E-011
     -2.8125    -17.5000       0.1051E-006
     -2.8125    -16.2500       0.9722E-005
     -2.8125    -15.0000       0.7101E-004
     -2.8125    -13.7500       0.2113E-003
     -2.8125    -12.5000       0.4299E-003
     -2.8125    -11.2500       0.7034E-003
     -2.8125    -10.0000       0.9629E-003
     -2.8125     -8.7500       0.1133E-002
     -2.8125     -7.5000       0.1172E-002
     -2.8125     -6.2500       0.1073E-002
     -2.8125     -5.0000       0.8560E-003
     -2.8125     -3.7500       0.5805E-003
     -2.8125     -2.5000       0.3076E-003
     -2.8125     -1.2500       0.1018E-003
     -2.8125      0.0000       0.1107E-004
     -2.8125      1.2500       0.5248E-004
     -2.8125      2.5000       0.2108E-003
     -2.8125      3.7500       0.4401E-003
     -2.8125      5.0000       0.6791E-003
     -2.8125      6.2500       0.8678E-003
     -2.8125      7.5000       0.9499E-003
     -2.8125      8.7500       0.9071E-003
     -2.8125     10.0000       0.7502E-003
     -2.8125     11.2500       0.5267E-003
     -2.8125     12.5000       0.3075E-003
     -2.8125     13.7500       0.1467E-003
     -2.8125     15.0000       0.4933E-004
     -2.8125     16.2500       0.6924E-005
     -2.8125     17.5000       0.8316E-007
     -2.8125     18.7500       0.4699E-011

     -1.8750    -20.0000       0.4794E-010
     -1.8750    -18.7500       0.2214E-011
     -1.8750    -17.5000       0.1856E-006
     -1.8750    -16.2500       0.1714E-004
     -1.8750    -15.0000       0.1252E-003
     -1.8750    -13.7500       0.3552E-003
     -1.8750    -12.5000       0.6590E-003
     -1.8750    -11.2500       0.9682E-003
     -1.8750    -10.0000       0.1212E-002
     -1.8750     -8.7500       0.1347E-002
     -1.8750     -7.5000       0.1368E-002
     -1.8750     -6.2500       0.1289E-002
     -1.8750     -5.0000       0.1127E-002
     -1.8750     -3.7500       0.9198E-003
     -1.8750     -2.5000       0.7009E-003
     -1.8750     -1.2500       0.5042E-003
     -1.8750      0.0000       0.3563E-003
     -1.8750      1.2500       0.2712E-003
     -1.8750      2.5000       0.2422E-003
     -1.8750      3.7500       0.2556E-003
     -1.8750      5.0000       0.2882E-003
     -1.8750      6.2500       0.3167E-003
     -1.8750      7.5000       0.3154E-003
     -1.8750      8.7500       0.2751E-003
     -1.8750     10.0000       0.2043E-003
     -1.8750     11.2500       0.1309E-003
     -1.8750     12.5000       0.7986E-004
     -1.8750     13.7500       0.4924E-004
     -1.8750     15.0000       0.2261E-004
     -1.8750     16.2500       0.3940E-005
     -1.8750     17.5000       0.5060E-007
     -1.8750     18.7500       0.7984E-011

     -0.9375    -20.0000       0.8372E-010
     -0.9375    -18.7500       0.5312E-011
     -0.9375    -17.5000       0.2209E-006
     -0.9375    -16.2500       0.1995E-004
     -0.9375    -15.0000       0.1417E-003
     -0.9375    -13.7500       0.3765E-003
     -0.9375    -12.5000       0.6313E-003
     -0.9375    -11.2500       0.8242E-003
     -0.9375    -10.0000       0.9296E-003
     -0.9375     -8.7500       0.9667E-003
     -0.9375     -7.5000       0.9718E-003
     -0.9375     -6.2500       0.9779E-003
     -0.9375     -5.0000       0.9916E-003
     -0.9375     -3.7500       0.1008E-002
     -0.9375     -2.5000       0.1011E-002
     -0.9375     -1.2500       0.9786E-003
     -0.9375      0.0000       0.8972E-003
     -0.9375      1.2500       0.7693E-003
     -0.9375      2.5000       0.5984E-003
     -0.9375      3.7500       0.4105E-003
     -0.9375      5.0000       0.2365E-003
     -0.9375      6.2500       0.1023E-003
     -0.9375      7.5000       0.2376E-004
     -0.9375      8.7500       0.7849E-006
     -0.9375     10.0000       0.2205E-004
     -0.9375     11.2500       0.7027E-004
     -0.9375     12.5000       0.1102E-003
     -0.9375     13.7500       0.1011E-003
     -0.9375     15.0000       0.4934E-004
     -0.9375     16.2500       0.8079E-005
     -0.9375     17.5000       0.9636E-007
     -0.9375     18.7500       0.1033E-010

      0.0000    -20.0000       0.9884E-010
      0.0000    -18.7500       0.1087E-010
      0.0000    -17.5000       0.1797E-006
      0.0000    -16.2500       0.1566E-004
      0.0000    -15.0000       0.1057E-003
      0.0000    -13.7500       0.2562E-003
      0.0000    -12.5000       0.3715E-003
      0.0000    -11.2500       0.3990E-003
      0.0000    -10.0000       0.3660E-003
      0.0000     -8.7500       0.3289E-003
      0.0000     -7.5000       0.3352E-003
      0.0000     -6.2500       0.4159E-003
      0.0000     -5.0000       0.5701E-003
      0.0000     -3.7500       0.7668E-003
      0.0000     -2.5000       0.9624E-003
      0.0000     -1.2500       0.1104E-002
      0.0000      0.0000       0.1153E-002
      0.0000      1.2500       0.1104E-002
      0.0000      2.5000       0.9624E-003
      0.0000      3.7500       0.7668E-003
      0.0000      5.0000       0.5701E-003
      0.0000      6.2500       0.4159E-003
      0.0000      7.5000       0.3352E-003
      0.0000      8.7500       0.3289E-003
      0.0000     10.0000       0.3660E-003
      0.0000     11.2500       0.3990E-003
      0.0000     12.5000       0.3715E-003
      0.0000     13.7500       0.2562E-003
      0.0000     15.0000       0.1057E-003
      0.0000     16.2500       0.1566E-004
      0.0000     17.5000       0.1797E-006
      0.0000     18.7500       0.1088E-010

      0.9375    -20.0000       0.8280E-010
      0.9375    -18.7500       0.1592E-010
      0.9375    -17.5000       0.9860E-007
      0.9375    -16.2500       0.8080E-005
      0.9375    -15.0000       0.4932E-004
      0.9375    -13.7500       0.1012E-003
      0.9375    -12.5000       0.1101E-003
      0.9375    -11.2500       0.7032E-004
      0.9375    -10.0000       0.2203E-004
      0.9375     -8.7500       0.7850E-006
      0.9375     -7.5000       0.2379E-004
      0.9375     -6.2500       0.1022E-003
      0.9375     -5.0000       0.2366E-003
      0.9375     -3.7500       0.4103E-003
      0.9375     -2.5000       0.5986E-003
      0.9375     -1.2500       0.7691E-003
      0.9375      0.0000       0.8975E-003
      0.9375      1.2500       0.9783E-003
      0.9375      2.5000       0.1011E-002
      0.9375      3.7500       0.1008E-002
      0.9375      5.0000       0.9918E-003
      0.9375      6.2500       0.9778E-003
      0.9375      7.5000       0.9719E-003
      0.9375      8.7500       0.9667E-003
      0.9375     10.0000       0.9295E-003
      0.9375     11.2500       0.8243E-003
      0.9375     12.5000       0.6313E-003
      0.9375     13.7500       0.3766E-003
      0.9375     15.0000       0.1417E-003
      0.9375     16.2500       0.1994E-004
      0.9375     17.5000       0.2265E-006
      0.9375     18.7500       0.9675E-011

      1.8750    -20.0000       0.4710E-010
      1.8750    -18.7500       0.1714E-010
      1.8750    -17.5000       0.4974E-007
      1.8750    -16.2500       0.3947E-005
      1.8750    -15.0000       0.2260E-004
      1.8750    -13.7500       0.4926E-004
      1.8750    -12.5000       0.7984E-004
      1.8750    -11.2500       0.1309E-003
      1.8750    -10.0000       0.2043E-003
      1.8750     -8.7500       0.2751E-003
      1.8750     -7.5000       0.3154E-003
      1.8750     -6.2500       0.3166E-003
      1.8750     -5.0000       0.2883E-003
      1.8750     -3.7500       0.2555E-003
      1.8750     -2.5000       0.2424E-003
      1.8750     -1.2500       0.2709E-003
      1.8750      0.0000       0.3566E-003
      1.8750      1.2500       0.5038E-003
      1.8750      2.5000       0.7012E-003
      1.8750      3.7500       0.9195E-003
      1.8750      5.0000       0.1127E-002
      1.8750      6.2500       0.1289E-002
      1.8750      7.5000       0.1368E-002
      1.8750      8.7500       0.1347E-002
      1.8750     10.0000       0.1212E-002
      1.8750     11.2500       0.9684E-003
      1.8750     12.5000       0.6588E-003
      1.8750     13.7500       0.3553E-003
      1.8750     15.0000       0.1252E-003
      1.8750     16.2500       0.1713E-004
      1.8750     17.5000       0.1951E-006
      1.8750     18.7500       0.7539E-011

      2.8125    -20.0000       0.1566E-010
      2.8125    -18.7500       0.1352E-010
      2.8125    -17.5000       0.7661E-007
      2.8125    -16.2500       0.6936E-005
      2.8125    -15.0000       0.4933E-004
      2.8125    -13.7500       0.1467E-003
      2.8125    -12.5000       0.3076E-003
      2.8125    -11.2500       0.5267E-003
      2.8125    -10.0000       0.7503E-003
      2.8125     -8.7500       0.9070E-003
      2.8125     -7.5000       0.9499E-003
      2.8125     -6.2500       0.8678E-003
      2.8125     -5.0000       0.6790E-003
      2.8125     -3.7500       0.4402E-003
      2.8125     -2.5000       0.2108E-003
      2.8125     -1.2500       0.5250E-004
      2.8125      0.0000       0.1113E-004
      2.8125      1.2500       0.1017E-003
      2.8125      2.5000       0.3078E-003
      2.8125      3.7500       0.5803E-003
      2.8125      5.0000       0.8562E-003
      2.8125      6.2500       0.1073E-002
      2.8125      7.5000       0.1172E-002
      2.8125      8.7500       0.1133E-002
      2.8125     10.0000       0.9628E-003
      2.8125     11.2500       0.7035E-003
      2.8125     12.5000       0.4298E-003
      2.8125     13.7500       0.2113E-003
      2.8125     15.0000       0.7100E-004
      2.8125     16.2500       0.9709E-005
      2.8125     17.5000       0.1135E-006
      2.8125     18.7500       0.5363E-011

      3.7500    -20.0000       0.5450E-011
      3.7500    -18.7500       0.7264E-011
      3.7500    -17.5000       0.1553E-006
      3.7500    -16.2500       0.1439E-004
      3.7500    -15.0000       0.1057E-003
      3.7500    -13.7500       0.3067E-003
      3.7500    -12.5000       0.5906E-003
      3.7500    -11.2500       0.9054E-003
      3.7500    -10.0000       0.1174E-002
      3.7500     -8.7500       0.1335E-002
      3.7500     -7.5000       0.1363E-002
      3.7500     -6.2500       0.1266E-002
      3.7500     -5.0000       0.1061E-002
      3.7500     -3.7500       0.8000E-003
      3.7500     -2.5000       0.5319E-003
      3.7500     -1.2500       0.3085E-003
      3.7500      0.0000       0.1691E-003
      3.7500      1.2500       0.1301E-003
      3.7500      2.5000       0.1808E-003
      3.7500      3.7500       0.2915E-003
      3.7500      5.0000       0.4192E-003
      3.7500      6.2500       0.5218E-003
      3.7500      7.5000       0.5580E-003
      3.7500      8.7500       0.5144E-003
      3.7500     10.0000       0.4031E-003
      3.7500     11.2500       0.2647E-003
      3.7500     12.5000       0.1474E-003
      3.7500     13.7500       0.7251E-004
      3.7500     15.0000       0.2719E-004
      3.7500     16.2500       0.4285E-005
      3.7500     17.5000       0.5411E-007
      3.7500     18.7500       0.3564E-011

      4.6875    -20.0000       0.1394E-010
      4.6875    -18.7500       0.2061E-011
      4.6875    -17.5000       0.2159E-006
      4.6875    -16.2500       0.1968E-004
      4.6875    -15.0000       0.1417E-003
      4.6875    -13.7500       0.3871E-003
      4.6875    -12.5000       0.6776E-003
      4.6875    -11.2500       0.9311E-003
      4.6875    -10.0000       0.1100E-002
      4.6875     -8.7500       0.1179E-002
      4.6875     -7.5000       0.1189E-002
      4.6875     -6.2500       0.1157E-002
      4.6875     -5.0000       0.1095E-002
      4.6875     -3.7500       0.1015E-002
      4.6875     -2.5000       0.9200E-003
      4.6875     -1.2500       0.8108E-003
      4.6875      0.0000       0.6895E-003
      4.6875      1.2500       0.5637E-003
      4.6875      2.5000       0.4333E-003
      4.6875      3.7500       0.3100E-003
      4.6875      5.0000       0.2046E-003
      4.6875      6.2500       0.1247E-003
      4.6875      7.5000       0.7086E-004
      4.6875      8.7500       0.4001E-004
      4.6875     10.0000       0.2990E-004
      4.6875     11.2500       0.4188E-004
      4.6875     12.5000       0.6283E-004
      4.6875     13.7500       0.6234E-004
      4.6875     15.0000       0.3275E-004
      4.6875     16.2500       0.5677E-005
      4.6875     17.5000       0.6985E-007
      4.6875     18.7500       0.2083E-011

      5.6250    -20.0000       0.2414E-010
      5.6250    -18.7500       0.2396E-012
      5.6250    -17.5000       0.2046E-006
      5.6250    -16.2500       0.1811E-004
      5.6250    -15.0000       0.1252E-003
      5.6250    -13.7500       0.3166E-003
      5.6250    -12.5000       0.4913E-003
      5.6250    -11.2500       0.5808E-003
      5.6250    -10.0000       0.5937E-003
      5.6250     -8.7500       0.5778E-003
      5.6250     -7.5000       0.5813E-003
      5.6250     -6.2500       0.6388E-003
      5.6250     -5.0000       0.7514E-003
      5.6250     -3.7500       0.8944E-003
      5.6250     -2.5000       0.1030E-002
      5.6250     -1.2500       0.1113E-002
      5.6250      0.0000       0.1109E-002
      5.6250      1.2500       0.1016E-002
      5.6250      2.5000       0.8405E-003
      5.6250      3.7500       0.6195E-003
      5.6250      5.0000       0.4038E-003
      5.6250      6.2500       0.2356E-003
      5.6250      7.5000       0.1448E-003
      5.6250      8.7500       0.1330E-003
      5.6250     10.0000       0.1759E-003
      5.6250     11.2500       0.2337E-003
      5.6250     12.5000       0.2514E-003
      5.6250     13.7500       0.1899E-003
      5.6250     15.0000       0.8273E-004
      5.6250     16.2500       0.1265E-004
      5.6250     17.5000       0.1467E-006
      5.6250     18.7500       0.8198E-012

      6.5625    -20.0000       0.2189E-010
      6.5625    -18.7500       0.1247E-011
      6.5625    -17.5000       0.1314E-006
      6.5625    -16.2500       0.1107E-004
      6.5625    -15.0000       0.7100E-004
      6.5625    -13.7500       0.1576E-003
      6.5625    -12.5000       0.1971E-003
      6.5625    -11.2500       0.1654E-003
      6.5625    -10.0000       0.1044E-003
      6.5625     -8.7500       0.6479E-004
      6.5625     -7.5000       0.8002E-004
      6.5625     -6.2500       0.1703E-003
      6.5625     -5.0000       0.3345E-003
      6.5625     -3.7500       0.5453E-003
      6.5625     -2.5000       0.7649E-003
      6.5625     -1.2500       0.9467E-003
      6.5625      0.0000       0.1056E-002
      6.5625      1.2500       0.1086E-002
      6.5625      2.5000       0.1040E-002
      6.5625      3.7500       0.9444E-003
      6.5625      5.0000       0.8391E-003
      6.5625      6.2500       0.7556E-003
      6.5625      7.5000       0.7137E-003
      6.5625      8.7500       0.7104E-003
      6.5625     10.0000       0.7109E-003
      6.5625     11.2500       0.6693E-003
      6.5625     12.5000       0.5453E-003
      6.5625     13.7500       0.3416E-003
      6.5625     15.0000       0.1327E-003
      6.5625     16.2500       0.1900E-004
      6.5625     17.5000       0.2164E-006
      6.5625     18.7500       0.5232E-013

      7.5000    -20.0000       0.9678E-011
      7.5000    -18.7500       0.2662E-011
      7.5000    -17.5000       0.6125E-007
      7.5000    -16.2500       0.4820E-005
      7.5000    -15.0000       0.2717E-004
      7.5000    -13.7500       0.5158E-004
      7.5000    -12.5000       0.5649E-004
      7.5000    -11.2500       0.5451E-004
      7.5000    -10.0000       0.6780E-004
      7.5000     -8.7500       0.9706E-004
      7.5000     -7.5000       0.1315E-003
      7.5000     -6.2500       0.1692E-003
      7.5000     -5.0000       0.2155E-003
      7.5000     -3.7500       0.2777E-003
      7.5000     -2.5000       0.3595E-003
      7.5000     -1.2500       0.4598E-003
      7.5000      0.0000       0.5773E-003
      7.5000      1.2500       0.7118E-003
      7.5000      2.5000       0.8559E-003
      7.5000      3.7500       0.9963E-003
      7.5000      5.0000       0.1124E-002
      7.5000      6.2500       0.1222E-002
      7.5000      7.5000       0.1271E-002
      7.5000      8.7500       0.1258E-002
      7.5000     10.0000       0.1159E-002
      7.5000     11.2500       0.9611E-003
      7.5000     12.5000       0.6832E-003
      7.5000     13.7500       0.3828E-003
      7.5000     15.0000       0.1382E-003
      7.5000     16.2500       0.1909E-004
      7.5000     17.5000       0.2171E-006
      7.5000     18.7500       0.3975E-012

      8.4375    -20.0000       0.4306E-011
      8.4375    -18.7500       0.2694E-011
      8.4375    -17.5000       0.5657E-007
      8.4375    -16.2500       0.4915E-005
      8.4375    -15.0000       0.3274E-004
      8.4375    -13.7500       0.9277E-004
      8.4375    -12.5000       0.1948E-003
      8.4375    -11.2500       0.3469E-003
      8.4375    -10.0000       0.5167E-003
      8.4375     -8.7500       0.6458E-003
      8.4375     -7.5000       0.6899E-003
      8.4375     -6.2500       0.6364E-003
      8.4375     -5.0000       0.5004E-003
      8.4375     -3.7500       0.3299E-003
      8.4375     -2.5000       0.1743E-003
      8.4375     -1.2500       0.8448E-004
      8.4375      0.0000       0.9744E-004
      8.4375      1.2500       0.2246E-003
      8.4375      2.5000       0.4504E-003
      8.4375      3.7500       0.7291E-003
      8.4375      5.0000       0.1005E-002
      8.4375      6.2500       0.1221E-002
      8.4375      7.5000       0.1322E-002
      8.4375      8.7500       0.1290E-002
      8.4375     10.0000       0.1122E-002
      8.4375     11.2500       0.8505E-003
      8.4375     12.5000       0.5429E-003
      8.4375     13.7500       0.2768E-003
      8.4375     15.0000       0.9445E-004
      8.4375     16.2500       0.1283E-004
      8.4375     17.5000       0.1481E-006
      8.4375     18.7500       0.2279E-011

      9.3750    -20.0000       0.2054E-010
      9.3750    -18.7500       0.1904E-011
      9.3750    -17.5000       0.1215E-006
      9.3750    -16.2500       0.1127E-004
      9.3750    -15.0000       0.8274E-004
      9.3750    -13.7500       0.2445E-003
      9.3750    -12.5000       0.4887E-003
      9.3750    -11.2500       0.7822E-003
      9.3750    -10.0000       0.1051E-002
      9.3750     -8.7500       0.1222E-002
      9.3750     -7.5000       0.1258E-002
      9.3750     -6.2500       0.1156E-002
      9.3750     -5.0000       0.9354E-003
      9.3750     -3.7500       0.6553E-003
      9.3750     -2.5000       0.3744E-003
      9.3750     -1.2500       0.1550E-003
      9.3750      0.0000       0.4391E-004
      9.3750      1.2500       0.5839E-004
      9.3750      2.5000       0.1844E-003
      9.3750      3.7500       0.3800E-003
      9.3750      5.0000       0.5882E-003
      9.3750      6.2500       0.7532E-003
      9.3750      7.5000       0.8223E-003
      9.3750      8.7500       0.7784E-003
      9.3750     10.0000       0.6338E-003
      9.3750     11.2500       0.4355E-003
      9.3750     12.5000       0.2488E-003
      9.3750     13.7500       0.1178E-003
      9.3750     15.0000       0.4022E-004
      9.3750     16.2500       0.5796E-005
      9.3750     17.5000       0.7079E-007
      9.3750     18.7500       0.5368E-011

     10.3125    -20.0000       0.5565E-010
     10.3125    -18.7500       0.2572E-011
     10.3125    -17.5000       0.1982E-006
     10.3125    -16.2500       0.1824E-004
     10.3125    -15.0000       0.1327E-003
     10.3125    -13.7500       0.3719E-003
     10.3125    -12.5000       0.6770E-003
     10.3125    -11.2500       0.9736E-003
     10.3125    -10.0000       0.1197E-002
     10.3125     -8.7500       0.1315E-002
     10.3125     -7.5000       0.1331E-002
     10.3125     -6.2500       0.1266E-002
     10.3125     -5.0000       0.1134E-002
     10.3125     -3.7500       0.9645E-003
     10.3125     -2.5000       0.7815E-003
     10.3125     -1.2500       0.6086E-003
     10.3125      0.0000       0.4645E-003
     10.3125      1.2500       0.3613E-003
     10.3125      2.5000       0.2947E-003
     10.3125      3.7500       0.2594E-003
     10.3125      5.0000       0.2436E-003
     10.3125      6.2500       0.2341E-003
     10.3125      7.5000       0.2141E-003
     10.3125      8.7500       0.1765E-003
     10.3125     10.0000       0.1267E-003
     10.3125     11.2500       0.8452E-004
     10.3125     12.5000       0.6228E-004
     10.3125     13.7500       0.4712E-004
     10.3125     15.0000       0.2377E-004
     10.3125     16.2500       0.4230E-005
     10.3125     17.5000       0.5385E-007
     10.3125     18.7500       0.8567E-011

     11.2500    -20.0000       0.8903E-010
     11.2500    -18.7500       0.6294E-011
     11.2500    -17.5000       0.2185E-006
     11.2500    -16.2500       0.1962E-004
     11.2500    -15.0000       0.1383E-003
     11.2500    -13.7500       0.3618E-003
     11.2500    -12.5000       0.5926E-003
     11.2500    -11.2500       0.7514E-003
     11.2500    -10.0000       0.8243E-003
     11.2500     -8.7500       0.8417E-003
     11.2500     -7.5000       0.8456E-003
     11.2500     -6.2500       0.8701E-003
     11.2500     -5.0000       0.9202E-003
     11.2500     -3.7500       0.9829E-003
     11.2500     -2.5000       0.1034E-002
     11.2500     -1.2500       0.1041E-002
     11.2500      0.0000       0.9845E-003
     11.2500      1.2500       0.8634E-003
     11.2500      2.5000       0.6831E-003
     11.2500      3.7500       0.4748E-003
     11.2500      5.0000       0.2779E-003
     11.2500      6.2500       0.1254E-003
     11.2500      7.5000       0.3914E-004
     11.2500      8.7500       0.2013E-004
     11.2500     10.0000       0.5242E-004
     11.2500     11.2500       0.1102E-003
     11.2500     12.5000       0.1494E-003
     11.2500     13.7500       0.1277E-003
     11.2500     15.0000       0.5973E-004
     11.2500     16.2500       0.9528E-005
     11.2500     17.5000       0.1123E-006
     11.2500     18.7500       0.1060E-010

     12.1875    -20.0000       0.9807E-010
     12.1875    -18.7500       0.1204E-010
     12.1875    -17.5000       0.1645E-006
     12.1875    -16.2500       0.1420E-004
     12.1875    -15.0000       0.9446E-004
     12.1875    -13.7500       0.2232E-003
     12.1875    -12.5000       0.3103E-003
     12.1875    -11.2500       0.3127E-003
     12.1875    -10.0000       0.2642E-003
     12.1875     -8.7500       0.2222E-003
     12.1875     -7.5000       0.2310E-003
     12.1875     -6.2500       0.3185E-003
     12.1875     -5.0000       0.4834E-003
     12.1875     -3.7500       0.6942E-003
     12.1875     -2.5000       0.9072E-003
     12.1875     -1.2500       0.1069E-002
     12.1875      0.0000       0.1142E-002
     12.1875      1.2500       0.1118E-002
     12.1875      2.5000       0.1004E-002
     12.1875      3.7500       0.8343E-003
     12.1875      5.0000       0.6606E-003
     12.1875      6.2500       0.5240E-003
     12.1875      7.5000       0.4536E-003
     12.1875      8.7500       0.4490E-003
     12.1875     10.0000       0.4772E-003
     12.1875     11.2500       0.4896E-003
     12.1875     12.5000       0.4326E-003
     12.1875     13.7500       0.2878E-003
     12.1875     15.0000       0.1161E-003
     12.1875     16.2500       0.1698E-004
     12.1875     17.5000       0.1941E-006
     12.1875     18.7500       0.1076E-010

     13.1250    -20.0000       0.7653E-010
     13.1250    -18.7500       0.1655E-010
     13.1250    -17.5000       0.8405E-007
     13.1250    -16.2500       0.6780E-005
     13.1250    -15.0000       0.4021E-004
     13.1250    -13.7500       0.7913E-004
     13.1250    -12.5000       0.8090E-004
     13.1250    -11.2500       0.4725E-004
     13.1250    -10.0000       0.1443E-004
     13.1250     -8.7500       0.7496E-005
     13.1250     -7.5000       0.3450E-004
     13.1250     -6.2500       0.1020E-003
     13.1250     -5.0000       0.2119E-003
     13.1250     -3.7500       0.3547E-003
     13.1250     -2.5000       0.5143E-003
     13.1250     -1.2500       0.6678E-003
     13.1250      0.0000       0.7979E-003
     13.1250      1.2500       0.9004E-003
     13.1250      2.5000       0.9727E-003
     13.1250      3.7500       0.1018E-002
     13.1250      5.0000       0.1051E-002
     13.1250      6.2500       0.1075E-002
     13.1250      7.5000       0.1088E-002
     13.1250      8.7500       0.1081E-002
     13.1250     10.0000       0.1023E-002
     13.1250     11.2500       0.8850E-003
     13.1250     12.5000       0.6599E-003
     13.1250     13.7500       0.3851E-003
     13.1250     15.0000       0.1428E-003
     13.1250     16.2500       0.1996E-004
     13.1250     17.5000       0.2266E-006
     13.1250     18.7500       0.9291E-011

     14.0625    -20.0000       0.3970E-010
     14.0625    -18.7500       0.1677E-010
     14.0625    -17.5000       0.4879E-007
     14.0625    -16.2500       0.3966E-005
     14.0625    -15.0000       0.2375E-004
     14.0625    -13.7500       0.5783E-004
     14.0625    -12.5000       0.1086E-003
     14.0625    -11.2500       0.1917E-003
     14.0625    -10.0000       0.2977E-003
     14.0625     -8.7500       0.3892E-003
     14.0625     -7.5000       0.4315E-003
     14.0625     -6.2500       0.4138E-003
     14.0625     -5.0000       0.3475E-003
     14.0625     -3.7500       0.2663E-003
     14.0625     -2.5000       0.2039E-003
     14.0625     -1.2500       0.1929E-003
     14.0625      0.0000       0.2568E-003
     14.0625      1.2500       0.4025E-003
     14.0625      2.5000       0.6169E-003
     14.0625      3.7500       0.8639E-003
     14.0625      5.0000       0.1102E-002
     14.0625      6.2500       0.1288E-002
     14.0625      7.5000       0.1378E-002
     14.0625      8.7500       0.1354E-002
     14.0625     10.0000       0.1204E-002
     14.0625     11.2500       0.9454E-003
     14.0625     12.5000       0.6296E-003
     14.0625     13.7500       0.3333E-003
     14.0625     15.0000       0.1161E-003
     14.0625     16.2500       0.1583E-004
     14.0625     17.5000       0.1808E-006
     14.0625     18.7500       0.7085E-011

     15.0000    -20.0000       0.1170E-010
     15.0000    -18.7500       0.1236E-010
     15.0000    -17.5000       0.9012E-007
     15.0000    -16.2500       0.8257E-005
     15.0000    -15.0000       0.5973E-004
     15.0000    -13.7500       0.1782E-003
     15.0000    -12.5000       0.3687E-003
     15.0000    -11.2500       0.6171E-003
     15.0000    -10.0000       0.8614E-003
     15.0000     -8.7500       0.1027E-002
     15.0000     -7.5000       0.1068E-002
     15.0000     -6.2500       0.9758E-003
     15.0000     -5.0000       0.7694E-003
     15.0000     -3.7500       0.5079E-003
     15.0000     -2.5000       0.2524E-003
     15.0000     -1.2500       0.6717E-004
     15.0000      0.0000       0.2391E-010
     15.0000      1.2500       0.6710E-004
     15.0000      2.5000       0.2525E-003
     15.0000      3.7500       0.5077E-003
     15.0000      5.0000       0.7696E-003
     15.0000      6.2500       0.9757E-003
     15.0000      7.5000       0.1068E-002
     15.0000      8.7500       0.1027E-002
     15.0000     10.0000       0.8613E-003
     15.0000     11.2500       0.6172E-003
     15.0000     12.5000       0.3686E-003
     15.0000     13.7500       0.1783E-003
     15.0000     15.0000       0.5972E-004
     15.0000     16.2500       0.8245E-005
     15.0000     17.5000       0.9743E-007
     15.0000     18.7500       0.4970E-011

     15.9375    -20.0000       0.6079E-011
     15.9375    -18.7500       0.6029E-011
     15.9375    -17.5000       0.1713E-006
     15.9375    -16.2500       0.1584E-004
     15.9375    -15.0000       0.1161E-003
     15.9375    -13.7500       0.3332E-003
     15.9375    -12.5000       0.6298E-003
     15.9375    -11.2500       0.9452E-003
     15.9375    -10.0000       0.1204E-002
     15.9375     -8.7500       0.1354E-002
     15.9375     -7.5000       0.1378E-002
     15.9375     -6.2500       0.1289E-002
     15.9375     -5.0000       0.1102E-002
     15.9375     -3.7500       0.8642E-003
     15.9375     -2.5000       0.6166E-003
     15.9375     -1.2500       0.4028E-003
     15.9375      0.0000       0.2565E-003
     15.9375      1.2500       0.1931E-003
     15.9375      2.5000       0.2038E-003
     15.9375      3.7500       0.2664E-003
     15.9375      5.0000       0.3475E-003
     15.9375      6.2500       0.4138E-003
     15.9375      7.5000       0.4315E-003
     15.9375      8.7500       0.3892E-003
     15.9375     10.0000       0.2977E-003
     15.9375     11.2500       0.1917E-003
     15.9375     12.5000       0.1086E-003
     15.9375     13.7500       0.5781E-004
     15.9375     15.0000       0.2377E-004
     15.9375     16.2500       0.3959E-005
     15.9375     17.5000       0.5061E-007
     15.9375     18.7500       0.3248E-011

     16.8750    -20.0000       0.1646E-010
     16.8750    -18.7500       0.1402E-011
     16.8750    -17.5000       0.2202E-006
     16.8750    -16.2500       0.1997E-004
     16.8750    -15.0000       0.1428E-003
     16.8750    -13.7500       0.3850E-003
     16.8750    -12.5000       0.6600E-003
     16.8750    -11.2500       0.8849E-003
     16.8750    -10.0000       0.1023E-002
     16.8750     -8.7500       0.1080E-002
     16.8750     -7.5000       0.1088E-002
     16.8750     -6.2500       0.1075E-002
     16.8750     -5.0000       0.1051E-002
     16.8750     -3.7500       0.1019E-002
     16.8750     -2.5000       0.9724E-003
     16.8750     -1.2500       0.9007E-003
     16.8750      0.0000       0.7976E-003
     16.8750      1.2500       0.6681E-003
     16.8750      2.5000       0.5141E-003
     16.8750      3.7500       0.3548E-003
     16.8750      5.0000       0.2118E-003
     16.8750      6.2500       0.1021E-003
     16.8750      7.5000       0.3447E-004
     16.8750      8.7500       0.7499E-005
     16.8750     10.0000       0.1445E-004
     16.8750     11.2500       0.4721E-004
     16.8750     12.5000       0.8095E-004
     16.8750     13.7500       0.7909E-004
     16.8750     15.0000       0.4023E-004
     16.8750     16.2500       0.6779E-005
     16.8750     17.5000       0.8203E-007
     16.8750     18.7500       0.1811E-011

     17.8125    -20.0000       0.2488E-010
     17.8125    -18.7500       0.2797E-012
     17.8125    -17.5000       0.1933E-006
     17.8125    -16.2500       0.1698E-004
     17.8125    -15.0000       0.1161E-003
     17.8125    -13.7500       0.2878E-003
     17.8125    -12.5000       0.4326E-003
     17.8125    -11.2500       0.4896E-003
     17.8125    -10.0000       0.4773E-003
     17.8125     -8.7500       0.4490E-003
     17.8125     -7.5000       0.4535E-003
     17.8125     -6.2500       0.5241E-003
     17.8125     -5.0000       0.6606E-003
     17.8125     -3.7500       0.8344E-003
     17.8125     -2.5000       0.1004E-002
     17.8125     -1.2500       0.1119E-002
     17.8125      0.0000       0.1142E-002
     17.8125      1.2500       0.1069E-002
     17.8125      2.5000       0.9072E-003
     17.8125      3.7500       0.6942E-003
     17.8125      5.0000       0.4833E-003
     17.8125      6.2500       0.3185E-003
     17.8125      7.5000       0.2310E-003
     17.8125      8.7500       0.2222E-003
     17.8125     10.0000       0.2643E-003
     17.8125     11.2500       0.3127E-003
     17.8125     12.5000       0.3103E-003
     17.8125     13.7500       0.2232E-003
     17.8125     15.0000       0.9446E-004
     17.8125     16.2500       0.1420E-004
     17.8125     17.5000       0.1637E-006
     17.8125     18.7500       0.6096E-012

     18.7500    -20.0000       0.1983E-010
     18.7500    -18.7500       0.1581E-011
     18.7500    -17.5000       0.1146E-006
     18.7500    -16.2500       0.9529E-005
     18.7500    -15.0000       0.5972E-004
     18.7500    -13.7500       0.1277E-003
     18.7500    -12.5000       0.1494E-003
     18.7500    -11.2500       0.1102E-003
     18.7500    -10.0000       0.5240E-004
     18.7500     -8.7500       0.2013E-004
     18.7500     -7.5000       0.3916E-004
     18.7500     -6.2500       0.1253E-003
     18.7500     -5.0000       0.2780E-003
     18.7500     -3.7500       0.4747E-003
     18.7500     -2.5000       0.6832E-003
     18.7500     -1.2500       0.8632E-003
     18.7500      0.0000       0.9847E-003
     18.7500      1.2500       0.1041E-002
     18.7500      2.5000       0.1034E-002
     18.7500      3.7500       0.9827E-003
     18.7500      5.0000       0.9203E-003
     18.7500      6.2500       0.8701E-003
     18.7500      7.5000       0.8456E-003
     18.7500      8.7500       0.8417E-003
     18.7500     10.0000       0.8242E-003
     18.7500     11.2500       0.7515E-003
     18.7500     12.5000       0.5925E-003
     18.7500     13.7500       0.3619E-003
     18.7500     15.0000       0.1383E-003
     18.7500     16.2500       0.1962E-004
     18.7500     17.5000       0.2232E-006
     18.7500     18.7500       0.1159E-013

     19.6875    -20.0000       0.7430E-011
     19.6875    -18.7500       0.2799E-011
     19.6875    -17.5000       0.5389E-007
     19.6875    -16.2500       0.4235E-005
     19.6875    -15.0000       0.2375E-004
     19.6875    -13.7500       0.4715E-004
     19.6875    -12.5000       0.6225E-004
     19.6875    -11.2500       0.8454E-004
     19.6875    -10.0000       0.1267E-003
     19.6875     -8.7500       0.1764E-003
     19.6875     -7.5000       0.2141E-003
     19.6875     -6.2500       0.2340E-003
     19.6875     -5.0000       0.2437E-003
     19.6875     -3.7500       0.2593E-003
     19.6875     -2.5000       0.2949E-003
     19.6875     -1.2500       0.3611E-003
     19.6875      0.0000       0.4648E-003
     19.6875      1.2500       0.6082E-003
     19.6875      2.5000       0.7819E-003
     19.6875      3.7500       0.9642E-003
     19.6875      5.0000       0.1134E-002
     19.6875      6.2500       0.1266E-002
     19.6875      7.5000       0.1331E-002
     19.6875      8.7500       0.1315E-002
     19.6875     10.0000       0.1196E-002
     19.6875     11.2500       0.9737E-003
     19.6875     12.5000       0.6769E-003
     19.6875     13.7500       0.3720E-003
     19.6875     15.0000       0.1327E-003
     19.6875     16.2500       0.1823E-004
     19.6875     17.5000       0.2076E-006
     19.6875     18.7500       0.6484E-012

     20.6250    -20.0000       0.5600E-011
     20.6250    -18.7500       0.2542E-011
     20.6250    -17.5000       0.6515E-007
     20.6250    -16.2500       0.5807E-005
     20.6250    -15.0000       0.4022E-004
     20.6250    -13.7500       0.1178E-003
     20.6250    -12.5000       0.2488E-003
     20.6250    -11.2500       0.4354E-003
     20.6250    -10.0000       0.6339E-003
     20.6250     -8.7500       0.7784E-003
     20.6250     -7.5000       0.8223E-003
     20.6250     -6.2500       0.7532E-003
     20.6250     -5.0000       0.5881E-003
     20.6250     -3.7500       0.3801E-003
     20.6250     -2.5000       0.1844E-003
     20.6250     -1.2500       0.5834E-004
     20.6250      0.0000       0.4404E-004
     20.6250      1.2500       0.1549E-003
     20.6250      2.5000       0.3747E-003
     20.6250      3.7500       0.6551E-003
     20.6250      5.0000       0.9356E-003
     20.6250      6.2500       0.1156E-002
     20.6250      7.5000       0.1258E-002
     20.6250      8.7500       0.1222E-002
     20.6250     10.0000       0.1051E-002
     20.6250     11.2500       0.7823E-003
     20.6250     12.5000       0.4886E-003
     20.6250     13.7500       0.2446E-003
     20.6250     15.0000       0.8272E-004
     20.6250     16.2500       0.1126E-004
     20.6250     17.5000       0.1308E-006
     20.6250     18.7500       0.2827E-011

     21.5625    -20.0000       0.2652E-010
     21.5625    -18.7500       0.1843E-011
     21.5625    -17.5000       0.1383E-006
     21.5625    -16.2500       0.1285E-004
     21.5625    -15.0000       0.9446E-004
     21.5625    -13.7500       0.2768E-003
     21.5625    -12.5000       0.5430E-003
     21.5625    -11.2500       0.8504E-003
     21.5625    -10.0000       0.1122E-002
     21.5625     -8.7500       0.1290E-002
     21.5625     -7.5000       0.1322E-002
     21.5625     -6.2500       0.1221E-002
     21.5625     -5.0000       0.1005E-002
     21.5625     -3.7500       0.7294E-003
     21.5625     -2.5000       0.4502E-003
     21.5625     -1.2500       0.2249E-003
     21.5625      0.0000       0.9726E-004
     21.5625      1.2500       0.8459E-004
     21.5625      2.5000       0.1743E-003
     21.5625      3.7500       0.3299E-003
     21.5625      5.0000       0.5005E-003
     21.5625      6.2500       0.6364E-003
     21.5625      7.5000       0.6899E-003
     21.5625      8.7500       0.6458E-003
     21.5625     10.0000       0.5166E-003
     21.5625     11.2500       0.3470E-003
     21.5625     12.5000       0.1947E-003
     21.5625     13.7500       0.9278E-004
     21.5625     15.0000       0.3274E-004
     21.5625     16.2500       0.4905E-005
     21.5625     17.5000       0.6104E-007
     21.5625     18.7500       0.6042E-011

     22.5000    -20.0000       0.6329E-010
     22.5000    -18.7500       0.3061E-011
     22.5000    -17.5000       0.2083E-006
     22.5000    -16.2500       0.1910E-004
     22.5000    -15.0000       0.1383E-003
     22.5000    -13.7500       0.3827E-003
     22.5000    -12.5000       0.6833E-003
     22.5000    -11.2500       0.9610E-003
     22.5000    -10.0000       0.1159E-002
     22.5000     -8.7500       0.1258E-002
     22.5000     -7.5000       0.1271E-002
     22.5000     -6.2500       0.1222E-002
     22.5000     -5.0000       0.1123E-002
     22.5000     -3.7500       0.9966E-003
     22.5000     -2.5000       0.8555E-003
     22.5000     -1.2500       0.7121E-003
     22.5000      0.0000       0.5770E-003
     22.5000      1.2500       0.4601E-003
     22.5000      2.5000       0.3593E-003
     22.5000      3.7500       0.2778E-003
     22.5000      5.0000       0.2154E-003
     22.5000      6.2500       0.1693E-003
     22.5000      7.5000       0.1315E-003
     22.5000      8.7500       0.9707E-004
     22.5000     10.0000       0.6781E-004
     22.5000     11.2500       0.5447E-004
     22.5000     12.5000       0.5653E-004
     22.5000     13.7500       0.5155E-004
     22.5000     15.0000       0.2719E-004
     22.5000     16.2500       0.4816E-005
     22.5000     17.5000       0.6035E-007
     22.5000     18.7500       0.9101E-011

     23.4375    -20.0000       0.9331E-010
     23.4375    -18.7500       0.7366E-011
     23.4375    -17.5000       0.2129E-006
     23.4375    -16.2500       0.1900E-004
     23.4375    -15.0000       0.1327E-003
     23.4375    -13.7500       0.3416E-003
     23.4375    -12.5000       0.5453E-003
     23.4375    -11.2500       0.6692E-003
     23.4375    -10.0000       0.7109E-003
     23.4375     -8.7500       0.7104E-003
     23.4375     -7.5000       0.7137E-003
     23.4375     -6.2500       0.7556E-003
     23.4375     -5.0000       0.8390E-003
     23.4375     -3.7500       0.9445E-003
     23.4375     -2.5000       0.1040E-002
     23.4375     -1.2500       0.1087E-002
     23.4375      0.0000       0.1056E-002
     23.4375      1.2500       0.9469E-003
     23.4375      2.5000       0.7648E-003
     23.4375      3.7500       0.5454E-003
     23.4375      5.0000       0.3344E-003
     23.4375      6.2500       0.1704E-003
     23.4375      7.5000       0.8001E-004
     23.4375      8.7500       0.6479E-004
     23.4375     10.0000       0.1044E-003
     23.4375     11.2500       0.1654E-003
     23.4375     12.5000       0.1971E-003
     23.4375     13.7500       0.1576E-003
     23.4375     15.0000       0.7101E-004
     23.4375     16.2500       0.1107E-004
     23.4375     17.5000       0.1293E-006
     23.4375     18.7500       0.1079E-010

     24.3750    -20.0000       0.9600E-010
     24.3750    -18.7500       0.1316E-010
     24.3750    -17.5000       0.1481E-006
     24.3750    -16.2500       0.1265E-004
     24.3750    -15.0000       0.8273E-004
     24.3750    -13.7500       0.1899E-003
     24.3750    -12.5000       0.2514E-003
     24.3750    -11.2500       0.2338E-003
     24.3750    -10.0000       0.1759E-003
     24.3750     -8.7500       0.1330E-003
     24.3750     -7.5000       0.1448E-003
     24.3750     -6.2500       0.2356E-003
     24.3750     -5.0000       0.4038E-003
     24.3750     -3.7500       0.6194E-003
     24.3750     -2.5000       0.8406E-003
     24.3750     -1.2500       0.1016E-002
     24.3750      0.0000       0.1109E-002
     24.3750      1.2500       0.1113E-002
     24.3750      2.5000       0.1030E-002
     24.3750      3.7500       0.8943E-003
     24.3750      5.0000       0.7514E-003
     24.3750      6.2500       0.6387E-003
     24.3750      7.5000       0.5814E-003
     24.3750      8.7500       0.5778E-003
     24.3750     10.0000       0.5937E-003
     24.3750     11.2500       0.5809E-003
     24.3750     12.5000       0.4913E-003
     24.3750     13.7500       0.3166E-003
     24.3750     15.0000       0.1252E-003
     24.3750     16.2500       0.1811E-004
     24.3750     17.5000       0.2065E-006
     24.3750     18.7500       0.1057E-010

     25.3125    -20.0000       0.6962E-010
     25.3125    -18.7500       0.1700E-010
     25.3125    -17.5000       0.7145E-007
     25.3125    -16.2500       0.5679E-005
     25.3125    -15.0000       0.3273E-004
     25.3125    -13.7500       0.6238E-004
     25.3125    -12.5000       0.6279E-004
     25.3125    -11.2500       0.4191E-004
     25.3125    -10.0000       0.2988E-004
     25.3125     -8.7500       0.4001E-004
     25.3125     -7.5000       0.7089E-004
     25.3125     -6.2500       0.1246E-003
     25.3125     -5.0000       0.2047E-003
     25.3125     -3.7500       0.3099E-003
     25.3125     -2.5000       0.4336E-003
     25.3125     -1.2500       0.5634E-003
     25.3125      0.0000       0.6898E-003
     25.3125      1.2500       0.8104E-003
     25.3125      2.5000       0.9203E-003
     25.3125      3.7500       0.1015E-002
     25.3125      5.0000       0.1095E-002
     25.3125      6.2500       0.1157E-002
     25.3125      7.5000       0.1189E-002
     25.3125      8.7500       0.1179E-002
     25.3125     10.0000       0.1100E-002
     25.3125     11.2500       0.9312E-003
     25.3125     12.5000       0.6775E-003
     25.3125     13.7500       0.3872E-003
     25.3125     15.0000       0.1417E-003
     25.3125     16.2500       0.1967E-004
     25.3125     17.5000       0.2233E-006
     25.3125     18.7500       0.8877E-011

     26.2500    -20.0000       0.3270E-010
     26.2500    -18.7500       0.1621E-010
     26.2500    -17.5000       0.5116E-007
     26.2500    -16.2500       0.4293E-005
     26.2500    -15.0000       0.2718E-004
     26.2500    -13.7500       0.7252E-004
     26.2500    -12.5000       0.1474E-003
     26.2500    -11.2500       0.2646E-003
     26.2500    -10.0000       0.4031E-003
     26.2500     -8.7500       0.5144E-003
     26.2500     -7.5000       0.5580E-003
     26.2500     -6.2500       0.5218E-003
     26.2500     -5.0000       0.4192E-003
     26.2500     -3.7500       0.2915E-003
     26.2500     -2.5000       0.1809E-003
     26.2500     -1.2500       0.1299E-003
     26.2500      0.0000       0.1693E-003
     26.2500      1.2500       0.3082E-003
     26.2500      2.5000       0.5322E-003
     26.2500      3.7500       0.7997E-003
     26.2500      5.0000       0.1061E-002
     26.2500      6.2500       0.1265E-002
     26.2500      7.5000       0.1363E-002
     26.2500      8.7500       0.1335E-002
     26.2500     10.0000       0.1174E-002
     26.2500     11.2500       0.9056E-003
     26.2500     12.5000       0.5905E-003
     26.2500     13.7500       0.3068E-003
     26.2500     15.0000       0.1057E-003
     26.2500     16.2500       0.1438E-004
     26.2500     17.5000       0.1648E-006
     26.2500     18.7500       0.6636E-011

     27.1875    -20.0000       0.8702E-011
     27.1875    -18.7500       0.1113E-010
     27.1875    -17.5000       0.1054E-006
     27.1875    -16.2500       0.9721E-005
     27.1875    -15.0000       0.7101E-004
     27.1875    -13.7500       0.2113E-003
     27.1875    -12.5000       0.4299E-003
     27.1875    -11.2500       0.7034E-003
     27.1875    -10.0000       0.9629E-003
     27.1875     -8.7500       0.1133E-002
     27.1875     -7.5000       0.1172E-002
     27.1875     -6.2500       0.1073E-002
     27.1875     -5.0000       0.8560E-003
     27.1875     -3.7500       0.5805E-003
     27.1875     -2.5000       0.3076E-003
     27.1875     -1.2500       0.1018E-003
     27.1875      0.0000       0.1107E-004
     27.1875      1.2500       0.5248E-004
     27.1875      2.5000       0.2108E-003
     27.1875      3.7500       0.4401E-003
     27.1875      5.0000       0.6791E-003
     27.1875      6.2500       0.8678E-003
     27.1875      7.5000       0.9499E-003
     27.1875      8.7500       0.9071E-003
     27.1875     10.0000       0.7502E-003
     27.1875     11.2500       0.5267E-003
     27.1875     12.5000       0.3075E-003
     27.1875     13.7500       0.1467E-003
     27.1875     15.0000       0.4933E-004
     27.1875     16.2500       0.6924E-005
     27.1875     17.5000       0.8294E-007
     27.1875     18.7500       0.4594E-011

     28.1250    -20.0000       0.7390E-011
     28.1250    -18.7500       0.4869E-011
     28.1250    -17.5000       0.1859E-006
     28.1250    -16.2500       0.1714E-004
     28.1250    -15.0000       0.1252E-003
     28.1250    -13.7500       0.3552E-003
     28.1250    -12.5000       0.6590E-003
     28.1250    -11.2500       0.9682E-003
     28.1250    -10.0000       0.1212E-002
     28.1250     -8.7500       0.1347E-002
     28.1250     -7.5000       0.1368E-002
     28.1250     -6.2500       0.1289E-002
     28.1250     -5.0000       0.1127E-002
     28.1250     -3.7500       0.9198E-003
     28.1250     -2.5000       0.7009E-003
     28.1250     -1.2500       0.5042E-003
     28.1250      0.0000       0.3563E-003
     28.1250      1.2500       0.2712E-003
     28.1250      2.5000       0.2422E-003
     28.1250      3.7500       0.2556E-003
     28.1250      5.0000       0.2882E-003
     28.1250      6.2500       0.3167E-003
     28.1250      7.5000       0.3154E-003
     28.1250      8.7500       0.2751E-003
     28.1250     10.0000       0.2043E-003
     28.1250     11.2500       0.1309E-003
     28.1250     12.5000       0.7986E-004
     28.1250     13.7500       0.4924E-004
     28.1250     15.0000       0.2261E-004
     28.1250     16.2500       0.3941E-005
     28.1250     17.5000       0.5050E-007
     28.1250     18.7500       0.2944E-011

     29.0625    -20.0000       0.1888E-010
     29.0625    -18.7500       0.8925E-012
     29.0625    -17.5000       0.2211E-006
     29.0625    -16.2500       0.1995E-004
     29.0625    -15.0000       0.1417E-003
     29.0625    -13.7500       0.3765E-003
     29.0625    -12.5000       0.6313E-003
     29.0625    -11.2500       0.8242E-003
     29.0625    -10.0000       0.9296E-003
     29.0625     -8.7500       0.9667E-003
     29.0625     -7.5000       0.9719E-003
     29.0625     -6.2500       0.9779E-003
     29.0625     -5.0000       0.9916E-003
     29.0625     -3.7500       0.1008E-002
     29.0625     -2.5000       0.1011E-002
     29.0625     -1.2500       0.9786E-003
     29.0625      0.0000       0.8972E-003
     29.0625      1.2500       0.7693E-003
     29.0625      2.5000       0.5984E-003
     29.0625      3.7500       0.4105E-003
     29.0625      5.0000       0.2365E-003
     29.0625      6.2500       0.1023E-003
     29.0625      7.5000       0.2376E-004
     29.0625      8.7500       0.7849E-006
     29.0625     10.0000       0.2205E-004
     29.0625     11.2500       0.7027E-004
     29.0625     12.5000       0.1102E-003
     29.0625     13.7500       0.1011E-003
     29.0625     15.0000       0.4934E-004
     29.0625     16.2500       0.8079E-005
     29.0625     17.5000       0.9639E-007
     29.0625     18.7500       0.1546E-011

